year month day streamflow_m3s qual_control_by_ana qual_flag
2011 09 01 nan nan nan
2011 09 02 nan nan nan
2011 09 03 nan nan nan
2011 09 04 nan nan nan
2011 09 05 nan nan nan
2011 09 06 nan nan nan
2011 09 07 nan nan nan
2011 09 08 nan nan nan
2011 09 09 nan nan nan
2011 09 10 nan nan nan
2011 09 11 nan nan nan
2011 09 12 nan nan nan
2011 09 13 nan nan nan
2011 09 14 nan nan nan
2011 09 15 nan nan nan
2011 09 16 nan nan nan
2011 09 17 nan nan nan
2011 09 18 nan nan nan
2011 09 19 nan nan nan
2011 09 20 nan nan nan
2011 09 21 nan nan nan
2011 09 22 nan nan nan
2011 09 23 nan nan nan
2011 09 24 nan nan nan
2011 09 25 3397.000000 0 2
2011 09 26 3311.000000 0 2
2011 09 27 3302.000000 0 2
2011 09 28 3272.000000 0 2
2011 09 29 3330.000000 0 2
2011 09 30 3440.000000 0 2
2011 10 01 3608.000000 0 2
2011 10 02 3847.000000 0 2
2011 10 03 4055.000000 0 2
2011 10 04 4129.000000 0 2
2011 10 05 4052.000000 0 2
2011 10 06 3944.000000 0 2
2011 10 07 3812.000000 0 2
2011 10 08 3699.000000 0 2
2011 10 09 3584.000000 0 2
2011 10 10 3518.000000 0 2
2011 10 11 3647.000000 0 2
2011 10 12 3943.000000 0 2
2011 10 13 4130.000000 0 2
2011 10 14 4185.000000 0 2
2011 10 15 4190.000000 0 2
2011 10 16 4377.000000 0 2
2011 10 17 4567.000000 0 2
2011 10 18 4818.000000 0 2
2011 10 19 4961.000000 0 2
2011 10 20 5568.000000 0 2
2011 10 21 6502.000000 0 2
2011 10 22 7394.000000 0 2
2011 10 23 7847.000000 0 2
2011 10 24 7759.000000 0 2
2011 10 25 7546.000000 0 2
2011 10 26 7246.000000 0 2
2011 10 27 7160.000000 0 2
2011 10 28 6891.000000 0 2
2011 10 29 6763.000000 0 2
2011 10 30 6650.000000 0 2
2011 10 31 6380.000000 0 2
2011 11 01 6286.000000 0 2
2011 11 02 6001.000000 0 2
2011 11 03 5674.000000 0 2
2011 11 04 5574.000000 0 2
2011 11 05 5030.000000 0 2
2011 11 06 4580.000000 0 2
2011 11 07 4955.000000 0 2
2011 11 08 5009.000000 0 2
2011 11 09 5914.000000 0 2
2011 11 10 5473.000000 0 2
2011 11 11 5011.000000 0 2
2011 11 12 5770.000000 0 2
2011 11 13 5736.000000 0 2
2011 11 14 5374.000000 0 2
2011 11 15 5377.000000 0 2
2011 11 16 5495.000000 0 2
2011 11 17 5626.000000 0 2
2011 11 18 5657.000000 0 2
2011 11 19 5603.000000 0 2
2011 11 20 5479.000000 0 2
2011 11 21 5260.000000 0 2
2011 11 22 4599.000000 0 2
2011 11 23 4699.000000 0 2
2011 11 24 4444.000000 0 2
2011 11 25 4514.000000 0 2
2011 11 26 4518.000000 0 2
2011 11 27 4529.000000 0 2
2011 11 28 5064.000000 0 2
2011 11 29 6383.000000 0 2
2011 11 30 8650.000000 0 2
2011 12 01 9496.000000 0 2
2011 12 02 9691.000000 0 2
2011 12 03 9984.000000 0 2
2011 12 04 9141.000000 0 2
2011 12 05 8344.000000 0 2
2011 12 06 8329.000000 0 2
2011 12 07 7274.000000 0 2
2011 12 08 6237.000000 0 2
2011 12 09 7100.000000 0 2
2011 12 10 7100.000000 0 2
2011 12 11 7100.000000 0 2
2011 12 12 6813.000000 0 2
2011 12 13 6731.000000 0 2
2011 12 14 6984.000000 0 2
2011 12 15 8406.000000 0 2
2011 12 16 11212.000000 0 2
2011 12 17 13483.000000 0 2
2011 12 18 14286.000000 0 2
2011 12 19 14970.000000 0 2
2011 12 20 14805.000000 0 2
2011 12 21 14630.000000 0 2
2011 12 22 14016.000000 0 2
2011 12 23 13640.000000 0 2
2011 12 24 12919.000000 0 2
2011 12 25 13231.000000 0 2
2011 12 26 13437.000000 0 2
2011 12 27 14153.000000 0 2
2011 12 28 14486.000000 0 2
2011 12 29 13634.000000 0 2
2011 12 30 14027.000000 0 2
2011 12 31 15247.000000 0 2
2012 01 01 16218.000000 0 2
2012 01 02 16713.000000 0 2
2012 01 03 16353.000000 0 2
2012 01 04 15781.000000 0 2
2012 01 05 15732.000000 0 2
2012 01 06 16847.000000 0 2
2012 01 07 17805.000000 0 2
2012 01 08 18805.000000 0 2
2012 01 09 18769.000000 0 2
2012 01 10 17627.000000 0 2
2012 01 11 16456.000000 0 2
2012 01 12 15756.000000 0 2
2012 01 13 15161.000000 0 2
2012 01 14 15808.000000 0 2
2012 01 15 15926.000000 0 2
2012 01 16 17128.000000 0 2
2012 01 17 19451.000000 0 2
2012 01 18 22093.000000 0 2
2012 01 19 22953.000000 0 2
2012 01 20 23370.000000 0 2
2012 01 21 23222.000000 0 2
2012 01 22 22263.000000 0 2
2012 01 23 21325.000000 0 2
2012 01 24 20616.000000 0 2
2012 01 25 20568.000000 0 2
2012 01 26 20764.000000 0 2
2012 01 27 21166.000000 0 2
2012 01 28 21315.000000 0 2
2012 01 29 21200.000000 0 2
2012 01 30 21959.000000 0 2
2012 01 31 22753.000000 0 2
2012 02 01 23159.000000 0 2
2012 02 02 23467.000000 0 2
2012 02 03 23252.000000 0 2
2012 02 04 23056.000000 0 2
2012 02 05 23182.000000 0 2
2012 02 06 22433.000000 0 2
2012 02 07 21572.000000 0 2
2012 02 08 21860.000000 0 2
2012 02 09 23727.000000 0 2
2012 02 10 25484.000000 0 2
2012 02 11 27154.000000 0 2
2012 02 12 28453.000000 0 2
2012 02 13 28996.000000 0 2
2012 02 14 28639.000000 0 2
2012 02 15 28700.000000 0 2
2012 02 16 29131.000000 0 2
2012 02 17 29118.000000 0 2
2012 02 18 29185.000000 0 2
2012 02 19 30002.000000 0 2
2012 02 20 30571.000000 0 2
2012 02 21 31339.000000 0 2
2012 02 22 31902.000000 0 2
2012 02 23 32350.000000 0 2
2012 02 24 33058.000000 0 2
2012 02 25 33981.000000 0 2
2012 02 26 33909.000000 0 2
2012 02 27 33984.000000 0 2
2012 02 28 35025.000000 0 2
2012 02 29 34507.000000 0 2
2012 03 01 34693.000000 0 2
2012 03 02 34743.000000 0 2
2012 03 03 34847.000000 0 2
2012 03 04 34687.000000 0 2
2012 03 05 34694.000000 0 2
2012 03 06 34806.000000 0 2
2012 03 07 34799.000000 0 2
2012 03 08 34828.000000 0 2
2012 03 09 34969.000000 0 2
2012 03 10 35512.000000 0 2
2012 03 11 35879.000000 0 2
2012 03 12 35652.000000 0 2
2012 03 13 35346.000000 0 2
2012 03 14 35480.000000 0 2
2012 03 15 35512.000000 0 2
2012 03 16 35402.000000 0 2
2012 03 17 34826.000000 0 2
2012 03 18 34147.000000 0 2
2012 03 19 33311.000000 0 2
2012 03 20 32839.000000 0 2
2012 03 21 33777.000000 0 2
2012 03 22 33099.000000 0 2
2012 03 23 33404.000000 0 2
2012 03 24 32030.000000 0 2
2012 03 25 31373.000000 0 2
2012 03 26 31090.000000 0 2
2012 03 27 30905.000000 0 2
2012 03 28 30231.000000 0 2
2012 03 29 30502.000000 0 2
2012 03 30 31237.000000 0 2
2012 03 31 32042.000000 0 2
2012 04 01 32446.000000 0 2
2012 04 02 32942.000000 0 2
2012 04 03 32933.000000 0 2
2012 04 04 33130.000000 0 2
2012 04 05 32701.000000 0 2
2012 04 06 31851.000000 0 2
2012 04 07 30688.000000 0 2
2012 04 08 29775.000000 0 2
2012 04 09 29074.000000 0 2
2012 04 10 28187.000000 0 2
2012 04 11 28285.000000 0 2
2012 04 12 28540.000000 0 2
2012 04 13 28158.000000 0 2
2012 04 14 27625.000000 0 2
2012 04 15 27330.000000 0 2
2012 04 16 27330.000000 0 2
2012 04 17 27026.000000 0 2
2012 04 18 27942.000000 0 2
2012 04 19 27857.000000 0 2
2012 04 20 27223.000000 0 2
2012 04 21 26985.000000 0 2
2012 04 22 26532.000000 0 2
2012 04 23 27679.000000 0 2
2012 04 24 28971.000000 0 2
2012 04 25 28252.000000 0 2
2012 04 26 27482.000000 0 2
2012 04 27 27630.000000 0 2
2012 04 28 27922.000000 0 2
2012 04 29 28584.000000 0 2
2012 04 30 28996.000000 0 2
2012 05 01 29215.000000 0 2
2012 05 02 28833.000000 0 2
2012 05 03 28680.000000 0 2
2012 05 04 28228.000000 0 2
2012 05 05 27954.000000 0 2
2012 05 06 28139.000000 0 2
2012 05 07 27746.000000 0 2
2012 05 08 26745.000000 0 2
2012 05 09 25575.000000 0 2
2012 05 10 24422.000000 0 2
2012 05 11 24539.000000 0 2
2012 05 12 23489.000000 0 2
2012 05 13 22683.000000 0 2
2012 05 14 22715.000000 0 2
2012 05 15 22772.000000 0 2
2012 05 16 22050.000000 0 2
2012 05 17 21623.000000 0 2
2012 05 18 21557.000000 0 2
2012 05 19 23952.000000 0 2
2012 05 20 25454.000000 0 2
2012 05 21 26259.000000 0 2
2012 05 22 25902.000000 0 2
2012 05 23 25829.000000 0 2
2012 05 24 26285.000000 0 2
2012 05 25 26280.000000 0 2
2012 05 26 26128.000000 0 2
2012 05 27 25974.000000 0 2
2012 05 28 25501.000000 0 2
2012 05 29 24951.000000 0 2
2012 05 30 25472.000000 0 2
2012 05 31 26755.000000 0 2
2012 06 01 27274.000000 0 2
2012 06 02 26677.000000 0 2
2012 06 03 24872.000000 0 2
2012 06 04 24152.000000 0 2
2012 06 05 23136.000000 0 2
2012 06 06 21641.000000 0 2
2012 06 07 20953.000000 0 2
2012 06 08 21537.000000 0 2
2012 06 09 21007.000000 0 2
2012 06 10 20327.000000 0 2
2012 06 11 20893.000000 0 2
2012 06 12 21241.000000 0 2
2012 06 13 20895.000000 0 2
2012 06 14 19950.000000 0 2
2012 06 15 19583.000000 0 2
2012 06 16 18602.000000 0 2
2012 06 17 18077.000000 0 2
2012 06 18 17600.000000 0 2
2012 06 19 16206.000000 0 2
2012 06 20 16698.000000 0 2
2012 06 21 16674.000000 0 2
2012 06 22 15971.000000 0 2
2012 06 23 15444.000000 0 2
2012 06 24 15483.000000 0 2
2012 06 25 16072.000000 0 2
2012 06 26 16606.000000 0 2
2012 06 27 18022.000000 0 2
2012 06 28 19358.000000 0 2
2012 06 29 19834.000000 0 2
2012 06 30 19127.000000 0 2
2012 07 01 18026.000000 0 2
2012 07 02 17532.000000 0 2
2012 07 03 16761.000000 0 2
2012 07 04 16535.000000 0 2
2012 07 05 15571.000000 0 2
2012 07 06 14696.000000 0 2
2012 07 07 14799.000000 0 2
2012 07 08 14897.000000 0 2
2012 07 09 15045.000000 0 2
2012 07 10 14911.000000 0 2
2012 07 11 14772.000000 0 2
2012 07 12 15054.000000 0 2
2012 07 13 15726.000000 0 2
2012 07 14 16010.000000 0 2
2012 07 15 16001.000000 0 2
2012 07 16 15566.000000 0 2
2012 07 17 15007.000000 0 2
2012 07 18 14055.000000 0 2
2012 07 19 13019.000000 0 2
2012 07 20 12731.000000 0 2
2012 07 21 12818.000000 0 2
2012 07 22 11901.000000 0 2
2012 07 23 11479.000000 0 2
2012 07 24 12101.000000 0 2
2012 07 25 12519.000000 0 2
2012 07 26 12158.000000 0 2
2012 07 27 11599.000000 0 2
2012 07 28 11009.000000 0 2
2012 07 29 9854.000000 0 2
2012 07 30 9516.000000 0 2
2012 07 31 9572.000000 0 2
2012 08 01 9280.000000 0 2
2012 08 02 8503.000000 0 2
2012 08 03 7951.000000 0 2
2012 08 04 8260.000000 0 2
2012 08 05 8657.000000 0 2
2012 08 06 8693.000000 0 2
2012 08 07 8572.000000 0 2
2012 08 08 8609.000000 0 2
2012 08 09 8631.000000 0 2
2012 08 10 8278.000000 0 2
2012 08 11 7575.000000 0 2
2012 08 12 7258.000000 0 2
2012 08 13 7474.000000 0 2
2012 08 14 7011.000000 0 2
2012 08 15 6505.000000 0 2
2012 08 16 6914.000000 0 2
2012 08 17 6163.000000 0 2
2012 08 18 5908.000000 0 2
2012 08 19 5976.000000 0 2
2012 08 20 5464.000000 0 2
2012 08 21 4995.000000 0 2
2012 08 22 5730.000000 0 2
2012 08 23 5534.000000 0 2
2012 08 24 5627.000000 0 2
2012 08 25 5643.000000 0 2
2012 08 26 5081.000000 0 2
2012 08 27 5456.000000 0 2
2012 08 28 5370.000000 0 2
2012 08 29 5302.000000 0 2
2012 08 30 5224.000000 0 2
2012 08 31 5114.000000 0 2
2012 09 01 4702.000000 0 2
2012 09 02 4523.000000 0 2
2012 09 03 4558.000000 0 2
2012 09 04 4527.000000 0 2
2012 09 05 4521.000000 0 2
2012 09 06 4811.000000 0 2
2012 09 07 4854.000000 0 2
2012 09 08 4704.000000 0 2
2012 09 09 4519.000000 0 2
2012 09 10 4331.000000 0 2
2012 09 11 4283.000000 0 2
2012 09 12 4425.000000 0 2
2012 09 13 4387.000000 0 2
2012 09 14 3966.000000 0 2
2012 09 15 3357.000000 0 2
2012 09 16 3213.000000 0 2
2012 09 17 3220.000000 0 2
2012 09 18 3218.000000 0 2
2012 09 19 3688.000000 0 2
2012 09 20 3803.000000 0 2
2012 09 21 3485.000000 0 2
2012 09 22 3515.000000 0 2
2012 09 23 3449.000000 0 2
2012 09 24 3370.000000 0 2
2012 09 25 3359.000000 0 2
2012 09 26 3425.000000 0 2
2012 09 27 3521.000000 0 2
2012 09 28 3170.000000 0 2
2012 09 29 3332.000000 0 2
2012 09 30 3164.000000 0 2
2012 10 01 3230.000000 0 2
2012 10 02 3242.000000 0 2
2012 10 03 3225.000000 0 2
2012 10 04 3321.000000 0 2
2012 10 05 3644.000000 0 2
2012 10 06 4012.000000 0 2
2012 10 07 4160.000000 0 2
2012 10 08 4072.000000 0 2
2012 10 09 4102.000000 0 2
2012 10 10 3985.000000 0 2
2012 10 11 3960.000000 0 2
2012 10 12 4386.000000 0 2
2012 10 13 5082.000000 0 2
2012 10 14 5871.000000 0 2
2012 10 15 5734.000000 0 2
2012 10 16 5953.000000 0 2
2012 10 17 6292.000000 0 2
2012 10 18 6770.000000 0 2
2012 10 19 7752.000000 0 2
2012 10 20 7301.000000 0 2
2012 10 21 6671.000000 0 2
2012 10 22 6253.000000 0 2
2012 10 23 5971.000000 0 2
2012 10 24 5641.000000 0 2
2012 10 25 5786.000000 0 2
2012 10 26 5912.000000 0 2
2012 10 27 5809.000000 0 2
2012 10 28 5619.000000 0 2
2012 10 29 5707.000000 0 2
2012 10 30 5794.000000 0 2
2012 10 31 5736.000000 0 2
2012 11 01 5621.000000 0 2
2012 11 02 5751.000000 0 2
2012 11 03 5502.000000 0 2
2012 11 04 5033.000000 0 2
2012 11 05 5192.000000 0 2
2012 11 06 5432.000000 0 2
2012 11 07 5066.000000 0 2
2012 11 08 5064.000000 0 2
2012 11 09 5017.000000 0 2
2012 11 10 4949.000000 0 2
2012 11 11 4994.000000 0 2
2012 11 12 5389.000000 0 2
2012 11 13 5515.000000 0 2
2012 11 14 6339.000000 0 2
2012 11 15 6756.000000 0 2
2012 11 16 6618.000000 0 2
2012 11 17 7541.000000 0 2
2012 11 18 6670.000000 0 2
2012 11 19 6459.000000 0 2
2012 11 20 6449.000000 0 2
2012 11 21 7035.000000 0 2
2012 11 22 8926.000000 0 2
2012 11 23 8812.000000 0 2
2012 11 24 8203.000000 0 2
2012 11 25 8131.000000 0 2
2012 11 26 7782.000000 0 2
2012 11 27 8350.000000 0 2
2012 11 28 9253.000000 0 2
2012 11 29 10142.000000 0 2
2012 11 30 11339.000000 0 2
2012 12 01 11888.000000 0 2
2012 12 02 11514.000000 0 2
2012 12 03 11866.000000 0 2
2012 12 04 11012.000000 0 2
2012 12 05 10561.000000 0 2
2012 12 06 11386.000000 0 2
2012 12 07 11263.000000 0 2
2012 12 08 10310.000000 0 2
2012 12 09 10380.000000 0 2
2012 12 10 10380.000000 0 2
2012 12 11 10415.000000 0 2
2012 12 12 10813.000000 0 2
2012 12 13 11486.000000 0 2
2012 12 14 11354.000000 0 2
2012 12 15 12386.000000 0 2
2012 12 16 13738.000000 0 2
2012 12 17 14433.000000 0 2
2012 12 18 14898.000000 0 2
2012 12 19 15341.000000 0 2
2012 12 20 15908.000000 0 2
2012 12 21 16633.000000 0 2
2012 12 22 17134.000000 0 2
2012 12 23 16817.000000 0 2
2012 12 24 16447.000000 0 2
2012 12 25 16314.000000 0 2
2012 12 26 18063.000000 0 2
2012 12 27 20178.000000 0 2
2012 12 28 21457.000000 0 2
2012 12 29 21345.000000 0 2
2012 12 30 21427.000000 0 2
2012 12 31 21556.000000 0 2
2013 01 01 22635.000000 0 2
2013 01 02 24526.000000 0 2
2013 01 03 25987.000000 0 2
2013 01 04 26205.000000 0 2
2013 01 05 26320.000000 0 2
2013 01 06 25740.000000 0 2
2013 01 07 25609.000000 0 2
2013 01 08 25138.000000 0 2
2013 01 09 25049.000000 0 2
2013 01 10 24817.000000 0 2
2013 01 11 24873.000000 0 2
2013 01 12 24376.000000 0 2
2013 01 13 23771.000000 0 2
2013 01 14 23262.000000 0 2
2013 01 15 22390.000000 0 2
2013 01 16 22534.000000 0 2
2013 01 17 21690.000000 0 2
2013 01 18 22010.000000 0 2
2013 01 19 22570.000000 0 2
2013 01 20 22677.000000 0 2
2013 01 21 22663.000000 0 2
2013 01 22 23783.000000 0 2
2013 01 23 23662.000000 0 2
2013 01 24 23702.000000 0 2
2013 01 25 24033.000000 0 2
2013 01 26 24249.000000 0 2
2013 01 27 25474.000000 0 2
2013 01 28 25856.000000 0 2
2013 01 29 24134.000000 0 2
2013 01 30 22753.000000 0 2
2013 01 31 21896.000000 0 2
2013 02 01 21961.000000 0 2
2013 02 02 21205.000000 0 2
2013 02 03 21473.000000 0 2
2013 02 04 21384.000000 0 2
2013 02 05 20659.000000 0 2
2013 02 06 20768.000000 0 2
2013 02 07 20876.000000 0 2
2013 02 08 21908.000000 0 2
2013 02 09 22816.000000 0 2
2013 02 10 24131.000000 0 2
2013 02 11 25062.000000 0 2
2013 02 12 25250.000000 0 2
2013 02 13 25106.000000 0 2
2013 02 14 25760.000000 0 2
2013 02 15 25875.000000 0 2
2013 02 16 26719.000000 0 2
2013 02 17 27678.000000 0 2
2013 02 18 28477.000000 0 2
2013 02 19 29392.000000 0 2
2013 02 20 29762.000000 0 2
2013 02 21 29988.000000 0 2
2013 02 22 29164.000000 0 2
2013 02 23 29220.000000 0 2
2013 02 24 28795.000000 0 2
2013 02 25 29066.000000 0 2
2013 02 26 29726.000000 0 2
2013 02 27 30793.000000 0 2
2013 02 28 31504.000000 0 2
2013 03 01 31788.000000 0 2
2013 03 02 32077.000000 0 2
2013 03 03 32026.000000 0 2
2013 03 04 32672.000000 0 2
2013 03 05 33099.000000 0 2
2013 03 06 33641.000000 0 2
2013 03 07 34075.000000 0 2
2013 03 08 33854.000000 0 2
2013 03 09 34047.000000 0 2
2013 03 10 33689.000000 0 2
2013 03 11 33500.000000 0 2
2013 03 12 33006.000000 0 2
2013 03 13 33312.000000 0 2
2013 03 14 33073.000000 0 2
2013 03 15 32749.000000 0 2
2013 03 16 31794.000000 0 2
2013 03 17 31517.000000 0 2
2013 03 18 31774.000000 0 2
2013 03 19 32745.000000 0 2
2013 03 20 33943.000000 0 2
2013 03 21 34636.000000 0 2
2013 03 22 35131.000000 0 2
2013 03 23 35936.000000 0 2
2013 03 24 36784.000000 0 2
2013 03 25 36814.000000 0 2
2013 03 26 36363.000000 0 2
2013 03 27 36947.000000 0 2
2013 03 28 36841.000000 0 2
2013 03 29 37047.000000 0 2
2013 03 30 37401.000000 0 2
2013 03 31 37932.000000 0 2
2013 04 01 38474.000000 0 2
2013 04 02 38638.000000 0 2
2013 04 03 39259.000000 0 2
2013 04 04 39981.000000 0 2
2013 04 05 39634.000000 0 2
2013 04 06 38430.000000 0 2
2013 04 07 37258.000000 0 2
2013 04 08 36141.000000 0 2
2013 04 09 35398.000000 0 2
2013 04 10 34996.000000 0 2
2013 04 11 34466.000000 0 2
2013 04 12 33928.000000 0 2
2013 04 13 34315.000000 0 2
2013 04 14 34651.000000 0 2
2013 04 15 35704.000000 0 2
2013 04 16 36631.000000 0 2
2013 04 17 37289.000000 0 2
2013 04 18 36958.000000 0 2
2013 04 19 36828.000000 0 2
2013 04 20 36681.000000 0 2
2013 04 21 36459.000000 0 2
2013 04 22 34851.000000 0 2
2013 04 23 33561.000000 0 2
2013 04 24 32200.000000 0 2
2013 04 25 30876.000000 0 2
2013 04 26 29502.000000 0 2
2013 04 27 28464.000000 0 2
2013 04 28 27518.000000 0 2
2013 04 29 27108.000000 0 2
2013 04 30 26540.000000 0 2
2013 05 01 25830.000000 0 2
2013 05 02 25408.000000 0 2
2013 05 03 24374.000000 0 2
2013 05 04 24308.000000 0 2
2013 05 05 23549.000000 0 2
2013 05 06 23566.000000 0 2
2013 05 07 23298.000000 0 2
2013 05 08 23298.000000 0 2
2013 05 09 23364.000000 0 2
2013 05 10 22570.000000 0 2
2013 05 11 21987.000000 0 2
2013 05 12 21857.000000 0 2
2013 05 13 21843.000000 0 2
2013 05 14 23298.000000 0 2
2013 05 15 21598.000000 0 2
2013 05 16 20739.000000 0 2
2013 05 17 20028.000000 0 2
2013 05 18 19947.000000 0 2
2013 05 19 19668.000000 0 2
2013 05 20 19585.000000 0 2
2013 05 21 19206.000000 0 2
2013 05 22 19405.000000 0 2
2013 05 23 19648.000000 0 2
2013 05 24 21218.000000 0 2
2013 05 25 20584.000000 0 2
2013 05 26 20612.000000 0 2
2013 05 27 19893.000000 0 2
2013 05 28 19243.000000 0 2
2013 05 29 18557.000000 0 2
2013 05 30 18200.000000 0 2
2013 05 31 17968.000000 0 2
2013 06 01 18093.000000 0 2
2013 06 02 18917.000000 0 2
2013 06 03 17577.000000 0 2
2013 06 04 18064.000000 0 2
2013 06 05 18759.000000 0 2
2013 06 06 20265.000000 0 2
2013 06 07 19609.000000 0 2
2013 06 08 20007.000000 0 2
2013 06 09 19163.000000 0 2
2013 06 10 18275.000000 0 2
2013 06 11 17262.000000 0 2
2013 06 12 16962.000000 0 2
2013 06 13 16088.000000 0 2
2013 06 14 15527.000000 0 2
2013 06 15 15021.000000 0 2
2013 06 16 13994.000000 0 2
2013 06 17 13923.000000 0 2
2013 06 18 13302.000000 0 2
2013 06 19 12828.000000 0 2
2013 06 20 13064.000000 0 2
2013 06 21 12968.000000 0 2
2013 06 22 12495.000000 0 2
2013 06 23 12842.000000 0 2
2013 06 24 13771.000000 0 2
2013 06 25 13913.000000 0 2
2013 06 26 13698.000000 0 2
2013 06 27 13456.000000 0 2
2013 06 28 13879.000000 0 2
2013 06 29 14786.000000 0 2
2013 06 30 15676.000000 0 2
2013 07 01 16875.000000 0 2
2013 07 02 17887.000000 0 2
2013 07 03 17213.000000 0 2
2013 07 04 16054.000000 0 2
2013 07 05 15916.000000 0 2
2013 07 06 14917.000000 0 2
2013 07 07 14901.000000 0 2
2013 07 08 14711.000000 0 2
2013 07 09 14750.000000 0 2
2013 07 10 14959.000000 0 2
2013 07 11 13727.000000 0 2
2013 07 12 14387.000000 0 2
2013 07 13 13683.000000 0 2
2013 07 14 13179.000000 0 2
2013 07 15 12503.000000 0 2
2013 07 16 11973.000000 0 2
2013 07 17 11963.000000 0 2
2013 07 18 11538.000000 0 2
2013 07 19 11378.000000 0 2
2013 07 20 11274.000000 0 2
2013 07 21 10725.000000 0 2
2013 07 22 11239.000000 0 2
2013 07 23 10746.000000 0 2
2013 07 24 10733.000000 0 2
2013 07 25 10221.000000 0 2
2013 07 26 9750.000000 0 2
2013 07 27 9230.000000 0 2
2013 07 28 8507.000000 0 2
2013 07 29 9173.000000 0 2
2013 07 30 8771.000000 0 2
2013 07 31 8801.000000 0 2
2013 08 01 8444.000000 0 2
2013 08 02 8796.000000 0 2
2013 08 03 8362.000000 0 2
2013 08 04 8261.000000 0 2
2013 08 05 7586.000000 0 2
2013 08 06 7493.000000 0 2
2013 08 07 6833.000000 0 2
2013 08 08 6943.000000 0 2
2013 08 09 6758.000000 0 2
2013 08 10 6490.000000 0 2
2013 08 11 6741.000000 0 2
2013 08 12 6383.000000 0 2
2013 08 13 5363.000000 0 2
2013 08 14 6223.000000 0 2
2013 08 15 5878.000000 0 2
2013 08 16 5429.000000 0 2
2013 08 17 6074.000000 0 2
2013 08 18 5563.000000 0 2
2013 08 19 6189.000000 0 2
2013 08 20 5649.000000 0 2
2013 08 21 7075.000000 0 2
2013 08 22 7154.000000 0 2
2013 08 23 6956.000000 0 2
2013 08 24 6934.000000 0 2
2013 08 25 6335.000000 0 2
2013 08 26 6062.000000 0 2
2013 08 27 5870.000000 0 2
2013 08 28 5784.000000 0 2
2013 08 29 4968.000000 0 2
2013 08 30 5757.000000 0 2
2013 08 31 7571.000000 0 2
2013 09 01 8495.000000 0 2
2013 09 02 8357.000000 0 2
2013 09 03 7258.000000 0 2
2013 09 04 8043.000000 0 2
2013 09 05 6235.000000 0 2
2013 09 06 7779.000000 0 2
2013 09 07 6067.000000 0 2
2013 09 08 6512.000000 0 2
2013 09 09 6088.000000 0 2
2013 09 10 5471.000000 0 2
2013 09 11 6068.000000 0 2
2013 09 12 5331.000000 0 2
2013 09 13 5295.000000 0 2
2013 09 14 5133.000000 0 2
2013 09 15 4865.000000 0 2
2013 09 16 4982.000000 0 2
2013 09 17 4759.000000 0 2
2013 09 18 4517.000000 0 2
2013 09 19 4595.000000 0 2
2013 09 20 5042.000000 0 2
2013 09 21 4023.000000 0 2
2013 09 22 5397.000000 0 2
2013 09 23 5538.000000 0 2
2013 09 24 5696.000000 0 2
2013 09 25 5921.000000 0 2
2013 09 26 6046.000000 0 2
2013 09 27 6038.000000 0 2
2013 09 28 5218.000000 0 2
2013 09 29 6008.000000 0 2
2013 09 30 4867.000000 0 2
2013 10 01 5618.000000 0 2
2013 10 02 7073.000000 0 2
2013 10 03 6099.000000 0 2
2013 10 04 5610.000000 0 2
2013 10 05 5594.000000 0 2
2013 10 06 5493.000000 0 2
2013 10 07 4890.000000 0 2
2013 10 08 4962.000000 0 2
2013 10 09 5792.000000 0 2
2013 10 10 5842.000000 0 2
2013 10 11 7180.000000 0 2
2013 10 12 8177.000000 0 2
2013 10 13 9080.000000 0 2
2013 10 14 9073.000000 0 2
2013 10 15 8518.000000 0 2
2013 10 16 8130.000000 0 2
2013 10 17 8674.000000 0 2
2013 10 18 9264.000000 0 2
2013 10 19 9837.000000 0 2
2013 10 20 10413.000000 0 2
2013 10 21 11561.000000 0 2
2013 10 22 11719.000000 0 2
2013 10 23 11438.000000 0 2
2013 10 24 11514.000000 0 2
2013 10 25 11819.000000 0 2
2013 10 26 11946.000000 0 2
2013 10 27 11417.000000 0 2
2013 10 28 12517.000000 0 2
2013 10 29 12593.000000 0 2
2013 10 30 13826.000000 0 2
2013 10 31 13666.000000 0 2
2013 11 01 14271.000000 0 2
2013 11 02 15483.000000 0 2
2013 11 03 16527.000000 0 2
2013 11 04 17257.000000 0 2
2013 11 05 17101.000000 0 2
2013 11 06 18104.000000 0 2
2013 11 07 20084.000000 0 2
2013 11 08 21120.000000 0 2
2013 11 09 21776.000000 0 2
2013 11 10 21187.000000 0 2
2013 11 11 19580.000000 0 2
2013 11 12 18115.000000 0 2
2013 11 13 17295.000000 0 2
2013 11 14 16411.000000 0 2
2013 11 15 15420.000000 0 2
2013 11 16 15285.000000 0 2
2013 11 17 14492.000000 0 2
2013 11 18 15389.000000 0 2
2013 11 19 15354.000000 0 2
2013 11 20 15024.000000 0 2
2013 11 21 14193.000000 0 2
2013 11 22 14346.000000 0 2
2013 11 23 14659.000000 0 2
2013 11 24 15239.000000 0 2
2013 11 25 15114.000000 0 2
2013 11 26 17930.000000 0 2
2013 11 27 19831.000000 0 2
2013 11 28 19586.000000 0 2
2013 11 29 19237.000000 0 2
2013 11 30 18868.000000 0 2
2013 12 01 18271.000000 0 2
2013 12 02 18779.000000 0 2
2013 12 03 18232.000000 0 2
2013 12 04 17289.000000 0 2
2013 12 05 16422.000000 0 2
2013 12 06 16003.000000 0 2
2013 12 07 15257.000000 0 2
2013 12 08 15656.000000 0 2
2013 12 09 16070.000000 0 2
2013 12 10 18020.000000 0 2
2013 12 11 17412.000000 0 2
2013 12 12 16842.000000 0 2
2013 12 13 16296.000000 0 2
2013 12 14 16700.000000 0 2
2013 12 15 16794.000000 0 2
2013 12 16 18311.000000 0 2
2013 12 17 23003.000000 0 2
2013 12 18 23677.000000 0 2
2013 12 19 24233.000000 0 2
2013 12 20 23642.000000 0 2
2013 12 21 25765.000000 0 2
2013 12 22 26672.000000 0 2
2013 12 23 27877.000000 0 2
2013 12 24 28883.000000 0 2
2013 12 25 29902.000000 0 2
2013 12 26 30146.000000 0 2
2013 12 27 29899.000000 0 2
2013 12 28 29139.000000 0 2
2013 12 29 28242.000000 0 2
2013 12 30 27106.000000 0 2
2013 12 31 26159.000000 0 2
2014 01 01 25324.000000 0 2
2014 01 02 24584.000000 0 2
2014 01 03 23954.000000 0 2
2014 01 04 23900.000000 0 2
2014 01 05 25992.000000 0 2
2014 01 06 28787.000000 0 2
2014 01 07 30053.000000 0 2
2014 01 08 30639.000000 0 2
2014 01 09 31148.000000 0 2
2014 01 10 30817.000000 0 2
2014 01 11 31706.000000 0 2
2014 01 12 31615.000000 0 2
2014 01 13 32613.000000 0 2
2014 01 14 31737.000000 0 2
2014 01 15 32311.000000 0 2
2014 01 16 32643.000000 0 2
2014 01 17 33214.000000 0 2
2014 01 18 33164.000000 0 2
2014 01 19 33141.000000 0 2
2014 01 20 32664.000000 0 2
2014 01 21 32989.000000 0 2
2014 01 22 33179.000000 0 2
2014 01 23 33191.000000 0 2
2014 01 24 33393.000000 0 2
2014 01 25 33157.000000 0 2
2014 01 26 33024.000000 0 2
2014 01 27 33392.000000 0 2
2014 01 28 33991.000000 0 2
2014 01 29 34168.000000 0 2
2014 01 30 35083.000000 0 2
2014 01 31 35852.000000 0 2
2014 02 01 36021.000000 0 2
2014 02 02 36517.000000 0 2
2014 02 03 37850.000000 0 2
2014 02 04 38103.000000 0 2
2014 02 05 38991.000000 0 2
2014 02 06 39282.000000 0 2
2014 02 07 40506.000000 0 2
2014 02 08 40824.000000 0 2
2014 02 09 41899.000000 0 2
2014 02 10 42269.000000 0 2
2014 02 11 43459.000000 0 2
2014 02 12 43511.000000 0 2
2014 02 13 44451.000000 0 2
2014 02 14 45985.000000 0 2
2014 02 15 46712.000000 0 2
2014 02 16 46501.000000 0 2
2014 02 17 48134.000000 0 2
2014 02 18 48509.000000 0 2
2014 02 19 48521.000000 0 2
2014 02 20 48859.000000 0 2
2014 02 21 48859.000000 0 2
2014 02 22 49864.000000 0 2
2014 02 23 51170.000000 0 2
2014 02 24 51615.000000 0 2
2014 02 25 51681.000000 0 2
2014 02 26 51950.000000 0 2
2014 02 27 52061.000000 0 2
2014 02 28 51933.000000 0 2
2014 03 01 52291.000000 0 2
2014 03 02 52266.000000 0 2
2014 03 03 52381.000000 0 2
2014 03 04 52417.000000 0 2
2014 03 05 52679.000000 0 2
2014 03 06 52840.000000 0 2
2014 03 07 52856.000000 0 2
2014 03 08 53204.000000 0 2
2014 03 09 53211.000000 0 2
2014 03 10 53340.000000 0 2
2014 03 11 53930.000000 0 2
2014 03 12 53549.000000 0 2
2014 03 13 53468.000000 0 2
2014 03 14 53637.000000 0 2
2014 03 15 53693.000000 0 2
2014 03 16 53832.000000 0 2
2014 03 17 53817.000000 0 2
2014 03 18 54154.000000 0 2
2014 03 19 54414.000000 0 2
2014 03 20 54953.000000 0 2
2014 03 21 55147.000000 0 2
2014 03 22 55175.000000 0 2
2014 03 23 55516.000000 0 2
2014 03 24 55944.000000 0 2
2014 03 25 57082.000000 0 2
2014 03 26 57339.000000 0 2
2014 03 27 57099.000000 0 2
2014 03 28 56915.000000 0 2
2014 03 29 56722.000000 0 2
2014 03 30 56375.000000 0 2
2014 03 31 56043.000000 0 2
2014 04 01 55785.000000 0 2
2014 04 02 55137.000000 0 2
2014 04 03 54816.000000 0 2
2014 04 04 54296.000000 0 2
2014 04 05 54107.000000 0 2
2014 04 06 54452.000000 0 2
2014 04 07 54860.000000 0 2
2014 04 08 54227.000000 0 2
2014 04 09 53617.000000 0 2
2014 04 10 53190.000000 0 2
2014 04 11 52257.000000 0 2
2014 04 12 51532.000000 0 2
2014 04 13 50422.000000 0 2
2014 04 14 49999.000000 0 2
2014 04 15 49182.000000 0 2
2014 04 16 47329.000000 0 2
2014 04 17 45613.000000 0 2
2014 04 18 44573.000000 0 2
2014 04 19 44366.000000 0 2
2014 04 20 44468.000000 0 2
2014 04 21 44246.000000 0 2
2014 04 22 43572.000000 0 2
2014 04 23 42186.000000 0 2
2014 04 24 41221.000000 0 2
2014 04 25 40532.000000 0 2
2014 04 26 40566.000000 0 2
2014 04 27 41975.000000 0 2
2014 04 28 40900.000000 0 2
2014 04 29 41297.000000 0 2
2014 04 30 40963.000000 0 2
2014 05 01 40786.000000 0 2
2014 05 02 40864.000000 0 2
2014 05 03 40214.000000 0 2
2014 05 04 39361.000000 0 2
2014 05 05 39124.000000 0 2
2014 05 06 38590.000000 0 2
2014 05 07 39647.000000 0 2
2014 05 08 39677.000000 0 2
2014 05 09 40115.000000 0 2
2014 05 10 39659.000000 0 2
2014 05 11 38070.000000 0 2
2014 05 12 37689.000000 0 2
2014 05 13 38389.000000 0 2
2014 05 14 38145.000000 0 2
2014 05 15 37776.000000 0 2
2014 05 16 37071.000000 0 2
2014 05 17 36566.000000 0 2
2014 05 18 36032.000000 0 2
2014 05 19 35329.000000 0 2
2014 05 20 35163.000000 0 2
2014 05 21 34502.000000 0 2
2014 05 22 34856.000000 0 2
2014 05 23 35221.000000 0 2
2014 05 24 35959.000000 0 2
2014 05 25 36070.000000 0 2
2014 05 26 35473.000000 0 2
2014 05 27 35062.000000 0 2
2014 05 28 35230.000000 0 2
2014 05 29 35587.000000 0 2
2014 05 30 34799.000000 0 2
2014 05 31 33939.000000 0 2
2014 06 01 32747.000000 0 2
2014 06 02 32082.000000 0 2
2014 06 03 31442.000000 0 2
2014 06 04 30812.000000 0 2
2014 06 05 29954.000000 0 2
2014 06 06 29511.000000 0 2
2014 06 07 28743.000000 0 2
2014 06 08 28728.000000 0 2
2014 06 09 28314.000000 0 2
2014 06 10 28231.000000 0 2
2014 06 11 27626.000000 0 2
2014 06 12 27983.000000 0 2
2014 06 13 27447.000000 0 2
2014 06 14 26159.000000 0 2
2014 06 15 29285.000000 0 2
2014 06 16 30095.000000 0 2
2014 06 17 30981.000000 0 2
2014 06 18 30805.000000 0 2
2014 06 19 31377.000000 0 2
2014 06 20 30473.000000 0 2
2014 06 21 29567.000000 0 2
2014 06 22 27921.000000 0 2
2014 06 23 27260.000000 0 2
2014 06 24 27260.000000 0 2
2014 06 25 25540.000000 0 2
2014 06 26 24676.000000 0 2
2014 06 27 23451.000000 0 2
2014 06 28 23231.000000 0 2
2014 06 29 22249.000000 0 2
2014 06 30 22268.000000 0 2
2014 07 01 21491.000000 0 2
2014 07 02 21782.000000 0 2
2014 07 03 23677.000000 0 2
2014 07 04 24199.000000 0 2
2014 07 05 24262.000000 0 2
2014 07 06 23598.000000 0 2
2014 07 07 22589.000000 0 2
2014 07 08 21656.000000 0 2
2014 07 09 21448.000000 0 2
2014 07 10 20914.000000 0 2
2014 07 11 21288.000000 0 2
2014 07 12 22295.000000 0 2
2014 07 13 23099.000000 0 2
2014 07 14 23028.000000 0 2
2014 07 15 21947.000000 0 2
2014 07 16 21430.000000 0 2
2014 07 17 20797.000000 0 2
2014 07 18 19631.000000 0 2
2014 07 19 18502.000000 0 2
2014 07 20 17961.000000 0 2
2014 07 21 17251.000000 0 2
2014 07 22 17044.000000 0 2
2014 07 23 16376.000000 0 2
2014 07 24 16304.000000 0 2
2014 07 25 15761.000000 0 2
2014 07 26 15246.000000 0 2
2014 07 27 15158.000000 0 2
2014 07 28 15037.000000 0 2
2014 07 29 13916.000000 0 2
2014 07 30 14145.000000 0 2
2014 07 31 14069.000000 0 2
2014 08 01 15304.000000 0 2
2014 08 02 13697.000000 0 2
2014 08 03 13875.000000 0 2
2014 08 04 13042.000000 0 2
2014 08 05 12362.000000 0 2
2014 08 06 11754.000000 0 2
2014 08 07 11949.000000 0 2
2014 08 08 11212.000000 0 2
2014 08 09 11083.000000 0 2
2014 08 10 10357.000000 0 2
2014 08 11 10920.000000 0 2
2014 08 12 10316.000000 0 2
2014 08 13 10349.000000 0 2
2014 08 14 10285.000000 0 2
2014 08 15 11014.000000 0 2
2014 08 16 10481.000000 0 2
2014 08 17 11549.000000 0 2
2014 08 18 10557.000000 0 2
2014 08 19 9867.000000 0 2
2014 08 20 9327.000000 0 2
2014 08 21 10104.000000 0 2
2014 08 22 9676.000000 0 2
2014 08 23 9540.000000 0 2
2014 08 24 9011.000000 0 2
2014 08 25 8729.000000 0 2
2014 08 26 8226.000000 0 2
2014 08 27 8402.000000 0 2
2014 08 28 7410.000000 0 2
2014 08 29 7673.000000 0 2
2014 08 30 7288.000000 0 2
2014 08 31 6899.000000 0 2
2014 09 01 6171.000000 0 2
2014 09 02 6618.000000 0 2
2014 09 03 5872.000000 0 2
2014 09 04 6107.000000 0 2
2014 09 05 5835.000000 0 2
2014 09 06 5187.000000 0 2
2014 09 07 5602.000000 0 2
2014 09 08 6098.000000 0 2
2014 09 09 5681.000000 0 2
2014 09 10 4618.000000 0 2
2014 09 11 5395.000000 0 2
2014 09 12 5176.000000 0 2
2014 09 13 5181.000000 0 2
2014 09 14 5283.000000 0 2
2014 09 15 4899.000000 0 2
2014 09 16 5074.000000 0 2
2014 09 17 5091.000000 0 2
2014 09 18 4773.000000 0 2
2014 09 19 5586.000000 0 2
2014 09 20 6035.000000 0 2
2014 09 21 5007.000000 0 2
2014 09 22 5595.000000 0 2
2014 09 23 6006.000000 0 2
2014 09 24 5776.000000 0 2
2014 09 25 5756.000000 0 2
2014 09 26 5603.000000 0 2
2014 09 27 5574.000000 0 2
2014 09 28 5657.000000 0 2
2014 09 29 6451.000000 0 2
2014 09 30 6895.000000 0 2
2014 10 01 6954.000000 0 2
2014 10 02 6403.000000 0 2
2014 10 03 7959.000000 0 2
2014 10 04 6763.000000 0 2
2014 10 05 7470.000000 0 2
2014 10 06 6553.000000 0 2
2014 10 07 6612.000000 0 2
2014 10 08 6489.000000 0 2
2014 10 09 6367.000000 0 2
2014 10 10 5952.000000 0 2
2014 10 11 5874.000000 0 2
2014 10 12 5703.000000 0 2
2014 10 13 4620.000000 0 2
2014 10 14 5517.000000 0 2
2014 10 15 5391.000000 0 2
2014 10 16 6513.000000 0 2
2014 10 17 5621.000000 0 2
2014 10 18 5877.000000 0 2
2014 10 19 5492.000000 0 2
2014 10 20 5481.000000 0 2
2014 10 21 6156.000000 0 2
2014 10 22 5497.000000 0 2
2014 10 23 5339.000000 0 2
2014 10 24 5395.000000 0 2
2014 10 25 5224.000000 0 2
2014 10 26 5080.000000 0 2
2014 10 27 4967.000000 0 2
2014 10 28 4767.000000 0 2
2014 10 29 4803.000000 0 2
2014 10 30 nan nan nan
2014 10 31 nan nan nan
2014 11 01 nan nan nan
2014 11 02 5401.000000 0 2
2014 11 03 4795.000000 0 2
2014 11 04 5080.000000 0 2
2014 11 05 5103.000000 0 2
2014 11 06 5789.000000 0 2
2014 11 07 6308.000000 0 2
2014 11 08 6022.000000 0 2
2014 11 09 6207.000000 0 2
2014 11 10 5831.000000 0 2
2014 11 11 5917.000000 0 2
2014 11 12 5724.000000 0 2
2014 11 13 6243.000000 0 2
2014 11 14 6499.000000 0 2
2014 11 15 6206.000000 0 2
2014 11 16 6863.000000 0 2
2014 11 17 6811.000000 0 2
2014 11 18 7265.000000 0 2
2014 11 19 7484.000000 0 2
2014 11 20 8650.000000 0 2
2014 11 21 11050.000000 0 2
2014 11 22 11035.000000 0 2
2014 11 23 10642.000000 0 2
2014 11 24 10464.000000 0 2
2014 11 25 10170.000000 0 2
2014 11 26 11744.000000 0 2
2014 11 27 11062.000000 0 2
2014 11 28 10995.000000 0 2
2014 11 29 10699.000000 0 2
2014 11 30 11754.000000 0 2
2014 12 01 11348.000000 0 2
2014 12 02 12867.000000 0 2
2014 12 03 13514.000000 0 2
2014 12 04 14379.000000 0 2
2014 12 05 14370.000000 0 2
2014 12 06 16025.000000 0 2
2014 12 07 16485.000000 0 2
2014 12 08 15876.000000 0 2
2014 12 09 17353.000000 0 2
2014 12 10 16689.000000 0 2
2014 12 11 16271.000000 0 2
2014 12 12 14590.000000 0 2
2014 12 13 14392.000000 0 2
2014 12 14 14575.000000 0 2
2014 12 15 14120.000000 0 2
2014 12 16 14999.000000 0 2
2014 12 17 14317.000000 0 2
2014 12 18 13718.000000 0 2
2014 12 19 14241.000000 0 2
2014 12 20 14483.000000 0 2
2014 12 21 14155.000000 0 2
2014 12 22 12935.000000 0 2
2014 12 23 nan nan nan
2014 12 24 17585.000000 0 2
2014 12 25 19010.000000 0 2
2014 12 26 18678.000000 0 2
2014 12 27 19489.000000 0 2
2014 12 28 19768.000000 0 2
2014 12 29 22279.000000 0 2
2014 12 30 21624.000000 0 2
2014 12 31 22828.000000 0 2
2015 01 01 21932.000000 0 2
2015 01 02 23518.000000 0 2
2015 01 03 25434.000000 0 2
2015 01 04 26576.000000 0 2
2015 01 05 26699.000000 0 2
2015 01 06 26733.000000 0 2
2015 01 07 27031.000000 0 2
2015 01 08 26404.000000 0 2
2015 01 09 29157.000000 0 2
2015 01 10 28917.000000 0 2
2015 01 11 28860.000000 0 2
2015 01 12 28541.000000 0 2
2015 01 13 27949.000000 0 2
2015 01 14 27655.000000 0 2
2015 01 15 26919.000000 0 2
2015 01 16 26729.000000 0 2
2015 01 17 27861.000000 0 2
2015 01 18 29877.000000 0 2
2015 01 19 30209.000000 0 2
2015 01 20 30606.000000 0 2
2015 01 21 32538.000000 0 2
2015 01 22 32811.000000 0 2
2015 01 23 32827.000000 0 2
2015 01 24 33286.000000 0 2
2015 01 25 33843.000000 0 2
2015 01 26 34653.000000 0 2
2015 01 27 36321.000000 0 2
2015 01 28 35564.000000 0 2
2015 01 29 34724.000000 0 2
2015 01 30 34827.000000 0 2
2015 01 31 34646.000000 0 2
2015 02 01 34653.000000 0 2
2015 02 02 35140.000000 0 2
2015 02 03 35074.000000 0 2
2015 02 04 35472.000000 0 2
2015 02 05 34932.000000 0 2
2015 02 06 35700.000000 0 2
2015 02 07 35933.000000 0 2
2015 02 08 36252.000000 0 2
2015 02 09 34685.000000 0 2
2015 02 10 33642.000000 0 2
2015 02 11 33567.000000 0 2
2015 02 12 34607.000000 0 2
2015 02 13 35303.000000 0 2
2015 02 14 35584.000000 0 2
2015 02 15 35507.000000 0 2
2015 02 16 36286.000000 0 2
2015 02 17 36134.000000 0 2
2015 02 18 35946.000000 0 2
2015 02 19 35926.000000 0 2
2015 02 20 36457.000000 0 2
2015 02 21 37619.000000 0 2
2015 02 22 37693.000000 0 2
2015 02 23 39074.000000 0 2
2015 02 24 39909.000000 0 2
2015 02 25 40347.000000 0 2
2015 02 26 40952.000000 0 2
2015 02 27 41174.000000 0 2
2015 02 28 41068.000000 0 2
2015 03 01 40505.000000 0 2
2015 03 02 41202.000000 0 2
2015 03 03 41325.000000 0 2
2015 03 04 41915.000000 0 2
2015 03 05 41884.000000 0 2
2015 03 06 41901.000000 0 2
2015 03 07 42476.000000 0 2
2015 03 08 42402.000000 0 2
2015 03 09 42091.000000 0 2
2015 03 10 41985.000000 0 2
2015 03 11 41759.000000 0 2
2015 03 12 41091.000000 0 2
2015 03 13 41826.000000 0 2
2015 03 14 41781.000000 0 2
2015 03 15 41413.000000 0 2
2015 03 16 41740.000000 0 2
2015 03 17 41814.000000 0 2
2015 03 18 41746.000000 0 2
2015 03 19 40513.000000 0 2
2015 03 20 40026.000000 0 2
2015 03 21 41299.000000 0 2
2015 03 22 39764.000000 0 2
2015 03 23 41598.000000 0 2
2015 03 24 41293.000000 0 2
2015 03 25 39913.000000 0 2
2015 03 26 37928.000000 0 2
2015 03 27 38516.000000 0 2
2015 03 28 37550.000000 0 2
2015 03 29 37080.000000 0 2
2015 03 30 34635.000000 0 2
2015 03 31 34994.000000 0 2
2015 04 01 33720.000000 0 2
2015 04 02 33600.000000 0 2
2015 04 03 34550.000000 0 2
2015 04 04 34585.000000 0 2
2015 04 05 34416.000000 0 2
2015 04 06 33824.000000 0 2
2015 04 07 33768.000000 0 2
2015 04 08 33553.000000 0 2
2015 04 09 33610.000000 0 2
2015 04 10 33142.000000 0 2
2015 04 11 34030.000000 0 2
2015 04 12 34708.000000 0 2
2015 04 13 34736.000000 0 2
2015 04 14 34804.000000 0 2
2015 04 15 34649.000000 0 2
2015 04 16 34372.000000 0 2
2015 04 17 34153.000000 0 2
2015 04 18 33912.000000 0 2
2015 04 19 33109.000000 0 2
2015 04 20 32765.000000 0 2
2015 04 21 32124.000000 0 2
2015 04 22 32694.000000 0 2
2015 04 23 33107.000000 0 2
2015 04 24 33559.000000 0 2
2015 04 25 33345.000000 0 2
2015 04 26 32817.000000 0 2
2015 04 27 32912.000000 0 2
2015 04 28 33546.000000 0 2
2015 04 29 33535.000000 0 2
2015 04 30 33827.000000 0 2
2015 05 01 33869.000000 0 2
2015 05 02 33289.000000 0 2
2015 05 03 33537.000000 0 2
2015 05 04 33765.000000 0 2
2015 05 05 33777.000000 0 2
2015 05 06 33699.000000 0 2
2015 05 07 33994.000000 0 2
2015 05 08 35014.000000 0 2
2015 05 09 35854.000000 0 2
2015 05 10 37695.000000 0 2
2015 05 11 38494.000000 0 2
2015 05 12 39408.000000 0 2
2015 05 13 39509.000000 0 2
2015 05 14 38746.000000 0 2
2015 05 15 38028.000000 0 2
2015 05 16 36701.000000 0 2
2015 05 17 37692.000000 0 2
2015 05 18 37662.000000 0 2
2015 05 19 36590.000000 0 2
2015 05 20 36096.000000 0 2
2015 05 21 34849.000000 0 2
2015 05 22 34267.000000 0 2
2015 05 23 33900.000000 0 2
2015 05 24 33293.000000 0 2
2015 05 25 32560.000000 0 2
2015 05 26 31874.000000 0 2
2015 05 27 31024.000000 0 2
2015 05 28 31467.000000 0 2
2015 05 29 32052.000000 0 2
2015 05 30 32792.000000 0 2
2015 05 31 33371.000000 0 2
2015 06 01 33850.000000 0 2
2015 06 02 35028.000000 0 2
2015 06 03 35928.000000 0 2
2015 06 04 36172.000000 0 2
2015 06 05 35491.000000 0 2
2015 06 06 35904.000000 0 2
2015 06 07 34836.000000 0 2
2015 06 08 35054.000000 0 2
2015 06 09 34360.000000 0 2
2015 06 10 33262.000000 0 2
2015 06 11 32034.000000 0 2
2015 06 12 31003.000000 0 2
2015 06 13 29910.000000 0 2
2015 06 14 29266.000000 0 2
2015 06 15 29123.000000 0 2
2015 06 16 28561.000000 0 2
2015 06 17 27864.000000 0 2
2015 06 18 27603.000000 0 2
2015 06 19 26835.000000 0 2
2015 06 20 26839.000000 0 2
2015 06 21 26632.000000 0 2
2015 06 22 26609.000000 0 2
2015 06 23 26307.000000 0 2
2015 06 24 25509.000000 0 2
2015 06 25 25241.000000 0 2
2015 06 26 24943.000000 0 2
2015 06 27 24502.000000 0 2
2015 06 28 23290.000000 0 2
2015 06 29 22681.000000 0 2
2015 06 30 22033.000000 0 2
2015 07 01 21344.000000 0 2
2015 07 02 21334.000000 0 2
2015 07 03 20906.000000 0 2
2015 07 04 20601.000000 0 2
2015 07 05 20493.000000 0 2
2015 07 06 20733.000000 0 2
2015 07 07 22037.000000 0 2
2015 07 08 23334.000000 0 2
2015 07 09 25294.000000 0 2
2015 07 10 24994.000000 0 2
2015 07 11 25177.000000 0 2
2015 07 12 24195.000000 0 2
2015 07 13 24265.000000 0 2
2015 07 14 24186.000000 0 2
2015 07 15 23740.000000 0 2
2015 07 16 22273.000000 0 2
2015 07 17 21206.000000 0 2
2015 07 18 20509.000000 0 2
2015 07 19 19183.000000 0 2
2015 07 20 18984.000000 0 2
2015 07 21 19192.000000 0 2
2015 07 22 19669.000000 0 2
2015 07 23 19402.000000 0 2
2015 07 24 19339.000000 0 2
2015 07 25 18287.000000 0 2
2015 07 26 18113.000000 0 2
2015 07 27 17653.000000 0 2
2015 07 28 nan nan nan
2015 07 29 nan nan nan
2015 07 30 nan nan nan
2015 07 31 nan nan nan
