year month day streamflow_m3s qual_control_by_ana qual_flag
2012 10 01 nan nan nan
2012 10 02 nan nan nan
2012 10 03 nan nan nan
2012 10 04 nan nan nan
2012 10 05 nan nan nan
2012 10 06 nan nan nan
2012 10 07 nan nan nan
2012 10 08 nan nan nan
2012 10 09 nan nan nan
2012 10 10 nan nan nan
2012 10 11 nan nan nan
2012 10 12 nan nan nan
2012 10 13 nan nan nan
2012 10 14 nan nan nan
2012 10 15 nan nan nan
2012 10 16 nan nan nan
2012 10 17 nan nan nan
2012 10 18 nan nan nan
2012 10 19 0.799000 1 1
2012 10 20 0.799000 1 1
2012 10 21 0.799000 1 1
2012 10 22 0.662000 1 1
2012 10 23 0.535000 1 1
2012 10 24 0.535000 1 1
2012 10 25 0.535000 1 1
2012 10 26 0.535000 1 1
2012 10 27 0.535000 1 1
2012 10 28 0.535000 1 1
2012 10 29 0.535000 1 1
2012 10 30 0.535000 1 1
2012 10 31 0.535000 1 1
2012 11 01 0.418000 1 1
2012 11 02 0.418000 1 1
2012 11 03 0.662000 1 1
2012 11 04 0.662000 1 1
2012 11 05 0.312000 1 1
2012 11 06 0.312000 1 1
2012 11 07 0.312000 1 1
2012 11 08 0.799000 1 1
2012 11 09 0.662000 1 1
2012 11 10 0.535000 1 1
2012 11 11 0.535000 1 1
2012 11 12 0.196000 1 1
2012 11 13 0.231000 1 1
2012 11 14 0.166000 1 1
2012 11 15 0.166000 1 1
2012 11 16 0.166000 1 1
2012 11 17 0.166000 1 1
2012 11 18 0.166000 1 1
2012 11 19 0.116000 1 1
2012 11 20 0.312000 1 1
2012 11 21 0.079000 1 1
2012 11 22 0.312000 1 1
2012 11 23 0.312000 1 1
2012 11 24 0.312000 1 1
2012 11 25 0.418000 1 1
2012 11 26 0.231000 1 1
2012 11 27 0.271000 1 1
2012 11 28 0.312000 1 1
2012 11 29 0.312000 1 1
2012 11 30 0.312000 1 1
2012 12 01 0.312000 1 1
2012 12 02 0.312000 1 1
2012 12 03 0.271000 1 1
2012 12 04 0.312000 1 1
2012 12 05 0.312000 1 1
2012 12 06 0.418000 1 1
2012 12 07 0.535000 1 1
2012 12 08 0.535000 1 1
2012 12 09 0.418000 1 1
2012 12 10 0.042000 1 1
2012 12 11 0.116000 1 1
2012 12 12 0.052000 1 1
2012 12 13 0.033000 1 1
2012 12 14 0.052000 1 1
2012 12 15 0.052000 1 1
2012 12 16 0.079000 1 1
2012 12 17 0.079000 1 1
2012 12 18 0.079000 1 1
2012 12 19 0.052000 1 1
2012 12 20 0.079000 1 1
2012 12 21 0.052000 1 1
2012 12 22 0.079000 1 1
2012 12 23 0.079000 1 1
2012 12 24 0.052000 1 1
2012 12 25 0.052000 1 1
2012 12 26 0.052000 1 1
2012 12 27 0.079000 1 1
2012 12 28 0.064000 1 1
2012 12 29 0.052000 1 1
2012 12 30 0.064000 1 1
2012 12 31 0.052000 1 1
2013 01 01 0.079000 1 1
2013 01 02 0.116000 1 1
2013 01 03 0.079000 1 1
2013 01 04 0.271000 1 1
2013 01 05 0.139000 1 1
2013 01 06 0.139000 1 1
2013 01 07 0.096000 1 1
2013 01 08 0.116000 1 1
2013 01 09 0.116000 1 1
2013 01 10 0.096000 1 1
2013 01 11 0.116000 1 1
2013 01 12 0.116000 1 1
2013 01 13 0.139000 1 1
2013 01 14 0.271000 1 1
2013 01 15 0.166000 1 1
2013 01 16 0.166000 1 1
2013 01 17 0.166000 1 1
2013 01 18 0.116000 1 1
2013 01 19 0.116000 1 1
2013 01 20 0.116000 1 1
2013 01 21 0.079000 1 1
2013 01 22 0.079000 1 1
2013 01 23 0.064000 1 1
2013 01 24 0.064000 1 1
2013 01 25 0.042000 1 1
2013 01 26 0.052000 1 1
2013 01 27 0.052000 1 1
2013 01 28 0.026000 1 1
2013 01 29 0.052000 1 1
2013 01 30 0.042000 1 1
2013 01 31 0.052000 1 1
2013 02 01 0.033000 1 1
2013 02 02 0.052000 1 1
2013 02 03 0.052000 1 1
2013 02 04 0.052000 1 1
2013 02 05 0.079000 1 1
2013 02 06 0.116000 1 1
2013 02 07 0.096000 1 1
2013 02 08 0.079000 1 1
2013 02 09 0.166000 1 1
2013 02 10 0.079000 1 1
2013 02 11 0.139000 1 1
2013 02 12 0.116000 1 1
2013 02 13 0.042000 1 1
2013 02 14 0.006000 1 1
2013 02 15 0.231000 1 1
2013 02 16 0.271000 1 1
2013 02 17 0.116000 1 1
2013 02 18 0.009000 1 1
2013 02 19 0.015000 1 1
2013 02 20 0.096000 1 1
2013 02 21 0.096000 1 1
2013 02 22 0.026000 1 1
2013 02 23 0.312000 1 1
2013 02 24 0.096000 1 1
2013 02 25 0.020000 1 1
2013 02 26 0.033000 1 1
2013 02 27 0.079000 1 1
2013 02 28 0.079000 1 1
2013 03 01 0.418000 1 1
2013 03 02 0.166000 1 1
2013 03 03 0.026000 1 1
2013 03 04 0.003000 1 1
2013 03 05 0.004000 1 1
2013 03 06 0.096000 1 1
2013 03 07 0.116000 1 1
2013 03 08 0.139000 1 1
2013 03 09 0.116000 1 1
2013 03 10 0.166000 1 1
2013 03 11 0.196000 1 1
2013 03 12 0.166000 1 1
2013 03 13 0.116000 1 1
2013 03 14 0.033000 1 1
2013 03 15 0.116000 1 1
2013 03 16 0.079000 1 1
2013 03 17 0.166000 1 1
2013 03 18 0.196000 1 1
2013 03 19 0.139000 1 1
2013 03 20 0.079000 1 1
2013 03 21 0.166000 1 1
2013 03 22 0.166000 1 1
2013 03 23 0.166000 1 1
2013 03 24 0.096000 1 1
2013 03 25 0.116000 1 1
2013 03 26 0.079000 1 1
2013 03 27 0.006000 1 1
2013 03 28 0.020000 1 1
2013 03 29 0.116000 1 1
2013 03 30 0.116000 1 1
2013 03 31 0.139000 1 1
2013 04 01 0.139000 1 1
2013 04 02 0.166000 1 1
2013 04 03 0.166000 1 1
2013 04 04 0.139000 1 1
2013 04 05 0.079000 1 1
2013 04 06 0.033000 1 1
2013 04 07 0.033000 1 1
2013 04 08 0.033000 1 1
2013 04 09 0.033000 1 1
2013 04 10 0.033000 1 1
2013 04 11 0.020000 1 1
2013 04 12 0.033000 1 1
2013 04 13 0.033000 1 1
2013 04 14 0.033000 1 1
2013 04 15 0.026000 1 1
2013 04 16 0.116000 1 1
2013 04 17 0.312000 1 1
2013 04 18 1.439000 1 1
2013 04 19 5.781000 1 1
2013 04 20 17.704000 1 1
2013 04 21 3.586000 1 1
2013 04 22 0.026000 1 1
2013 04 23 0.799000 1 1
2013 04 24 0.662000 1 1
2013 04 25 2.006000 1 1
2013 04 26 1.266000 1 1
2013 04 27 1.266000 1 1
2013 04 28 0.535000 1 1
2013 04 29 49.585000 1 1
2013 04 30 64.988000 1 1
2013 05 01 98.238000 1 1
2013 05 02 1.809000 1 1
2013 05 03 0.799000 1 1
2013 05 04 0.535000 1 1
2013 05 05 0.662000 1 1
2013 05 06 0.535000 1 1
2013 05 07 0.271000 1 1
2013 05 08 0.231000 1 1
2013 05 09 0.312000 1 1
2013 05 10 0.946000 1 1
2013 05 11 0.312000 1 1
2013 05 12 0.271000 1 1
2013 05 13 0.139000 1 1
2013 05 14 0.231000 1 1
2013 05 15 0.271000 1 1
2013 05 16 0.231000 1 1
2013 05 17 0.418000 1 1
2013 05 18 23.361000 1 1
2013 05 19 1.102000 1 1
2013 05 20 0.033000 1 1
2013 05 21 0.312000 1 1
2013 05 22 0.166000 1 1
2013 05 23 0.042000 1 1
2013 05 24 0.042000 1 1
2013 05 25 0.946000 1 1
2013 05 26 0.139000 1 1
2013 05 27 0.231000 1 1
2013 05 28 1.102000 1 1
2013 05 29 0.231000 1 1
2013 05 30 0.231000 1 1
2013 05 31 0.166000 1 1
2013 06 01 0.116000 1 1
2013 06 02 0.139000 1 1
2013 06 03 0.312000 1 1
2013 06 04 0.116000 1 1
2013 06 05 6.701000 1 1
2013 06 06 0.946000 1 1
2013 06 07 0.231000 1 1
2013 06 08 0.231000 1 1
2013 06 09 17.128000 1 1
2013 06 10 1.809000 1 1
2013 06 11 0.271000 1 1
2013 06 12 6.389000 1 1
2013 06 13 118.516000 1 1
2013 06 14 23.361000 1 1
2013 06 15 12.890000 1 1
2013 06 16 6.701000 1 1
2013 06 17 6.701000 1 1
2013 06 18 1.439000 1 1
2013 06 19 2.641000 1 1
2013 06 20 2.867000 1 1
2013 06 21 40.869000 1 1
2013 06 22 108.899000 1 1
2013 06 23 66.175000 1 1
2013 06 24 11.015000 1 1
2013 06 25 7.019000 1 1
2013 06 26 1.102000 1 1
2013 06 27 2.867000 1 1
2013 06 28 3.838000 1 1
2013 06 29 1.620000 1 1
2013 06 30 3.586000 1 1
2013 07 01 0.799000 1 1
2013 07 02 3.339000 1 1
2013 07 03 0.052000 1 1
2013 07 04 18.290000 1 1
2013 07 05 22.030000 1 1
2013 07 06 5.485000 1 1
2013 07 07 5.196000 1 1
2013 07 08 2.211000 1 1
2013 07 09 2.211000 1 1
2013 07 10 4.912000 1 1
2013 07 11 1.439000 1 1
2013 07 12 7.740000 1 1
2013 07 13 44.630000 1 1
2013 07 14 155.705000 1 1
2013 07 15 232.542000 1 1
2013 07 16 24.735000 1 1
2013 07 17 13.384000 1 1
2013 07 18 3.100000 1 2
2013 07 19 0.079000 1 2
2013 07 20 12.890000 1 1
2013 07 21 9.713000 1 1
2013 07 22 44.630000 1 1
2013 07 23 17.704000 1 1
2013 07 24 8.500000 1 1
2013 07 25 8.500000 1 1
2013 07 26 9.299000 1 1
2013 07 27 8.116000 1 1
2013 07 28 7.019000 1 1
2013 07 29 6.082000 1 1
2013 07 30 4.363000 1 1
2013 07 31 5.485000 1 1
2013 08 01 3.838000 1 1
2013 08 02 3.100000 1 1
2013 08 03 3.838000 1 1
2013 08 04 5.196000 1 1
2013 08 05 3.838000 1 1
2013 08 06 1.809000 1 1
2013 08 07 2.211000 1 1
2013 08 08 2.211000 1 1
2013 08 09 2.641000 1 1
2013 08 10 2.867000 1 1
2013 08 11 1.620000 1 1
2013 08 12 1.266000 1 1
2013 08 13 1.809000 1 1
2013 08 14 2.006000 1 1
2013 08 15 4.363000 1 1
2013 08 16 4.634000 1 1
2013 08 17 1.102000 1 1
2013 08 18 7.019000 1 1
2013 08 19 16.007000 1 1
2013 08 20 10.571000 1 1
2013 08 21 2.006000 1 1
2013 08 22 2.867000 1 1
2013 08 23 6.389000 1 1
2013 08 24 3.586000 1 1
2013 08 25 0.231000 1 1
2013 08 26 1.439000 1 1
2013 08 27 1.439000 1 1
2013 08 28 0.418000 1 1
2013 08 29 1.102000 1 1
2013 08 30 3.838000 1 1
2013 08 31 35.566000 1 1
2013 09 01 12.890000 1 1
2013 09 02 6.082000 1 1
2013 09 03 4.097000 1 1
2013 09 04 4.363000 1 1
2013 09 05 6.389000 1 1
2013 09 06 2.211000 1 1
2013 09 07 6.389000 1 1
2013 09 08 2.422000 1 1
2013 09 09 5.485000 1 1
2013 09 10 3.100000 1 1
2013 09 11 2.867000 1 1
2013 09 12 1.266000 1 1
2013 09 13 2.641000 1 1
2013 09 14 2.211000 1 1
2013 09 15 9.299000 1 1
2013 09 16 4.363000 1 1
2013 09 17 0.418000 1 1
2013 09 18 1.102000 1 1
2013 09 19 1.809000 1 1
2013 09 20 1.439000 1 1
2013 09 21 1.809000 1 1
2013 09 22 1.266000 1 1
2013 09 23 1.439000 1 1
2013 09 24 0.799000 1 1
2013 09 25 0.946000 1 1
2013 09 26 1.102000 1 1
2013 09 27 0.946000 1 1
2013 09 28 1.102000 1 1
2013 09 29 0.946000 1 1
2013 09 30 0.799000 1 1
2013 10 01 0.312000 1 1
2013 10 02 0.312000 1 1
2013 10 03 1.439000 1 1
2013 10 04 1.266000 1 1
2013 10 05 0.662000 1 1
2013 10 06 0.139000 1 1
2013 10 07 0.312000 1 1
2013 10 08 0.946000 1 1
2013 10 09 0.946000 1 1
2013 10 10 0.662000 1 1
2013 10 11 0.166000 1 1
2013 10 12 0.799000 1 1
2013 10 13 1.102000 1 1
2013 10 14 1.102000 1 1
2013 10 15 0.662000 1 1
2013 10 16 0.535000 1 1
2013 10 17 0.662000 1 1
2013 10 18 0.799000 1 1
2013 10 19 0.799000 1 1
2013 10 20 0.662000 1 1
2013 10 21 0.231000 1 1
2013 10 22 0.418000 1 1
2013 10 23 0.271000 1 1
2013 10 24 0.231000 1 1
2013 10 25 0.231000 1 1
2013 10 26 0.418000 1 1
2013 10 27 0.799000 1 1
2013 10 28 0.799000 1 1
2013 10 29 0.535000 1 1
2013 10 30 0.231000 1 1
2013 10 31 0.312000 1 1
2013 11 01 0.418000 1 1
2013 11 02 2.211000 1 1
2013 11 03 5.485000 1 1
2013 11 04 4.912000 1 1
2013 11 05 3.100000 1 1
2013 11 06 1.102000 1 1
2013 11 07 1.439000 1 1
2013 11 08 0.662000 1 1
2013 11 09 0.535000 1 1
2013 11 10 0.946000 1 1
2013 11 11 0.418000 1 1
2013 11 12 0.312000 1 1
2013 11 13 0.312000 1 1
2013 11 14 0.271000 1 1
2013 11 15 0.042000 1 1
2013 11 16 0.271000 1 1
2013 11 17 0.166000 1 1
2013 11 18 0.139000 1 1
2013 11 19 0.166000 1 1
2013 11 20 0.196000 1 1
2013 11 21 0.418000 1 1
2013 11 22 0.535000 1 1
2013 11 23 0.196000 1 1
2013 11 24 0.166000 1 1
2013 11 25 0.116000 1 1
2013 11 26 0.535000 1 1
2013 11 27 0.418000 1 1
2013 11 28 0.196000 1 1
2013 11 29 0.139000 1 1
2013 11 30 0.079000 1 1
2013 12 01 0.079000 1 1
2013 12 02 0.079000 1 1
2013 12 03 0.042000 1 1
2013 12 04 0.033000 1 1
2013 12 05 0.033000 1 1
2013 12 06 0.079000 1 1
2013 12 07 0.079000 1 1
2013 12 08 0.064000 1 1
2013 12 09 0.042000 1 1
2013 12 10 0.079000 1 1
2013 12 11 0.064000 1 1
2013 12 12 0.033000 1 1
2013 12 13 0.096000 1 1
2013 12 14 0.271000 1 1
2013 12 15 0.116000 1 1
2013 12 16 0.064000 1 1
2013 12 17 0.079000 1 1
2013 12 18 0.079000 1 1
2013 12 19 0.096000 1 1
2013 12 20 0.096000 1 1
2013 12 21 0.116000 1 1
2013 12 22 0.079000 1 1
2013 12 23 0.096000 1 1
2013 12 24 0.096000 1 1
2013 12 25 0.116000 1 1
2013 12 26 0.079000 1 1
2013 12 27 0.116000 1 1
2013 12 28 0.096000 1 1
2013 12 29 0.079000 1 1
2013 12 30 0.079000 1 1
2013 12 31 0.079000 1 1
2014 01 01 0.079000 1 1
2014 01 02 0.079000 1 1
2014 01 03 0.079000 1 1
2014 01 04 0.079000 1 1
2014 01 05 0.079000 1 1
2014 01 06 0.079000 1 1
2014 01 07 0.231000 1 1
2014 01 08 0.116000 1 1
2014 01 09 0.116000 1 1
2014 01 10 0.096000 1 1
2014 01 11 0.079000 1 1
2014 01 12 0.166000 1 1
2014 01 13 0.139000 1 1
2014 01 14 0.116000 1 1
2014 01 15 0.116000 1 1
2014 01 16 0.116000 1 1
2014 01 17 0.116000 1 1
2014 01 18 0.064000 1 1
2014 01 19 0.116000 1 1
2014 01 20 0.079000 1 1
2014 01 21 0.096000 1 1
2014 01 22 0.079000 1 1
2014 01 23 0.079000 1 1
2014 01 24 0.079000 1 1
2014 01 25 0.079000 1 1
2014 01 26 0.079000 1 1
2014 01 27 0.079000 1 1
2014 01 28 0.079000 1 1
2014 01 29 0.116000 1 1
2014 01 30 0.116000 1 1
2014 01 31 0.079000 1 1
2014 02 01 0.079000 1 1
2014 02 02 0.079000 1 1
2014 02 03 0.116000 1 1
2014 02 04 0.231000 1 1
2014 02 05 0.116000 1 1
2014 02 06 0.312000 1 1
2014 02 07 10.137000 1 1
2014 02 08 2.006000 1 1
2014 02 09 1.102000 1 1
2014 02 10 0.662000 1 1
2014 02 11 0.231000 1 1
2014 02 12 0.231000 1 1
2014 02 13 0.166000 1 1
2014 02 14 0.166000 1 1
2014 02 15 0.196000 1 1
2014 02 16 0.231000 1 1
2014 02 17 0.196000 1 1
2014 02 18 1.439000 1 1
2014 02 19 0.166000 1 1
2014 02 20 0.166000 1 1
2014 02 21 0.116000 1 1
2014 02 22 0.166000 1 1
2014 02 23 0.166000 1 1
2014 02 24 0.166000 1 1
2014 02 25 0.166000 1 1
2014 02 26 0.116000 1 1
2014 02 27 0.116000 1 1
2014 02 28 0.116000 1 1
2014 03 01 0.231000 1 1
2014 03 02 0.139000 1 1
2014 03 03 0.096000 1 1
2014 03 04 0.096000 1 1
2014 03 05 0.116000 1 1
2014 03 06 0.116000 1 1
2014 03 07 0.116000 1 1
2014 03 08 0.139000 1 1
2014 03 09 0.116000 1 1
2014 03 10 0.116000 1 1
2014 03 11 0.166000 1 1
2014 03 12 0.271000 1 1
2014 03 13 0.271000 1 1
2014 03 14 0.312000 1 1
2014 03 15 0.231000 1 1
2014 03 16 0.271000 1 1
2014 03 17 0.196000 1 1
2014 03 18 0.535000 1 1
2014 03 19 0.662000 1 1
2014 03 20 1.439000 1 1
2014 03 21 1.439000 1 1
2014 03 22 0.312000 1 1
2014 03 23 0.196000 1 1
2014 03 24 0.116000 1 1
2014 03 25 0.166000 1 1
2014 03 26 0.116000 1 1
2014 03 27 0.116000 1 1
2014 03 28 0.116000 1 1
2014 03 29 0.116000 1 1
2014 03 30 0.079000 1 1
2014 03 31 0.116000 1 1
2014 04 01 0.096000 1 1
2014 04 02 0.079000 1 1
2014 04 03 0.166000 1 1
2014 04 04 0.079000 1 1
2014 04 05 0.116000 1 1
2014 04 06 0.116000 1 1
2014 04 07 0.231000 1 1
2014 04 08 0.312000 1 1
2014 04 09 0.096000 1 1
2014 04 10 0.116000 1 1
2014 04 11 0.116000 1 1
2014 04 12 0.116000 1 1
2014 04 13 0.166000 1 1
2014 04 14 0.116000 1 1
2014 04 15 0.166000 1 1
2014 04 16 0.079000 1 1
2014 04 17 0.116000 1 1
2014 04 18 0.231000 1 1
2014 04 19 0.166000 1 1
2014 04 20 0.166000 1 1
2014 04 21 0.166000 1 1
2014 04 22 0.799000 1 1
2014 04 23 0.196000 1 1
2014 04 24 0.166000 1 1
2014 04 25 0.096000 1 1
2014 04 26 0.116000 1 1
2014 04 27 0.116000 1 1
2014 04 28 0.116000 1 1
2014 04 29 0.116000 1 1
2014 04 30 0.418000 1 1
2014 05 01 0.662000 1 1
2014 05 02 0.271000 1 1
2014 05 03 0.535000 1 1
2014 05 04 0.535000 1 1
2014 05 05 0.535000 1 1
2014 05 06 0.312000 1 1
2014 05 07 0.231000 1 1
2014 05 08 0.231000 1 1
2014 05 09 0.166000 1 1
2014 05 10 0.231000 1 1
2014 05 11 0.231000 1 1
2014 05 12 0.231000 1 1
2014 05 13 0.418000 1 1
2014 05 14 7.019000 1 1
2014 05 15 3.339000 1 1
2014 05 16 0.799000 1 1
2014 05 17 0.312000 1 1
2014 05 18 0.312000 1 1
2014 05 19 0.271000 1 1
2014 05 20 0.312000 1 1
2014 05 21 0.312000 1 1
2014 05 22 0.535000 1 1
2014 05 23 0.535000 1 1
2014 05 24 0.312000 1 1
2014 05 25 0.312000 1 1
2014 05 26 0.312000 1 1
2014 05 27 0.312000 1 1
2014 05 28 0.535000 1 1
2014 05 29 0.535000 1 1
2014 05 30 0.799000 1 1
2014 05 31 1.102000 1 1
2014 06 01 1.439000 1 1
2014 06 02 0.535000 1 1
2014 06 03 0.535000 1 1
2014 06 04 0.312000 1 1
2014 06 05 0.312000 1 1
2014 06 06 1.102000 1 1
2014 06 07 1.439000 1 1
2014 06 08 1.620000 1 1
2014 06 09 0.799000 1 1
2014 06 10 0.799000 1 1
2014 06 11 0.799000 1 1
2014 06 12 0.799000 1 1
2014 06 13 0.535000 1 1
2014 06 14 2.006000 1 1
2014 06 15 4.363000 1 1
2014 06 16 4.363000 1 1
2014 06 17 1.102000 1 1
2014 06 18 1.102000 1 1
2014 06 19 3.586000 1 1
2014 06 20 1.809000 1 1
2014 06 21 0.535000 1 1
2014 06 22 0.535000 1 1
2014 06 23 0.946000 1 1
2014 06 24 3.100000 1 1
2014 06 25 5.485000 1 1
2014 06 26 6.389000 1 1
2014 06 27 36.422000 1 1
2014 06 28 28.358000 1 1
2014 06 29 8.116000 1 1
2014 06 30 1.809000 1 1
2014 07 01 5.781000 1 1
2014 07 02 4.363000 1 1
2014 07 03 3.100000 1 1
2014 07 04 3.100000 1 1
2014 07 05 1.809000 1 1
2014 07 06 1.102000 1 1
2014 07 07 0.946000 1 1
2014 07 08 0.799000 1 1
2014 07 09 1.266000 1 1
2014 07 10 0.946000 1 1
2014 07 11 0.662000 1 1
2014 07 12 0.535000 1 1
2014 07 13 2.211000 1 1
2014 07 14 0.799000 1 1
2014 07 15 0.535000 1 1
2014 07 16 0.799000 1 1
2014 07 17 0.799000 1 1
2014 07 18 0.662000 1 1
2014 07 19 0.799000 1 1
2014 07 20 1.266000 1 1
2014 07 21 0.799000 1 1
2014 07 22 0.799000 1 1
2014 07 23 0.799000 1 1
2014 07 24 0.535000 1 1
2014 07 25 3.100000 1 1
2014 07 26 3.586000 1 1
2014 07 27 2.641000 1 1
2014 07 28 11.468000 1 1
2014 07 29 9.299000 1 1
2014 07 30 4.097000 1 1
2014 07 31 4.912000 1 1
2014 08 01 0.799000 1 1
2014 08 02 1.102000 1 1
2014 08 03 0.231000 1 1
2014 08 04 0.535000 1 1
2014 08 05 0.799000 1 1
2014 08 06 0.799000 1 1
2014 08 07 0.799000 1 1
2014 08 08 0.535000 1 1
2014 08 09 1.102000 1 1
2014 08 10 0.418000 1 1
2014 08 11 2.006000 1 1
2014 08 12 3.586000 1 1
2014 08 13 3.339000 1 1
2014 08 14 1.439000 1 1
2014 08 15 0.535000 1 1
2014 08 16 0.535000 1 1
2014 08 17 0.079000 1 1
2014 08 18 0.166000 1 1
2014 08 19 0.312000 1 1
2014 08 20 0.312000 1 1
2014 08 21 0.535000 1 1
2014 08 22 0.535000 1 1
2014 08 23 0.535000 1 1
2014 08 24 0.535000 1 1
2014 08 25 1.102000 1 1
2014 08 26 1.102000 1 1
2014 08 27 1.102000 1 1
2014 08 28 1.439000 1 1
2014 08 29 0.535000 1 1
2014 08 30 0.799000 1 1
2014 08 31 1.102000 1 1
2014 09 01 1.439000 1 1
2014 09 02 1.102000 1 1
2014 09 03 0.535000 1 1
2014 09 04 0.535000 1 1
2014 09 05 0.535000 1 1
2014 09 06 0.799000 1 1
2014 09 07 1.809000 1 1
2014 09 08 34.721000 1 1
2014 09 09 107.339000 1 1
2014 09 10 35.566000 1 1
2014 09 11 31.452000 1 1
2014 09 12 7.740000 1 1
2014 09 13 60.355000 1 1
2014 09 14 55.908000 1 1
2014 09 15 33.887000 1 1
2014 09 16 0.271000 1 1
2014 09 17 0.312000 1 1
2014 09 18 0.535000 1 1
2014 09 19 0.799000 1 1
2014 09 20 2.867000 1 1
2014 09 21 2.211000 1 1
2014 09 22 1.439000 1 1
2014 09 23 1.102000 1 1
2014 09 24 1.102000 1 1
2014 09 25 0.799000 1 1
2014 09 26 0.535000 1 1
2014 09 27 0.312000 1 1
2014 09 28 0.312000 1 1
2014 09 29 0.231000 1 1
2014 09 30 0.231000 1 1
2014 10 01 0.231000 1 1
2014 10 02 0.312000 1 1
2014 10 03 0.535000 1 1
2014 10 04 0.535000 1 1
2014 10 05 0.271000 1 1
2014 10 06 0.231000 1 1
2014 10 07 0.535000 1 1
2014 10 08 1.439000 1 1
2014 10 09 1.809000 1 1
2014 10 10 1.439000 1 1
2014 10 11 1.102000 1 1
2014 10 12 1.102000 1 1
2014 10 13 1.102000 1 1
2014 10 14 0.799000 1 1
2014 10 15 0.271000 1 1
2014 10 16 0.231000 1 1
2014 10 17 0.231000 1 1
2014 10 18 0.231000 1 1
2014 10 19 0.312000 1 1
2014 10 20 0.231000 1 1
2014 10 21 0.231000 1 1
2014 10 22 0.312000 1 1
2014 10 23 0.312000 1 1
2014 10 24 0.231000 1 1
2014 10 25 0.271000 1 1
2014 10 26 0.231000 1 1
2014 10 27 1.102000 1 1
2014 10 28 0.535000 1 1
2014 10 29 0.079000 1 1
2014 10 30 0.079000 1 1
2014 10 31 0.116000 1 1
2014 11 01 0.166000 1 1
2014 11 02 0.231000 1 1
2014 11 03 0.231000 1 1
2014 11 04 0.312000 1 1
2014 11 05 0.231000 1 1
2014 11 06 0.231000 1 1
2014 11 07 0.116000 1 1
2014 11 08 0.231000 1 1
2014 11 09 0.231000 1 1
2014 11 10 0.312000 1 1
2014 11 11 0.231000 1 1
2014 11 12 0.231000 1 1
2014 11 13 0.231000 1 1
2014 11 14 0.231000 1 1
2014 11 15 0.079000 1 1
2014 11 16 0.052000 1 1
2014 11 17 0.052000 1 1
2014 11 18 0.079000 1 1
2014 11 19 0.079000 1 1
2014 11 20 0.116000 1 1
2014 11 21 0.116000 1 1
2014 11 22 0.231000 1 1
2014 11 23 0.231000 1 1
2014 11 24 0.231000 1 1
2014 11 25 0.231000 1 1
2014 11 26 0.166000 1 1
2014 11 27 0.116000 1 1
2014 11 28 0.116000 1 1
2014 11 29 0.166000 1 1
2014 11 30 0.116000 1 1
2014 12 01 0.079000 1 1
2014 12 02 0.116000 1 1
2014 12 03 0.116000 1 1
2014 12 04 0.166000 1 1
2014 12 05 0.166000 1 1
2014 12 06 0.166000 1 1
2014 12 07 0.166000 1 1
2014 12 08 0.231000 1 1
2014 12 09 0.166000 1 1
2014 12 10 0.166000 1 1
2014 12 11 0.166000 1 1
2014 12 12 0.166000 1 1
2014 12 13 0.166000 1 1
2014 12 14 0.166000 1 1
2014 12 15 0.116000 1 1
2014 12 16 0.116000 1 1
2014 12 17 0.116000 1 1
2014 12 18 0.116000 1 1
2014 12 19 0.116000 1 1
2014 12 20 0.116000 1 1
2014 12 21 0.166000 1 1
2014 12 22 0.079000 1 1
2014 12 23 0.116000 1 1
2014 12 24 0.116000 1 1
2014 12 25 0.079000 1 1
2014 12 26 0.079000 1 1
2014 12 27 0.079000 1 1
2014 12 28 0.166000 1 1
2014 12 29 0.064000 1 1
2014 12 30 0.079000 1 1
2014 12 31 0.064000 1 1
2015 01 01 0.579000 0 1
2015 01 02 0.653000 0 1
2015 01 03 0.653000 0 1
2015 01 04 0.579000 0 1
2015 01 05 0.579000 0 1
2015 01 06 0.579000 0 1
2015 01 07 0.579000 0 1
2015 01 08 0.579000 0 1
2015 01 09 0.579000 0 1
2015 01 10 0.579000 0 1
2015 01 11 0.579000 0 1
2015 01 12 0.731000 0 1
2015 01 13 0.441000 0 1
2015 01 14 0.543000 0 1
2015 01 15 0.508000 0 1
2015 01 16 0.408000 0 1
2015 01 17 0.441000 0 1
2015 01 18 0.508000 0 1
2015 01 19 0.441000 0 1
2015 01 20 0.441000 0 1
2015 01 21 0.441000 0 1
2015 01 22 0.441000 0 1
2015 01 23 0.441000 0 1
2015 01 24 0.474000 0 1
2015 01 25 0.579000 0 1
2015 01 26 0.508000 0 1
2015 01 27 0.508000 0 1
2015 01 28 0.579000 0 1
2015 01 29 0.543000 0 1
2015 01 30 0.508000 0 1
2015 01 31 0.508000 0 1
2015 02 01 0.474000 0 1
2015 02 02 0.508000 0 1
2015 02 03 0.441000 0 1
2015 02 04 0.508000 0 1
2015 02 05 0.441000 0 1
2015 02 06 0.508000 0 1
2015 02 07 0.508000 0 1
2015 02 08 0.474000 0 1
2015 02 09 0.508000 0 1
2015 02 10 0.508000 0 1
2015 02 11 0.508000 0 1
2015 02 12 0.508000 0 1
2015 02 13 0.441000 0 1
2015 02 14 0.441000 0 1
2015 02 15 0.474000 0 1
2015 02 16 0.441000 0 1
2015 02 17 0.441000 0 1
2015 02 18 0.579000 0 1
2015 02 19 0.579000 0 1
2015 02 20 0.579000 0 1
2015 02 21 0.508000 0 1
2015 02 22 0.984000 0 1
2015 02 23 0.812000 0 1
2015 02 24 0.984000 0 1
2015 02 25 0.984000 0 1
2015 02 26 0.984000 0 1
2015 02 27 0.984000 0 1
2015 02 28 0.984000 0 1
2015 03 01 0.508000 0 1
2015 03 02 0.508000 0 1
2015 03 03 0.731000 0 1
2015 03 04 0.812000 0 1
2015 03 05 0.543000 0 1
2015 03 06 0.731000 0 1
2015 03 07 0.731000 0 1
2015 03 08 0.812000 0 1
2015 03 09 0.984000 0 1
2015 03 10 0.653000 0 1
2015 03 11 0.653000 0 1
2015 03 12 0.615000 0 1
2015 03 13 0.579000 0 1
2015 03 14 0.653000 0 1
2015 03 15 0.653000 0 1
2015 03 16 1.519000 0 1
2015 03 17 0.441000 0 1
2015 03 18 0.377000 0 1
2015 03 19 0.377000 0 1
2015 03 20 0.854000 0 1
2015 03 21 1.168000 0 1
2015 03 22 3.468000 0 1
2015 03 23 0.896000 0 1
2015 03 24 2.261000 0 1
2015 03 25 1.168000 0 1
2015 03 26 1.074000 0 1
2015 03 27 1.074000 0 1
2015 03 28 1.074000 0 1
2015 03 29 1.074000 0 1
2015 03 30 0.771000 0 1
2015 03 31 0.731000 0 1
2015 04 01 0.731000 0 1
2015 04 02 0.318000 0 1
2015 04 03 0.318000 0 1
2015 04 04 0.262000 0 1
2015 04 05 0.262000 0 1
2015 04 06 0.211000 0 1
2015 04 07 0.211000 0 1
2015 04 08 0.211000 0 1
2015 04 09 0.211000 0 1
2015 04 10 0.211000 0 1
2015 04 11 0.318000 0 1
2015 04 12 0.211000 0 1
2015 04 13 0.579000 0 1
2015 04 14 0.122000 0 1
2015 04 15 0.122000 0 1
2015 04 16 0.122000 0 1
2015 04 17 0.122000 0 1
2015 04 18 0.122000 0 1
2015 04 19 0.122000 0 1
2015 04 20 0.122000 0 1
2015 04 21 0.122000 0 1
2015 04 22 0.122000 0 1
2015 04 23 0.122000 0 1
2015 04 24 0.164000 0 1
2015 04 25 0.142000 0 1
2015 04 26 0.122000 0 1
2015 04 27 0.122000 0 1
2015 04 28 0.122000 0 1
2015 04 29 0.164000 0 1
2015 04 30 nan nan 0
2015 05 01 0.164000 0 1
2015 05 02 0.164000 0 1
2015 05 03 0.164000 0 1
2015 05 04 0.211000 0 1
2015 05 05 0.211000 0 1
2015 05 06 0.211000 0 1
2015 05 07 0.262000 0 1
2015 05 08 0.262000 0 1
2015 05 09 0.262000 0 1
2015 05 10 0.211000 0 1
2015 05 11 0.211000 0 1
2015 05 12 0.211000 0 1
2015 05 13 0.262000 0 1
2015 05 14 0.262000 0 1
2015 05 15 0.262000 0 1
2015 05 16 0.262000 0 1
2015 05 17 0.262000 0 1
2015 05 18 0.262000 0 1
2015 05 19 0.262000 0 1
2015 05 20 0.262000 0 1
2015 05 21 0.289000 0 1
2015 05 22 0.984000 0 1
2015 05 23 0.984000 0 1
2015 05 24 0.984000 0 1
2015 05 25 0.896000 0 1
2015 05 26 0.896000 0 1
2015 05 27 0.731000 0 1
2015 05 28 0.731000 0 1
2015 05 29 0.211000 0 1
2015 05 30 0.236000 0 1
2015 05 31 0.318000 0 1
2015 06 01 0.262000 0 1
2015 06 02 0.262000 0 1
2015 06 03 0.262000 0 1
2015 06 04 0.347000 0 1
2015 06 05 0.318000 0 1
2015 06 06 0.318000 0 1
2015 06 07 0.377000 0 1
2015 06 08 0.318000 0 1
2015 06 09 0.318000 0 1
2015 06 10 0.318000 0 1
2015 06 11 0.211000 0 1
2015 06 12 0.211000 0 1
2015 06 13 0.211000 0 1
2015 06 14 0.164000 0 1
2015 06 15 0.211000 0 1
2015 06 16 0.211000 0 1
2015 06 17 0.211000 0 1
2015 06 18 0.211000 0 1
2015 06 19 0.262000 0 1
2015 06 20 0.262000 0 1
2015 06 21 0.262000 0 1
2015 06 22 0.262000 0 1
2015 06 23 0.262000 0 1
2015 06 24 0.441000 0 1
2015 06 25 0.441000 0 1
2015 06 26 0.441000 0 1
2015 06 27 0.377000 0 1
2015 06 28 0.377000 0 1
2015 06 29 1.364000 0 1
2015 06 30 1.364000 0 1
2015 07 01 1.364000 0 1
2015 07 02 1.364000 0 1
2015 07 03 1.364000 0 1
2015 07 04 2.773000 0 1
2015 07 05 3.914000 0 1
2015 07 06 2.386000 0 1
2015 07 07 1.791000 0 1
2015 07 08 0.318000 0 1
2015 07 09 0.543000 0 1
2015 07 10 0.812000 0 1
2015 07 11 0.812000 0 1
2015 07 12 0.812000 0 1
2015 07 13 0.508000 0 1
2015 07 14 0.508000 0 1
2015 07 15 0.731000 0 1
2015 07 16 1.168000 0 1
2015 07 17 4.783000 0 1
2015 07 18 2.261000 0 1
2015 07 19 2.261000 0 1
2015 07 20 2.261000 0 1
2015 07 21 1.680000 0 1
2015 07 22 2.080000 0 1
2015 07 23 2.642000 0 1
2015 07 24 1.168000 0 1
2015 07 25 2.021000 0 1
2015 07 26 2.840000 0 1
2015 07 27 2.840000 0 1
2015 07 28 7.095000 0 1
2015 07 29 6.905000 0 1
2015 07 30 5.200000 0 1
2015 07 31 4.379000 0 1
2015 08 01 3.615000 0 1
2015 08 02 2.773000 0 1
2015 08 03 1.168000 0 1
2015 08 04 1.074000 0 1
2015 08 05 1.074000 0 1
2015 08 06 0.984000 0 1
2015 08 07 0.984000 0 1
2015 08 08 1.074000 0 1
2015 08 09 1.791000 0 1
2015 08 10 1.074000 0 1
2015 08 11 0.984000 0 1
2015 08 12 1.074000 0 1
2015 08 13 1.074000 0 1
2015 08 14 1.074000 0 1
2015 08 15 1.074000 0 1
2015 08 16 1.074000 0 1
2015 08 17 1.074000 0 1
2015 08 18 1.074000 0 1
2015 08 19 0.984000 0 1
2015 08 20 0.984000 0 1
2015 08 21 0.984000 0 1
2015 08 22 0.731000 0 1
2015 08 23 0.731000 0 1
2015 08 24 0.731000 0 1
2015 08 25 0.441000 0 1
2015 08 26 0.508000 0 1
2015 08 27 0.508000 0 1
2015 08 28 0.441000 0 1
2015 08 29 0.377000 0 1
2015 08 30 0.377000 0 1
2015 08 31 0.441000 0 1
2015 09 01 0.508000 0 1
2015 09 02 0.579000 0 1
2015 09 03 0.579000 0 1
2015 09 04 0.579000 0 1
2015 09 05 0.579000 0 1
2015 09 06 0.579000 0 1
2015 09 07 0.579000 0 1
2015 09 08 0.579000 0 1
2015 09 09 0.579000 0 1
2015 09 10 0.579000 0 1
2015 09 11 0.579000 0 1
2015 09 12 0.579000 0 1
2015 09 13 0.579000 0 1
2015 09 14 0.579000 0 1
2015 09 15 0.579000 0 1
2015 09 16 0.579000 0 1
2015 09 17 0.508000 0 1
2015 09 18 0.508000 0 1
2015 09 19 0.508000 0 1
2015 09 20 0.508000 0 1
2015 09 21 0.543000 0 1
2015 09 22 0.579000 0 1
2015 09 23 0.579000 0 1
2015 09 24 0.653000 0 1
2015 09 25 0.508000 0 1
2015 09 26 0.441000 0 1
2015 09 27 0.441000 0 1
2015 09 28 0.211000 0 1
2015 09 29 0.211000 0 1
2015 09 30 0.211000 0 1
2015 10 01 0.262000 0 1
2015 10 02 0.262000 0 1
2015 10 03 0.262000 0 1
2015 10 04 0.262000 0 1
2015 10 05 0.262000 0 1
2015 10 06 0.262000 0 1
2015 10 07 0.262000 0 1
2015 10 08 0.262000 0 1
2015 10 09 0.262000 0 1
2015 10 10 0.262000 0 1
2015 10 11 0.262000 0 1
2015 10 12 0.262000 0 1
2015 10 13 0.262000 0 1
2015 10 14 0.262000 0 1
2015 10 15 0.262000 0 1
2015 10 16 0.262000 0 1
2015 10 17 0.262000 0 1
2015 10 18 0.262000 0 1
2015 10 19 0.262000 0 1
2015 10 20 0.262000 0 1
2015 10 21 0.262000 0 1
2015 10 22 0.262000 0 1
2015 10 23 0.262000 0 1
2015 10 24 0.262000 0 1
2015 10 25 0.262000 0 1
2015 10 26 0.262000 0 1
2015 10 27 0.262000 0 1
2015 10 28 0.262000 0 1
2015 10 29 0.262000 0 1
2015 10 30 0.262000 0 1
2015 10 31 0.262000 0 1
2015 11 01 0.262000 0 1
2015 11 02 0.262000 0 1
2015 11 03 0.262000 0 1
2015 11 04 0.262000 0 1
2015 11 05 0.262000 0 1
2015 11 06 0.262000 0 1
2015 11 07 0.262000 0 1
2015 11 08 0.262000 0 1
2015 11 09 0.262000 0 1
2015 11 10 0.318000 0 1
2015 11 11 0.262000 0 1
2015 11 12 0.262000 0 1
2015 11 13 0.262000 0 1
2015 11 14 0.262000 0 1
2015 11 15 0.262000 0 1
2015 11 16 0.262000 0 1
2015 11 17 0.318000 0 1
2015 11 18 0.318000 0 1
2015 11 19 0.262000 0 1
2015 11 20 0.262000 0 1
2015 11 21 0.262000 0 1
2015 11 22 0.262000 0 1
2015 11 23 0.262000 0 1
2015 11 24 0.262000 0 1
2015 11 25 0.262000 0 1
2015 11 26 0.262000 0 1
2015 11 27 0.262000 0 1
2015 11 28 0.262000 0 1
2015 11 29 0.262000 0 1
2015 11 30 0.262000 0 1
2015 12 01 0.262000 0 1
2015 12 02 0.262000 0 1
2015 12 03 0.262000 0 1
2015 12 04 0.262000 0 1
2015 12 05 0.262000 0 1
2015 12 06 0.262000 0 1
2015 12 07 0.262000 0 1
2015 12 08 0.262000 0 1
2015 12 09 0.262000 0 1
2015 12 10 0.262000 0 1
2015 12 11 0.262000 0 1
2015 12 12 0.262000 0 1
2015 12 13 0.262000 0 1
2015 12 14 0.262000 0 1
2015 12 15 0.262000 0 1
2015 12 16 0.289000 0 1
2015 12 17 0.318000 0 1
2015 12 18 0.262000 0 1
2015 12 19 0.318000 0 1
2015 12 20 0.318000 0 1
2015 12 21 0.318000 0 1
2015 12 22 0.318000 0 1
2015 12 23 0.318000 0 1
2015 12 24 0.579000 0 1
2015 12 25 0.653000 0 1
2015 12 26 0.984000 0 1
2015 12 27 2.261000 0 1
2015 12 28 2.261000 0 1
2015 12 29 4.379000 0 1
2015 12 30 0.812000 0 1
2015 12 31 0.812000 0 1
2016 01 01 0.812000 0 1
2016 01 02 0.731000 0 1
2016 01 03 0.731000 0 1
2016 01 04 0.731000 0 1
2016 01 05 0.731000 0 1
2016 01 06 0.731000 0 1
2016 01 07 0.731000 0 1
2016 01 08 0.984000 0 1
2016 01 09 0.984000 0 1
2016 01 10 0.731000 0 1
2016 01 11 0.731000 0 1
2016 01 12 0.731000 0 1
2016 01 13 0.731000 0 1
2016 01 14 0.731000 0 1
2016 01 15 0.731000 0 1
2016 01 16 0.731000 0 1
2016 01 17 0.731000 0 1
2016 01 18 10.290000 0 1
2016 01 19 2.261000 0 1
2016 01 20 1.074000 0 1
2016 01 21 0.731000 0 1
2016 01 22 1.074000 0 1
2016 01 23 0.984000 0 1
2016 01 24 0.984000 0 1
2016 01 25 0.984000 0 1
2016 01 26 0.896000 0 1
2016 01 27 0.262000 0 1
2016 01 28 0.441000 0 1
2016 01 29 0.508000 0 1
2016 01 30 0.579000 0 1
2016 01 31 0.441000 0 1
2016 02 01 0.211000 0 1
2016 02 02 0.236000 0 1
2016 02 03 0.691000 0 1
2016 02 04 0.579000 0 1
2016 02 05 0.377000 0 1
2016 02 06 0.377000 0 1
2016 02 07 0.377000 0 1
2016 02 08 0.377000 0 1
2016 02 09 0.377000 0 1
2016 02 10 0.347000 0 1
2016 02 11 0.441000 0 1
2016 02 12 0.508000 0 1
2016 02 13 0.579000 0 1
2016 02 14 0.579000 0 1
2016 02 15 0.579000 0 1
2016 02 16 0.579000 0 1
2016 02 17 0.731000 0 1
2016 02 18 0.731000 0 1
2016 02 19 1.680000 0 1
2016 02 20 1.364000 0 1
2016 02 21 0.812000 0 1
2016 02 22 0.731000 0 1
2016 02 23 0.731000 0 1
2016 02 24 0.939000 0 1
2016 02 25 2.577000 0 1
2016 02 26 1.680000 0 1
2016 02 27 1.314000 0 1
2016 02 28 0.731000 0 1
2016 02 29 0.211000 0 1
2016 03 01 0.653000 0 1
2016 03 02 0.579000 0 1
2016 03 03 0.653000 0 1
2016 03 04 0.653000 0 1
2016 03 05 1.364000 0 1
2016 03 06 0.731000 0 1
2016 03 07 0.731000 0 1
2016 03 08 0.211000 0 1
2016 03 09 0.318000 0 1
2016 03 10 0.441000 0 1
2016 03 11 0.508000 0 1
2016 03 12 0.441000 0 1
2016 03 13 0.441000 0 1
2016 03 14 0.441000 0 1
2016 03 15 0.508000 0 1
2016 03 16 0.543000 0 1
2016 03 17 1.121000 0 1
2016 03 18 2.080000 0 1
2016 03 19 1.905000 0 1
2016 03 20 1.028000 0 1
2016 03 21 0.508000 0 1
2016 03 22 0.474000 0 1
2016 03 23 0.441000 0 1
2016 03 24 0.731000 0 1
2016 03 25 0.731000 0 1
2016 03 26 0.508000 0 1
2016 03 27 0.508000 0 1
2016 03 28 1.074000 0 1
2016 03 29 1.074000 0 1
2016 03 30 0.731000 0 1
2016 03 31 0.731000 0 1
2016 04 01 0.691000 0 1
2016 04 02 0.653000 0 1
2016 04 03 0.653000 0 1
2016 04 04 0.653000 0 1
2016 04 05 0.653000 0 1
2016 04 06 0.441000 0 1
2016 04 07 0.441000 0 1
2016 04 08 0.441000 0 1
2016 04 09 0.441000 0 1
2016 04 10 0.441000 0 1
2016 04 11 0.441000 0 1
2016 04 12 0.441000 0 1
2016 04 13 0.579000 0 1
2016 04 14 0.731000 0 1
2016 04 15 0.854000 0 1
2016 04 16 2.642000 0 1
2016 04 17 15.444000 0 1
2016 04 18 16.358000 0 1
2016 04 19 8.999000 0 1
2016 04 20 12.113000 0 1
2016 04 21 12.113000 0 1
2016 04 22 8.176000 0 1
2016 04 23 7.975000 0 1
2016 04 24 2.261000 0 1
2016 04 25 2.080000 0 1
2016 04 26 0.441000 0 1
2016 04 27 0.691000 0 1
2016 04 28 0.691000 0 1
2016 04 29 0.731000 0 1
2016 04 30 0.731000 0 1
2016 05 01 0.731000 0 1
2016 05 02 0.918000 0 1
2016 05 03 0.377000 0 1
2016 05 04 0.441000 0 1
2016 05 05 0.441000 0 1
2016 05 06 0.441000 0 1
2016 05 07 0.579000 0 1
2016 05 08 0.731000 0 1
2016 05 09 1.168000 0 1
2016 05 10 10.735000 0 1
2016 05 11 9.210000 0 1
2016 05 12 7.975000 0 1
2016 05 13 6.074000 0 1
2016 05 14 3.990000 0 1
2016 05 15 1.680000 0 1
2016 05 16 1.074000 0 1
2016 05 17 1.905000 0 1
2016 05 18 1.680000 0 1
2016 05 19 0.579000 0 1
2016 05 20 1.314000 0 1
2016 05 21 0.918000 0 1
2016 05 22 1.680000 0 1
2016 05 23 0.731000 0 1
2016 05 24 12.113000 0 1
2016 05 25 12.113000 0 1
2016 05 26 5.285000 0 1
2016 05 27 2.512000 0 1
2016 05 28 2.512000 0 1
2016 05 29 5.371000 0 1
2016 05 30 11.531000 0 1
2016 05 31 1.572000 0 1
2016 06 01 1.168000 0 1
2016 06 02 1.265000 0 1
2016 06 03 1.265000 0 1
2016 06 04 1.626000 0 1
2016 06 05 6.255000 0 1
2016 06 06 8.379000 0 1
2016 06 07 1.876000 0 1
2016 06 08 2.140000 0 1
2016 06 09 1.735000 0 1
2016 06 10 1.364000 0 1
2016 06 11 1.364000 0 1
2016 06 12 1.364000 0 1
2016 06 13 1.168000 0 1
2016 06 14 0.961000 0 1
2016 06 15 1.121000 0 1
2016 06 16 0.812000 0 1
2016 06 17 0.771000 0 1
2016 06 18 0.731000 0 1
2016 06 19 0.731000 0 1
2016 06 20 0.731000 0 1
2016 06 21 1.216000 0 1
2016 06 22 1.467000 0 1
2016 06 23 1.572000 0 1
2016 06 24 1.467000 0 1
2016 06 25 1.265000 0 1
2016 06 26 1.265000 0 1
2016 06 27 1.168000 0 1
2016 06 28 1.168000 0 1
2016 06 29 0.984000 0 1
2016 06 30 1.074000 0 1
2016 07 01 1.168000 0 1
2016 07 02 1.265000 0 1
2016 07 03 1.265000 0 1
2016 07 04 0.731000 0 1
2016 07 05 0.653000 0 1
2016 07 06 1.074000 0 1
2016 07 07 1.074000 0 1
2016 07 08 1.074000 0 1
2016 07 09 1.074000 0 1
2016 07 10 0.896000 0 1
2016 07 11 0.896000 0 1
2016 07 12 1.074000 0 1
2016 07 13 1.074000 0 1
2016 07 14 1.074000 0 1
2016 07 15 1.074000 0 1
2016 07 16 1.074000 0 1
2016 07 17 1.074000 0 1
2016 07 18 1.168000 0 1
2016 07 19 0.896000 0 1
2016 07 20 0.896000 0 1
2016 07 21 0.896000 0 1
2016 07 22 0.896000 0 1
2016 07 23 0.896000 0 1
2016 07 24 0.896000 0 1
2016 07 25 0.377000 0 1
2016 07 26 0.377000 0 1
2016 07 27 0.377000 0 1
2016 07 28 0.377000 0 1
2016 07 29 0.653000 0 1
2016 07 30 1.074000 0 1
2016 07 31 1.074000 0 1
2016 08 01 1.074000 0 1
2016 08 02 0.653000 0 1
2016 08 03 0.653000 0 1
2016 08 04 0.896000 0 1
2016 08 05 0.896000 0 1
2016 08 06 0.896000 0 1
2016 08 07 0.896000 0 1
2016 08 08 0.579000 0 1
2016 08 09 0.653000 0 1
2016 08 10 0.653000 0 1
2016 08 11 0.508000 0 1
2016 08 12 0.441000 0 1
2016 08 13 0.441000 0 1
2016 08 14 0.441000 0 1
2016 08 15 0.441000 0 1
2016 08 16 0.441000 0 1
2016 08 17 0.441000 0 1
2016 08 18 0.377000 0 1
2016 08 19 0.377000 0 1
2016 08 20 0.377000 0 1
2016 08 21 0.211000 0 1
2016 08 22 0.211000 0 1
2016 08 23 0.211000 0 1
2016 08 24 0.211000 0 1
2016 08 25 0.211000 0 1
2016 08 26 0.812000 0 1
2016 08 27 0.731000 0 1
2016 08 28 0.408000 0 1
2016 08 29 0.122000 0 1
2016 08 30 0.441000 0 1
2016 08 31 0.812000 0 1
2016 09 01 0.262000 0 1
2016 09 02 0.377000 0 1
2016 09 03 0.812000 0 1
2016 09 04 0.984000 0 1
2016 09 05 0.731000 0 1
2016 09 06 0.377000 0 1
2016 09 07 0.508000 0 1
2016 09 08 0.289000 0 1
2016 09 09 0.377000 0 1
2016 09 10 0.408000 0 1
2016 09 11 0.579000 0 1
2016 09 12 0.347000 0 1
2016 09 13 0.408000 0 1
2016 09 14 0.508000 0 1
2016 09 15 0.441000 0 1
2016 09 16 0.408000 0 1
2016 09 17 0.441000 0 1
2016 09 18 0.474000 0 1
2016 09 19 0.347000 0 1
2016 09 20 0.377000 0 1
2016 09 21 0.347000 0 1
2016 09 22 0.377000 0 1
2016 09 23 0.377000 0 1
2016 09 24 0.408000 0 1
2016 09 25 0.377000 0 1
2016 09 26 0.377000 0 1
2016 09 27 0.377000 0 1
2016 09 28 0.377000 0 1
2016 09 29 0.377000 0 1
2016 09 30 0.408000 0 1
2016 10 01 0.377000 0 1
2016 10 02 0.377000 0 1
2016 10 03 0.318000 0 1
2016 10 04 0.377000 0 1
2016 10 05 0.377000 0 1
2016 10 06 0.408000 0 1
2016 10 07 0.377000 0 1
2016 10 08 0.377000 0 1
2016 10 09 0.377000 0 1
2016 10 10 0.318000 0 1
2016 10 11 0.377000 0 1
2016 10 12 0.377000 0 1
2016 10 13 0.347000 0 1
2016 10 14 0.318000 0 1
2016 10 15 0.318000 0 1
2016 10 16 0.318000 0 1
2016 10 17 0.318000 0 1
2016 10 18 0.318000 0 1
2016 10 19 0.318000 0 1
2016 10 20 0.377000 0 1
2016 10 21 0.289000 0 1
2016 10 22 0.377000 0 1
2016 10 23 0.377000 0 1
2016 10 24 0.377000 0 1
2016 10 25 0.289000 0 1
2016 10 26 0.289000 0 1
2016 10 27 0.318000 0 1
2016 10 28 0.303000 0 1
2016 10 29 0.347000 0 1
2016 10 30 0.362000 0 1
2016 10 31 0.262000 0 1
2016 11 01 0.303000 0 1
2016 11 02 0.332000 0 1
2016 11 03 0.377000 0 1
2016 11 04 0.377000 0 1
2016 11 05 0.362000 0 1
2016 11 06 0.318000 0 1
2016 11 07 0.347000 0 1
2016 11 08 0.262000 0 1
2016 11 09 0.362000 0 1
2016 11 10 0.377000 0 1
2016 11 11 0.362000 0 1
2016 11 12 0.362000 0 1
2016 11 13 0.377000 0 1
2016 11 14 0.362000 0 1
2016 11 15 0.771000 0 1
2016 11 16 0.561000 0 1
2016 11 17 0.393000 0 1
2016 11 18 0.362000 0 1
2016 11 19 0.377000 0 1
2016 11 20 0.347000 0 1
2016 11 21 0.332000 0 1
2016 11 22 0.318000 0 1
2016 11 23 0.377000 0 1
2016 11 24 0.377000 0 1
2016 11 25 0.377000 0 1
2016 11 26 0.377000 0 1
2016 11 27 0.377000 0 1
2016 11 28 0.347000 0 1
2016 11 29 0.347000 0 1
2016 11 30 0.347000 0 1
2016 12 01 0.347000 0 1
2016 12 02 0.597000 0 1
2016 12 03 0.474000 0 1
2016 12 04 0.236000 0 1
2016 12 05 0.223000 0 1
2016 12 06 0.289000 0 1
2016 12 07 0.289000 0 1
2016 12 08 0.318000 0 1
2016 12 09 0.262000 0 1
2016 12 10 0.262000 0 1
2016 12 11 0.276000 0 1
2016 12 12 0.377000 0 1
2016 12 13 0.289000 0 1
2016 12 14 0.187000 0 1
2016 12 15 0.289000 0 1
2016 12 16 0.211000 0 1
2016 12 17 0.142000 0 1
2016 12 18 0.262000 0 1
2016 12 19 0.377000 0 1
2016 12 20 0.289000 0 1
2016 12 21 0.303000 0 1
2016 12 22 0.303000 0 1
2016 12 23 0.289000 0 1
2016 12 24 0.318000 0 1
2016 12 25 0.318000 0 1
2016 12 26 0.318000 0 1
2016 12 27 0.318000 0 1
2016 12 28 0.347000 0 1
2016 12 29 0.508000 0 1
2016 12 30 0.303000 0 1
2016 12 31 0.249000 0 1
2017 01 01 0.289000 0 1
2017 01 02 0.276000 0 1
2017 01 03 0.289000 0 1
2017 01 04 0.276000 0 1
2017 01 05 0.262000 0 1
2017 01 06 0.236000 0 1
2017 01 07 0.211000 0 1
2017 01 08 0.211000 0 1
2017 01 09 0.187000 0 1
2017 01 10 0.187000 0 1
2017 01 11 0.199000 0 1
2017 01 12 0.187000 0 1
2017 01 13 0.199000 0 1
2017 01 14 0.199000 0 1
2017 01 15 0.199000 0 1
2017 01 16 0.211000 0 1
2017 01 17 0.236000 0 1
2017 01 18 0.199000 0 1
2017 01 19 0.211000 0 1
2017 01 20 0.175000 0 1
2017 01 21 0.164000 0 1
2017 01 22 0.164000 0 1
2017 01 23 0.164000 0 1
2017 01 24 0.153000 0 1
2017 01 25 0.164000 0 1
2017 01 26 0.164000 0 1
2017 01 27 0.164000 0 1
2017 01 28 0.153000 0 1
2017 01 29 0.153000 0 1
2017 01 30 0.508000 0 1
2017 01 31 0.457000 0 1
2017 02 01 0.318000 0 1
2017 02 02 0.262000 0 1
2017 02 03 0.236000 0 1
2017 02 04 0.211000 0 1
2017 02 05 0.187000 0 1
2017 02 06 0.175000 0 1
2017 02 07 0.164000 0 1
2017 02 08 0.164000 0 1
2017 02 09 0.153000 0 1
2017 02 10 0.199000 0 1
2017 02 11 0.223000 0 1
2017 02 12 0.236000 0 1
2017 02 13 0.211000 0 1
2017 02 14 0.236000 0 1
2017 02 15 0.199000 0 1
2017 02 16 0.199000 0 1
2017 02 17 0.199000 0 1
2017 02 18 0.211000 0 1
2017 02 19 0.211000 0 1
2017 02 20 0.211000 0 1
2017 02 21 0.187000 0 1
2017 02 22 0.187000 0 1
2017 02 23 0.187000 0 1
2017 02 24 0.187000 0 1
2017 02 25 0.236000 0 1
2017 02 26 0.211000 0 1
2017 02 27 0.187000 0 1
2017 02 28 0.211000 0 1
2017 03 01 1.289000 0 1
2017 03 02 3.432000 0 1
2017 03 03 1.168000 0 1
2017 03 04 0.474000 0 1
2017 03 05 0.318000 0 1
2017 03 06 0.276000 0 1
2017 03 07 0.262000 0 1
2017 03 08 0.262000 0 1
2017 03 09 0.303000 0 1
2017 03 10 0.187000 0 1
2017 03 11 0.691000 0 1
2017 03 12 0.939000 0 1
2017 03 13 1.680000 0 1
2017 03 14 0.262000 0 1
2017 03 15 0.303000 0 1
2017 03 16 0.377000 0 1
2017 03 17 0.377000 0 1
2017 03 18 0.672000 0 1
2017 03 19 0.508000 0 1
2017 03 20 0.318000 0 1
2017 03 21 0.262000 0 1
2017 03 22 0.362000 0 1
2017 03 23 0.653000 0 1
2017 03 24 0.289000 0 1
2017 03 25 0.303000 0 1
2017 03 26 0.249000 0 1
2017 03 27 0.303000 0 1
2017 03 28 0.289000 0 1
2017 03 29 0.153000 0 1
2017 03 30 0.142000 0 1
2017 03 31 0.175000 0 1
2017 04 01 0.142000 0 0
2017 04 02 3.325000 0 0
2017 04 03 0.289000 0 0
2017 04 04 0.142000 0 0
2017 04 05 0.142000 0 0
2017 04 06 0.854000 0 0
2017 04 07 0.122000 0 0
2017 04 08 0.164000 0 0
2017 04 09 0.142000 0 0
2017 04 10 0.236000 0 0
2017 04 11 0.377000 0 0
2017 04 12 0.377000 0 0
2017 04 13 1.626000 0 0
2017 04 14 1.415000 0 0
2017 04 15 0.691000 0 0
2017 04 16 0.543000 0 0
2017 04 17 0.653000 0 0
2017 04 18 0.441000 0 0
2017 04 19 0.377000 0 0
2017 04 20 0.731000 0 0
2017 04 21 0.408000 0 0
2017 04 22 0.318000 0 0
2017 04 23 0.579000 0 0
2017 04 24 0.236000 0 0
2017 04 25 0.142000 0 0
2017 04 26 0.122000 0 0
2017 04 27 0.236000 0 0
2017 04 28 0.211000 0 0
2017 04 29 0.262000 0 0
2017 04 30 0.318000 0 0
2017 05 01 0.249000 0 1
2017 05 02 0.424000 0 1
2017 05 03 0.691000 0 1
2017 05 04 0.653000 0 1
2017 05 05 0.362000 0 1
2017 05 06 0.347000 0 1
2017 05 07 0.711000 0 1
2017 05 08 0.731000 0 1
2017 05 09 6.905000 0 1
2017 05 10 1.216000 0 1
2017 05 11 0.854000 0 1
2017 05 12 0.875000 0 1
2017 05 13 0.615000 0 1
2017 05 14 0.579000 0 1
2017 05 15 0.597000 0 1
2017 05 16 0.561000 0 1
2017 05 17 0.408000 0 1
2017 05 18 0.525000 0 1
2017 05 19 0.457000 0 1
2017 05 20 0.543000 0 1
2017 05 21 0.525000 0 1
2017 05 22 0.525000 0 1
2017 05 23 0.441000 0 1
2017 05 24 0.457000 0 1
2017 05 25 0.561000 0 1
2017 05 26 0.634000 0 1
2017 05 27 1.074000 0 1
2017 05 28 0.751000 0 1
2017 05 29 1.144000 0 1
2017 05 30 1.006000 0 1
2017 05 31 1.626000 0 1
2017 06 01 1.121000 0 1
2017 06 02 0.896000 0 1
2017 06 03 0.896000 0 1
2017 06 04 0.875000 0 1
2017 06 05 0.939000 0 1
2017 06 06 1.626000 0 1
2017 06 07 1.905000 0 1
2017 06 08 1.653000 0 1
2017 06 09 1.339000 0 1
2017 06 10 1.028000 0 1
2017 06 11 0.896000 0 1
2017 06 12 0.634000 0 1
2017 06 13 0.711000 0 1
2017 06 14 0.731000 0 1
2017 06 15 1.074000 0 1
2017 06 16 1.216000 0 1
2017 06 17 1.144000 0 1
2017 06 18 1.289000 0 1
2017 06 19 1.735000 0 1
2017 06 20 1.519000 0 1
2017 06 21 1.192000 0 1
2017 06 22 1.467000 0 1
2017 06 23 1.144000 0 1
2017 06 24 1.653000 0 1
2017 06 25 2.140000 0 1
2017 06 26 1.339000 0 1
2017 06 27 1.144000 0 1
2017 06 28 0.984000 0 1
2017 06 29 1.339000 0 1
2017 06 30 2.231000 0 1
2017 07 01 3.688000 0 0
2017 07 02 3.763000 0 0
2017 07 03 2.941000 0 0
2017 07 04 2.642000 0 0
2017 07 05 2.231000 0 0
2017 07 06 2.840000 0 0
2017 07 07 3.044000 0 0
2017 07 08 2.807000 0 0
2017 07 09 1.735000 0 0
2017 07 10 1.097000 0 0
2017 07 11 1.905000 0 0
2017 07 12 1.763000 0 0
2017 07 13 1.599000 0 0
2017 07 14 1.192000 0 0
2017 07 15 1.121000 0 0
2017 07 16 0.939000 0 0
2017 07 17 0.854000 0 0
2017 07 18 1.097000 0 0
2017 07 19 0.474000 0 0
2017 07 20 0.984000 0 0
2017 07 21 14.112000 0 0
2017 07 22 18.940000 0 0
2017 07 23 9.369000 0 0
2017 07 24 6.164000 0 0
2017 07 25 4.379000 0 0
2017 07 26 2.908000 0 0
2017 07 27 2.231000 0 0
2017 07 28 2.050000 0 0
2017 07 29 1.934000 0 0
2017 07 30 2.231000 0 0
2017 07 31 2.417000 0 0
2017 08 01 2.050000 0 1
2017 08 02 2.110000 0 1
2017 08 03 1.992000 0 1
2017 08 04 1.339000 0 1
2017 08 05 1.121000 0 1
2017 08 06 1.216000 0 1
2017 08 07 1.240000 0 1
2017 08 08 1.168000 0 1
2017 08 09 1.097000 0 1
2017 08 10 0.939000 0 1
2017 08 11 1.339000 0 1
2017 08 12 1.289000 0 1
2017 08 13 1.389000 0 1
2017 08 14 0.691000 0 1
2017 08 15 0.408000 0 1
2017 08 16 0.854000 0 1
2017 08 17 0.961000 0 1
2017 08 18 0.961000 0 1
2017 08 19 1.097000 0 1
2017 08 20 1.216000 0 1
2017 08 21 1.339000 0 1
2017 08 22 1.289000 0 1
2017 08 23 1.097000 0 1
2017 08 24 0.875000 0 1
2017 08 25 0.896000 0 1
2017 08 26 1.545000 0 1
2017 08 27 0.984000 0 1
2017 08 28 1.467000 0 1
2017 08 29 0.362000 0 1
2017 08 30 0.597000 0 1
2017 08 31 0.961000 0 1
2017 09 01 0.653000 0 1
2017 09 02 0.918000 0 1
2017 09 03 0.771000 0 1
2017 09 04 0.615000 0 1
2017 09 05 0.672000 0 1
2017 09 06 0.672000 0 1
2017 09 07 0.377000 0 1
2017 09 08 0.332000 0 1
2017 09 09 0.441000 0 1
2017 09 10 0.347000 0 1
2017 09 11 0.543000 0 1
2017 09 12 0.508000 0 1
2017 09 13 0.561000 0 1
2017 09 14 0.672000 0 1
2017 09 15 0.457000 0 1
2017 09 16 1.097000 0 1
2017 09 17 0.961000 0 1
2017 09 18 0.672000 0 1
2017 09 19 0.615000 0 1
2017 09 20 0.711000 0 1
2017 09 21 0.561000 0 1
2017 09 22 0.491000 0 1
2017 09 23 0.525000 0 1
2017 09 24 0.457000 0 1
2017 09 25 0.491000 0 1
2017 09 26 0.441000 0 1
2017 09 27 0.525000 0 1
2017 09 28 0.525000 0 1
2017 09 29 0.491000 0 1
2017 09 30 0.508000 0 1
2017 10 01 0.441000 0 1
2017 10 02 0.393000 0 1
2017 10 03 0.362000 0 1
2017 10 04 0.332000 0 1
2017 10 05 0.318000 0 1
2017 10 06 0.303000 0 1
2017 10 07 0.249000 0 1
2017 10 08 0.199000 0 1
2017 10 09 0.211000 0 1
2017 10 10 0.289000 0 1
2017 10 11 0.332000 0 1
2017 10 12 0.318000 0 1
2017 10 13 0.362000 0 1
2017 10 14 0.424000 0 1
2017 10 15 0.457000 0 1
2017 10 16 0.508000 0 1
2017 10 17 0.441000 0 1
2017 10 18 0.491000 0 1
2017 10 19 0.474000 0 1
2017 10 20 0.508000 0 1
2017 10 21 0.457000 0 1
2017 10 22 0.525000 0 1
2017 10 23 0.561000 0 1
2017 10 24 0.561000 0 1
2017 10 25 0.508000 0 1
2017 10 26 0.491000 0 1
2017 10 27 0.543000 0 1
2017 10 28 0.508000 0 1
2017 10 29 0.362000 0 1
2017 10 30 0.377000 0 1
2017 10 31 0.362000 0 1
2017 11 01 0.199000 0 1
2017 11 02 0.187000 0 1
2017 11 03 0.318000 0 1
2017 11 04 0.457000 0 1
2017 11 05 0.491000 0 1
2017 11 06 0.508000 0 1
2017 11 07 0.474000 0 1
2017 11 08 0.457000 0 1
2017 11 09 0.393000 0 1
2017 11 10 0.393000 0 1
2017 11 11 0.347000 0 1
2017 11 12 0.262000 0 1
2017 11 13 0.249000 0 1
2017 11 14 0.199000 0 1
2017 11 15 0.249000 0 1
2017 11 16 0.236000 0 1
2017 11 17 0.262000 0 1
2017 11 18 0.262000 0 1
2017 11 19 0.249000 0 1
2017 11 20 0.262000 0 1
2017 11 21 0.236000 0 1
2017 11 22 0.249000 0 1
2017 11 23 0.262000 0 1
2017 11 24 0.236000 0 1
2017 11 25 0.236000 0 1
2017 11 26 0.223000 0 1
2017 11 27 0.211000 0 1
2017 11 28 0.491000 0 1
2017 11 29 0.441000 0 1
2017 11 30 0.393000 0 1
2017 12 01 0.393000 0 1
2017 12 02 0.377000 0 1
2017 12 03 0.362000 0 1
2017 12 04 0.332000 0 1
2017 12 05 0.362000 0 1
2017 12 06 0.303000 0 1
2017 12 07 0.347000 0 1
2017 12 08 0.393000 0 1
2017 12 09 0.377000 0 1
2017 12 10 0.377000 0 1
2017 12 11 0.318000 0 1
2017 12 12 0.377000 0 1
2017 12 13 0.377000 0 1
2017 12 14 0.377000 0 1
2017 12 15 0.377000 0 1
2017 12 16 0.377000 0 1
2017 12 17 0.362000 0 1
2017 12 18 0.377000 0 1
2017 12 19 0.408000 0 1
2017 12 20 0.408000 0 1
2017 12 21 0.408000 0 1
2017 12 22 0.441000 0 1
2017 12 23 0.474000 0 1
2017 12 24 0.491000 0 1
2017 12 25 0.491000 0 1
2017 12 26 0.474000 0 1
2017 12 27 0.408000 0 1
2017 12 28 0.408000 0 1
2017 12 29 0.408000 0 1
2017 12 30 0.424000 0 1
2017 12 31 0.424000 0 1
2018 01 01 0.441000 0 1
2018 01 02 0.424000 0 1
2018 01 03 0.377000 0 1
2018 01 04 0.377000 0 1
2018 01 05 0.377000 0 1
2018 01 06 0.377000 0 1
2018 01 07 0.362000 0 1
2018 01 08 0.347000 0 1
2018 01 09 0.377000 0 1
2018 01 10 0.424000 0 1
2018 01 11 0.408000 0 1
2018 01 12 0.408000 0 1
2018 01 13 0.424000 0 1
2018 01 14 0.441000 0 1
2018 01 15 0.408000 0 1
2018 01 16 0.491000 0 1
2018 01 17 0.474000 0 1
2018 01 18 0.491000 0 1
2018 01 19 0.711000 0 1
2018 01 20 0.615000 0 1
2018 01 21 0.474000 0 1
2018 01 22 0.491000 0 1
2018 01 23 0.561000 0 1
2018 01 24 1.415000 0 1
2018 01 25 0.731000 0 1
2018 01 26 0.634000 0 1
2018 01 27 0.491000 0 1
2018 01 28 0.457000 0 1
2018 01 29 0.474000 0 1
2018 01 30 0.474000 0 1
2018 01 31 0.408000 0 1
2018 02 01 0.393000 0 1
2018 02 02 0.362000 0 1
2018 02 03 0.347000 0 1
2018 02 04 0.362000 0 1
2018 02 05 0.377000 0 1
2018 02 06 0.377000 0 1
2018 02 07 0.408000 0 1
2018 02 08 0.377000 0 1
2018 02 09 0.441000 0 1
2018 02 10 0.672000 0 1
2018 02 11 0.393000 0 1
2018 02 12 0.377000 0 1
2018 02 13 0.508000 0 1
2018 02 14 0.961000 0 1
2018 02 15 0.875000 0 1
2018 02 16 0.896000 0 1
2018 02 17 0.711000 0 1
2018 02 18 0.751000 0 1
2018 02 19 1.289000 0 1
2018 02 20 1.240000 0 1
2018 02 21 0.791000 0 1
2018 02 22 0.543000 0 1
2018 02 23 0.508000 0 1
2018 02 24 0.491000 0 1
2018 02 25 0.457000 0 1
2018 02 26 0.424000 0 1
2018 02 27 0.377000 0 1
2018 02 28 0.377000 0 1
2018 03 01 0.812000 0 0
2018 03 02 1.364000 0 0
2018 03 03 0.875000 0 0
2018 03 04 11.763000 0 0
2018 03 05 3.325000 0 0
2018 03 06 1.992000 0 0
2018 03 07 1.074000 0 0
2018 03 08 0.791000 0 0
2018 03 09 0.691000 0 0
2018 03 10 0.672000 0 0
2018 03 11 0.634000 0 0
2018 03 12 0.597000 0 0
2018 03 13 0.597000 0 0
2018 03 14 0.939000 0 3
2018 03 15 0.918000 0 3
2018 03 16 0.875000 0 3
2018 03 17 0.918000 0 3
2018 03 18 0.875000 0 3
2018 03 19 0.832000 0 3
2018 03 20 0.457000 0 0
2018 03 21 0.491000 0 0
2018 03 22 0.525000 0 0
2018 03 23 0.457000 0 0
2018 03 24 0.508000 0 0
2018 03 25 0.672000 0 3
2018 03 26 3.010000 0 3
2018 03 27 1.121000 0 3
2018 03 28 0.561000 0 0
2018 03 29 3.325000 0 0
2018 03 30 2.200000 0 0
2018 03 31 1.216000 0 0
2018 04 01 3.578000 0 1
2018 04 02 2.840000 0 1
2018 04 03 2.140000 0 1
2018 04 04 1.240000 0 1
2018 04 05 1.934000 0 1
2018 04 06 1.467000 0 1
2018 04 07 2.021000 0 1
2018 04 08 2.110000 0 1
2018 04 09 3.876000 0 1
2018 04 10 2.740000 0 1
2018 04 11 1.121000 0 1
2018 04 12 1.314000 0 1
2018 04 13 6.392000 0 1
2018 04 14 6.670000 0 1
2018 04 15 3.914000 0 1
2018 04 16 3.468000 0 1
2018 04 17 2.577000 0 1
2018 04 18 1.819000 0 1
2018 04 19 1.314000 0 1
2018 04 20 1.216000 0 1
2018 04 21 1.519000 0 1
2018 04 22 1.847000 0 1
2018 04 23 9.369000 0 1
2018 04 24 11.244000 0 1
2018 04 25 18.800000 0 1
2018 04 26 18.522000 0 1
2018 04 27 5.285000 0 1
2018 04 28 2.707000 0 1
2018 04 29 2.707000 0 1
2018 04 30 3.148000 0 1
2018 05 01 5.762000 0 1
2018 05 02 4.379000 0 1
2018 05 03 2.449000 0 1
2018 05 04 2.840000 0 1
2018 05 05 2.707000 0 1
2018 05 06 1.934000 0 1
2018 05 07 1.216000 0 1
2018 05 08 0.984000 0 1
2018 05 09 0.791000 0 1
2018 05 10 0.474000 0 1
2018 05 11 0.561000 0 1
2018 05 12 1.121000 0 1
2018 05 13 1.441000 0 1
2018 05 14 1.493000 0 1
2018 05 15 1.876000 0 1
2018 05 16 1.339000 0 1
2018 05 17 1.240000 0 1
2018 05 18 1.240000 0 1
2018 05 19 1.121000 0 1
2018 05 20 0.918000 0 1
2018 05 21 1.572000 0 1
2018 05 22 1.364000 0 1
2018 05 23 1.240000 0 1
2018 05 24 1.415000 0 1
2018 05 25 1.653000 0 1
2018 05 26 1.599000 0 1
2018 05 27 1.653000 0 1
2018 05 28 0.939000 0 1
2018 05 29 1.314000 0 1
2018 05 30 1.653000 0 1
2018 05 31 1.763000 0 1
2018 06 01 1.339000 0 1
2018 06 02 1.626000 0 1
2018 06 03 1.735000 0 1
2018 06 04 1.735000 0 1
2018 06 05 1.599000 0 1
2018 06 06 1.467000 0 1
2018 06 07 1.519000 0 1
2018 06 08 3.541000 0 1
2018 06 09 2.545000 0 1
2018 06 10 1.626000 0 1
2018 06 11 1.847000 0 1
2018 06 12 1.599000 0 1
2018 06 13 1.626000 0 1
2018 06 14 0.984000 0 1
2018 06 15 1.121000 0 1
2018 06 16 0.751000 0 1
2018 06 17 0.474000 0 1
2018 06 18 0.377000 0 1
2018 06 19 1.519000 0 1
2018 06 20 0.771000 0 1
2018 06 21 1.216000 0 1
2018 06 22 0.896000 0 1
2018 06 23 0.854000 0 1
2018 06 24 1.006000 0 1
2018 06 25 1.599000 0 1
2018 06 26 1.097000 0 1
2018 06 27 0.875000 0 1
2018 06 28 0.918000 0 1
2018 06 29 0.896000 0 1
2018 06 30 0.854000 0 1
2018 07 01 0.729000 0 1
2018 07 02 0.662000 0 1
2018 07 03 0.271000 0 1
2018 07 04 0.475000 0 1
2018 07 05 1.266000 0 1
2018 07 06 2.753000 0 1
2018 07 07 3.339000 0 1
2018 07 08 1.183000 0 1
2018 07 09 1.620000 0 1
2018 07 10 0.729000 0 1
2018 07 11 1.529000 0 1
2018 07 12 0.871000 0 1
2018 07 13 0.418000 0 1
2018 07 14 1.266000 0 1
2018 07 15 0.293000 0 1
2018 07 16 0.196000 0 1
2018 07 17 0.213000 0 1
2018 07 18 0.139000 0 1
2018 07 19 0.251000 0 1
2018 07 20 0.271000 0 1
2018 07 21 0.475000 0 1
2018 07 22 0.271000 0 1
2018 07 23 0.181000 0 1
2018 07 24 0.181000 0 1
2018 07 25 0.064000 0 1
2018 07 26 0.058000 0 1
2018 07 27 0.152000 0 1
2018 07 28 0.047000 0 1
2018 07 29 0.116000 0 1
2018 07 30 0.475000 0 1
2018 07 31 0.106000 0 1
2018 08 01 0.064000 0 1
2018 08 02 0.127000 0 1
2018 08 03 0.106000 0 1
2018 08 04 0.042000 0 1
2018 08 05 0.064000 0 1
2018 08 06 0.139000 0 1
2018 08 07 0.181000 0 1
2018 08 08 0.213000 0 1
2018 08 09 0.181000 0 1
2018 08 10 0.139000 0 1
2018 08 11 0.213000 0 1
2018 08 12 0.213000 0 1
2018 08 13 0.181000 0 1
2018 08 14 0.139000 0 1
2018 08 15 0.139000 0 1
2018 08 16 0.087000 0 1
2018 08 17 0.042000 0 1
2018 08 18 0.033000 0 1
2018 08 19 0.029000 0 1
2018 08 20 0.087000 0 1
2018 08 21 0.196000 0 1
2018 08 22 0.096000 0 1
2018 08 23 0.087000 0 1
2018 08 24 0.033000 0 1
2018 08 25 0.079000 0 1
2018 08 26 0.213000 0 1
2018 08 27 0.139000 0 1
2018 08 28 0.037000 0 1
2018 08 29 0.071000 0 1
2018 08 30 0.042000 0 1
2018 08 31 0.015000 0 1
2018 09 01 0.079000 0 1
2018 09 02 0.079000 0 1
2018 09 03 0.096000 0 1
2018 09 04 0.106000 0 1
2018 09 05 0.064000 0 1
2018 09 06 0.047000 0 1
2018 09 07 0.026000 0 1
2018 09 08 0.026000 0 1
2018 09 09 0.029000 0 1
2018 09 10 0.023000 0 1
2018 09 11 0.033000 0 1
2018 09 12 0.026000 0 1
2018 09 13 0.029000 0 1
2018 09 14 0.029000 0 1
2018 09 15 0.020000 0 1
2018 09 16 0.029000 0 1
2018 09 17 0.033000 0 1
2018 09 18 0.023000 0 1
2018 09 19 0.029000 0 1
2018 09 20 0.033000 0 1
2018 09 21 0.033000 0 1
2018 09 22 0.023000 0 1
2018 09 23 0.029000 0 1
2018 09 24 0.033000 0 1
2018 09 25 0.026000 0 1
2018 09 26 0.018000 0 1
2018 09 27 0.029000 0 1
2018 09 28 0.026000 0 1
2018 09 29 0.020000 0 1
2018 09 30 0.033000 0 1
2018 10 01 0.018000 0 1
2018 10 02 0.026000 0 1
2018 10 03 0.002000 0 1
2018 10 04 0.181000 0 1
2018 10 05 0.166000 0 1
2018 10 06 0.127000 0 1
2018 10 07 0.042000 0 1
2018 10 08 0.152000 0 1
2018 10 09 0.181000 0 1
2018 10 10 0.213000 0 1
2018 10 11 0.139000 0 1
2018 10 12 0.087000 0 1
2018 10 13 0.096000 0 1
2018 10 14 0.139000 0 1
2018 10 15 0.181000 0 1
2018 10 16 0.213000 0 1
2018 10 17 0.139000 0 1
2018 10 18 0.127000 0 1
2018 10 19 0.166000 0 1
2018 10 20 0.181000 0 1
2018 10 21 0.213000 0 1
2018 10 22 0.166000 0 1
2018 10 23 0.152000 0 1
2018 10 24 0.127000 0 1
2018 10 25 0.116000 0 1
2018 10 26 0.116000 0 1
2018 10 27 0.106000 0 1
2018 10 28 0.127000 0 1
2018 10 29 0.127000 0 1
2018 10 30 0.106000 0 1
2018 10 31 0.106000 0 1
2018 11 01 0.096000 0 1
2018 11 02 0.096000 0 1
2018 11 03 0.106000 0 1
2018 11 04 0.096000 0 1
2018 11 05 0.087000 0 1
2018 11 06 0.087000 0 1
2018 11 07 0.096000 0 1
2018 11 08 0.087000 0 1
2018 11 09 0.096000 0 1
2018 11 10 0.106000 0 1
2018 11 11 0.079000 0 1
2018 11 12 0.096000 0 1
2018 11 13 0.058000 0 1
2018 11 14 0.079000 0 1
2018 11 15 0.087000 0 1
2018 11 16 0.087000 0 1
2018 11 17 0.058000 0 1
2018 11 18 0.047000 0 1
2018 11 19 0.058000 0 1
2018 11 20 0.052000 0 1
2018 11 21 0.037000 0 1
2018 11 22 0.033000 0 1
2018 11 23 0.033000 0 1
2018 11 24 0.029000 0 1
2018 11 25 0.023000 0 1
2018 11 26 0.018000 0 1
2018 11 27 0.033000 0 1
2018 11 28 0.037000 0 1
2018 11 29 0.047000 0 1
2018 11 30 0.033000 0 1
2018 12 01 0.033000 0 1
2018 12 02 0.023000 0 1
2018 12 03 0.012000 0 1
2018 12 04 0.029000 0 1
2018 12 05 0.033000 0 1
2018 12 06 0.020000 0 1
2018 12 07 0.033000 0 1
2018 12 08 0.037000 0 1
2018 12 09 0.079000 0 1
2018 12 10 0.058000 0 1
2018 12 11 0.042000 0 1
2018 12 12 0.047000 0 1
2018 12 13 0.064000 0 1
2018 12 14 0.071000 0 1
2018 12 15 0.071000 0 1
2018 12 16 0.029000 0 1
2018 12 17 0.042000 0 1
2018 12 18 0.042000 0 1
2018 12 19 0.033000 0 1
2018 12 20 0.033000 0 1
2018 12 21 0.033000 0 1
2018 12 22 0.026000 0 1
2018 12 23 0.029000 0 1
2018 12 24 0.033000 0 1
2018 12 25 0.029000 0 1
2018 12 26 0.033000 0 1
2018 12 27 0.033000 0 1
2018 12 28 0.029000 0 1
2018 12 29 0.018000 0 1
2018 12 30 0.029000 0 1
2018 12 31 0.033000 0 1
2019 01 01 0.029000 0 1
2019 01 02 0.037000 0 1
2019 01 03 0.023000 0 1
2019 01 04 0.009000 0 1
2019 01 05 0.007000 0 1
2019 01 06 0.007000 0 1
2019 01 07 0.009000 0 1
2019 01 08 0.012000 0 1
2019 01 09 0.018000 0 1
2019 01 10 0.018000 0 1
2019 01 11 0.013000 0 1
2019 01 12 0.010000 0 1
2019 01 13 0.012000 0 1
2019 01 14 0.012000 0 1
2019 01 15 0.012000 0 1
2019 01 16 0.009000 0 1
2019 01 17 0.729000 0 1
2019 01 18 0.001000 0 1
2019 01 19 0.001000 0 1
2019 01 20 0.002000 0 1
2019 01 21 0.001000 0 1
2019 01 22 0.001000 0 1
2019 01 23 0.003000 0 1
2019 01 24 0.002000 0 1
2019 01 25 0.001000 0 1
2019 01 26 0.001000 0 1
2019 01 27 0.001000 0 1
2019 01 28 0.023000 0 1
2019 01 29 0.231000 0 1
2019 01 30 0.018000 0 1
2019 01 31 0.015000 0 1
2019 02 01 nan nan 0
2019 02 02 nan nan 0
2019 02 03 nan nan 0
2019 02 04 nan nan 0
2019 02 05 nan nan 0
2019 02 06 nan nan 0
2019 02 07 nan nan 0
2019 02 08 nan nan 0
2019 02 09 nan nan 0
2019 02 10 nan nan 0
2019 02 11 nan nan 0
2019 02 12 nan nan 0
2019 02 13 nan nan 0
2019 02 14 nan nan 0
2019 02 15 nan nan 0
2019 02 16 nan nan 0
2019 02 17 nan nan 0
2019 02 18 nan nan 0
2019 02 19 nan nan 0
2019 02 20 nan nan 0
2019 02 21 nan nan 0
2019 02 22 nan nan 0
2019 02 23 nan nan 0
2019 02 24 nan nan 0
2019 02 25 nan nan 0
2019 02 26 nan nan 0
2019 02 27 nan nan 0
2019 02 28 nan nan 0
