year month day streamflow_m3s qual_control_by_ana qual_flag
1952 01 01 10.000000 1 1
1952 01 02 17.700000 1 1
1952 01 03 9.250000 1 1
1952 01 04 8.810000 1 1
1952 01 05 8.660000 1 1
1952 01 06 8.220000 1 1
1952 01 07 7.780000 1 1
1952 01 08 9.250000 1 1
1952 01 09 14.100000 1 1
1952 01 10 15.900000 1 1
1952 01 11 10.800000 1 1
1952 01 12 14.100000 1 1
1952 01 13 15.000000 1 1
1952 01 14 14.800000 1 1
1952 01 15 11.800000 1 1
1952 01 16 16.800000 1 1
1952 01 17 68.100000 1 1
1952 01 18 14.100000 1 1
1952 01 19 13.200000 1 1
1952 01 20 11.100000 1 1
1952 01 21 9.250000 1 1
1952 01 22 12.400000 1 1
1952 01 23 15.900000 1 1
1952 01 24 29.900000 1 1
1952 01 25 22.400000 1 1
1952 01 26 17.700000 1 1
1952 01 27 29.900000 1 1
1952 01 28 17.700000 1 1
1952 01 29 12.400000 1 1
1952 01 30 15.900000 1 1
1952 01 31 12.400000 1 1
1952 02 01 14.500000 1 1
1952 02 02 16.800000 1 1
1952 02 03 17.700000 1 1
1952 02 04 15.900000 1 1
1952 02 05 19.600000 1 1
1952 02 06 29.900000 1 1
1952 02 07 54.300000 1 1
1952 02 08 nan nan 0
1952 02 09 54.300000 1 1
1952 02 10 34.400000 1 1
1952 02 11 23.600000 1 1
1952 02 12 19.600000 1 1
1952 02 13 17.700000 1 1
1952 02 14 17.300000 1 1
1952 02 15 15.900000 1 1
1952 02 16 15.900000 1 1
1952 02 17 17.000000 1 1
1952 02 18 19.600000 1 1
1952 02 19 51.700000 1 1
1952 02 20 41.500000 1 1
1952 02 21 25.600000 1 1
1952 02 22 21.600000 1 1
1952 02 23 17.700000 1 1
1952 02 24 19.600000 1 1
1952 02 25 15.900000 1 1
1952 02 26 29.900000 1 1
1952 02 27 17.700000 1 1
1952 02 28 29.900000 1 1
1952 02 29 17.700000 1 1
1952 03 01 36.700000 1 1
1952 03 02 29.900000 1 1
1952 03 03 68.100000 1 1
1952 03 04 nan nan 0
1952 03 05 39.100000 1 1
1952 03 06 29.900000 1 1
1952 03 07 23.600000 1 1
1952 03 08 24.000000 1 1
1952 03 09 23.600000 1 1
1952 03 10 59.700000 1 1
1952 03 11 41.500000 1 1
1952 03 12 nan nan 0
1952 03 13 nan nan 0
1952 03 14 nan nan 0
1952 03 15 34.400000 1 1
1952 03 16 32.100000 1 1
1952 03 17 27.800000 1 1
1952 03 18 25.600000 1 1
1952 03 19 25.200000 1 1
1952 03 20 24.000000 1 1
1952 03 21 21.600000 1 1
1952 03 22 20.400000 1 1
1952 03 23 21.600000 1 1
1952 03 24 20.600000 1 1
1952 03 25 39.100000 1 1
1952 03 26 21.600000 1 1
1952 03 27 22.600000 1 1
1952 03 28 23.200000 1 1
1952 03 29 23.600000 1 1
1952 03 30 19.600000 1 1
1952 03 31 19.000000 1 1
1952 04 01 17.000000 1 1
1952 04 02 18.500000 1 1
1952 04 03 17.700000 1 1
1952 04 04 17.300000 1 1
1952 04 05 17.700000 1 1
1952 04 06 17.500000 1 1
1952 04 07 16.600000 1 1
1952 04 08 16.300000 1 1
1952 04 09 15.900000 1 1
1952 04 10 15.900000 1 1
1952 04 11 14.600000 1 1
1952 04 12 17.700000 1 1
1952 04 13 14.800000 1 1
1952 04 14 14.600000 1 1
1952 04 15 14.100000 1 1
1952 04 16 15.900000 1 1
1952 04 17 14.800000 1 1
1952 04 18 14.800000 1 1
1952 04 19 15.200000 1 1
1952 04 20 15.900000 1 1
1952 04 21 14.600000 1 1
1952 04 22 14.600000 1 1
1952 04 23 14.100000 1 1
1952 04 24 14.600000 1 1
1952 04 25 15.900000 1 1
1952 04 26 14.100000 1 1
1952 04 27 13.600000 1 1
1952 04 28 14.100000 1 1
1952 04 29 15.000000 1 1
1952 04 30 14.100000 1 1
1952 05 01 13.600000 1 1
1952 05 02 13.400000 1 1
1952 05 03 13.100000 1 1
1952 05 04 13.100000 1 1
1952 05 05 13.100000 1 1
1952 05 06 13.200000 1 1
1952 05 07 12.900000 1 1
1952 05 08 12.700000 1 1
1952 05 09 13.100000 1 1
1952 05 10 12.700000 1 1
1952 05 11 12.700000 1 1
1952 05 12 12.400000 1 1
1952 05 13 12.400000 1 1
1952 05 14 12.600000 1 1
1952 05 15 11.100000 1 1
1952 05 16 12.200000 1 1
1952 05 17 12.400000 1 1
1952 05 18 12.400000 1 1
1952 05 19 12.100000 1 1
1952 05 20 12.200000 1 1
1952 05 21 11.800000 1 1
1952 05 22 11.400000 1 1
1952 05 23 11.400000 1 1
1952 05 24 11.100000 1 1
1952 05 25 11.000000 1 1
1952 05 26 10.800000 1 1
1952 05 27 10.500000 1 1
1952 05 28 10.300000 1 1
1952 05 29 10.300000 1 1
1952 05 30 10.200000 1 1
1952 05 31 10.200000 1 1
1952 06 01 10.000000 1 1
1952 06 02 9.560000 1 1
1952 06 03 11.100000 1 1
1952 06 04 11.100000 1 1
1952 06 05 11.100000 1 1
1952 06 06 11.000000 1 1
1952 06 07 11.000000 1 1
1952 06 08 11.300000 1 1
1952 06 09 11.300000 1 1
1952 06 10 11.600000 1 1
1952 06 11 11.900000 1 1
1952 06 12 12.100000 1 1
1952 06 13 12.400000 1 1
1952 06 14 15.900000 1 1
1952 06 15 12.100000 1 1
1952 06 16 12.100000 1 1
1952 06 17 11.600000 1 1
1952 06 18 11.300000 1 1
1952 06 19 11.300000 1 1
1952 06 20 10.800000 1 1
1952 06 21 10.800000 1 1
1952 06 22 10.800000 1 1
1952 06 23 10.600000 1 1
1952 06 24 10.600000 1 1
1952 06 25 10.600000 1 1
1952 06 26 10.600000 1 1
1952 06 27 10.500000 1 1
1952 06 28 10.300000 1 1
1952 06 29 10.300000 1 1
1952 06 30 10.200000 1 1
1952 07 01 10.200000 1 1
1952 07 02 10.000000 1 1
1952 07 03 10.000000 1 1
1952 07 04 10.200000 1 1
1952 07 05 10.000000 1 1
1952 07 06 9.870000 1 1
1952 07 07 10.000000 1 1
1952 07 08 10.200000 1 1
1952 07 09 10.000000 1 1
1952 07 10 9.870000 1 1
1952 07 11 9.870000 1 1
1952 07 12 9.710000 1 1
1952 07 13 9.710000 1 1
1952 07 14 9.560000 1 1
1952 07 15 9.560000 1 1
1952 07 16 9.400000 1 1
1952 07 17 9.560000 1 1
1952 07 18 9.710000 1 1
1952 07 19 9.710000 1 1
1952 07 20 9.710000 1 1
1952 07 21 9.560000 1 1
1952 07 22 9.400000 1 1
1952 07 23 9.250000 1 1
1952 07 24 9.250000 1 1
1952 07 25 9.400000 1 1
1952 07 26 9.250000 1 1
1952 07 27 9.250000 1 1
1952 07 28 9.250000 1 1
1952 07 29 9.100000 1 1
1952 07 30 8.960000 1 1
1952 07 31 8.810000 1 1
1952 08 01 8.810000 1 1
1952 08 02 8.660000 1 1
1952 08 03 8.660000 1 1
1952 08 04 8.660000 1 1
1952 08 05 8.660000 1 1
1952 08 06 8.660000 1 1
1952 08 07 8.510000 1 1
1952 08 08 8.510000 1 1
1952 08 09 8.510000 1 1
1952 08 10 8.510000 1 1
1952 08 11 8.370000 1 1
1952 08 12 8.370000 1 1
1952 08 13 8.370000 1 1
1952 08 14 8.370000 1 1
1952 08 15 8.370000 1 1
1952 08 16 8.510000 1 1
1952 08 17 8.370000 1 1
1952 08 18 8.370000 1 1
1952 08 19 8.370000 1 1
1952 08 20 8.510000 1 1
1952 08 21 8.510000 1 1
1952 08 22 8.370000 1 1
1952 08 23 8.370000 1 1
1952 08 24 8.220000 1 1
1952 08 25 8.220000 1 1
1952 08 26 8.070000 1 1
1952 08 27 8.070000 1 1
1952 08 28 8.660000 1 1
1952 08 29 8.220000 1 1
1952 08 30 8.070000 1 1
1952 08 31 8.070000 1 1
1952 09 01 8.220000 1 1
1952 09 02 8.070000 1 1
1952 09 03 8.070000 1 1
1952 09 04 7.930000 1 1
1952 09 05 7.930000 1 1
1952 09 06 7.780000 1 1
1952 09 07 7.930000 1 1
1952 09 08 7.780000 1 1
1952 09 09 7.780000 1 1
1952 09 10 8.220000 1 1
1952 09 11 7.930000 1 1
1952 09 12 7.930000 1 1
1952 09 13 7.930000 1 1
1952 09 14 7.780000 1 1
1952 09 15 7.780000 1 1
1952 09 16 7.640000 1 1
1952 09 17 7.780000 1 1
1952 09 18 7.640000 1 1
1952 09 19 13.400000 1 1
1952 09 20 15.900000 1 1
1952 09 21 10.200000 1 1
1952 09 22 8.370000 1 1
1952 09 23 8.220000 1 1
1952 09 24 8.220000 1 1
1952 09 25 8.220000 1 1
1952 09 26 8.070000 1 1
1952 09 27 7.930000 1 1
1952 09 28 7.780000 1 1
1952 09 29 7.640000 1 1
1952 09 30 7.640000 1 1
1952 10 01 7.640000 1 1
1952 10 02 7.640000 1 1
1952 10 03 7.640000 1 1
1952 10 04 7.780000 1 1
1952 10 05 7.780000 1 1
1952 10 06 7.500000 1 1
1952 10 07 7.640000 1 1
1952 10 08 7.780000 1 1
1952 10 09 15.900000 1 1
1952 10 10 8.070000 1 1
1952 10 11 8.370000 1 1
1952 10 12 9.250000 1 1
1952 10 13 11.100000 1 1
1952 10 14 10.200000 1 1
1952 10 15 9.250000 1 1
1952 10 16 9.250000 1 1
1952 10 17 8.660000 1 1
1952 10 18 8.370000 1 1
1952 10 19 8.070000 1 1
1952 10 20 7.930000 1 1
1952 10 21 8.070000 1 1
1952 10 22 9.400000 1 1
1952 10 23 8.370000 1 1
1952 10 24 9.710000 1 1
1952 10 25 16.600000 1 1
1952 10 26 12.700000 1 1
1952 10 27 10.500000 1 1
1952 10 28 10.200000 1 1
1952 10 29 9.250000 1 1
1952 10 30 12.400000 1 1
1952 10 31 9.250000 1 1
1952 11 01 10.800000 1 1
1952 11 02 10.000000 1 1
1952 11 03 8.370000 1 1
1952 11 04 9.870000 1 1
1952 11 05 12.400000 1 1
1952 11 06 12.100000 1 1
1952 11 07 11.600000 1 1
1952 11 08 17.700000 1 1
1952 11 09 15.900000 1 1
1952 11 10 19.600000 1 1
1952 11 11 39.100000 1 1
1952 11 12 19.600000 1 1
1952 11 13 12.400000 1 1
1952 11 14 10.800000 1 1
1952 11 15 10.000000 1 1
1952 11 16 9.710000 1 1
1952 11 17 9.250000 1 1
1952 11 18 8.370000 1 1
1952 11 19 10.500000 1 1
1952 11 20 10.800000 1 1
1952 11 21 8.960000 1 1
1952 11 22 8.370000 1 1
1952 11 23 8.070000 1 1
1952 11 24 9.400000 1 1
1952 11 25 11.600000 1 1
1952 11 26 9.870000 1 1
1952 11 27 7.780000 1 1
1952 11 28 8.660000 1 1
1952 11 29 9.250000 1 1
1952 11 30 7.780000 1 1
1952 12 01 9.870000 1 1
1952 12 02 8.960000 1 1
1952 12 03 9.250000 1 1
1952 12 04 14.600000 1 1
1952 12 05 8.070000 1 1
1952 12 06 7.780000 1 1
1952 12 07 7.640000 1 1
1952 12 08 8.070000 1 1
1952 12 09 8.220000 1 1
1952 12 10 9.400000 1 1
1952 12 11 17.000000 1 1
1952 12 12 14.100000 1 1
1952 12 13 8.070000 1 1
1952 12 14 8.960000 1 1
1952 12 15 8.660000 1 1
1952 12 16 10.800000 1 1
1952 12 17 10.600000 1 1
1952 12 18 12.100000 1 1
1952 12 19 14.100000 1 1
1952 12 20 11.400000 1 1
1952 12 21 14.100000 1 1
1952 12 22 15.900000 1 1
1952 12 23 9.100000 1 1
1952 12 24 11.300000 1 1
1952 12 25 11.600000 1 1
1952 12 26 10.500000 1 1
1952 12 27 11.100000 1 1
1952 12 28 11.400000 1 1
1952 12 29 14.100000 1 1
1952 12 30 9.250000 1 1
1952 12 31 8.960000 1 1
1953 01 01 11.600000 1 1
1953 01 02 11.100000 1 1
1953 01 03 24.100000 1 1
1953 01 04 38.400000 1 1
1953 01 05 23.400000 1 1
1953 01 06 16.900000 1 1
1953 01 07 11.600000 1 1
1953 01 08 12.000000 1 1
1953 01 09 12.900000 1 1
1953 01 10 13.700000 1 1
1953 01 11 12.500000 1 1
1953 01 12 12.700000 1 1
1953 01 13 12.900000 1 1
1953 01 14 11.500000 1 1
1953 01 15 10.700000 1 1
1953 01 16 10.000000 1 1
1953 01 17 9.650000 1 1
1953 01 18 9.830000 1 1
1953 01 19 9.290000 1 1
1953 01 20 9.290000 1 1
1953 01 21 8.960000 1 1
1953 01 22 8.960000 1 1
1953 01 23 9.120000 1 1
1953 01 24 9.290000 1 1
1953 01 25 9.470000 1 1
1953 01 26 23.400000 1 1
1953 01 27 16.900000 1 1
1953 01 28 12.900000 1 1
1953 01 29 12.900000 1 1
1953 01 30 12.500000 1 1
1953 01 31 9.290000 1 1
1953 02 01 9.290000 1 1
1953 02 02 11.100000 1 1
1953 02 03 10.000000 1 1
1953 02 04 17.700000 1 1
1953 02 05 12.200000 1 1
1953 02 06 12.900000 1 1
1953 02 07 41.100000 1 1
1953 02 08 11.100000 1 1
1953 02 09 21.200000 1 1
1953 02 10 19.000000 1 1
1953 02 11 15.900000 1 1
1953 02 12 10.400000 1 1
1953 02 13 14.800000 1 1
1953 02 14 10.700000 1 1
1953 02 15 11.100000 1 1
1953 02 16 12.900000 1 1
1953 02 17 19.000000 1 1
1953 02 18 16.900000 1 1
1953 02 19 25.700000 1 1
1953 02 20 15.900000 1 1
1953 02 21 12.900000 1 1
1953 02 22 12.500000 1 1
1953 02 23 12.900000 1 1
1953 02 24 15.900000 1 1
1953 02 25 12.900000 1 1
1953 02 26 13.900000 1 1
1953 02 27 41.100000 1 1
1953 02 28 19.000000 1 1
1953 03 01 16.900000 1 1
1953 03 02 21.900000 1 1
1953 03 03 14.800000 1 1
1953 03 04 14.000000 1 1
1953 03 05 12.900000 1 1
1953 03 06 12.700000 1 1
1953 03 07 12.500000 1 1
1953 03 08 12.900000 1 1
1953 03 09 12.900000 1 1
1953 03 10 13.100000 1 1
1953 03 11 27.100000 1 1
1953 03 12 14.800000 1 1
1953 03 13 13.900000 1 1
1953 03 14 12.900000 1 1
1953 03 15 11.800000 1 1
1953 03 16 14.000000 1 1
1953 03 17 12.900000 1 1
1953 03 18 12.900000 1 1
1953 03 19 21.200000 1 1
1953 03 20 12.900000 1 1
1953 03 21 15.200000 1 1
1953 03 22 49.600000 1 1
1953 03 23 23.400000 1 1
1953 03 24 28.100000 1 1
1953 03 25 21.200000 1 1
1953 03 26 41.100000 1 1
1953 03 27 30.600000 1 1
1953 03 28 99.000000 1 1
1953 03 29 35.700000 1 1
1953 03 30 19.000000 1 1
1953 03 31 14.800000 1 1
1953 04 01 12.000000 1 1
1953 04 02 19.000000 1 1
1953 04 03 23.400000 1 1
1953 04 04 81.400000 1 1
1953 04 05 35.700000 1 1
1953 04 06 23.400000 1 1
1953 04 07 35.700000 1 1
1953 04 08 19.200000 1 1
1953 04 09 17.900000 1 1
1953 04 10 17.700000 1 1
1953 04 11 16.900000 1 1
1953 04 12 23.400000 1 1
1953 04 13 14.800000 1 1
1953 04 14 14.800000 1 1
1953 04 15 16.900000 1 1
1953 04 16 19.000000 1 1
1953 04 17 25.700000 1 1
1953 04 18 21.400000 1 1
1953 04 19 15.600000 1 1
1953 04 20 14.800000 1 1
1953 04 21 14.800000 1 1
1953 04 22 12.900000 1 1
1953 04 23 14.600000 1 1
1953 04 24 14.400000 1 1
1953 04 25 14.000000 1 1
1953 04 26 13.700000 1 1
1953 04 27 13.300000 1 1
1953 04 28 12.900000 1 1
1953 04 29 13.300000 1 1
1953 04 30 13.500000 1 1
1953 05 01 14.400000 1 1
1953 05 02 14.200000 1 1
1953 05 03 14.200000 1 1
1953 05 04 13.700000 1 1
1953 05 05 12.900000 1 1
1953 05 06 12.900000 1 1
1953 05 07 12.500000 1 1
1953 05 08 12.200000 1 1
1953 05 09 12.400000 1 1
1953 05 10 12.200000 1 1
1953 05 11 12.000000 1 1
1953 05 12 12.000000 1 1
1953 05 13 11.800000 1 1
1953 05 14 12.200000 1 1
1953 05 15 12.200000 1 1
1953 05 16 11.800000 1 1
1953 05 17 12.000000 1 1
1953 05 18 11.800000 1 1
1953 05 19 11.800000 1 1
1953 05 20 11.800000 1 1
1953 05 21 11.100000 1 1
1953 05 22 11.100000 1 1
1953 05 23 12.000000 1 1
1953 05 24 12.200000 1 1
1953 05 25 11.800000 1 1
1953 05 26 11.800000 1 1
1953 05 27 11.600000 1 1
1953 05 28 11.500000 1 1
1953 05 29 11.100000 1 1
1953 05 30 11.100000 1 1
1953 05 31 11.100000 1 1
1953 06 01 11.100000 1 1
1953 06 02 11.100000 1 1
1953 06 03 10.900000 1 1
1953 06 04 10.600000 1 1
1953 06 05 10.400000 1 1
1953 06 06 10.400000 1 1
1953 06 07 10.200000 1 1
1953 06 08 10.200000 1 1
1953 06 09 10.200000 1 1
1953 06 10 10.700000 1 1
1953 06 11 10.700000 1 1
1953 06 12 10.600000 1 1
1953 06 13 10.400000 1 1
1953 06 14 10.200000 1 1
1953 06 15 10.200000 1 1
1953 06 16 10.000000 1 1
1953 06 17 10.000000 1 1
1953 06 18 9.830000 1 1
1953 06 19 9.830000 1 1
1953 06 20 9.650000 1 1
1953 06 21 9.650000 1 1
1953 06 22 9.650000 1 1
1953 06 23 9.830000 1 1
1953 06 24 9.830000 1 1
1953 06 25 9.470000 1 1
1953 06 26 9.470000 1 1
1953 06 27 9.650000 1 1
1953 06 28 9.650000 1 1
1953 06 29 9.470000 1 1
1953 06 30 9.470000 1 1
1953 07 01 nan nan 0
1953 07 02 nan nan 0
1953 07 03 nan nan 0
1953 07 04 nan nan 0
1953 07 05 nan nan 0
1953 07 06 nan nan 0
1953 07 07 nan nan 0
1953 07 08 nan nan 0
1953 07 09 nan nan 0
1953 07 10 nan nan 0
1953 07 11 nan nan 0
1953 07 12 nan nan 0
1953 07 13 nan nan 0
1953 07 14 nan nan 0
1953 07 15 nan nan 0
1953 07 16 9.120000 1 1
1953 07 17 9.120000 1 1
1953 07 18 9.120000 1 1
1953 07 19 9.120000 1 1
1953 07 20 9.120000 1 1
1953 07 21 9.120000 1 1
1953 07 22 8.960000 1 1
1953 07 23 8.960000 1 1
1953 07 24 8.960000 1 1
1953 07 25 8.960000 1 1
1953 07 26 8.790000 1 1
1953 07 27 8.790000 1 1
1953 07 28 8.790000 1 1
1953 07 29 8.790000 1 1
1953 07 30 8.630000 1 1
1953 07 31 8.630000 1 1
1953 08 01 8.630000 1 1
1953 08 02 8.630000 1 1
1953 08 03 8.630000 1 1
1953 08 04 8.630000 1 1
1953 08 05 8.630000 1 1
1953 08 06 8.630000 1 1
1953 08 07 8.630000 1 1
1953 08 08 8.630000 1 1
1953 08 09 8.630000 1 1
1953 08 10 8.460000 1 1
1953 08 11 8.460000 1 1
1953 08 12 8.460000 1 1
1953 08 13 8.460000 1 1
1953 08 14 8.460000 1 1
1953 08 15 8.460000 1 1
1953 08 16 8.300000 1 1
1953 08 17 8.300000 1 1
1953 08 18 8.300000 1 1
1953 08 19 8.130000 1 1
1953 08 20 8.130000 1 1
1953 08 21 8.130000 1 1
1953 08 22 8.130000 1 1
1953 08 23 8.300000 1 1
1953 08 24 8.300000 1 1
1953 08 25 8.130000 1 1
1953 08 26 8.130000 1 1
1953 08 27 7.970000 1 1
1953 08 28 7.970000 1 1
1953 08 29 7.970000 1 1
1953 08 30 7.970000 1 1
1953 08 31 7.800000 1 1
1953 09 01 7.800000 1 1
1953 09 02 7.640000 1 1
1953 09 03 7.640000 1 1
1953 09 04 7.800000 1 1
1953 09 05 7.800000 1 1
1953 09 06 7.800000 1 1
1953 09 07 7.970000 1 1
1953 09 08 7.970000 1 1
1953 09 09 7.970000 1 1
1953 09 10 10.200000 1 1
1953 09 11 13.900000 1 1
1953 09 12 12.900000 1 1
1953 09 13 10.200000 1 1
1953 09 14 9.290000 1 1
1953 09 15 8.630000 1 1
1953 09 16 8.300000 1 1
1953 09 17 8.130000 1 1
1953 09 18 8.130000 1 1
1953 09 19 8.130000 1 1
1953 09 20 8.130000 1 1
1953 09 21 8.300000 1 1
1953 09 22 8.460000 1 1
1953 09 23 12.900000 1 1
1953 09 24 9.290000 1 1
1953 09 25 8.300000 1 1
1953 09 26 7.970000 1 1
1953 09 27 8.630000 1 1
1953 09 28 9.290000 1 1
1953 09 29 9.290000 1 1
1953 09 30 9.470000 1 1
1953 10 01 9.650000 1 1
1953 10 02 9.830000 1 1
1953 10 03 9.830000 1 1
1953 10 04 9.650000 1 1
1953 10 05 9.650000 1 1
1953 10 06 10.200000 1 1
1953 10 07 10.400000 1 1
1953 10 08 10.600000 1 1
1953 10 09 9.290000 1 1
1953 10 10 9.290000 1 1
1953 10 11 9.290000 1 1
1953 10 12 10.400000 1 1
1953 10 13 11.100000 1 1
1953 10 14 10.200000 1 1
1953 10 15 10.200000 1 1
1953 10 16 9.290000 1 1
1953 10 17 9.650000 1 1
1953 10 18 11.300000 1 1
1953 10 19 14.800000 1 1
1953 10 20 13.300000 1 1
1953 10 21 12.000000 1 1
1953 10 22 11.300000 1 1
1953 10 23 11.100000 1 1
1953 10 24 10.400000 1 1
1953 10 25 9.650000 1 1
1953 10 26 9.290000 1 1
1953 10 27 9.290000 1 1
1953 10 28 7.800000 1 1
1953 10 29 7.640000 1 1
1953 10 30 7.640000 1 1
1953 10 31 7.640000 1 1
1953 11 01 12.000000 1 1
1953 11 02 9.290000 1 1
1953 11 03 7.970000 1 1
1953 11 04 7.640000 1 1
1953 11 05 12.900000 1 1
1953 11 06 9.650000 1 1
1953 11 07 9.120000 1 1
1953 11 08 10.700000 1 1
1953 11 09 12.900000 1 1
1953 11 10 12.200000 1 1
1953 11 11 9.290000 1 1
1953 11 12 8.960000 1 1
1953 11 13 11.100000 1 1
1953 11 14 12.900000 1 1
1953 11 15 16.900000 1 1
1953 11 16 9.290000 1 1
1953 11 17 8.460000 1 1
1953 11 18 8.300000 1 1
1953 11 19 7.970000 1 1
1953 11 20 25.700000 1 1
1953 11 21 30.600000 1 1
1953 11 22 23.400000 1 1
1953 11 23 19.000000 1 1
1953 11 24 16.900000 1 1
1953 11 25 12.900000 1 1
1953 11 26 12.200000 1 1
1953 11 27 11.800000 1 1
1953 11 28 11.100000 1 1
1953 11 29 10.200000 1 1
1953 11 30 9.290000 1 1
1953 12 01 14.800000 1 1
1953 12 02 19.000000 1 1
1953 12 03 35.700000 1 1
1953 12 04 33.100000 1 1
1953 12 05 52.600000 1 1
1953 12 06 23.400000 1 1
1953 12 07 11.100000 1 1
1953 12 08 11.800000 1 1
1953 12 09 12.900000 1 1
1953 12 10 12.900000 1 1
1953 12 11 16.900000 1 1
1953 12 12 46.700000 1 1
1953 12 13 25.700000 1 1
1953 12 14 56.700000 1 1
1953 12 15 35.700000 1 1
1953 12 16 25.700000 1 1
1953 12 17 21.200000 1 1
1953 12 18 16.100000 1 1
1953 12 19 13.700000 1 1
1953 12 20 12.900000 1 1
1953 12 21 12.900000 1 1
1953 12 22 16.900000 1 1
1953 12 23 20.500000 1 1
1953 12 24 16.100000 1 1
1953 12 25 11.100000 1 1
1953 12 26 11.100000 1 1
1953 12 27 25.700000 1 1
1953 12 28 16.300000 1 1
1953 12 29 15.200000 1 1
1953 12 30 13.900000 1 1
1953 12 31 13.500000 1 1
1954 01 01 11.100000 1 1
1954 01 02 10.800000 1 1
1954 01 03 15.900000 1 1
1954 01 04 12.100000 1 1
1954 01 05 11.600000 1 1
1954 01 06 13.100000 1 1
1954 01 07 11.100000 1 1
1954 01 08 10.800000 1 1
1954 01 09 9.250000 1 1
1954 01 10 8.660000 1 1
1954 01 11 8.070000 1 1
1954 01 12 7.780000 1 1
1954 01 13 7.780000 1 1
1954 01 14 7.780000 1 1
1954 01 15 7.500000 1 1
1954 01 16 7.780000 1 1
1954 01 17 7.780000 1 1
1954 01 18 7.500000 1 1
1954 01 19 7.500000 1 1
1954 01 20 7.640000 1 1
1954 01 21 7.780000 1 1
1954 01 22 7.780000 1 1
1954 01 23 8.070000 1 1
1954 01 24 7.780000 1 1
1954 01 25 7.780000 1 1
1954 01 26 7.640000 1 1
1954 01 27 7.780000 1 1
1954 01 28 7.780000 1 1
1954 01 29 8.370000 1 1
1954 01 30 11.600000 1 1
1954 01 31 12.400000 1 1
1954 02 01 10.800000 1 1
1954 02 02 10.800000 1 1
1954 02 03 11.300000 1 1
1954 02 04 12.400000 1 1
1954 02 05 11.800000 1 1
1954 02 06 12.400000 1 1
1954 02 07 17.700000 1 1
1954 02 08 21.600000 1 1
1954 02 09 15.900000 1 1
1954 02 10 19.600000 1 1
1954 02 11 25.600000 1 1
1954 02 12 17.700000 1 1
1954 02 13 21.600000 1 1
1954 02 14 59.700000 1 1
1954 02 15 14.100000 1 1
1954 02 16 44.000000 1 1
1954 02 17 23.600000 1 1
1954 02 18 21.600000 1 1
1954 02 19 17.700000 1 1
1954 02 20 16.800000 1 1
1954 02 21 14.100000 1 1
1954 02 22 13.200000 1 1
1954 02 23 12.400000 1 1
1954 02 24 12.200000 1 1
1954 02 25 12.200000 1 1
1954 02 26 10.800000 1 1
1954 02 27 10.600000 1 1
1954 02 28 10.500000 1 1
1954 03 01 10.500000 1 1
1954 03 02 10.600000 1 1
1954 03 03 10.500000 1 1
1954 03 04 10.600000 1 1
1954 03 05 12.400000 1 1
1954 03 06 12.400000 1 1
1954 03 07 10.500000 1 1
1954 03 08 10.300000 1 1
1954 03 09 10.500000 1 1
1954 03 10 11.600000 1 1
1954 03 11 14.100000 1 1
1954 03 12 10.800000 1 1
1954 03 13 9.250000 1 1
1954 03 14 8.960000 1 1
1954 03 15 8.370000 1 1
1954 03 16 8.370000 1 1
1954 03 17 8.220000 1 1
1954 03 18 8.220000 1 1
1954 03 19 8.220000 1 1
1954 03 20 8.810000 1 1
1954 03 21 7.640000 1 1
1954 03 22 10.800000 1 1
1954 03 23 8.510000 1 1
1954 03 24 8.660000 1 1
1954 03 25 7.780000 1 1
1954 03 26 7.780000 1 1
1954 03 27 8.070000 1 1
1954 03 28 9.100000 1 1
1954 03 29 10.800000 1 1
1954 03 30 12.400000 1 1
1954 03 31 17.700000 1 1
1954 04 01 14.100000 1 1
1954 04 02 12.700000 1 1
1954 04 03 12.400000 1 1
1954 04 04 12.200000 1 1
1954 04 05 9.250000 1 1
1954 04 06 9.250000 1 1
1954 04 07 8.660000 1 1
1954 04 08 8.660000 1 1
1954 04 09 8.510000 1 1
1954 04 10 8.510000 1 1
1954 04 11 8.510000 1 1
1954 04 12 8.370000 1 1
1954 04 13 8.370000 1 1
1954 04 14 8.370000 1 1
1954 04 15 8.370000 1 1
1954 04 16 8.220000 1 1
1954 04 17 8.070000 1 1
1954 04 18 8.070000 1 1
1954 04 19 7.930000 1 1
1954 04 20 7.930000 1 1
1954 04 21 7.780000 1 1
1954 04 22 7.780000 1 1
1954 04 23 7.780000 1 1
1954 04 24 7.780000 1 1
1954 04 25 8.070000 1 1
1954 04 26 9.100000 1 1
1954 04 27 10.800000 1 1
1954 04 28 12.400000 1 1
1954 04 29 10.800000 1 1
1954 04 30 10.300000 1 1
1954 05 01 10.000000 1 1
1954 05 02 9.870000 1 1
1954 05 03 9.250000 1 1
1954 05 04 8.220000 1 1
1954 05 05 8.660000 1 1
1954 05 06 9.100000 1 1
1954 05 07 8.510000 1 1
1954 05 08 7.780000 1 1
1954 05 09 7.930000 1 1
1954 05 10 8.370000 1 1
1954 05 11 9.100000 1 1
1954 05 12 10.800000 1 1
1954 05 13 18.600000 1 1
1954 05 14 10.800000 1 1
1954 05 15 9.250000 1 1
1954 05 16 8.660000 1 1
1954 05 17 8.810000 1 1
1954 05 18 9.250000 1 1
1954 05 19 10.000000 1 1
1954 05 20 10.800000 1 1
1954 05 21 12.400000 1 1
1954 05 22 14.100000 1 1
1954 05 23 9.250000 1 1
1954 05 24 9.250000 1 1
1954 05 25 9.250000 1 1
1954 05 26 8.960000 1 1
1954 05 27 8.810000 1 1
1954 05 28 8.810000 1 1
1954 05 29 8.070000 1 1
1954 05 30 7.930000 1 1
1954 05 31 7.930000 1 1
1954 06 01 7.780000 1 1
1954 06 02 7.780000 1 1
1954 06 03 7.780000 1 1
1954 06 04 8.070000 1 1
1954 06 05 8.070000 1 1
1954 06 06 8.220000 1 1
1954 06 07 8.220000 1 1
1954 06 08 8.070000 1 1
1954 06 09 7.930000 1 1
1954 06 10 7.930000 1 1
1954 06 11 8.220000 1 1
1954 06 12 8.070000 1 1
1954 06 13 7.930000 1 1
1954 06 14 7.780000 1 1
1954 06 15 7.780000 1 1
1954 06 16 7.780000 1 1
1954 06 17 8.370000 1 1
1954 06 18 8.510000 1 1
1954 06 19 7.780000 1 1
1954 06 20 7.780000 1 1
1954 06 21 7.640000 1 1
1954 06 22 7.500000 1 1
1954 06 23 7.500000 1 1
1954 06 24 7.500000 1 1
1954 06 25 7.500000 1 1
1954 06 26 7.500000 1 1
1954 06 27 7.360000 1 1
1954 06 28 7.360000 1 1
1954 06 29 7.220000 1 1
1954 06 30 7.220000 1 1
1954 07 01 7.080000 1 1
1954 07 02 7.080000 1 1
1954 07 03 6.950000 1 1
1954 07 04 6.950000 1 1
1954 07 05 6.810000 1 1
1954 07 06 6.810000 1 1
1954 07 07 6.670000 1 1
1954 07 08 6.670000 1 1
1954 07 09 6.530000 1 1
1954 07 10 6.390000 1 1
1954 07 11 6.390000 1 1
1954 07 12 6.390000 1 1
1954 07 13 6.390000 1 1
1954 07 14 6.390000 1 1
1954 07 15 6.390000 1 1
1954 07 16 6.390000 1 1
1954 07 17 6.390000 1 1
1954 07 18 6.390000 1 1
1954 07 19 6.390000 1 1
1954 07 20 6.390000 1 1
1954 07 21 6.390000 1 1
1954 07 22 6.950000 1 1
1954 07 23 6.530000 1 1
1954 07 24 7.080000 1 1
1954 07 25 6.950000 1 1
1954 07 26 6.950000 1 1
1954 07 27 12.400000 1 1
1954 07 28 9.250000 1 1
1954 07 29 7.780000 1 1
1954 07 30 6.530000 1 1
1954 07 31 6.390000 1 1
1954 08 01 6.390000 1 1
1954 08 02 6.390000 1 1
1954 08 03 6.390000 1 1
1954 08 04 6.390000 1 1
1954 08 05 6.260000 1 1
1954 08 06 6.260000 1 1
1954 08 07 6.130000 1 1
1954 08 08 6.130000 1 1
1954 08 09 6.130000 1 1
1954 08 10 6.130000 1 1
1954 08 11 6.130000 1 1
1954 08 12 6.130000 1 1
1954 08 13 6.130000 1 1
1954 08 14 6.130000 1 1
1954 08 15 6.130000 1 1
1954 08 16 6.130000 1 1
1954 08 17 6.130000 1 1
1954 08 18 6.260000 1 1
1954 08 19 6.260000 1 1
1954 08 20 6.130000 1 1
1954 08 21 6.000000 1 1
1954 08 22 6.000000 1 1
1954 08 23 5.620000 1 1
1954 08 24 5.620000 1 1
1954 08 25 5.620000 1 1
1954 08 26 5.740000 1 1
1954 08 27 5.740000 1 1
1954 08 28 5.620000 1 1
1954 08 29 5.620000 1 1
1954 08 30 5.620000 1 1
1954 08 31 5.620000 1 1
1954 09 01 5.620000 1 1
1954 09 02 5.620000 1 1
1954 09 03 5.620000 1 1
1954 09 04 5.620000 1 1
1954 09 05 5.620000 1 1
1954 09 06 5.620000 1 1
1954 09 07 5.620000 1 1
1954 09 08 5.740000 1 1
1954 09 09 5.740000 1 1
1954 09 10 5.620000 1 1
1954 09 11 5.620000 1 1
1954 09 12 5.740000 1 1
1954 09 13 6.000000 1 1
1954 09 14 6.000000 1 1
1954 09 15 5.870000 1 1
1954 09 16 5.620000 1 1
1954 09 17 5.740000 1 1
1954 09 18 5.620000 1 1
1954 09 19 5.620000 1 1
1954 09 20 5.620000 1 1
1954 09 21 5.620000 1 1
1954 09 22 5.740000 1 1
1954 09 23 5.740000 1 1
1954 09 24 5.740000 1 1
1954 09 25 5.740000 1 1
1954 09 26 5.870000 1 1
1954 09 27 6.530000 1 1
1954 09 28 6.130000 1 1
1954 09 29 6.000000 1 1
1954 09 30 5.740000 1 1
1954 10 01 5.620000 1 1
1954 10 02 5.620000 1 1
1954 10 03 5.740000 1 1
1954 10 04 5.620000 1 1
1954 10 05 5.490000 1 1
1954 10 06 5.490000 1 1
1954 10 07 5.360000 1 1
1954 10 08 5.230000 1 1
1954 10 09 5.740000 1 1
1954 10 10 5.360000 1 1
1954 10 11 5.100000 1 1
1954 10 12 5.100000 1 1
1954 10 13 5.360000 1 1
1954 10 14 5.620000 1 1
1954 10 15 6.130000 1 1
1954 10 16 6.950000 1 1
1954 10 17 6.130000 1 1
1954 10 18 5.620000 1 1
1954 10 19 5.360000 1 1
1954 10 20 5.360000 1 1
1954 10 21 5.230000 1 1
1954 10 22 5.490000 1 1
1954 10 23 5.870000 1 1
1954 10 24 5.620000 1 1
1954 10 25 5.360000 1 1
1954 10 26 5.230000 1 1
1954 10 27 6.390000 1 1
1954 10 28 5.490000 1 1
1954 10 29 5.360000 1 1
1954 10 30 5.360000 1 1
1954 10 31 9.250000 1 1
1954 11 01 5.360000 1 1
1954 11 02 5.620000 1 1
1954 11 03 6.130000 1 1
1954 11 04 5.870000 1 1
1954 11 05 6.670000 1 1
1954 11 06 11.400000 1 1
1954 11 07 17.700000 1 1
1954 11 08 15.900000 1 1
1954 11 09 10.800000 1 1
1954 11 10 7.780000 1 1
1954 11 11 7.780000 1 1
1954 11 12 7.500000 1 1
1954 11 13 5.740000 1 1
1954 11 14 7.640000 1 1
1954 11 15 10.800000 1 1
1954 11 16 10.800000 1 1
1954 11 17 11.600000 1 1
1954 11 18 14.100000 1 1
1954 11 19 19.600000 1 1
1954 11 20 29.900000 1 1
1954 11 21 23.600000 1 1
1954 11 22 21.600000 1 1
1954 11 23 9.870000 1 1
1954 11 24 10.800000 1 1
1954 11 25 23.600000 1 1
1954 11 26 29.900000 1 1
1954 11 27 25.600000 1 1
1954 11 28 19.600000 1 1
1954 11 29 14.100000 1 1
1954 11 30 10.800000 1 1
1954 12 01 9.250000 1 1
1954 12 02 9.250000 1 1
1954 12 03 6.390000 1 1
1954 12 04 6.390000 1 1
1954 12 05 7.780000 1 1
1954 12 06 19.600000 1 1
1954 12 07 17.700000 1 1
1954 12 08 12.400000 1 1
1954 12 09 21.600000 1 1
1954 12 10 15.900000 1 1
1954 12 11 12.400000 1 1
1954 12 12 12.400000 1 1
1954 12 13 9.250000 1 1
1954 12 14 14.100000 1 1
1954 12 15 15.900000 1 1
1954 12 16 29.900000 1 1
1954 12 17 23.600000 1 1
1954 12 18 19.600000 1 1
1954 12 19 12.400000 1 1
1954 12 20 12.400000 1 1
1954 12 21 14.100000 1 1
1954 12 22 17.700000 1 1
1954 12 23 19.600000 1 1
1954 12 24 12.400000 1 1
1954 12 25 9.250000 1 1
1954 12 26 8.370000 1 1
1954 12 27 7.780000 1 1
1954 12 28 7.500000 1 1
1954 12 29 7.780000 1 1
1954 12 30 23.600000 1 1
1954 12 31 8.510000 1 1
1955 01 01 8.510000 1 1
1955 01 02 12.400000 1 1
1955 01 03 17.700000 1 1
1955 01 04 41.500000 1 1
1955 01 05 29.900000 1 1
1955 01 06 14.100000 1 1
1955 01 07 10.800000 1 1
1955 01 08 9.560000 1 1
1955 01 09 8.510000 1 1
1955 01 10 8.220000 1 1
1955 01 11 9.250000 1 1
1955 01 12 10.800000 1 1
1955 01 13 17.700000 1 1
1955 01 14 12.400000 1 1
1955 01 15 13.100000 1 1
1955 01 16 10.800000 1 1
1955 01 17 17.700000 1 1
1955 01 18 12.400000 1 1
1955 01 19 12.100000 1 1
1955 01 20 10.800000 1 1
1955 01 21 10.800000 1 1
1955 01 22 15.900000 1 1
1955 01 23 14.100000 1 1
1955 01 24 14.600000 1 1
1955 01 25 29.900000 1 1
1955 01 26 23.600000 1 1
1955 01 27 17.700000 1 1
1955 01 28 13.400000 1 1
1955 01 29 8.070000 1 1
1955 01 30 7.930000 1 1
1955 01 31 3.900000 1 1
1955 02 01 7.780000 1 1
1955 02 02 8.510000 1 1
1955 02 03 9.250000 1 1
1955 02 04 10.800000 1 1
1955 02 05 10.800000 1 1
1955 02 06 9.870000 1 1
1955 02 07 9.560000 1 1
1955 02 08 9.400000 1 1
1955 02 09 8.810000 1 1
1955 02 10 8.370000 1 1
1955 02 11 8.070000 1 1
1955 02 12 9.100000 1 1
1955 02 13 8.370000 1 1
1955 02 14 8.660000 1 1
1955 02 15 8.660000 1 1
1955 02 16 8.220000 1 1
1955 02 17 8.220000 1 1
1955 02 18 7.780000 1 1
1955 02 19 7.500000 1 1
1955 02 20 7.500000 1 1
1955 02 21 7.220000 1 1
1955 02 22 7.220000 1 1
1955 02 23 7.080000 1 1
1955 02 24 10.800000 1 1
1955 02 25 11.900000 1 1
1955 02 26 10.800000 1 1
1955 02 27 29.900000 1 1
1955 02 28 34.400000 1 1
1955 03 01 29.900000 1 1
1955 03 02 21.600000 1 1
1955 03 03 25.600000 1 1
1955 03 04 26.700000 1 1
1955 03 05 29.900000 1 1
1955 03 06 54.300000 1 1
1955 03 07 41.500000 1 1
1955 03 08 29.900000 1 1
1955 03 09 27.800000 1 1
1955 03 10 44.000000 1 1
1955 03 11 25.600000 1 1
1955 03 12 21.600000 1 1
1955 03 13 10.800000 1 1
1955 03 14 11.600000 1 1
1955 03 15 12.100000 1 1
1955 03 16 29.900000 1 1
1955 03 17 17.700000 1 1
1955 03 18 15.900000 1 1
1955 03 19 15.400000 1 1
1955 03 20 14.800000 1 1
1955 03 21 13.200000 1 1
1955 03 22 12.400000 1 1
1955 03 23 10.800000 1 1
1955 03 24 10.800000 1 1
1955 03 25 17.700000 1 1
1955 03 26 25.600000 1 1
1955 03 27 29.900000 1 1
1955 03 28 55.900000 1 1
1955 03 29 21.600000 1 1
1955 03 30 17.700000 1 1
1955 03 31 10.800000 1 1
1955 04 01 10.500000 1 1
1955 04 02 10.800000 1 1
1955 04 03 10.800000 1 1
1955 04 04 18.600000 1 1
1955 04 05 14.100000 1 1
1955 04 06 10.800000 1 1
1955 04 07 12.400000 1 1
1955 04 08 11.400000 1 1
1955 04 09 10.300000 1 1
1955 04 10 10.800000 1 1
1955 04 11 9.250000 1 1
1955 04 12 10.500000 1 1
1955 04 13 15.900000 1 1
1955 04 14 14.100000 1 1
1955 04 15 10.800000 1 1
1955 04 16 10.800000 1 1
1955 04 17 11.600000 1 1
1955 04 18 11.300000 1 1
1955 04 19 11.100000 1 1
1955 04 20 11.100000 1 1
1955 04 21 10.800000 1 1
1955 04 22 10.500000 1 1
1955 04 23 10.500000 1 1
1955 04 24 10.200000 1 1
1955 04 25 10.200000 1 1
1955 04 26 9.250000 1 1
1955 04 27 9.250000 1 1
1955 04 28 9.100000 1 1
1955 04 29 9.250000 1 1
1955 04 30 10.000000 1 1
1955 05 01 9.250000 1 1
1955 05 02 9.100000 1 1
1955 05 03 9.100000 1 1
1955 05 04 8.960000 1 1
1955 05 05 8.960000 1 1
1955 05 06 8.810000 1 1
1955 05 07 8.810000 1 1
1955 05 08 8.810000 1 1
1955 05 09 8.660000 1 1
1955 05 10 8.510000 1 1
1955 05 11 8.370000 1 1
1955 05 12 8.370000 1 1
1955 05 13 8.220000 1 1
1955 05 14 8.070000 1 1
1955 05 15 8.070000 1 1
1955 05 16 7.780000 1 1
1955 05 17 7.780000 1 1
1955 05 18 7.640000 1 1
1955 05 19 7.640000 1 1
1955 05 20 7.780000 1 1
1955 05 21 8.070000 1 1
1955 05 22 8.510000 1 1
1955 05 23 8.220000 1 1
1955 05 24 8.070000 1 1
1955 05 25 7.780000 1 1
1955 05 26 7.780000 1 1
1955 05 27 7.930000 1 1
1955 05 28 7.780000 1 1
1955 05 29 7.780000 1 1
1955 05 30 7.780000 1 1
1955 05 31 7.640000 1 1
1955 06 01 7.500000 1 1
1955 06 02 7.220000 1 1
1955 06 03 7.080000 1 1
1955 06 04 7.080000 1 1
1955 06 05 6.950000 1 1
1955 06 06 6.950000 1 1
1955 06 07 6.810000 1 1
1955 06 08 6.810000 1 1
1955 06 09 7.080000 1 1
1955 06 10 6.950000 1 1
1955 06 11 6.950000 1 1
1955 06 12 6.810000 1 1
1955 06 13 6.810000 1 1
1955 06 14 6.810000 1 1
1955 06 15 6.810000 1 1
1955 06 16 7.080000 1 1
1955 06 17 6.950000 1 1
1955 06 18 6.950000 1 1
1955 06 19 6.810000 1 1
1955 06 20 6.810000 1 1
1955 06 21 6.810000 1 1
1955 06 22 6.810000 1 1
1955 06 23 6.670000 1 1
1955 06 24 6.670000 1 1
1955 06 25 6.670000 1 1
1955 06 26 6.670000 1 1
1955 06 27 6.530000 1 1
1955 06 28 6.530000 1 1
1955 06 29 6.670000 1 1
1955 06 30 7.080000 1 1
1955 07 01 6.670000 1 1
1955 07 02 6.670000 1 1
1955 07 03 6.670000 1 1
1955 07 04 6.530000 1 1
1955 07 05 6.530000 1 1
1955 07 06 6.530000 1 1
1955 07 07 6.530000 1 1
1955 07 08 6.390000 1 1
1955 07 09 6.390000 1 1
1955 07 10 6.390000 1 1
1955 07 11 6.530000 1 1
1955 07 12 6.530000 1 1
1955 07 13 6.390000 1 1
1955 07 14 6.390000 1 1
1955 07 15 6.530000 1 1
1955 07 16 6.530000 1 1
1955 07 17 6.530000 1 1
1955 07 18 6.530000 1 1
1955 07 19 6.530000 1 1
1955 07 20 6.530000 1 1
1955 07 21 6.530000 1 1
1955 07 22 6.390000 1 1
1955 07 23 6.390000 1 1
1955 07 24 6.390000 1 1
1955 07 25 6.390000 1 1
1955 07 26 6.260000 1 1
1955 07 27 6.260000 1 1
1955 07 28 6.260000 1 1
1955 07 29 6.130000 1 1
1955 07 30 6.130000 1 1
1955 07 31 6.000000 1 1
1955 08 01 6.000000 1 1
1955 08 02 6.000000 1 1
1955 08 03 5.870000 1 1
1955 08 04 5.870000 1 1
1955 08 05 5.740000 1 1
1955 08 06 5.740000 1 1
1955 08 07 5.870000 1 1
1955 08 08 5.870000 1 1
1955 08 09 5.740000 1 1
1955 08 10 5.740000 1 1
1955 08 11 5.740000 1 1
1955 08 12 5.740000 1 1
1955 08 13 5.620000 1 1
1955 08 14 5.620000 1 1
1955 08 15 5.620000 1 1
1955 08 16 5.740000 1 1
1955 08 17 5.740000 1 1
1955 08 18 5.740000 1 1
1955 08 19 5.620000 1 1
1955 08 20 5.620000 1 1
1955 08 21 5.620000 1 1
1955 08 22 5.620000 1 1
1955 08 23 5.620000 1 1
1955 08 24 5.740000 1 1
1955 08 25 5.740000 1 1
1955 08 26 5.620000 1 1
1955 08 27 5.620000 1 1
1955 08 28 5.490000 1 1
1955 08 29 5.490000 1 1
1955 08 30 5.490000 1 1
1955 08 31 5.360000 1 1
1955 09 01 5.360000 1 1
1955 09 02 5.230000 1 1
1955 09 03 5.230000 1 1
1955 09 04 5.100000 1 1
1955 09 05 5.100000 1 1
1955 09 06 5.230000 1 1
1955 09 07 5.100000 1 1
1955 09 08 5.100000 1 1
1955 09 09 5.100000 1 1
1955 09 10 5.100000 1 1
1955 09 11 4.980000 1 1
1955 09 12 4.860000 1 1
1955 09 13 4.860000 1 1
1955 09 14 4.860000 1 1
1955 09 15 4.860000 1 1
1955 09 16 4.740000 1 1
1955 09 17 4.740000 1 1
1955 09 18 4.740000 1 1
1955 09 19 4.620000 1 1
1955 09 20 4.620000 1 1
1955 09 21 4.620000 1 1
1955 09 22 4.620000 1 1
1955 09 23 4.620000 1 1
1955 09 24 4.620000 1 1
1955 09 25 4.620000 1 1
1955 09 26 4.620000 1 1
1955 09 27 4.620000 1 1
1955 09 28 4.620000 1 1
1955 09 29 4.740000 1 1
1955 09 30 4.740000 1 1
1955 10 01 4.740000 1 1
1955 10 02 4.740000 1 1
1955 10 03 6.390000 1 1
1955 10 04 6.390000 1 1
1955 10 05 6.670000 1 1
1955 10 06 6.810000 1 1
1955 10 07 6.950000 1 1
1955 10 08 6.950000 1 1
1955 10 09 7.080000 1 1
1955 10 10 7.080000 1 1
1955 10 11 7.780000 1 1
1955 10 12 7.780000 1 1
1955 10 13 8.370000 1 1
1955 10 14 8.660000 1 1
1955 10 15 6.530000 1 1
1955 10 16 9.250000 1 1
1955 10 17 12.100000 1 1
1955 10 18 10.800000 1 1
1955 10 19 18.800000 1 1
1955 10 20 7.220000 1 1
1955 10 21 7.360000 1 1
1955 10 22 7.500000 1 1
1955 10 23 9.250000 1 1
1955 10 24 7.780000 1 1
1955 10 25 10.000000 1 1
1955 10 26 7.780000 1 1
1955 10 27 10.800000 1 1
1955 10 28 12.400000 1 1
1955 10 29 10.800000 1 1
1955 10 30 36.700000 1 1
1955 10 31 10.800000 1 1
1955 11 01 8.660000 1 1
1955 11 02 8.510000 1 1
1955 11 03 8.510000 1 1
1955 11 04 8.370000 1 1
1955 11 05 9.100000 1 1
1955 11 06 6.810000 1 1
1955 11 07 7.500000 1 1
1955 11 08 10.800000 1 1
1955 11 09 17.700000 1 1
1955 11 10 12.400000 1 1
1955 11 11 11.900000 1 1
1955 11 12 10.800000 1 1
1955 11 13 9.250000 1 1
1955 11 14 8.960000 1 1
1955 11 15 7.780000 1 1
1955 11 16 7.220000 1 1
1955 11 17 7.080000 1 1
1955 11 18 5.100000 1 1
1955 11 19 5.490000 1 1
1955 11 20 6.260000 1 1
1955 11 21 11.600000 1 1
1955 11 22 9.250000 1 1
1955 11 23 6.950000 1 1
1955 11 24 6.810000 1 1
1955 11 25 6.390000 1 1
1955 11 26 6.530000 1 1
1955 11 27 6.390000 1 1
1955 11 28 6.390000 1 1
1955 11 29 6.530000 1 1
1955 11 30 6.260000 1 1
1955 12 01 14.100000 1 1
1955 12 02 15.900000 1 1
1955 12 03 17.300000 1 1
1955 12 04 34.400000 1 1
1955 12 05 71.000000 1 1
1955 12 06 36.700000 1 1
1955 12 07 32.100000 1 1
1955 12 08 29.900000 1 1
1955 12 09 27.800000 1 1
1955 12 10 28.600000 1 1
1955 12 11 29.900000 1 1
1955 12 12 39.100000 1 1
1955 12 13 29.900000 1 1
1955 12 14 23.600000 1 1
1955 12 15 25.600000 1 1
1955 12 16 24.800000 1 1
1955 12 17 28.800000 1 1
1955 12 18 nan nan 0
1955 12 19 34.400000 1 1
1955 12 20 21.600000 1 1
1955 12 21 23.600000 1 1
1955 12 22 29.900000 1 1
1955 12 23 33.200000 1 1
1955 12 24 32.100000 1 1
1955 12 25 34.400000 1 1
1955 12 26 29.900000 1 1
1955 12 27 29.900000 1 1
1955 12 28 36.700000 1 1
1955 12 29 26.700000 1 1
1955 12 30 25.600000 1 1
1955 12 31 32.100000 1 1
1956 01 01 29.900000 1 1
1956 01 02 27.800000 1 1
1956 01 03 27.800000 1 1
1956 01 04 26.900000 1 1
1956 01 05 26.500000 1 1
1956 01 06 26.300000 1 1
1956 01 07 25.800000 1 1
1956 01 08 25.600000 1 1
1956 01 09 25.400000 1 1
1956 01 10 25.000000 1 1
1956 01 11 25.000000 1 1
1956 01 12 24.600000 1 1
1956 01 13 24.800000 1 1
1956 01 14 25.200000 1 1
1956 01 15 25.600000 1 1
1956 01 16 23.600000 1 1
1956 01 17 23.600000 1 1
1956 01 18 19.600000 1 1
1956 01 19 18.600000 1 1
1956 01 20 17.700000 1 1
1956 01 21 10.800000 1 1
1956 01 22 9.250000 1 1
1956 01 23 9.100000 1 1
1956 01 24 8.510000 1 1
1956 01 25 8.220000 1 1
1956 01 26 7.930000 1 1
1956 01 27 7.780000 1 1
1956 01 28 7.780000 1 1
1956 01 29 7.640000 1 1
1956 01 30 7.640000 1 1
1956 01 31 7.360000 1 1
1956 02 01 7.360000 1 1
1956 02 02 7.220000 1 1
1956 02 03 7.220000 1 1
1956 02 04 7.220000 1 1
1956 02 05 7.080000 1 1
1956 02 06 7.080000 1 1
1956 02 07 7.080000 1 1
1956 02 08 6.950000 1 1
1956 02 09 6.950000 1 1
1956 02 10 6.950000 1 1
1956 02 11 6.950000 1 1
1956 02 12 9.710000 1 1
1956 02 13 11.600000 1 1
1956 02 14 12.400000 1 1
1956 02 15 11.400000 1 1
1956 02 16 19.600000 1 1
1956 02 17 29.900000 1 1
1956 02 18 25.600000 1 1
1956 02 19 15.900000 1 1
1956 02 20 12.400000 1 1
1956 02 21 10.800000 1 1
1956 02 22 13.200000 1 1
1956 02 23 17.700000 1 1
1956 02 24 19.600000 1 1
1956 02 25 10.800000 1 1
1956 02 26 19.600000 1 1
1956 02 27 29.900000 1 1
1956 02 28 25.600000 1 1
1956 02 29 29.900000 1 1
1956 03 01 29.900000 1 1
1956 03 02 27.800000 1 1
1956 03 03 19.600000 1 1
1956 03 04 23.600000 1 1
1956 03 05 23.200000 1 1
1956 03 06 22.600000 1 1
1956 03 07 22.400000 1 1
1956 03 08 22.000000 1 1
1956 03 09 21.600000 1 1
1956 03 10 19.600000 1 1
1956 03 11 29.900000 1 1
1956 03 12 49.100000 1 1
1956 03 13 23.600000 1 1
1956 03 14 15.900000 1 1
1956 03 15 16.800000 1 1
1956 03 16 13.200000 1 1
1956 03 17 12.700000 1 1
1956 03 18 12.100000 1 1
1956 03 19 11.800000 1 1
1956 03 20 11.800000 1 1
1956 03 21 11.100000 1 1
1956 03 22 10.800000 1 1
1956 03 23 10.800000 1 1
1956 03 24 15.900000 1 1
1956 03 25 17.700000 1 1
1956 03 26 14.500000 1 1
1956 03 27 12.400000 1 1
1956 03 28 11.600000 1 1
1956 03 29 10.800000 1 1
1956 03 30 14.100000 1 1
1956 03 31 25.600000 1 1
1956 04 01 19.600000 1 1
1956 04 02 16.600000 1 1
1956 04 03 17.700000 1 1
1956 04 04 16.800000 1 1
1956 04 05 15.900000 1 1
1956 04 06 15.900000 1 1
1956 04 07 15.000000 1 1
1956 04 08 14.100000 1 1
1956 04 09 17.700000 1 1
1956 04 10 18.600000 1 1
1956 04 11 17.700000 1 1
1956 04 12 19.600000 1 1
1956 04 13 23.600000 1 1
1956 04 14 19.600000 1 1
1956 04 15 14.100000 1 1
1956 04 16 13.200000 1 1
1956 04 17 13.100000 1 1
1956 04 18 12.400000 1 1
1956 04 19 13.100000 1 1
1956 04 20 12.700000 1 1
1956 04 21 12.400000 1 1
1956 04 22 12.600000 1 1
1956 04 23 12.200000 1 1
1956 04 24 12.200000 1 1
1956 04 25 12.400000 1 1
1956 04 26 12.100000 1 1
1956 04 27 11.800000 1 1
1956 04 28 11.400000 1 1
1956 04 29 11.000000 1 1
1956 04 30 11.100000 1 1
1956 05 01 14.100000 1 1
1956 05 02 15.900000 1 1
1956 05 03 15.900000 1 1
1956 05 04 15.000000 1 1
1956 05 05 14.100000 1 1
1956 05 06 19.600000 1 1
1956 05 07 15.900000 1 1
1956 05 08 15.000000 1 1
1956 05 09 15.200000 1 1
1956 05 10 15.500000 1 1
1956 05 11 14.100000 1 1
1956 05 12 14.100000 1 1
1956 05 13 12.700000 1 1
1956 05 14 12.700000 1 1
1956 05 15 10.800000 1 1
1956 05 16 10.800000 1 1
1956 05 17 11.100000 1 1
1956 05 18 11.600000 1 1
1956 05 19 11.400000 1 1
1956 05 20 11.900000 1 1
1956 05 21 11.400000 1 1
1956 05 22 11.600000 1 1
1956 05 23 10.800000 1 1
1956 05 24 10.800000 1 1
1956 05 25 11.300000 1 1
1956 05 26 10.800000 1 1
1956 05 27 11.100000 1 1
1956 05 28 11.100000 1 1
1956 05 29 10.800000 1 1
1956 05 30 10.500000 1 1
1956 05 31 10.300000 1 1
1956 06 01 10.800000 1 1
1956 06 02 10.800000 1 1
1956 06 03 11.300000 1 1
1956 06 04 11.100000 1 1
1956 06 05 10.800000 1 1
1956 06 06 10.600000 1 1
1956 06 07 10.500000 1 1
1956 06 08 10.500000 1 1
1956 06 09 10.800000 1 1
1956 06 10 11.600000 1 1
1956 06 11 11.900000 1 1
1956 06 12 11.400000 1 1
1956 06 13 10.800000 1 1
1956 06 14 11.000000 1 1
1956 06 15 10.800000 1 1
1956 06 16 10.800000 1 1
1956 06 17 10.500000 1 1
1956 06 18 10.500000 1 1
1956 06 19 10.600000 1 1
1956 06 20 10.800000 1 1
1956 06 21 10.800000 1 1
1956 06 22 11.100000 1 1
1956 06 23 11.300000 1 1
1956 06 24 10.800000 1 1
1956 06 25 10.500000 1 1
1956 06 26 10.500000 1 1
1956 06 27 10.500000 1 1
1956 06 28 10.300000 1 1
1956 06 29 10.200000 1 1
1956 06 30 9.870000 1 1
1956 07 01 9.870000 1 1
1956 07 02 9.560000 1 1
1956 07 03 9.710000 1 1
1956 07 04 10.000000 1 1
1956 07 05 9.870000 1 1
1956 07 06 9.560000 1 1
1956 07 07 9.560000 1 1
1956 07 08 9.400000 1 1
1956 07 09 9.250000 1 1
1956 07 10 9.100000 1 1
1956 07 11 9.100000 1 1
1956 07 12 8.960000 1 1
1956 07 13 8.960000 1 1
1956 07 14 8.810000 1 1
1956 07 15 8.660000 1 1
1956 07 16 9.100000 1 1
1956 07 17 9.250000 1 1
1956 07 18 9.250000 1 1
1956 07 19 9.100000 1 1
1956 07 20 8.660000 1 1
1956 07 21 8.510000 1 1
1956 07 22 8.370000 1 1
1956 07 23 8.810000 1 1
1956 07 24 9.100000 1 1
1956 07 25 9.250000 1 1
1956 07 26 9.400000 1 1
1956 07 27 9.710000 1 1
1956 07 28 9.870000 1 1
1956 07 29 9.250000 1 1
1956 07 30 10.800000 1 1
1956 07 31 14.100000 1 1
1956 08 01 10.800000 1 1
1956 08 02 10.600000 1 1
1956 08 03 10.300000 1 1
1956 08 04 9.870000 1 1
1956 08 05 9.400000 1 1
1956 08 06 9.250000 1 1
1956 08 07 9.100000 1 1
1956 08 08 8.960000 1 1
1956 08 09 8.810000 1 1
1956 08 10 8.810000 1 1
1956 08 11 8.510000 1 1
1956 08 12 8.510000 1 1
1956 08 13 8.660000 1 1
1956 08 14 8.370000 1 1
1956 08 15 8.370000 1 1
1956 08 16 8.370000 1 1
1956 08 17 8.220000 1 1
1956 08 18 8.220000 1 1
1956 08 19 8.220000 1 1
1956 08 20 8.070000 1 1
1956 08 21 8.070000 1 1
1956 08 22 7.930000 1 1
1956 08 23 8.070000 1 1
1956 08 24 7.930000 1 1
1956 08 25 7.780000 1 1
1956 08 26 9.250000 1 1
1956 08 27 10.800000 1 1
1956 08 28 13.100000 1 1
1956 08 29 8.510000 1 1
1956 08 30 7.780000 1 1
1956 08 31 7.500000 1 1
1956 09 01 7.780000 1 1
1956 09 02 8.660000 1 1
1956 09 03 8.660000 1 1
1956 09 04 8.810000 1 1
1956 09 05 8.960000 1 1
1956 09 06 9.100000 1 1
1956 09 07 9.100000 1 1
1956 09 08 9.250000 1 1
1956 09 09 9.250000 1 1
1956 09 10 10.800000 1 1
1956 09 11 16.800000 1 1
1956 09 12 10.800000 1 1
1956 09 13 9.400000 1 1
1956 09 14 9.250000 1 1
1956 09 15 8.960000 1 1
1956 09 16 8.960000 1 1
1956 09 17 8.660000 1 1
1956 09 18 8.510000 1 1
1956 09 19 8.220000 1 1
1956 09 20 7.780000 1 1
1956 09 21 7.500000 1 1
1956 09 22 7.220000 1 1
1956 09 23 6.950000 1 1
1956 09 24 6.810000 1 1
1956 09 25 6.950000 1 1
1956 09 26 7.080000 1 1
1956 09 27 7.220000 1 1
1956 09 28 7.220000 1 1
1956 09 29 7.500000 1 1
1956 09 30 7.780000 1 1
1956 10 01 8.070000 1 1
1956 10 02 7.780000 1 1
1956 10 03 7.640000 1 1
1956 10 04 7.640000 1 1
1956 10 05 7.500000 1 1
1956 10 06 7.780000 1 1
1956 10 07 8.370000 1 1
1956 10 08 8.070000 1 1
1956 10 09 7.780000 1 1
1956 10 10 7.640000 1 1
1956 10 11 7.500000 1 1
1956 10 12 7.220000 1 1
1956 10 13 7.220000 1 1
1956 10 14 7.080000 1 1
1956 10 15 7.220000 1 1
1956 10 16 7.500000 1 1
1956 10 17 7.780000 1 1
1956 10 18 7.780000 1 1
1956 10 19 10.800000 1 1
1956 10 20 6.810000 1 1
1956 10 21 6.530000 1 1
1956 10 22 6.390000 1 1
1956 10 23 6.670000 1 1
1956 10 24 6.810000 1 1
1956 10 25 6.950000 1 1
1956 10 26 7.780000 1 1
1956 10 27 17.700000 1 1
1956 10 28 16.800000 1 1
1956 10 29 10.800000 1 1
1956 10 30 9.250000 1 1
1956 10 31 8.660000 1 1
1956 11 01 7.780000 1 1
1956 11 02 7.640000 1 1
1956 11 03 7.640000 1 1
1956 11 04 7.500000 1 1
1956 11 05 7.500000 1 1
1956 11 06 8.510000 1 1
1956 11 07 10.800000 1 1
1956 11 08 9.870000 1 1
1956 11 09 9.250000 1 1
1956 11 10 8.660000 1 1
1956 11 11 8.070000 1 1
1956 11 12 7.780000 1 1
1956 11 13 7.500000 1 1
1956 11 14 7.360000 1 1
1956 11 15 7.220000 1 1
1956 11 16 6.670000 1 1
1956 11 17 6.530000 1 1
1956 11 18 6.530000 1 1
1956 11 19 6.390000 1 1
1956 11 20 7.640000 1 1
1956 11 21 7.780000 1 1
1956 11 22 8.220000 1 1
1956 11 23 10.800000 1 1
1956 11 24 26.900000 1 1
1956 11 25 29.900000 1 1
1956 11 26 19.600000 1 1
1956 11 27 15.900000 1 1
1956 11 28 10.800000 1 1
1956 11 29 9.250000 1 1
1956 11 30 8.510000 1 1
1956 12 01 8.070000 1 1
1956 12 02 9.250000 1 1
1956 12 03 18.600000 1 1
1956 12 04 10.800000 1 1
1956 12 05 8.660000 1 1
1956 12 06 8.370000 1 1
1956 12 07 8.220000 1 1
1956 12 08 8.070000 1 1
1956 12 09 8.070000 1 1
1956 12 10 10.800000 1 1
1956 12 11 17.700000 1 1
1956 12 12 29.900000 1 1
1956 12 13 19.600000 1 1
1956 12 14 14.600000 1 1
1956 12 15 12.400000 1 1
1956 12 16 7.780000 1 1
1956 12 17 8.220000 1 1
1956 12 18 9.400000 1 1
1956 12 19 10.800000 1 1
1956 12 20 12.400000 1 1
1956 12 21 10.800000 1 1
1956 12 22 17.700000 1 1
1956 12 23 34.400000 1 1
1956 12 24 46.500000 1 1
1956 12 25 29.900000 1 1
1956 12 26 29.900000 1 1
1956 12 27 49.100000 1 1
1956 12 28 29.900000 1 1
1956 12 29 10.800000 1 1
1956 12 30 10.800000 1 1
1956 12 31 10.800000 1 1
