year month day streamflow_m3s qual_control_by_ana qual_flag
1965 05 01 nan nan 0
1965 05 02 nan nan 0
1965 05 03 nan nan 0
1965 05 04 nan nan 0
1965 05 05 nan nan 0
1965 05 06 nan nan 0
1965 05 07 nan nan 0
1965 05 08 nan nan 0
1965 05 09 nan nan 0
1965 05 10 nan nan 0
1965 05 11 nan nan 0
1965 05 12 nan nan 0
1965 05 13 nan nan 0
1965 05 14 nan nan 0
1965 05 15 nan nan 0
1965 05 16 nan nan 0
1965 05 17 nan nan 0
1965 05 18 nan nan 0
1965 05 19 nan nan 0
1965 05 20 nan nan 0
1965 05 21 nan nan 0
1965 05 22 nan nan 0
1965 05 23 nan nan 0
1965 05 24 nan nan 0
1965 05 25 nan nan 0
1965 05 26 nan nan 0
1965 05 27 0.881000 1 1
1965 05 28 0.842000 1 1
1965 05 29 0.842000 1 1
1965 05 30 0.802000 1 1
1965 05 31 0.762000 1 1
1965 06 01 0.762000 1 1
1965 06 02 0.762000 1 1
1965 06 03 0.762000 1 1
1965 06 04 0.762000 1 1
1965 06 05 0.723000 1 1
1965 06 06 0.723000 1 1
1965 06 07 0.723000 1 1
1965 06 08 0.684000 1 1
1965 06 09 0.684000 1 1
1965 06 10 0.684000 1 1
1965 06 11 0.684000 1 1
1965 06 12 0.684000 1 1
1965 06 13 0.644000 1 1
1965 06 14 0.644000 1 1
1965 06 15 0.684000 1 1
1965 06 16 0.644000 1 1
1965 06 17 0.644000 1 1
1965 06 18 0.644000 1 1
1965 06 19 0.644000 1 1
1965 06 20 0.604000 1 1
1965 06 21 0.604000 1 1
1965 06 22 0.604000 1 1
1965 06 23 0.604000 1 1
1965 06 24 0.604000 1 1
1965 06 25 0.565000 1 1
1965 06 26 0.604000 1 1
1965 06 27 0.565000 1 1
1965 06 28 0.565000 1 1
1965 06 29 0.565000 1 1
1965 06 30 0.565000 1 1
1965 07 01 0.565000 1 1
1965 07 02 0.536000 1 1
1965 07 03 0.565000 1 1
1965 07 04 0.565000 1 1
1965 07 05 0.536000 1 1
1965 07 06 0.506000 1 1
1965 07 07 0.477000 1 1
1965 07 08 0.506000 1 1
1965 07 09 0.506000 1 1
1965 07 10 0.536000 1 1
1965 07 11 0.536000 1 1
1965 07 12 0.506000 1 1
1965 07 13 0.536000 1 1
1965 07 14 0.506000 1 1
1965 07 15 0.506000 1 1
1965 07 16 0.536000 1 1
1965 07 17 0.506000 1 1
1965 07 18 0.506000 1 1
1965 07 19 0.506000 1 1
1965 07 20 0.506000 1 1
1965 07 21 0.477000 1 1
1965 07 22 0.477000 1 1
1965 07 23 0.477000 1 1
1965 07 24 0.477000 1 1
1965 07 25 0.477000 1 1
1965 07 26 0.477000 1 1
1965 07 27 0.447000 1 1
1965 07 28 0.447000 1 1
1965 07 29 0.447000 1 1
1965 07 30 0.447000 1 1
1965 07 31 0.447000 1 1
1965 08 01 0.418000 1 1
1965 08 02 0.447000 1 1
1965 08 03 0.447000 1 1
1965 08 04 0.447000 1 1
1965 08 05 0.447000 1 1
1965 08 06 0.447000 1 1
1965 08 07 0.447000 1 1
1965 08 08 0.447000 1 1
1965 08 09 0.447000 1 1
1965 08 10 0.418000 1 1
1965 08 11 0.418000 1 1
1965 08 12 0.418000 1 1
1965 08 13 0.418000 1 1
1965 08 14 0.418000 1 1
1965 08 15 0.388000 1 1
1965 08 16 0.388000 1 1
1965 08 17 0.388000 1 1
1965 08 18 0.388000 1 1
1965 08 19 0.359000 1 1
1965 08 20 1.190000 1 1
1965 08 21 0.506000 1 1
1965 08 22 0.418000 1 1
1965 08 23 0.388000 1 1
1965 08 24 0.359000 1 1
1965 08 25 0.359000 1 1
1965 08 26 0.359000 1 1
1965 08 27 0.359000 1 1
1965 08 28 0.388000 1 1
1965 08 29 0.388000 1 1
1965 08 30 0.388000 1 1
1965 08 31 0.359000 1 1
1965 09 01 0.388000 1 1
1965 09 02 0.388000 1 1
1965 09 03 0.388000 1 1
1965 09 04 0.388000 1 1
1965 09 05 0.359000 1 1
1965 09 06 0.359000 1 1
1965 09 07 0.359000 1 1
1965 09 08 0.329000 1 1
1965 09 09 0.329000 1 1
1965 09 10 0.329000 1 1
1965 09 11 0.329000 1 1
1965 09 12 0.329000 1 1
1965 09 13 0.329000 1 1
1965 09 14 0.329000 1 1
1965 09 15 0.329000 1 1
1965 09 16 0.329000 1 1
1965 09 17 0.329000 1 1
1965 09 18 0.329000 1 1
1965 09 19 0.329000 1 1
1965 09 20 0.329000 1 1
1965 09 21 0.329000 1 1
1965 09 22 0.329000 1 1
1965 09 23 0.300000 1 1
1965 09 24 0.300000 1 1
1965 09 25 0.300000 1 1
1965 09 26 0.300000 1 1
1965 09 27 0.300000 1 1
1965 09 28 0.506000 1 1
1965 09 29 1.430000 1 1
1965 09 30 0.447000 1 1
1965 10 01 0.447000 1 1
1965 10 02 0.418000 1 1
1965 10 03 0.388000 1 1
1965 10 04 0.359000 1 1
1965 10 05 0.447000 1 1
1965 10 06 0.359000 1 1
1965 10 07 0.359000 1 1
1965 10 08 0.329000 1 1
1965 10 09 0.329000 1 1
1965 10 10 0.329000 1 1
1965 10 11 0.329000 1 1
1965 10 12 0.329000 1 1
1965 10 13 0.329000 1 1
1965 10 14 0.300000 1 1
1965 10 15 0.329000 1 1
1965 10 16 0.329000 1 1
1965 10 17 0.329000 1 1
1965 10 18 0.388000 1 1
1965 10 19 0.447000 1 1
1965 10 20 0.359000 1 1
1965 10 21 0.447000 1 1
1965 10 22 0.359000 1 1
1965 10 23 0.359000 1 1
1965 10 24 0.388000 1 1
1965 10 25 0.329000 1 1
1965 10 26 0.536000 1 1
1965 10 27 0.388000 1 1
1965 10 28 0.447000 1 1
1965 10 29 0.418000 1 1
1965 10 30 2.070000 1 1
1965 10 31 7.230000 1 1
1965 11 01 1.630000 1 1
1965 11 02 0.604000 1 1
1965 11 03 0.565000 1 1
1965 11 04 0.506000 1 1
1965 11 05 0.477000 1 1
1965 11 06 0.418000 1 1
1965 11 07 0.388000 1 1
1965 11 08 0.359000 1 1
1965 11 09 0.359000 1 1
1965 11 10 0.762000 1 1
1965 11 11 0.565000 1 1
1965 11 12 0.920000 1 1
1965 11 13 0.842000 1 1
1965 11 14 1.050000 1 1
1965 11 15 1.630000 1 1
1965 11 16 1.630000 1 1
1965 11 17 5.670000 1 1
1965 11 18 0.762000 1 1
1965 11 19 0.920000 1 1
1965 11 20 1.050000 1 1
1965 11 21 1.530000 1 1
1965 11 22 1.630000 1 1
1965 11 23 1.430000 1 1
1965 11 24 2.420000 1 1
1965 11 25 2.020000 1 1
1965 11 26 7.500000 1 1
1965 11 27 6.890000 1 1
1965 11 28 2.530000 1 1
1965 11 29 1.240000 1 1
1965 11 30 0.960000 1 1
1965 12 01 0.960000 1 1
1965 12 02 1.380000 1 1
1965 12 03 5.370000 1 1
1965 12 04 5.140000 1 1
1965 12 05 1.430000 1 1
1965 12 06 1.190000 1 1
1965 12 07 1.970000 1 1
1965 12 08 2.320000 1 1
1965 12 09 2.120000 1 1
1965 12 10 1.630000 1 1
1965 12 11 1.480000 1 1
1965 12 12 1.430000 1 1
1965 12 13 1.380000 1 1
1965 12 14 1.050000 1 1
1965 12 15 1.290000 1 1
1965 12 16 0.802000 1 1
1965 12 17 0.762000 1 1
1965 12 18 0.762000 1 1
1965 12 19 0.723000 1 1
1965 12 20 0.723000 1 1
1965 12 21 0.802000 1 1
1965 12 22 0.920000 1 1
1965 12 23 0.920000 1 1
1965 12 24 0.920000 1 1
1965 12 25 0.960000 1 1
1965 12 26 2.320000 1 1
1965 12 27 0.802000 1 1
1965 12 28 0.762000 1 1
1965 12 29 0.684000 1 1
1965 12 30 0.644000 1 1
1965 12 31 0.644000 1 1
1966 01 01 2.380000 1 1
1966 01 02 2.190000 1 1
1966 01 03 3.210000 1 1
1966 01 04 2.290000 1 1
1966 01 05 4.780000 1 1
1966 01 06 2.290000 1 1
1966 01 07 2.540000 1 1
1966 01 08 2.380000 1 1
1966 01 09 2.970000 1 1
1966 01 10 3.570000 1 1
1966 01 11 5.590000 1 1
1966 01 12 2.430000 1 1
1966 01 13 5.370000 1 1
1966 01 14 5.990000 1 1
1966 01 15 2.480000 1 1
1966 01 16 3.210000 1 1
1966 01 17 2.240000 1 1
1966 01 18 2.010000 1 1
1966 01 19 1.920000 1 1
1966 01 20 1.830000 1 1
1966 01 21 1.700000 1 1
1966 01 22 1.660000 1 1
1966 01 23 1.660000 1 1
1966 01 24 1.570000 1 1
1966 01 25 1.530000 1 1
1966 01 26 1.490000 1 1
1966 01 27 1.440000 1 1
1966 01 28 1.400000 1 1
1966 01 29 1.400000 1 1
1966 01 30 1.360000 1 1
1966 01 31 1.310000 1 1
1966 02 01 2.150000 1 1
1966 02 02 5.370000 1 1
1966 02 03 5.070000 1 1
1966 02 04 10.200000 1 1
1966 02 05 6.640000 1 1
1966 02 06 2.810000 1 1
1966 02 07 2.100000 1 1
1966 02 08 2.010000 1 1
1966 02 09 1.790000 1 1
1966 02 10 1.700000 1 1
1966 02 11 1.700000 1 1
1966 02 12 1.620000 1 1
1966 02 13 1.620000 1 1
1966 02 14 1.570000 1 1
1966 02 15 1.530000 1 1
1966 02 16 1.530000 1 1
1966 02 17 1.490000 1 1
1966 02 18 1.490000 1 1
1966 02 19 1.440000 1 1
1966 02 20 1.440000 1 1
1966 02 21 1.400000 1 1
1966 02 22 1.400000 1 1
1966 02 23 1.400000 1 1
1966 02 24 1.360000 1 1
1966 02 25 1.360000 1 1
1966 02 26 1.360000 1 1
1966 02 27 1.310000 1 1
1966 02 28 1.310000 1 1
1966 03 01 1.310000 1 1
1966 03 02 1.270000 1 1
1966 03 03 2.050000 1 1
1966 03 04 3.760000 1 1
1966 03 05 3.700000 1 1
1966 03 06 3.030000 1 1
1966 03 07 6.890000 1 1
1966 03 08 8.410000 1 1
1966 03 09 8.130000 1 1
1966 03 10 4.850000 1 1
1966 03 11 10.100000 1 1
1966 03 12 2.650000 1 1
1966 03 13 1.870000 1 1
1966 03 14 1.740000 1 1
1966 03 15 1.700000 1 1
1966 03 16 1.700000 1 1
1966 03 17 1.660000 1 1
1966 03 18 1.620000 1 1
1966 03 19 1.620000 1 1
1966 03 20 1.570000 1 1
1966 03 21 1.570000 1 1
1966 03 22 1.530000 1 1
1966 03 23 1.530000 1 1
1966 03 24 1.490000 1 1
1966 03 25 1.440000 1 1
1966 03 26 1.400000 1 1
1966 03 27 1.400000 1 1
1966 03 28 1.360000 1 1
1966 03 29 1.310000 1 1
1966 03 30 1.270000 1 1
1966 03 31 1.270000 1 1
1966 04 01 1.100000 1 1
1966 04 02 11.500000 1 1
1966 04 03 5.990000 1 1
1966 04 04 1.660000 1 1
1966 04 05 1.360000 1 1
1966 04 06 1.310000 1 1
1966 04 07 1.310000 1 1
1966 04 08 1.270000 1 1
1966 04 09 1.270000 1 1
1966 04 10 1.230000 1 1
1966 04 11 1.230000 1 1
1966 04 12 1.190000 1 1
1966 04 13 1.140000 1 1
1966 04 14 1.140000 1 1
1966 04 15 1.100000 1 1
1966 04 16 1.100000 1 1
1966 04 17 1.060000 1 1
1966 04 18 1.060000 1 1
1966 04 19 1.020000 1 1
1966 04 20 0.980000 1 1
1966 04 21 0.980000 1 1
1966 04 22 0.980000 1 1
1966 04 23 0.940000 1 1
1966 04 24 0.940000 1 1
1966 04 25 0.940000 1 1
1966 04 26 0.940000 1 1
1966 04 27 0.940000 1 1
1966 04 28 0.900000 1 1
1966 04 29 0.940000 1 1
1966 04 30 0.900000 1 1
1966 05 01 0.940000 1 1
1966 05 02 0.900000 1 1
1966 05 03 0.900000 1 1
1966 05 04 0.900000 1 1
1966 05 05 0.860000 1 1
1966 05 06 0.860000 1 1
1966 05 07 0.860000 1 1
1966 05 08 0.860000 1 1
1966 05 09 0.860000 1 1
1966 05 10 1.530000 1 1
1966 05 11 1.060000 1 1
1966 05 12 0.940000 1 1
1966 05 13 0.900000 1 1
1966 05 14 0.860000 1 1
1966 05 15 0.820000 1 1
1966 05 16 0.940000 1 1
1966 05 17 0.940000 1 1
1966 05 18 0.900000 1 1
1966 05 19 0.860000 1 1
1966 05 20 0.860000 1 1
1966 05 21 0.820000 1 1
1966 05 22 0.820000 1 1
1966 05 23 0.820000 1 1
1966 05 24 0.900000 1 1
1966 05 25 0.860000 1 1
1966 05 26 0.820000 1 1
1966 05 27 0.820000 1 1
1966 05 28 0.780000 1 1
1966 05 29 0.780000 1 1
1966 05 30 0.740000 1 1
1966 05 31 0.740000 1 1
1966 06 01 0.740000 1 1
1966 06 02 0.740000 1 1
1966 06 03 0.700000 1 1
1966 06 04 0.740000 1 1
1966 06 05 0.700000 1 1
1966 06 06 0.700000 1 1
1966 06 07 0.700000 1 1
1966 06 08 0.700000 1 1
1966 06 09 0.700000 1 1
1966 06 10 0.700000 1 1
1966 06 11 0.700000 1 1
1966 06 12 0.668000 1 1
1966 06 13 0.668000 1 1
1966 06 14 0.668000 1 1
1966 06 15 0.668000 1 1
1966 06 16 0.668000 1 1
1966 06 17 0.668000 1 1
1966 06 18 0.635000 1 1
1966 06 19 0.635000 1 1
1966 06 20 0.635000 1 1
1966 06 21 0.635000 1 1
1966 06 22 0.635000 1 1
1966 06 23 0.602000 1 1
1966 06 24 0.602000 1 1
1966 06 25 0.602000 1 1
1966 06 26 0.602000 1 1
1966 06 27 0.570000 1 1
1966 06 28 0.602000 1 1
1966 06 29 0.668000 1 1
1966 06 30 0.740000 1 1
1966 07 01 0.570000 1 1
1966 07 02 0.570000 1 1
1966 07 03 0.570000 1 1
1966 07 04 0.570000 1 1
1966 07 05 0.570000 1 1
1966 07 06 0.570000 1 1
1966 07 07 0.538000 1 1
1966 07 08 0.538000 1 1
1966 07 09 0.538000 1 1
1966 07 10 0.505000 1 1
1966 07 11 0.505000 1 1
1966 07 12 0.505000 1 1
1966 07 13 0.505000 1 1
1966 07 14 0.505000 1 1
1966 07 15 0.473000 1 1
1966 07 16 0.505000 1 1
1966 07 17 0.505000 1 1
1966 07 18 0.505000 1 1
1966 07 19 0.505000 1 1
1966 07 20 0.473000 1 1
1966 07 21 0.505000 1 1
1966 07 22 0.505000 1 1
1966 07 23 0.473000 1 1
1966 07 24 0.473000 1 1
1966 07 25 0.473000 1 1
1966 07 26 0.473000 1 1
1966 07 27 0.473000 1 1
1966 07 28 0.440000 1 1
1966 07 29 0.440000 1 1
1966 07 30 0.440000 1 1
1966 07 31 0.440000 1 1
1966 08 01 0.473000 1 1
1966 08 02 0.440000 1 1
1966 08 03 0.440000 1 1
1966 08 04 0.440000 1 1
1966 08 05 0.440000 1 1
1966 08 06 0.440000 1 1
1966 08 07 0.440000 1 1
1966 08 08 0.440000 1 1
1966 08 09 0.440000 1 1
1966 08 10 0.440000 1 1
1966 08 11 0.440000 1 1
1966 08 12 0.408000 1 1
1966 08 13 0.408000 1 1
1966 08 14 0.408000 1 1
1966 08 15 0.408000 1 1
1966 08 16 0.408000 1 1
1966 08 17 0.440000 1 1
1966 08 18 0.408000 1 1
1966 08 19 0.408000 1 1
1966 08 20 0.440000 1 1
1966 08 21 0.408000 1 1
1966 08 22 0.408000 1 1
1966 08 23 0.408000 1 1
1966 08 24 0.440000 1 1
1966 08 25 0.408000 1 1
1966 08 26 0.440000 1 1
1966 08 27 0.408000 1 1
1966 08 28 0.408000 1 1
1966 08 29 0.408000 1 1
1966 08 30 0.408000 1 1
1966 08 31 0.440000 1 1
1966 09 01 0.408000 1 1
1966 09 02 0.408000 1 1
1966 09 03 0.375000 1 1
1966 09 04 0.375000 1 1
1966 09 05 0.375000 1 1
1966 09 06 0.375000 1 1
1966 09 07 0.375000 1 1
1966 09 08 0.375000 1 1
1966 09 09 0.353000 1 1
1966 09 10 0.353000 1 1
1966 09 11 0.353000 1 1
1966 09 12 0.353000 1 1
1966 09 13 0.332000 1 1
1966 09 14 0.353000 1 1
1966 09 15 0.332000 1 1
1966 09 16 0.332000 1 1
1966 09 17 0.332000 1 1
1966 09 18 0.311000 1 1
1966 09 19 0.311000 1 1
1966 09 20 0.332000 1 1
1966 09 21 0.353000 1 1
1966 09 22 0.353000 1 1
1966 09 23 0.375000 1 1
1966 09 24 0.353000 1 1
1966 09 25 0.375000 1 1
1966 09 26 0.353000 1 1
1966 09 27 0.332000 1 1
1966 09 28 0.353000 1 1
1966 09 29 0.353000 1 1
1966 09 30 0.353000 1 1
1966 10 01 0.353000 1 1
1966 10 02 0.353000 1 1
1966 10 03 0.353000 1 1
1966 10 04 0.375000 1 1
1966 10 05 0.375000 1 1
1966 10 06 0.375000 1 1
1966 10 07 0.375000 1 1
1966 10 08 0.375000 1 1
1966 10 09 0.375000 1 1
1966 10 10 0.375000 1 1
1966 10 11 0.353000 1 1
1966 10 12 0.332000 1 1
1966 10 13 0.332000 1 1
1966 10 14 0.311000 1 1
1966 10 15 0.311000 1 1
1966 10 16 0.311000 1 1
1966 10 17 0.332000 1 1
1966 10 18 0.332000 1 1
1966 10 19 0.332000 1 1
1966 10 20 0.353000 1 1
1966 10 21 0.353000 1 1
1966 10 22 0.353000 1 1
1966 10 23 0.408000 1 1
1966 10 24 0.375000 1 1
1966 10 25 0.440000 1 1
1966 10 26 0.505000 1 1
1966 10 27 0.602000 1 1
1966 10 28 0.538000 1 1
1966 10 29 0.635000 1 1
1966 10 30 0.602000 1 1
1966 10 31 0.538000 1 1
1966 11 01 0.538000 1 1
1966 11 02 0.473000 1 1
1966 11 03 0.538000 1 1
1966 11 04 0.408000 1 1
1966 11 05 0.375000 1 1
1966 11 06 0.311000 1 1
1966 11 07 0.289000 1 1
1966 11 08 0.289000 1 1
1966 11 09 0.289000 1 1
1966 11 10 0.289000 1 1
1966 11 11 0.311000 1 1
1966 11 12 0.332000 1 1
1966 11 13 0.473000 1 1
1966 11 14 0.602000 1 1
1966 11 15 0.635000 1 1
1966 11 16 0.311000 1 1
1966 11 17 0.332000 1 1
1966 11 18 0.311000 1 1
1966 11 19 0.289000 1 1
1966 11 20 0.246000 1 1
1966 11 21 0.225000 1 1
1966 11 22 0.246000 1 1
1966 11 23 0.332000 1 1
1966 11 24 0.311000 1 1
1966 11 25 0.268000 1 1
1966 11 26 0.225000 1 1
1966 11 27 1.060000 1 1
1966 11 28 1.100000 1 1
1966 11 29 0.311000 1 1
1966 11 30 0.246000 1 1
1966 12 01 0.246000 1 1
1966 12 02 0.225000 1 1
1966 12 03 0.225000 1 1
1966 12 04 0.246000 1 1
1966 12 05 1.060000 1 1
1966 12 06 0.635000 1 1
1966 12 07 0.246000 1 1
1966 12 08 0.246000 1 1
1966 12 09 0.268000 1 1
1966 12 10 0.332000 1 1
1966 12 11 0.311000 1 1
1966 12 12 0.311000 1 1
1966 12 13 0.311000 1 1
1966 12 14 0.311000 1 1
1966 12 15 0.311000 1 1
1966 12 16 0.570000 1 1
1966 12 17 0.505000 1 1
1966 12 18 0.538000 1 1
1966 12 19 0.570000 1 1
1966 12 20 0.602000 1 1
1966 12 21 0.635000 1 1
1966 12 22 0.602000 1 1
1966 12 23 0.668000 1 1
1966 12 24 0.740000 1 1
1966 12 25 0.780000 1 1
1966 12 26 0.820000 1 1
1966 12 27 0.780000 1 1
1966 12 28 0.740000 1 1
1966 12 29 0.860000 1 1
1966 12 30 0.780000 1 1
1966 12 31 0.740000 1 1
1967 01 01 0.956000 1 1
1967 01 02 0.956000 1 1
1967 01 03 1.120000 1 1
1967 01 04 1.120000 1 1
1967 01 05 1.240000 1 1
1967 01 06 1.240000 1 1
1967 01 07 1.200000 1 1
1967 01 08 1.200000 1 1
1967 01 09 1.240000 1 1
1967 01 10 1.160000 1 1
1967 01 11 1.080000 1 1
1967 01 12 1.200000 1 1
1967 01 13 1.160000 1 1
1967 01 14 1.240000 1 1
1967 01 15 1.630000 1 1
1967 01 16 1.500000 1 1
1967 01 17 1.720000 1 1
1967 01 18 1.670000 1 1
1967 01 19 1.120000 1 1
1967 01 20 0.915000 1 1
1967 01 21 1.080000 1 1
1967 01 22 1.120000 1 1
1967 01 23 1.040000 1 1
1967 01 24 1.160000 1 1
1967 01 25 1.240000 1 1
1967 01 26 1.320000 1 1
1967 01 27 1.500000 1 1
1967 01 28 1.450000 1 1
1967 01 29 1.450000 1 1
1967 01 30 2.300000 1 1
1967 01 31 1.540000 1 1
1967 02 01 1.890000 1 1
1967 02 02 1.720000 1 1
1967 02 03 1.630000 1 1
1967 02 04 1.630000 1 1
1967 02 05 1.630000 1 1
1967 02 06 1.580000 1 1
1967 02 07 1.760000 1 1
1967 02 08 1.630000 1 1
1967 02 09 1.630000 1 1
1967 02 10 1.580000 1 1
1967 02 11 1.850000 1 1
1967 02 12 1.760000 1 1
1967 02 13 1.800000 1 1
1967 02 14 1.720000 1 1
1967 02 15 1.670000 1 1
1967 02 16 1.580000 1 1
1967 02 17 1.630000 1 1
1967 02 18 1.500000 1 1
1967 02 19 1.450000 1 1
1967 02 20 1.280000 1 1
1967 02 21 1.240000 1 1
1967 02 22 1.200000 1 1
1967 02 23 1.160000 1 1
1967 02 24 1.040000 1 1
1967 02 25 0.956000 1 1
1967 02 26 0.915000 1 1
1967 02 27 0.915000 1 1
1967 02 28 0.880000 1 1
1967 03 01 0.845000 1 1
1967 03 02 0.845000 1 1
1967 03 03 0.810000 1 1
1967 03 04 0.775000 1 1
1967 03 05 0.740000 1 1
1967 03 06 0.775000 1 1
1967 03 07 0.740000 1 1
1967 03 08 0.705000 1 1
1967 03 09 0.740000 1 1
1967 03 10 0.810000 1 1
1967 03 11 0.775000 1 1
1967 03 12 0.775000 1 1
1967 03 13 0.455000 1 1
1967 03 14 1.160000 1 1
1967 03 15 1.240000 1 1
1967 03 16 1.240000 1 1
1967 03 17 1.040000 1 1
1967 03 18 0.915000 1 1
1967 03 19 1.280000 1 1
1967 03 20 1.320000 1 1
1967 03 21 1.120000 1 1
1967 03 22 1.200000 1 1
1967 03 23 1.120000 1 1
1967 03 24 1.120000 1 1
1967 03 25 1.080000 1 1
1967 03 26 1.080000 1 1
1967 03 27 1.040000 1 1
1967 03 28 1.040000 1 1
1967 03 29 1.080000 1 1
1967 03 30 1.040000 1 1
1967 03 31 1.040000 1 1
1967 04 01 0.705000 1 1
1967 04 02 0.705000 1 1
1967 04 03 0.705000 1 1
1967 04 04 0.670000 1 1
1967 04 05 0.670000 1 1
1967 04 06 0.670000 1 1
1967 04 07 0.635000 1 1
1967 04 08 0.635000 1 1
1967 04 09 0.670000 1 1
1967 04 10 0.635000 1 1
1967 04 11 0.635000 1 1
1967 04 12 0.670000 1 1
1967 04 13 0.635000 1 1
1967 04 14 0.635000 1 1
1967 04 15 0.600000 1 1
1967 04 16 0.670000 1 1
1967 04 17 0.670000 1 1
1967 04 18 0.670000 1 1
1967 04 19 0.670000 1 1
1967 04 20 0.670000 1 1
1967 04 21 0.670000 1 1
1967 04 22 0.635000 1 1
1967 04 23 0.635000 1 1
1967 04 24 0.635000 1 1
1967 04 25 0.635000 1 1
1967 04 26 0.635000 1 1
1967 04 27 0.635000 1 1
1967 04 28 0.600000 1 1
1967 04 29 0.600000 1 1
1967 04 30 0.600000 1 1
1967 05 01 0.600000 1 1
1967 05 02 0.600000 1 1
1967 05 03 0.600000 1 1
1967 05 04 0.600000 1 1
1967 05 05 0.600000 1 1
1967 05 06 0.600000 1 1
1967 05 07 0.600000 1 1
1967 05 08 0.565000 1 1
1967 05 09 0.565000 1 1
1967 05 10 0.565000 1 1
1967 05 11 0.565000 1 1
1967 05 12 0.565000 1 1
1967 05 13 0.565000 1 1
1967 05 14 0.565000 1 1
1967 05 15 0.565000 1 1
1967 05 16 0.565000 1 1
1967 05 17 0.537000 1 1
1967 05 18 0.537000 1 1
1967 05 19 0.510000 1 1
1967 05 20 0.510000 1 1
1967 05 21 0.510000 1 1
1967 05 22 0.482000 1 1
1967 05 23 0.455000 1 1
1967 05 24 0.427000 1 1
1967 05 25 0.400000 1 1
1967 05 26 0.400000 1 1
1967 05 27 0.372000 1 1
1967 05 28 0.400000 1 1
1967 05 29 0.372000 1 1
1967 05 30 0.400000 1 1
1967 05 31 0.400000 1 1
1967 06 01 0.372000 1 1
1967 06 02 0.372000 1 1
1967 06 03 0.372000 1 1
1967 06 04 0.372000 1 1
1967 06 05 0.372000 1 1
1967 06 06 0.372000 1 1
1967 06 07 0.400000 1 1
1967 06 08 0.400000 1 1
1967 06 09 0.400000 1 1
1967 06 10 0.400000 1 1
1967 06 11 0.427000 1 1
1967 06 12 0.510000 1 1
1967 06 13 0.510000 1 1
1967 06 14 0.482000 1 1
1967 06 15 0.455000 1 1
1967 06 16 0.455000 1 1
1967 06 17 0.455000 1 1
1967 06 18 0.455000 1 1
1967 06 19 0.427000 1 1
1967 06 20 0.455000 1 1
1967 06 21 0.427000 1 1
1967 06 22 0.427000 1 1
1967 06 23 0.427000 1 1
1967 06 24 0.427000 1 1
1967 06 25 0.427000 1 1
1967 06 26 0.427000 1 1
1967 06 27 0.427000 1 1
1967 06 28 0.427000 1 1
1967 06 29 0.427000 1 1
1967 06 30 0.427000 1 1
1967 07 01 0.427000 1 1
1967 07 02 0.427000 1 1
1967 07 03 0.427000 1 1
1967 07 04 0.400000 1 1
1967 07 05 0.400000 1 1
1967 07 06 0.427000 1 1
1967 07 07 0.427000 1 1
1967 07 08 0.400000 1 1
1967 07 09 0.427000 1 1
1967 07 10 0.400000 1 1
1967 07 11 0.400000 1 1
1967 07 12 0.400000 1 1
1967 07 13 0.400000 1 1
1967 07 14 0.400000 1 1
1967 07 15 0.400000 1 1
1967 07 16 0.400000 1 1
1967 07 17 0.400000 1 1
1967 07 18 0.372000 1 1
1967 07 19 0.372000 1 1
1967 07 20 0.372000 1 1
1967 07 21 0.372000 1 1
1967 07 22 0.372000 1 1
1967 07 23 0.372000 1 1
1967 07 24 0.372000 1 1
1967 07 25 0.372000 1 1
1967 07 26 0.372000 1 1
1967 07 27 0.372000 1 1
1967 07 28 0.372000 1 1
1967 07 29 0.372000 1 1
1967 07 30 0.372000 1 1
1967 07 31 0.372000 1 1
1967 08 01 0.372000 1 1
1967 08 02 0.372000 1 1
1967 08 03 0.372000 1 1
1967 08 04 0.372000 1 1
1967 08 05 0.372000 1 1
1967 08 06 0.372000 1 1
1967 08 07 0.372000 1 1
1967 08 08 0.400000 1 1
1967 08 09 0.372000 1 1
1967 08 10 0.400000 1 1
1967 08 11 0.372000 1 1
1967 08 12 0.372000 1 1
1967 08 13 0.400000 1 1
1967 08 14 0.372000 1 1
1967 08 15 0.400000 1 1
1967 08 16 0.400000 1 1
1967 08 17 0.400000 1 1
1967 08 18 0.372000 1 1
1967 08 19 0.372000 1 1
1967 08 20 0.372000 1 1
1967 08 21 0.372000 1 1
1967 08 22 0.400000 1 1
1967 08 23 0.372000 1 1
1967 08 24 0.372000 1 1
1967 08 25 0.372000 1 1
1967 08 26 0.372000 1 1
1967 08 27 0.372000 1 1
1967 08 28 0.372000 1 1
1967 08 29 0.372000 1 1
1967 08 30 0.372000 1 1
1967 08 31 0.372000 1 1
1967 09 01 0.372000 1 1
1967 09 02 0.372000 1 1
1967 09 03 0.372000 1 1
1967 09 04 0.372000 1 1
1967 09 05 0.372000 1 1
1967 09 06 0.372000 1 1
1967 09 07 0.372000 1 1
1967 09 08 0.372000 1 1
1967 09 09 0.372000 1 1
1967 09 10 0.400000 1 1
1967 09 11 0.400000 1 1
1967 09 12 0.372000 1 1
1967 09 13 0.372000 1 1
1967 09 14 0.372000 1 1
1967 09 15 0.372000 1 1
1967 09 16 0.372000 1 1
1967 09 17 0.372000 1 1
1967 09 18 0.345000 1 1
1967 09 19 0.372000 1 1
1967 09 20 0.345000 1 1
1967 09 21 0.345000 1 1
1967 09 22 0.372000 1 1
1967 09 23 0.372000 1 1
1967 09 24 0.372000 1 1
1967 09 25 0.400000 1 1
1967 09 26 0.400000 1 1
1967 09 27 0.345000 1 1
1967 09 28 0.345000 1 1
1967 09 29 0.345000 1 1
1967 09 30 0.345000 1 1
1967 10 01 0.317000 1 1
1967 10 02 0.317000 1 1
1967 10 03 0.290000 1 1
1967 10 04 0.317000 1 1
1967 10 05 0.317000 1 1
1967 10 06 0.290000 1 1
1967 10 07 0.290000 1 1
1967 10 08 0.290000 1 1
1967 10 09 0.290000 1 1
1967 10 10 0.290000 1 1
1967 10 11 0.290000 1 1
1967 10 12 0.290000 1 1
1967 10 13 0.290000 1 1
1967 10 14 0.317000 1 1
1967 10 15 0.317000 1 1
1967 10 16 0.290000 1 1
1967 10 17 0.290000 1 1
1967 10 18 0.290000 1 1
1967 10 19 0.290000 1 1
1967 10 20 0.272000 1 1
1967 10 21 0.272000 1 1
1967 10 22 0.255000 1 1
1967 10 23 0.272000 1 1
1967 10 24 0.255000 1 1
1967 10 25 0.272000 1 1
1967 10 26 0.272000 1 1
1967 10 27 0.272000 1 1
1967 10 28 0.272000 1 1
1967 10 29 0.272000 1 1
1967 10 30 0.290000 1 1
1967 10 31 0.400000 1 1
1967 11 01 0.290000 1 1
1967 11 02 0.272000 1 1
1967 11 03 0.255000 1 1
1967 11 04 0.237000 1 1
1967 11 05 0.237000 1 1
1967 11 06 0.220000 1 1
1967 11 07 0.202000 1 1
1967 11 08 0.202000 1 1
1967 11 09 0.202000 1 1
1967 11 10 0.220000 1 1
1967 11 11 0.345000 1 1
1967 11 12 0.255000 1 1
1967 11 13 0.237000 1 1
1967 11 14 0.237000 1 1
1967 11 15 0.255000 1 1
1967 11 16 0.290000 1 1
1967 11 17 0.317000 1 1
1967 11 18 0.345000 1 1
1967 11 19 0.345000 1 1
1967 11 20 0.317000 1 1
1967 11 21 0.345000 1 1
1967 11 22 0.372000 1 1
1967 11 23 0.372000 1 1
1967 11 24 0.427000 1 1
1967 11 25 0.400000 1 1
1967 11 26 0.427000 1 1
1967 11 27 0.455000 1 1
1967 11 28 0.510000 1 1
1967 11 29 0.510000 1 1
1967 11 30 0.455000 1 1
1967 12 01 0.427000 1 1
1967 12 02 0.372000 1 1
1967 12 03 0.345000 1 1
1967 12 04 0.427000 1 1
1967 12 05 0.400000 1 1
1967 12 06 0.317000 1 1
1967 12 07 0.317000 1 1
1967 12 08 0.290000 1 1
1967 12 09 0.290000 1 1
1967 12 10 0.290000 1 1
1967 12 11 0.290000 1 1
1967 12 12 0.290000 1 1
1967 12 13 0.290000 1 1
1967 12 14 0.290000 1 1
1967 12 15 0.290000 1 1
1967 12 16 0.317000 1 1
1967 12 17 0.565000 1 1
1967 12 18 0.635000 1 1
1967 12 19 0.635000 1 1
1967 12 20 0.670000 1 1
1967 12 21 0.670000 1 1
1967 12 22 0.670000 1 1
1967 12 23 0.635000 1 1
1967 12 24 0.600000 1 1
1967 12 25 0.670000 1 1
1967 12 26 0.670000 1 1
1967 12 27 0.670000 1 1
1967 12 28 0.565000 1 1
1967 12 29 0.455000 1 1
1967 12 30 0.400000 1 1
1967 12 31 0.372000 1 1
1968 01 01 0.464000 1 1
1968 01 02 0.464000 1 1
1968 01 03 0.496000 1 1
1968 01 04 0.464000 1 1
1968 01 05 0.527000 1 1
1968 01 06 3.970000 1 1
1968 01 07 1.140000 1 1
1968 01 08 1.090000 1 1
1968 01 09 1.280000 1 1
1968 01 10 1.280000 1 1
1968 01 11 1.140000 1 1
1968 01 12 1.140000 1 1
1968 01 13 1.090000 1 1
1968 01 14 1.090000 1 1
1968 01 15 1.010000 1 1
1968 01 16 0.887000 1 1
1968 01 17 0.887000 1 1
1968 01 18 1.010000 1 1
1968 01 19 0.928000 1 1
1968 01 20 0.847000 1 1
1968 01 21 0.806000 1 1
1968 01 22 0.725000 1 1
1968 01 23 0.725000 1 1
1968 01 24 0.622000 1 1
1968 01 25 0.559000 1 1
1968 01 26 0.527000 1 1
1968 01 27 0.527000 1 1
1968 01 28 0.496000 1 1
1968 01 29 0.496000 1 1
1968 01 30 0.496000 1 1
1968 01 31 0.464000 1 1
1968 02 01 0.464000 1 1
1968 02 02 0.464000 1 1
1968 02 03 0.464000 1 1
1968 02 04 0.464000 1 1
1968 02 05 0.464000 1 1
1968 02 06 0.464000 1 1
1968 02 07 0.464000 1 1
1968 02 08 0.464000 1 1
1968 02 09 0.464000 1 1
1968 02 10 0.464000 1 1
1968 02 11 0.464000 1 1
1968 02 12 0.464000 1 1
1968 02 13 0.496000 1 1
1968 02 14 0.496000 1 1
1968 02 15 0.464000 1 1
1968 02 16 0.590000 1 1
1968 02 17 0.590000 1 1
1968 02 18 0.559000 1 1
1968 02 19 0.653000 1 1
1968 02 20 0.622000 1 1
1968 02 21 0.653000 1 1
1968 02 22 0.725000 1 1
1968 02 23 0.806000 1 1
1968 02 24 0.847000 1 1
1968 02 25 0.847000 1 1
1968 02 26 0.847000 1 1
1968 02 27 0.887000 1 1
1968 02 28 0.847000 1 1
1968 02 29 0.847000 1 1
1968 03 01 0.806000 1 1
1968 03 02 0.766000 1 1
1968 03 03 0.766000 1 1
1968 03 04 0.653000 1 1
1968 03 05 0.622000 1 1
1968 03 06 0.590000 1 1
1968 03 07 0.559000 1 1
1968 03 08 0.496000 1 1
1968 03 09 0.464000 1 1
1968 03 10 0.401000 1 1
1968 03 11 0.370000 1 1
1968 03 12 0.370000 1 1
1968 03 13 0.350000 1 1
1968 03 14 0.350000 1 1
1968 03 15 0.401000 1 1
1968 03 16 0.653000 1 1
1968 03 17 0.725000 1 1
1968 03 18 0.527000 1 1
1968 03 19 0.464000 1 1
1968 03 20 0.401000 1 1
1968 03 21 0.370000 1 1
1968 03 22 0.350000 1 1
1968 03 23 0.350000 1 1
1968 03 24 0.350000 1 1
1968 03 25 0.350000 1 1
1968 03 26 0.350000 1 1
1968 03 27 0.350000 1 1
1968 03 28 0.350000 1 1
1968 03 29 0.350000 1 1
1968 03 30 0.331000 1 1
1968 03 31 0.331000 1 1
1968 04 01 0.433000 1 1
1968 04 02 0.433000 1 1
1968 04 03 0.464000 1 1
1968 04 04 0.496000 1 1
1968 04 05 0.653000 1 1
1968 04 06 5.280000 1 1
1968 04 07 0.653000 1 1
1968 04 08 0.622000 1 1
1968 04 09 0.559000 1 1
1968 04 10 0.527000 1 1
1968 04 11 0.527000 1 1
1968 04 12 0.496000 1 1
1968 04 13 0.496000 1 1
1968 04 14 0.496000 1 1
1968 04 15 0.464000 1 1
1968 04 16 0.464000 1 1
1968 04 17 0.433000 1 1
1968 04 18 0.433000 1 1
1968 04 19 0.401000 1 1
1968 04 20 0.401000 1 1
1968 04 21 0.370000 1 1
1968 04 22 0.370000 1 1
1968 04 23 0.370000 1 1
1968 04 24 0.350000 1 1
1968 04 25 0.350000 1 1
1968 04 26 0.350000 1 1
1968 04 27 0.331000 1 1
1968 04 28 0.331000 1 1
1968 04 29 0.350000 1 1
1968 04 30 0.350000 1 1
1968 05 01 0.350000 1 1
1968 05 02 0.350000 1 1
1968 05 03 0.350000 1 1
1968 05 04 0.350000 1 1
1968 05 05 0.350000 1 1
1968 05 06 0.331000 1 1
1968 05 07 0.331000 1 1
1968 05 08 0.331000 1 1
1968 05 09 0.331000 1 1
1968 05 10 0.311000 1 1
1968 05 11 0.331000 1 1
1968 05 12 0.331000 1 1
1968 05 13 0.331000 1 1
1968 05 14 0.311000 1 1
1968 05 15 0.311000 1 1
1968 05 16 0.311000 1 1
1968 05 17 0.311000 1 1
1968 05 18 0.292000 1 1
1968 05 19 0.292000 1 1
1968 05 20 0.292000 1 1
1968 05 21 0.292000 1 1
1968 05 22 0.292000 1 1
1968 05 23 0.292000 1 1
1968 05 24 0.292000 1 1
1968 05 25 0.292000 1 1
1968 05 26 0.292000 1 1
1968 05 27 0.292000 1 1
1968 05 28 0.292000 1 1
1968 05 29 0.292000 1 1
1968 05 30 0.292000 1 1
1968 05 31 0.292000 1 1
1968 06 01 0.292000 1 1
1968 06 02 0.292000 1 1
1968 06 03 0.292000 1 1
1968 06 04 0.292000 1 1
1968 06 05 0.292000 1 1
1968 06 06 0.292000 1 1
1968 06 07 0.272000 1 1
1968 06 08 0.292000 1 1
1968 06 09 0.292000 1 1
1968 06 10 0.292000 1 1
1968 06 11 0.292000 1 1
1968 06 12 0.292000 1 1
1968 06 13 0.292000 1 1
1968 06 14 0.292000 1 1
1968 06 15 0.272000 1 1
1968 06 16 0.272000 1 1
1968 06 17 0.272000 1 1
1968 06 18 0.292000 1 1
1968 06 19 0.272000 1 1
1968 06 20 0.292000 1 1
1968 06 21 0.272000 1 1
1968 06 22 0.272000 1 1
1968 06 23 0.272000 1 1
1968 06 24 0.292000 1 1
1968 06 25 0.272000 1 1
1968 06 26 0.292000 1 1
1968 06 27 0.292000 1 1
1968 06 28 0.292000 1 1
1968 06 29 0.292000 1 1
1968 06 30 0.292000 1 1
1968 07 01 0.272000 1 1
1968 07 02 0.272000 1 1
1968 07 03 0.292000 1 1
1968 07 04 0.292000 1 1
1968 07 05 0.292000 1 1
1968 07 06 0.272000 1 1
1968 07 07 0.292000 1 1
1968 07 08 0.292000 1 1
1968 07 09 0.292000 1 1
1968 07 10 0.292000 1 1
1968 07 11 0.292000 1 1
1968 07 12 0.292000 1 1
1968 07 13 0.292000 1 1
1968 07 14 0.292000 1 1
1968 07 15 0.292000 1 1
1968 07 16 0.292000 1 1
1968 07 17 0.292000 1 1
1968 07 18 0.272000 1 1
1968 07 19 0.272000 1 1
1968 07 20 0.292000 1 1
1968 07 21 0.272000 1 1
1968 07 22 0.292000 1 1
1968 07 23 0.292000 1 1
1968 07 24 0.292000 1 1
1968 07 25 0.272000 1 1
1968 07 26 0.272000 1 1
1968 07 27 0.272000 1 1
1968 07 28 0.272000 1 1
1968 07 29 0.272000 1 1
1968 07 30 0.272000 1 1
1968 07 31 0.272000 1 1
1968 08 01 0.272000 1 1
1968 08 02 0.272000 1 1
1968 08 03 0.272000 1 1
1968 08 04 0.292000 1 1
1968 08 05 0.272000 1 1
1968 08 06 0.272000 1 1
1968 08 07 0.292000 1 1
1968 08 08 0.292000 1 1
1968 08 09 0.292000 1 1
1968 08 10 0.292000 1 1
1968 08 11 0.292000 1 1
1968 08 12 0.292000 1 1
1968 08 13 0.272000 1 1
1968 08 14 0.272000 1 1
1968 08 15 0.272000 1 1
1968 08 16 0.272000 1 1
1968 08 17 0.253000 1 1
1968 08 18 0.253000 1 1
1968 08 19 0.253000 1 1
1968 08 20 0.253000 1 1
1968 08 21 0.253000 1 1
1968 08 22 0.233000 1 1
1968 08 23 0.233000 1 1
1968 08 24 0.233000 1 1
1968 08 25 0.233000 1 1
1968 08 26 0.233000 1 1
1968 08 27 0.233000 1 1
1968 08 28 0.233000 1 1
1968 08 29 0.233000 1 1
1968 08 30 0.233000 1 1
1968 08 31 0.233000 1 1
1968 09 01 0.233000 1 1
1968 09 02 0.233000 1 1
1968 09 03 0.233000 1 1
1968 09 04 0.464000 1 1
1968 09 05 0.272000 1 1
1968 09 06 0.272000 1 1
1968 09 07 0.253000 1 1
1968 09 08 0.233000 1 1
1968 09 09 0.233000 1 1
1968 09 10 0.233000 1 1
1968 09 11 0.214000 1 1
1968 09 12 0.214000 1 1
1968 09 13 0.214000 1 1
1968 09 14 0.214000 1 1
1968 09 15 0.214000 1 1
1968 09 16 0.214000 1 1
1968 09 17 0.214000 1 1
1968 09 18 0.214000 1 1
1968 09 19 0.233000 1 1
1968 09 20 0.233000 1 1
1968 09 21 0.311000 1 1
1968 09 22 0.292000 1 1
1968 09 23 0.292000 1 1
1968 09 24 0.292000 1 1
1968 09 25 0.292000 1 1
1968 09 26 0.272000 1 1
1968 09 27 0.253000 1 1
1968 09 28 0.253000 1 1
1968 09 29 0.233000 1 1
1968 09 30 0.214000 1 1
1968 10 01 0.214000 1 1
1968 10 02 0.214000 1 1
1968 10 03 0.233000 1 1
1968 10 04 0.253000 1 1
1968 10 05 0.272000 1 1
1968 10 06 0.253000 1 1
1968 10 07 0.253000 1 1
1968 10 08 0.272000 1 1
1968 10 09 0.272000 1 1
1968 10 10 0.272000 1 1
1968 10 11 0.292000 1 1
1968 10 12 0.272000 1 1
1968 10 13 0.292000 1 1
1968 10 14 0.272000 1 1
1968 10 15 0.292000 1 1
1968 10 16 0.292000 1 1
1968 10 17 0.350000 1 1
1968 10 18 0.292000 1 1
1968 10 19 0.292000 1 1
1968 10 20 0.292000 1 1
1968 10 21 0.292000 1 1
1968 10 22 0.292000 1 1
1968 10 23 0.292000 1 1
1968 10 24 0.272000 1 1
1968 10 25 0.272000 1 1
1968 10 26 0.253000 1 1
1968 10 27 0.233000 1 1
1968 10 28 0.214000 1 1
1968 10 29 0.214000 1 1
1968 10 30 0.194000 1 1
1968 10 31 0.194000 1 1
1968 11 01 0.214000 1 1
1968 11 02 0.214000 1 1
1968 11 03 0.214000 1 1
1968 11 04 0.194000 1 1
1968 11 05 0.194000 1 1
1968 11 06 0.194000 1 1
1968 11 07 0.194000 1 1
1968 11 08 0.175000 1 1
1968 11 09 0.175000 1 1
1968 11 10 0.214000 1 1
1968 11 11 0.194000 1 1
1968 11 12 0.214000 1 1
1968 11 13 0.214000 1 1
1968 11 14 0.214000 1 1
1968 11 15 0.214000 1 1
1968 11 16 0.214000 1 1
1968 11 17 2.160000 1 1
1968 11 18 3.790000 1 1
1968 11 19 2.660000 1 1
1968 11 20 0.968000 1 1
1968 11 21 0.685000 1 1
1968 11 22 0.559000 1 1
1968 11 23 0.433000 1 1
1968 11 24 0.370000 1 1
1968 11 25 0.331000 1 1
1968 11 26 0.311000 1 1
1968 11 27 0.292000 1 1
1968 11 28 0.292000 1 1
1968 11 29 0.292000 1 1
1968 11 30 1.320000 1 1
1968 12 01 1.470000 1 1
1968 12 02 1.560000 1 1
1968 12 03 1.910000 1 1
1968 12 04 1.560000 1 1
1968 12 05 1.230000 1 1
1968 12 06 0.928000 1 1
1968 12 07 0.590000 1 1
1968 12 08 0.685000 1 1
1968 12 09 0.590000 1 1
1968 12 10 0.496000 1 1
1968 12 11 0.559000 1 1
1968 12 12 0.370000 1 1
1968 12 13 0.331000 1 1
1968 12 14 0.331000 1 1
1968 12 15 0.311000 1 1
1968 12 16 0.311000 1 1
1968 12 17 0.292000 1 1
1968 12 18 0.292000 1 1
1968 12 19 0.292000 1 1
1968 12 20 0.292000 1 1
1968 12 21 0.311000 1 1
1968 12 22 0.292000 1 1
1968 12 23 0.292000 1 1
1968 12 24 0.292000 1 1
1968 12 25 0.272000 1 1
1968 12 26 2.310000 1 1
1968 12 27 0.272000 1 1
1968 12 28 0.272000 1 1
1968 12 29 0.311000 1 1
1968 12 30 0.292000 1 1
1968 12 31 0.272000 1 1
1969 01 01 0.295000 1 1
1969 01 02 0.276000 1 1
1969 01 03 0.276000 1 1
1969 01 04 0.257000 1 1
1969 01 05 0.257000 1 1
1969 01 06 0.257000 1 1
1969 01 07 0.238000 1 1
1969 01 08 0.238000 1 1
1969 01 09 0.238000 1 1
1969 01 10 0.238000 1 1
1969 01 11 0.219000 1 1
1969 01 12 0.200000 1 1
1969 01 13 0.200000 1 1
1969 01 14 0.200000 1 1
1969 01 15 0.219000 1 1
1969 01 16 0.352000 1 1
1969 01 17 0.276000 1 1
1969 01 18 0.276000 1 1
1969 01 19 0.314000 1 1
1969 01 20 0.352000 1 1
1969 01 21 0.715000 1 1
1969 01 22 0.927000 1 1
1969 01 23 0.715000 1 1
1969 01 24 0.970000 1 1
1969 01 25 1.320000 1 1
1969 01 26 1.100000 1 1
1969 01 27 0.371000 1 1
1969 01 28 0.333000 1 1
1969 01 29 0.333000 1 1
1969 01 30 0.333000 1 1
1969 01 31 0.333000 1 1
1969 02 01 0.314000 1 1
1969 02 02 0.314000 1 1
1969 02 03 0.314000 1 1
1969 02 04 0.333000 1 1
1969 02 05 0.314000 1 1
1969 02 06 0.314000 1 1
1969 02 07 0.314000 1 1
1969 02 08 0.333000 1 1
1969 02 09 0.314000 1 1
1969 02 10 0.295000 1 1
1969 02 11 0.295000 1 1
1969 02 12 0.333000 1 1
1969 02 13 0.314000 1 1
1969 02 14 0.314000 1 1
1969 02 15 0.333000 1 1
1969 02 16 0.352000 1 1
1969 02 17 1.320000 1 1
1969 02 18 1.600000 1 1
1969 02 19 0.390000 1 1
1969 02 20 0.371000 1 1
1969 02 21 0.352000 1 1
1969 02 22 0.650000 1 1
1969 02 23 0.683000 1 1
1969 02 24 0.487000 1 1
1969 02 25 0.455000 1 1
1969 02 26 0.352000 1 1
1969 02 27 0.314000 1 1
1969 02 28 0.295000 1 1
1969 03 01 0.314000 1 1
1969 03 02 0.314000 1 1
1969 03 03 0.314000 1 1
1969 03 04 0.295000 1 1
1969 03 05 0.314000 1 1
1969 03 06 0.314000 1 1
1969 03 07 0.314000 1 1
1969 03 08 0.333000 1 1
1969 03 09 0.333000 1 1
1969 03 10 0.314000 1 1
1969 03 11 0.314000 1 1
1969 03 12 0.295000 1 1
1969 03 13 0.314000 1 1
1969 03 14 0.295000 1 1
1969 03 15 0.314000 1 1
1969 03 16 0.295000 1 1
1969 03 17 0.295000 1 1
1969 03 18 0.276000 1 1
1969 03 19 0.276000 1 1
1969 03 20 0.276000 1 1
1969 03 21 0.276000 1 1
1969 03 22 0.276000 1 1
1969 03 23 0.276000 1 1
1969 03 24 0.276000 1 1
1969 03 25 0.276000 1 1
1969 03 26 0.295000 1 1
1969 03 27 0.276000 1 1
1969 03 28 0.276000 1 1
1969 03 29 0.257000 1 1
1969 03 30 0.257000 1 1
1969 03 31 0.276000 1 1
1969 04 01 0.276000 1 1
1969 04 02 0.257000 1 1
1969 04 03 0.276000 1 1
1969 04 04 0.257000 1 1
1969 04 05 0.257000 1 1
1969 04 06 0.276000 1 1
1969 04 07 0.257000 1 1
1969 04 08 0.257000 1 1
1969 04 09 0.257000 1 1
1969 04 10 0.276000 1 1
1969 04 11 0.276000 1 1
1969 04 12 0.276000 1 1
1969 04 13 0.257000 1 1
1969 04 14 0.257000 1 1
1969 04 15 0.257000 1 1
1969 04 16 0.257000 1 1
1969 04 17 0.257000 1 1
1969 04 18 0.257000 1 1
1969 04 19 0.238000 1 1
1969 04 20 0.238000 1 1
1969 04 21 0.238000 1 1
1969 04 22 0.257000 1 1
1969 04 23 0.257000 1 1
1969 04 24 0.257000 1 1
1969 04 25 0.257000 1 1
1969 04 26 0.276000 1 1
1969 04 27 0.257000 1 1
1969 04 28 0.276000 1 1
1969 04 29 0.257000 1 1
1969 04 30 0.257000 1 1
1969 05 01 0.257000 1 1
1969 05 02 0.238000 1 1
1969 05 03 0.276000 1 1
1969 05 04 0.276000 1 1
1969 05 05 0.257000 1 1
1969 05 06 0.257000 1 1
1969 05 07 0.257000 1 1
1969 05 08 0.257000 1 1
1969 05 09 0.276000 1 1
1969 05 10 0.276000 1 1
1969 05 11 0.257000 1 1
1969 05 12 0.257000 1 1
1969 05 13 0.257000 1 1
1969 05 14 0.257000 1 1
1969 05 15 0.238000 1 1
1969 05 16 0.238000 1 1
1969 05 17 0.238000 1 1
1969 05 18 0.238000 1 1
1969 05 19 0.219000 1 1
1969 05 20 0.219000 1 1
1969 05 21 0.219000 1 1
1969 05 22 0.238000 1 1
1969 05 23 0.200000 1 1
1969 05 24 0.200000 1 1
1969 05 25 0.200000 1 1
1969 05 26 0.200000 1 1
1969 05 27 0.200000 1 1
1969 05 28 0.200000 1 1
1969 05 29 0.200000 1 1
1969 05 30 0.190000 1 1
1969 05 31 0.190000 1 1
1969 06 01 0.190000 1 1
1969 06 02 0.190000 1 1
1969 06 03 0.200000 1 1
1969 06 04 0.200000 1 1
1969 06 05 0.219000 1 1
1969 06 06 0.200000 1 1
1969 06 07 0.190000 1 1
1969 06 08 0.190000 1 1
1969 06 09 0.190000 1 1
1969 06 10 0.190000 1 1
1969 06 11 0.190000 1 1
1969 06 12 0.190000 1 1
1969 06 13 0.190000 1 1
1969 06 14 0.190000 1 1
1969 06 15 0.190000 1 1
1969 06 16 0.190000 1 1
1969 06 17 0.190000 1 1
1969 06 18 0.200000 1 1
1969 06 19 0.190000 1 1
1969 06 20 0.200000 1 1
1969 06 21 0.219000 1 1
1969 06 22 0.238000 1 1
1969 06 23 0.238000 1 1
1969 06 24 0.257000 1 1
1969 06 25 0.238000 1 1
1969 06 26 0.238000 1 1
1969 06 27 0.219000 1 1
1969 06 28 0.219000 1 1
1969 06 29 0.219000 1 1
1969 06 30 0.219000 1 1
1969 07 01 0.219000 1 1
1969 07 02 0.219000 1 1
1969 07 03 0.200000 1 1
1969 07 04 0.200000 1 1
1969 07 05 0.200000 1 1
1969 07 06 0.200000 1 1
1969 07 07 0.190000 1 1
1969 07 08 0.200000 1 1
1969 07 09 0.219000 1 1
1969 07 10 0.200000 1 1
1969 07 11 0.200000 1 1
1969 07 12 0.190000 1 1
1969 07 13 0.190000 1 1
1969 07 14 0.190000 1 1
1969 07 15 0.190000 1 1
1969 07 16 0.190000 1 1
1969 07 17 0.190000 1 1
1969 07 18 0.190000 1 1
1969 07 19 0.200000 1 1
1969 07 20 0.190000 1 1
1969 07 21 0.190000 1 1
1969 07 22 0.190000 1 1
1969 07 23 0.200000 1 1
1969 07 24 0.200000 1 1
1969 07 25 0.190000 1 1
1969 07 26 0.190000 1 1
1969 07 27 0.219000 1 1
1969 07 28 0.219000 1 1
1969 07 29 0.200000 1 1
1969 07 30 0.200000 1 1
1969 07 31 0.200000 1 1
1969 08 01 0.200000 1 1
1969 08 02 0.219000 1 1
1969 08 03 0.219000 1 1
1969 08 04 0.238000 1 1
1969 08 05 0.219000 1 1
1969 08 06 0.219000 1 1
1969 08 07 0.219000 1 1
1969 08 08 0.219000 1 1
1969 08 09 0.219000 1 1
1969 08 10 0.219000 1 1
1969 08 11 0.219000 1 1
1969 08 12 0.219000 1 1
1969 08 13 0.219000 1 1
1969 08 14 0.219000 1 1
1969 08 15 0.200000 1 1
1969 08 16 0.200000 1 1
1969 08 17 0.200000 1 1
1969 08 18 0.219000 1 1
1969 08 19 0.219000 1 1
1969 08 20 0.219000 1 1
1969 08 21 0.200000 1 1
1969 08 22 0.200000 1 1
1969 08 23 0.200000 1 1
1969 08 24 0.200000 1 1
1969 08 25 0.219000 1 1
1969 08 26 0.200000 1 1
1969 08 27 0.200000 1 1
1969 08 28 0.190000 1 1
1969 08 29 0.190000 1 1
1969 08 30 0.190000 1 1
1969 08 31 0.200000 1 1
1969 09 01 0.190000 1 1
1969 09 02 0.190000 1 1
1969 09 03 0.180000 1 1
1969 09 04 0.170000 1 1
1969 09 05 0.170000 1 1
1969 09 06 0.190000 1 1
1969 09 07 0.219000 1 1
1969 09 08 0.219000 1 1
1969 09 09 0.219000 1 1
1969 09 10 0.200000 1 1
1969 09 11 0.219000 1 1
1969 09 12 0.200000 1 1
1969 09 13 0.190000 1 1
1969 09 14 0.170000 1 1
1969 09 15 0.160000 1 1
1969 09 16 0.150000 1 1
1969 09 17 0.170000 1 1
1969 09 18 0.170000 1 1
1969 09 19 0.190000 1 1
1969 09 20 0.180000 1 1
1969 09 21 0.180000 1 1
1969 09 22 0.180000 1 1
1969 09 23 0.170000 1 1
1969 09 24 0.180000 1 1
1969 09 25 0.170000 1 1
1969 09 26 0.170000 1 1
1969 09 27 0.150000 1 1
1969 09 28 0.150000 1 1
1969 09 29 0.150000 1 1
1969 09 30 0.150000 1 1
1969 10 01 0.150000 1 1
1969 10 02 0.150000 1 1
1969 10 03 0.140000 1 1
1969 10 04 0.140000 1 1
1969 10 05 0.160000 1 1
1969 10 06 0.160000 1 1
1969 10 07 0.160000 1 1
1969 10 08 0.160000 1 1
1969 10 09 0.160000 1 1
1969 10 10 0.170000 1 1
1969 10 11 0.170000 1 1
1969 10 12 0.160000 1 1
1969 10 13 0.160000 1 1
1969 10 14 0.150000 1 1
1969 10 15 0.150000 1 1
1969 10 16 0.160000 1 1
1969 10 17 0.150000 1 1
1969 10 18 0.150000 1 1
1969 10 19 0.150000 1 1
1969 10 20 0.150000 1 1
1969 10 21 0.160000 1 1
1969 10 22 0.170000 1 1
1969 10 23 0.219000 1 1
1969 10 24 0.238000 1 1
1969 10 25 0.238000 1 1
1969 10 26 0.257000 1 1
1969 10 27 0.180000 1 1
1969 10 28 0.180000 1 1
1969 10 29 0.219000 1 1
1969 10 30 0.180000 1 1
1969 10 31 0.180000 1 1
1969 11 01 0.180000 1 1
1969 11 02 0.180000 1 1
1969 11 03 0.276000 1 1
1969 11 04 0.190000 1 1
1969 11 05 0.219000 1 1
1969 11 06 0.219000 1 1
1969 11 07 0.257000 1 1
1969 11 08 0.219000 1 1
1969 11 09 0.219000 1 1
1969 11 10 0.219000 1 1
1969 11 11 0.238000 1 1
1969 11 12 0.333000 1 1
1969 11 13 0.800000 1 1
1969 11 14 1.600000 1 1
1969 11 15 1.650000 1 1
1969 11 16 1.650000 1 1
1969 11 17 1.420000 1 1
1969 11 18 0.553000 1 1
1969 11 19 0.423000 1 1
1969 11 20 0.333000 1 1
1969 11 21 0.314000 1 1
1969 11 22 0.276000 1 1
1969 11 23 0.238000 1 1
1969 11 24 0.257000 1 1
1969 11 25 0.257000 1 1
1969 11 26 0.257000 1 1
1969 11 27 0.276000 1 1
1969 11 28 0.257000 1 1
1969 11 29 0.257000 1 1
1969 11 30 0.276000 1 1
1969 12 01 0.295000 1 1
1969 12 02 0.295000 1 1
1969 12 03 0.333000 1 1
1969 12 04 0.314000 1 1
1969 12 05 0.314000 1 1
1969 12 06 0.295000 1 1
1969 12 07 0.295000 1 1
1969 12 08 0.295000 1 1
1969 12 09 0.276000 1 1
1969 12 10 0.276000 1 1
1969 12 11 0.276000 1 1
1969 12 12 0.295000 1 1
1969 12 13 0.295000 1 1
1969 12 14 0.276000 1 1
1969 12 15 0.333000 1 1
1969 12 16 0.276000 1 1
1969 12 17 0.257000 1 1
1969 12 18 0.257000 1 1
1969 12 19 0.238000 1 1
1969 12 20 0.238000 1 1
1969 12 21 0.219000 1 1
1969 12 22 0.219000 1 1
1969 12 23 0.200000 1 1
1969 12 24 0.238000 1 1
1969 12 25 26.600000 1 1
1969 12 26 2.330000 1 1
1969 12 27 0.715000 1 1
1969 12 28 0.585000 1 1
1969 12 29 0.487000 1 1
1969 12 30 0.423000 1 1
1969 12 31 0.352000 1 1
1970 01 01 0.460000 1 1
1970 01 02 0.460000 1 1
1970 01 03 0.485000 1 1
1970 01 04 1.130000 1 1
1970 01 05 3.190000 1 1
1970 01 06 4.710000 1 1
1970 01 07 15.600000 1 1
1970 01 08 4.470000 1 1
1970 01 09 7.630000 1 1
1970 01 10 5.080000 1 1
1970 01 11 10.700000 1 1
1970 01 12 4.180000 1 1
1970 01 13 2.350000 1 1
1970 01 14 2.620000 1 1
1970 01 15 0.791000 1 1
1970 01 16 0.791000 1 1
1970 01 17 1.550000 1 1
1970 01 18 0.718000 1 1
1970 01 19 0.681000 1 1
1970 01 20 1.270000 1 1
1970 01 21 0.608000 1 1
1970 01 22 0.754000 1 1
1970 01 23 0.791000 1 1
1970 01 24 0.827000 1 1
1970 01 25 0.791000 1 1
1970 01 26 0.827000 1 1
1970 01 27 0.863000 1 1
1970 01 28 0.791000 1 1
1970 01 29 0.754000 1 1
1970 01 30 0.754000 1 1
1970 01 31 0.718000 1 1
1970 02 01 0.754000 1 1
1970 02 02 0.791000 1 1
1970 02 03 0.791000 1 1
1970 02 04 0.754000 1 1
1970 02 05 0.791000 1 1
1970 02 06 0.681000 1 1
1970 02 07 0.718000 1 1
1970 02 08 0.681000 1 1
1970 02 09 0.681000 1 1
1970 02 10 0.645000 1 1
1970 02 11 0.608000 1 1
1970 02 12 0.571000 1 1
1970 02 13 0.571000 1 1
1970 02 14 0.571000 1 1
1970 02 15 0.571000 1 1
1970 02 16 0.571000 1 1
1970 02 17 0.718000 1 1
1970 02 18 0.900000 1 1
1970 02 19 0.791000 1 1
1970 02 20 0.718000 1 1
1970 02 21 0.754000 1 1
1970 02 22 0.718000 1 1
1970 02 23 0.681000 1 1
1970 02 24 0.681000 1 1
1970 02 25 0.681000 1 1
1970 02 26 0.681000 1 1
1970 02 27 0.681000 1 1
1970 02 28 0.645000 1 1
1970 03 01 0.681000 1 1
1970 03 02 0.681000 1 1
1970 03 03 0.645000 1 1
1970 03 04 0.645000 1 1
1970 03 05 0.645000 1 1
1970 03 06 0.608000 1 1
1970 03 07 0.608000 1 1
1970 03 08 0.571000 1 1
1970 03 09 0.571000 1 1
1970 03 10 0.608000 1 1
1970 03 11 0.608000 1 1
1970 03 12 0.571000 1 1
1970 03 13 0.571000 1 1
1970 03 14 0.571000 1 1
1970 03 15 0.571000 1 1
1970 03 16 0.571000 1 1
1970 03 17 0.608000 1 1
1970 03 18 0.645000 1 1
1970 03 19 0.608000 1 1
1970 03 20 0.608000 1 1
1970 03 21 0.571000 1 1
1970 03 22 0.608000 1 1
1970 03 23 0.645000 1 1
1970 03 24 0.645000 1 1
1970 03 25 0.645000 1 1
1970 03 26 0.681000 1 1
1970 03 27 0.718000 1 1
1970 03 28 0.791000 1 1
1970 03 29 0.754000 1 1
1970 03 30 0.718000 1 1
1970 03 31 0.681000 1 1
1970 04 01 0.435000 1 1
1970 04 02 0.435000 1 1
1970 04 03 0.410000 1 1
1970 04 04 0.385000 1 1
1970 04 05 0.360000 1 1
1970 04 06 0.535000 1 1
1970 04 07 0.718000 1 1
1970 04 08 0.485000 1 1
1970 04 09 0.460000 1 1
1970 04 10 0.385000 1 1
1970 04 11 0.360000 1 1
1970 04 12 0.360000 1 1
1970 04 13 0.360000 1 1
1970 04 14 0.360000 1 1
1970 04 15 0.360000 1 1
1970 04 16 0.385000 1 1
1970 04 17 0.360000 1 1
1970 04 18 0.335000 1 1
1970 04 19 0.335000 1 1
1970 04 20 0.335000 1 1
1970 04 21 0.335000 1 1
1970 04 22 0.310000 1 1
1970 04 23 0.310000 1 1
1970 04 24 0.310000 1 1
1970 04 25 0.310000 1 1
1970 04 26 0.310000 1 1
1970 04 27 0.310000 1 1
1970 04 28 0.310000 1 1
1970 04 29 0.310000 1 1
1970 04 30 0.310000 1 1
1970 05 01 0.310000 1 1
1970 05 02 0.310000 1 1
1970 05 03 0.310000 1 1
1970 05 04 0.335000 1 1
1970 05 05 0.310000 1 1
1970 05 06 0.310000 1 1
1970 05 07 0.310000 1 1
1970 05 08 0.310000 1 1
1970 05 09 0.335000 1 1
1970 05 10 0.310000 1 1
1970 05 11 0.310000 1 1
1970 05 12 0.310000 1 1
1970 05 13 0.285000 1 1
1970 05 14 0.285000 1 1
1970 05 15 0.285000 1 1
1970 05 16 0.285000 1 1
1970 05 17 0.285000 1 1
1970 05 18 0.285000 1 1
1970 05 19 0.285000 1 1
1970 05 20 0.285000 1 1
1970 05 21 0.285000 1 1
1970 05 22 0.285000 1 1
1970 05 23 0.310000 1 1
1970 05 24 0.285000 1 1
1970 05 25 0.285000 1 1
1970 05 26 0.310000 1 1
1970 05 27 0.310000 1 1
1970 05 28 0.285000 1 1
1970 05 29 0.285000 1 1
1970 05 30 0.285000 1 1
1970 05 31 0.285000 1 1
1970 06 01 0.285000 1 1
1970 06 02 0.285000 1 1
1970 06 03 0.271000 1 1
1970 06 04 0.271000 1 1
1970 06 05 0.271000 1 1
1970 06 06 0.271000 1 1
1970 06 07 0.257000 1 1
1970 06 08 0.257000 1 1
1970 06 09 0.285000 1 1
1970 06 10 0.285000 1 1
1970 06 11 0.285000 1 1
1970 06 12 0.285000 1 1
1970 06 13 0.285000 1 1
1970 06 14 0.310000 1 1
1970 06 15 0.285000 1 1
1970 06 16 0.285000 1 1
1970 06 17 0.285000 1 1
1970 06 18 0.285000 1 1
1970 06 19 0.271000 1 1
1970 06 20 0.285000 1 1
1970 06 21 0.285000 1 1
1970 06 22 0.285000 1 1
1970 06 23 0.285000 1 1
1970 06 24 0.310000 1 1
1970 06 25 0.285000 1 1
1970 06 26 0.310000 1 1
1970 06 27 0.310000 1 1
1970 06 28 0.335000 1 1
1970 06 29 0.335000 1 1
1970 06 30 0.310000 1 1
1970 07 01 0.310000 1 1
1970 07 02 0.310000 1 1
1970 07 03 0.310000 1 1
1970 07 04 0.310000 1 1
1970 07 05 0.285000 1 1
1970 07 06 0.310000 1 1
1970 07 07 0.335000 1 1
1970 07 08 0.310000 1 1
1970 07 09 0.335000 1 1
1970 07 10 0.335000 1 1
1970 07 11 0.360000 1 1
1970 07 12 0.335000 1 1
1970 07 13 0.335000 1 1
1970 07 14 0.310000 1 1
1970 07 15 0.335000 1 1
1970 07 16 0.360000 1 1
1970 07 17 0.360000 1 1
1970 07 18 0.335000 1 1
1970 07 19 0.360000 1 1
1970 07 20 0.385000 1 1
1970 07 21 0.385000 1 1
1970 07 22 0.360000 1 1
1970 07 23 0.360000 1 1
1970 07 24 0.410000 1 1
1970 07 25 0.410000 1 1
1970 07 26 0.435000 1 1
1970 07 27 0.435000 1 1
1970 07 28 0.460000 1 1
1970 07 29 0.460000 1 1
1970 07 30 0.460000 1 1
1970 07 31 0.435000 1 1
1970 08 01 0.435000 1 1
1970 08 02 0.410000 1 1
1970 08 03 0.410000 1 1
1970 08 04 0.410000 1 1
1970 08 05 0.410000 1 1
1970 08 06 0.385000 1 1
1970 08 07 0.385000 1 1
1970 08 08 0.310000 1 1
1970 08 09 0.285000 1 1
1970 08 10 0.285000 1 1
1970 08 11 0.285000 1 1
1970 08 12 0.285000 1 1
1970 08 13 0.285000 1 1
1970 08 14 0.271000 1 1
1970 08 15 0.271000 1 1
1970 08 16 0.285000 1 1
1970 08 17 0.285000 1 1
1970 08 18 0.285000 1 1
1970 08 19 0.271000 1 1
1970 08 20 0.271000 1 1
1970 08 21 0.271000 1 1
1970 08 22 0.271000 1 1
1970 08 23 0.271000 1 1
1970 08 24 0.271000 1 1
1970 08 25 0.285000 1 1
1970 08 26 0.271000 1 1
1970 08 27 0.271000 1 1
1970 08 28 0.257000 1 1
1970 08 29 0.257000 1 1
1970 08 30 nan nan 0
1970 08 31 nan nan 0
1970 09 01 nan nan 0
1970 09 02 0.485000 1 1
1970 09 03 0.460000 1 1
1970 09 04 0.435000 1 1
1970 09 05 0.410000 1 1
1970 09 06 0.385000 1 1
1970 09 07 0.385000 1 1
1970 09 08 0.385000 1 1
1970 09 09 0.510000 1 1
1970 09 10 0.360000 1 1
1970 09 11 0.335000 1 1
1970 09 12 0.335000 1 1
1970 09 13 0.335000 1 1
1970 09 14 0.335000 1 1
1970 09 15 0.385000 1 1
1970 09 16 0.410000 1 1
1970 09 17 0.335000 1 1
1970 09 18 0.310000 1 1
1970 09 19 0.285000 1 1
1970 09 20 0.271000 1 1
1970 09 21 0.271000 1 1
1970 09 22 0.257000 1 1
1970 09 23 0.257000 1 1
1970 09 24 0.243000 1 1
1970 09 25 0.243000 1 1
1970 09 26 0.229000 1 1
1970 09 27 0.271000 1 1
1970 09 28 0.285000 1 1
1970 09 29 0.271000 1 1
1970 09 30 0.271000 1 1
1970 10 01 0.271000 1 1
1970 10 02 0.271000 1 1
1970 10 03 0.285000 1 1
1970 10 04 1.220000 1 1
1970 10 05 2.060000 1 1
1970 10 06 0.608000 1 1
1970 10 07 0.460000 1 1
1970 10 08 0.410000 1 1
1970 10 09 0.385000 1 1
1970 10 10 0.360000 1 1
1970 10 11 0.385000 1 1
1970 10 12 1.220000 1 1
1970 10 13 0.410000 1 1
1970 10 14 0.385000 1 1
1970 10 15 0.385000 1 1
1970 10 16 0.360000 1 1
1970 10 17 0.335000 1 1
1970 10 18 0.310000 1 1
1970 10 19 0.335000 1 1
1970 10 20 0.360000 1 1
1970 10 21 0.385000 1 1
1970 10 22 0.385000 1 1
1970 10 23 0.410000 1 1
1970 10 24 0.385000 1 1
1970 10 25 0.385000 1 1
1970 10 26 0.385000 1 1
1970 10 27 0.385000 1 1
1970 10 28 0.385000 1 1
1970 10 29 0.360000 1 1
1970 10 30 0.360000 1 1
1970 10 31 0.360000 1 1
1970 11 01 0.360000 1 1
1970 11 02 0.360000 1 1
1970 11 03 0.410000 1 1
1970 11 04 0.435000 1 1
1970 11 05 0.385000 1 1
1970 11 06 0.410000 1 1
1970 11 07 0.510000 1 1
1970 11 08 0.645000 1 1
1970 11 09 0.718000 1 1
1970 11 10 0.645000 1 1
1970 11 11 0.681000 1 1
1970 11 12 0.645000 1 1
1970 11 13 0.535000 1 1
1970 11 14 0.435000 1 1
1970 11 15 0.410000 1 1
1970 11 16 0.410000 1 1
1970 11 17 0.435000 1 1
1970 11 18 0.460000 1 1
1970 11 19 0.460000 1 1
1970 11 20 0.718000 1 1
1970 11 21 0.827000 1 1
1970 11 22 2.760000 1 1
1970 11 23 1.780000 1 1
1970 11 24 0.900000 1 1
1970 11 25 1.590000 1 1
1970 11 26 0.827000 1 1
1970 11 27 0.718000 1 1
1970 11 28 0.754000 1 1
1970 11 29 0.754000 1 1
1970 11 30 0.754000 1 1
1970 12 01 0.754000 1 1
1970 12 02 0.681000 1 1
1970 12 03 0.608000 1 1
1970 12 04 0.571000 1 1
1970 12 05 0.485000 1 1
1970 12 06 0.485000 1 1
1970 12 07 0.485000 1 1
1970 12 08 0.460000 1 1
1970 12 09 0.460000 1 1
1970 12 10 0.435000 1 1
1970 12 11 0.435000 1 1
1970 12 12 0.435000 1 1
1970 12 13 0.435000 1 1
1970 12 14 0.510000 1 1
1970 12 15 0.681000 1 1
1970 12 16 0.718000 1 1
1970 12 17 0.754000 1 1
1970 12 18 0.827000 1 1
1970 12 19 0.791000 1 1
1970 12 20 0.718000 1 1
1970 12 21 0.681000 1 1
1970 12 22 0.645000 1 1
1970 12 23 0.608000 1 1
1970 12 24 0.571000 1 1
1970 12 25 0.510000 1 1
1970 12 26 0.485000 1 1
1970 12 27 0.435000 1 1
1970 12 28 0.435000 1 1
1970 12 29 0.410000 1 1
1970 12 30 0.410000 1 1
1970 12 31 0.410000 1 1
