year month day streamflow_m3s qual_control_by_ana qual_flag
2009 05 01 nan nan 0
2009 05 02 nan nan 0
2009 05 03 nan nan 0
2009 05 04 nan nan 0
2009 05 05 nan nan 0
2009 05 06 nan nan 0
2009 05 07 2.673000 0 1
2009 05 08 2.565000 0 1
2009 05 09 2.529000 0 1
2009 05 10 2.529000 0 1
2009 05 11 2.457000 0 1
2009 05 12 2.385000 0 1
2009 05 13 2.457000 0 1
2009 05 14 2.385000 0 1
2009 05 15 2.385000 0 1
2009 05 16 2.314000 0 1
2009 05 17 2.421000 0 1
2009 05 18 2.457000 0 1
2009 05 19 2.350000 0 1
2009 05 20 2.314000 0 1
2009 05 21 2.314000 0 1
2009 05 22 2.278000 0 1
2009 05 23 2.278000 0 1
2009 05 24 2.243000 0 1
2009 05 25 2.260000 0 1
2009 05 26 2.207000 0 1
2009 05 27 2.101000 0 1
2009 05 28 2.101000 0 1
2009 05 29 2.066000 0 1
2009 05 30 2.066000 0 1
2009 05 31 2.101000 0 1
2009 06 01 2.439000 0 1
2009 06 02 2.475000 0 1
2009 06 03 2.243000 0 1
2009 06 04 2.101000 0 1
2009 06 05 2.101000 0 1
2009 06 06 2.119000 0 1
2009 06 07 2.013000 0 1
2009 06 08 2.030000 0 1
2009 06 09 1.995000 0 1
2009 06 10 1.978000 0 1
2009 06 11 1.925000 0 1
2009 06 12 1.943000 0 1
2009 06 13 1.925000 0 1
2009 06 14 1.838000 0 1
2009 06 15 1.838000 0 1
2009 06 16 1.960000 0 1
2009 06 17 1.890000 0 1
2009 06 18 1.664000 0 1
2009 06 19 1.786000 0 1
2009 06 20 1.768000 0 1
2009 06 21 1.768000 0 1
2009 06 22 1.925000 0 1
2009 06 23 1.751000 0 1
2009 06 24 1.751000 0 1
2009 06 25 1.751000 0 1
2009 06 26 1.699000 0 1
2009 06 27 1.647000 0 1
2009 06 28 1.664000 0 1
2009 06 29 1.681000 0 1
2009 06 30 1.664000 0 1
2009 07 01 1.595000 0 1
2009 07 02 1.647000 0 1
2009 07 03 1.578000 0 1
2009 07 04 1.630000 0 1
2009 07 05 1.544000 0 1
2009 07 06 1.544000 0 1
2009 07 07 1.510000 0 1
2009 07 08 1.630000 0 1
2009 07 09 1.544000 0 1
2009 07 10 1.544000 0 1
2009 07 11 1.475000 0 1
2009 07 12 1.441000 0 1
2009 07 13 1.441000 0 1
2009 07 14 1.441000 0 1
2009 07 15 1.441000 0 1
2009 07 16 1.407000 0 1
2009 07 17 1.441000 0 1
2009 07 18 1.390000 0 1
2009 07 19 1.306000 0 1
2009 07 20 1.390000 0 1
2009 07 21 1.407000 0 1
2009 07 22 1.289000 0 1
2009 07 23 1.289000 0 1
2009 07 24 1.238000 0 1
2009 07 25 1.238000 0 1
2009 07 26 1.205000 0 1
2009 07 27 1.289000 0 1
2009 07 28 1.238000 0 1
2009 07 29 1.138000 0 1
2009 07 30 1.105000 0 1
2009 07 31 1.205000 0 1
2009 08 01 1.241000 0 1
2009 08 02 1.227000 0 1
2009 08 03 1.281000 0 1
2009 08 04 1.281000 0 1
2009 08 05 1.254000 0 1
2009 08 06 1.254000 0 1
2009 08 07 1.241000 0 1
2009 08 08 1.162000 0 1
2009 08 09 1.149000 0 1
2009 08 10 1.214000 0 1
2009 08 11 1.201000 0 1
2009 08 12 1.175000 0 1
2009 08 13 1.124000 0 1
2009 08 14 1.175000 0 1
2009 08 15 1.188000 0 1
2009 08 16 1.136000 0 1
2009 08 17 1.201000 0 1
2009 08 18 1.111000 0 1
2009 08 19 1.061000 0 1
2009 08 20 1.099000 0 1
2009 08 21 1.049000 0 1
2009 08 22 1.061000 0 1
2009 08 23 1.136000 0 1
2009 08 24 2.266000 0 1
2009 08 25 1.706000 0 1
2009 08 26 1.435000 0 1
2009 08 27 1.392000 0 1
2009 08 28 1.254000 0 1
2009 08 29 1.336000 0 1
2009 08 30 1.281000 0 1
2009 08 31 1.322000 0 1
2009 09 01 1.214000 0 1
2009 09 02 1.188000 0 1
2009 09 03 1.149000 0 1
2009 09 04 1.175000 0 1
2009 09 05 1.162000 0 1
2009 09 06 1.188000 0 1
2009 09 07 1.537000 0 1
2009 09 08 1.392000 0 1
2009 09 09 1.281000 0 1
2009 09 10 1.364000 0 1
2009 09 11 1.162000 0 1
2009 09 12 1.061000 0 1
2009 09 13 1.099000 0 1
2009 09 14 1.086000 0 1
2009 09 15 1.037000 0 1
2009 09 16 0.965000 0 1
2009 09 17 0.942000 0 1
2009 09 18 0.965000 0 1
2009 09 19 0.977000 0 1
2009 09 20 1.001000 0 1
2009 09 21 1.149000 0 1
2009 09 22 1.322000 0 1
2009 09 23 1.254000 0 1
2009 09 24 1.214000 0 1
2009 09 25 1.136000 0 1
2009 09 26 1.061000 0 1
2009 09 27 1.013000 0 1
2009 09 28 1.025000 0 1
2009 09 29 0.954000 0 1
2009 09 30 0.954000 0 1
2009 10 01 0.874000 0 1
2009 10 02 0.896000 0 1
2009 10 03 0.930000 0 1
2009 10 04 1.149000 0 1
2009 10 05 1.597000 0 1
2009 10 06 1.295000 0 1
2009 10 07 1.378000 0 1
2009 10 08 1.850000 0 1
2009 10 09 1.435000 0 1
2009 10 10 1.690000 0 1
2009 10 11 1.350000 0 1
2009 10 12 1.201000 0 1
2009 10 13 1.449000 0 1
2009 10 14 1.281000 0 1
2009 10 15 1.392000 0 1
2009 10 16 1.508000 0 1
2009 10 17 1.378000 0 1
2009 10 18 1.254000 0 1
2009 10 19 1.241000 0 1
2009 10 20 1.392000 0 1
2009 10 21 1.188000 0 1
2009 10 22 1.175000 0 1
2009 10 23 1.201000 0 1
2009 10 24 1.149000 0 1
2009 10 25 1.241000 0 1
2009 10 26 1.214000 0 1
2009 10 27 1.188000 0 1
2009 10 28 1.111000 0 1
2009 10 29 1.643000 0 1
2009 10 30 1.674000 0 1
2009 10 31 1.883000 0 1
2009 11 01 1.785000 0 1
2009 11 02 1.628000 0 1
2009 11 03 1.753000 0 1
2009 11 04 1.350000 0 1
2009 11 05 2.140000 0 1
2009 11 06 1.818000 0 1
2009 11 07 1.567000 0 1
2009 11 08 1.435000 0 1
2009 11 09 1.378000 0 1
2009 11 10 1.308000 0 1
2009 11 11 1.900000 0 1
2009 11 12 1.674000 0 1
2009 11 13 2.472000 0 1
2009 11 14 1.785000 0 1
2009 11 15 1.537000 0 1
2009 11 16 1.420000 0 1
2009 11 17 1.336000 0 1
2009 11 18 1.420000 0 1
2009 11 19 1.420000 0 1
2009 11 20 1.406000 0 1
2009 11 21 1.308000 0 1
2009 11 22 1.350000 0 1
2009 11 23 1.281000 0 1
2009 11 24 1.241000 0 1
2009 11 25 1.227000 0 1
2009 11 26 2.303000 0 1
2009 11 27 1.917000 0 1
2009 11 28 1.674000 0 1
2009 11 29 1.582000 0 1
2009 11 30 1.537000 0 1
2009 12 01 2.453000 0 1
2009 12 02 2.973000 0 1
2009 12 03 2.766000 0 1
2009 12 04 2.176000 0 1
2009 12 05 2.036000 0 1
2009 12 06 2.303000 0 1
2009 12 07 2.568000 0 1
2009 12 08 2.627000 0 1
2009 12 09 2.491000 0 1
2009 12 10 2.321000 0 1
2009 12 11 2.194000 0 1
2009 12 12 1.917000 0 1
2009 12 13 1.850000 0 1
2009 12 14 2.105000 0 1
2009 12 15 2.377000 0 1
2009 12 16 2.568000 0 1
2009 12 17 2.088000 0 1
2009 12 18 1.917000 0 1
2009 12 19 2.018000 0 1
2009 12 20 1.950000 0 1
2009 12 21 2.088000 0 1
2009 12 22 1.883000 0 1
2009 12 23 2.491000 0 1
2009 12 24 2.053000 0 1
2009 12 25 2.766000 0 1
2009 12 26 2.686000 0 1
2009 12 27 2.230000 0 1
2009 12 28 1.567000 0 1
2009 12 29 4.195000 0 1
2009 12 30 3.454000 0 1
2009 12 31 5.207000 0 1
2010 01 01 3.685000 0 1
2010 01 02 5.638000 0 1
2010 01 03 4.071000 0 1
2010 01 04 3.187000 0 1
2010 01 05 2.889000 0 1
2010 01 06 2.848000 0 1
2010 01 07 2.807000 0 1
2010 01 08 3.015000 0 1
2010 01 09 2.889000 0 1
2010 01 10 2.549000 0 1
2010 01 11 2.491000 0 1
2010 01 12 2.973000 0 1
2010 01 13 3.522000 0 1
2010 01 14 2.726000 0 1
2010 01 15 3.143000 0 1
2010 01 16 3.015000 0 1
2010 01 17 2.889000 0 1
2010 01 18 2.627000 0 1
2010 01 19 2.472000 0 1
2010 01 20 2.340000 0 1
2010 01 21 2.396000 0 1
2010 01 22 2.340000 0 1
2010 01 23 2.686000 0 1
2010 01 24 2.568000 0 1
2010 01 25 2.453000 0 1
2010 01 26 2.706000 0 1
2010 01 27 2.848000 0 1
2010 01 28 2.607000 0 1
2010 01 29 2.686000 0 1
2010 01 30 2.510000 0 1
2010 01 31 2.415000 0 1
2010 02 01 2.359000 0 1
2010 02 02 1.917000 0 1
2010 02 03 2.194000 0 1
2010 02 04 2.158000 0 1
2010 02 05 2.176000 0 1
2010 02 06 2.105000 0 1
2010 02 07 2.510000 0 1
2010 02 08 2.647000 0 1
2010 02 09 2.568000 0 1
2010 02 10 2.415000 0 1
2010 02 11 2.230000 0 1
2010 02 12 2.194000 0 1
2010 02 13 2.088000 0 1
2010 02 14 2.036000 0 1
2010 02 15 2.001000 0 1
2010 02 16 1.933000 0 1
2010 02 17 2.018000 0 1
2010 02 18 2.491000 0 1
2010 02 19 2.510000 0 1
2010 02 20 2.303000 0 1
2010 02 21 2.070000 0 1
2010 02 22 2.001000 0 1
2010 02 23 1.984000 0 1
2010 02 24 1.883000 0 1
2010 02 25 1.883000 0 1
2010 02 26 2.123000 0 1
2010 02 27 3.341000 0 1
2010 02 28 2.248000 0 1
2010 03 01 2.248000 0 1
2010 03 02 2.194000 0 1
2010 03 03 2.807000 0 1
2010 03 04 3.187000 0 1
2010 03 05 4.170000 0 1
2010 03 06 3.079000 0 1
2010 03 07 6.087000 0 1
2010 03 08 2.848000 0 1
2010 03 09 2.568000 0 1
2010 03 10 2.510000 0 1
2010 03 11 2.340000 0 1
2010 03 12 2.230000 0 1
2010 03 13 2.396000 0 1
2010 03 14 2.807000 0 1
2010 03 15 2.248000 0 1
2010 03 16 2.176000 0 1
2010 03 17 2.158000 0 1
2010 03 18 1.984000 0 1
2010 03 19 2.070000 0 1
2010 03 20 2.889000 0 1
2010 03 21 2.491000 0 1
2010 03 22 2.230000 0 1
2010 03 23 3.122000 0 1
2010 03 24 2.910000 0 1
2010 03 25 2.472000 0 1
2010 03 26 2.266000 0 1
2010 03 27 2.140000 0 1
2010 03 28 2.070000 0 1
2010 03 29 2.053000 0 1
2010 03 30 2.105000 0 1
2010 03 31 3.057000 0 1
2010 04 01 2.396000 0 1
2010 04 02 2.931000 0 1
2010 04 03 3.408000 0 1
2010 04 04 3.522000 0 1
2010 04 05 3.079000 0 1
2010 04 06 3.143000 0 1
2010 04 07 2.910000 0 1
2010 04 08 2.787000 0 1
2010 04 09 2.434000 0 1
2010 04 10 2.340000 0 1
2010 04 11 2.248000 0 1
2010 04 12 2.158000 0 1
2010 04 13 2.158000 0 1
2010 04 14 2.140000 0 1
2010 04 15 2.070000 0 1
2010 04 16 2.036000 0 1
2010 04 17 2.036000 0 1
2010 04 18 2.036000 0 1
2010 04 19 2.001000 0 1
2010 04 20 1.917000 0 1
2010 04 21 1.883000 0 1
2010 04 22 1.900000 0 1
2010 04 23 1.883000 0 1
2010 04 24 1.834000 0 1
2010 04 25 1.737000 0 1
2010 04 26 1.674000 0 1
2010 04 27 1.753000 0 1
2010 04 28 1.737000 0 1
2010 04 29 1.690000 0 1
2010 04 30 1.659000 0 1
2010 05 01 1.674000 0 1
2010 05 02 1.659000 0 1
2010 05 03 1.659000 0 1
2010 05 04 1.690000 0 1
2010 05 05 1.597000 0 1
2010 05 06 1.674000 0 1
2010 05 07 1.706000 0 1
2010 05 08 1.567000 0 1
2010 05 09 1.537000 0 1
2010 05 10 1.522000 0 1
2010 05 11 1.613000 0 1
2010 05 12 1.597000 0 1
2010 05 13 1.537000 0 1
2010 05 14 1.582000 0 1
2010 05 15 1.567000 0 1
2010 05 16 1.493000 0 1
2010 05 17 1.406000 0 1
2010 05 18 1.406000 0 1
2010 05 19 1.336000 0 1
2010 05 20 1.336000 0 1
2010 05 21 1.392000 0 1
2010 05 22 1.308000 0 1
2010 05 23 1.308000 0 1
2010 05 24 1.295000 0 1
2010 05 25 1.281000 0 1
2010 05 26 1.769000 0 1
2010 05 27 1.449000 0 1
2010 05 28 1.464000 0 1
2010 05 29 1.435000 0 1
2010 05 30 1.308000 0 1
2010 05 31 1.364000 0 1
2010 06 01 1.322000 0 1
2010 06 02 1.295000 0 1
2010 06 03 1.406000 0 1
2010 06 04 1.350000 0 1
2010 06 05 1.308000 0 1
2010 06 06 1.322000 0 1
2010 06 07 1.364000 0 1
2010 06 08 1.308000 0 1
2010 06 09 1.241000 0 1
2010 06 10 1.227000 0 1
2010 06 11 1.162000 0 1
2010 06 12 1.175000 0 1
2010 06 13 1.162000 0 1
2010 06 14 1.227000 0 1
2010 06 15 1.175000 0 1
2010 06 16 1.136000 0 1
2010 06 17 1.136000 0 1
2010 06 18 1.111000 0 1
2010 06 19 1.074000 0 1
2010 06 20 1.086000 0 1
2010 06 21 1.124000 0 1
2010 06 22 1.124000 0 1
2010 06 23 1.074000 0 1
2010 06 24 1.061000 0 1
2010 06 25 1.111000 0 1
2010 06 26 1.086000 0 1
2010 06 27 1.025000 0 1
2010 06 28 1.037000 0 1
2010 06 29 1.074000 0 1
2010 06 30 1.074000 0 1
2010 07 01 1.061000 0 1
2010 07 02 1.074000 0 1
2010 07 03 0.977000 0 1
2010 07 04 0.954000 0 1
2010 07 05 1.025000 0 1
2010 07 06 1.025000 0 1
2010 07 07 1.001000 0 1
2010 07 08 0.989000 0 1
2010 07 09 1.001000 0 1
2010 07 10 0.989000 0 1
2010 07 11 0.942000 0 1
2010 07 12 0.965000 0 1
2010 07 13 0.954000 0 1
2010 07 14 0.930000 0 1
2010 07 15 0.919000 0 1
2010 07 16 0.908000 0 1
2010 07 17 0.896000 0 1
2010 07 18 0.863000 0 1
2010 07 19 0.896000 0 1
2010 07 20 0.896000 0 1
2010 07 21 0.885000 0 1
2010 07 22 0.863000 0 1
2010 07 23 0.874000 0 1
2010 07 24 0.809000 0 1
2010 07 25 0.830000 0 1
2010 07 26 0.863000 0 1
2010 07 27 0.830000 0 1
2010 07 28 0.852000 0 1
2010 07 29 0.863000 0 1
2010 07 30 0.885000 0 1
2010 07 31 0.863000 0 1
2010 08 01 0.819000 0 1
2010 08 02 0.809000 0 1
2010 08 03 0.874000 0 1
2010 08 04 0.809000 0 1
2010 08 05 0.788000 0 1
2010 08 06 0.798000 0 1
2010 08 07 0.767000 0 1
2010 08 08 0.788000 0 1
2010 08 09 0.788000 0 1
2010 08 10 0.788000 0 1
2010 08 11 0.736000 0 1
2010 08 12 0.746000 0 1
2010 08 13 0.767000 0 1
2010 08 14 0.736000 0 1
2010 08 15 0.746000 0 1
2010 08 16 0.726000 0 1
2010 08 17 0.736000 0 1
2010 08 18 0.706000 0 1
2010 08 19 0.726000 0 1
2010 08 20 0.726000 0 1
2010 08 21 0.736000 0 1
2010 08 22 0.767000 0 1
2010 08 23 0.726000 0 1
2010 08 24 0.746000 0 1
2010 08 25 0.716000 0 1
2010 08 26 0.726000 0 1
2010 08 27 0.666000 0 1
2010 08 28 0.657000 0 1
2010 08 29 0.657000 0 1
2010 08 30 0.676000 0 1
2010 08 31 0.666000 0 1
2010 09 01 0.647000 0 1
2010 09 02 0.647000 0 1
2010 09 03 0.610000 0 1
2010 09 04 0.647000 0 1
2010 09 05 0.628000 0 1
2010 09 06 0.647000 0 1
2010 09 07 0.638000 0 1
2010 09 08 0.610000 0 1
2010 09 09 0.610000 0 1
2010 09 10 0.601000 0 1
2010 09 11 0.601000 0 1
2010 09 12 0.628000 0 1
2010 09 13 0.610000 0 1
2010 09 14 0.592000 0 1
2010 09 15 0.601000 0 1
2010 09 16 0.592000 0 1
2010 09 17 0.601000 0 1
2010 09 18 0.601000 0 1
2010 09 19 0.592000 0 1
2010 09 20 0.556000 0 1
2010 09 21 0.574000 0 1
2010 09 22 0.582000 0 1
2010 09 23 0.547000 0 1
2010 09 24 0.530000 0 1
2010 09 25 0.565000 0 1
2010 09 26 0.504000 0 1
2010 09 27 0.513000 0 1
2010 09 28 0.530000 0 1
2010 09 29 0.539000 0 1
2010 09 30 0.539000 0 1
2010 10 01 0.638000 0 1
2010 10 02 0.746000 0 1
2010 10 03 1.025000 0 1
2010 10 04 0.798000 0 1
2010 10 05 0.716000 0 1
2010 10 06 0.706000 0 1
2010 10 07 0.647000 0 1
2010 10 08 0.582000 0 1
2010 10 09 0.565000 0 1
2010 10 10 0.539000 0 1
2010 10 11 0.565000 0 1
2010 10 12 0.547000 0 1
2010 10 13 0.547000 0 1
2010 10 14 0.521000 0 1
2010 10 15 0.504000 0 1
2010 10 16 0.504000 0 1
2010 10 17 0.574000 0 1
2010 10 18 0.896000 0 1
2010 10 19 0.798000 0 1
2010 10 20 2.434000 0 1
2010 10 21 0.809000 0 1
2010 10 22 0.746000 0 1
2010 10 23 3.100000 0 1
2010 10 24 0.874000 0 1
2010 10 25 0.885000 0 1
2010 10 26 0.809000 0 1
2010 10 27 1.295000 0 1
2010 10 28 1.162000 0 1
2010 10 29 0.908000 0 1
2010 10 30 0.809000 0 1
2010 10 31 0.830000 0 1
2010 11 01 0.919000 0 1
2010 11 02 1.111000 0 1
2010 11 03 1.378000 0 1
2010 11 04 1.061000 0 1
2010 11 05 0.977000 0 1
2010 11 06 0.965000 0 1
2010 11 07 1.188000 0 1
2010 11 08 1.188000 0 1
2010 11 09 1.074000 0 1
2010 11 10 0.977000 0 1
2010 11 11 0.930000 0 1
2010 11 12 0.896000 0 1
2010 11 13 0.954000 0 1
2010 11 14 1.013000 0 1
2010 11 15 1.025000 0 1
2010 11 16 0.942000 0 1
2010 11 17 0.930000 0 1
2010 11 18 0.896000 0 1
2010 11 19 0.863000 0 1
2010 11 20 1.037000 0 1
2010 11 21 0.863000 0 1
2010 11 22 1.706000 0 1
2010 11 23 2.123000 0 1
2010 11 24 1.308000 0 1
2010 11 25 1.175000 0 1
2010 11 26 1.801000 0 1
2010 11 27 4.120000 0 1
2010 11 28 1.522000 0 1
2010 11 29 3.827000 0 1
2010 11 30 1.690000 0 1
2010 12 01 1.552000 0 0
2010 12 02 1.406000 0 0
2010 12 03 1.537000 0 0
2010 12 04 1.392000 0 0
2010 12 05 2.706000 0 0
2010 12 06 25.760000 0 0
2010 12 07 4.634000 0 0
2010 12 08 2.706000 0 0
2010 12 09 3.638000 0 0
2010 12 10 2.396000 0 0
2010 12 11 2.140000 0 0
2010 12 12 2.053000 0 0
2010 12 13 1.900000 0 0
2010 12 14 1.950000 0 0
2010 12 15 2.105000 0 0
2010 12 16 5.638000 0 0
2010 12 17 3.165000 0 0
2010 12 18 2.396000 0 0
2010 12 19 2.549000 0 0
2010 12 20 2.285000 0 0
2010 12 21 2.321000 0 0
2010 12 22 2.123000 0 0
2010 12 23 2.105000 0 0
2010 12 24 1.950000 0 0
2010 12 25 2.726000 0 0
2010 12 26 2.377000 0 0
2010 12 27 8.563000 0 0
2010 12 28 5.638000 0 0
2010 12 29 3.827000 0 0
2010 12 30 3.924000 0 0
2010 12 31 3.875000 0 0
2011 01 01 5.697000 0 1
2011 01 02 4.876000 0 1
2011 01 03 5.068000 0 1
2011 01 04 4.930000 0 1
2011 01 05 4.297000 0 1
2011 01 06 18.068000 0 1
2011 01 07 9.577000 0 1
2011 01 08 5.320000 0 1
2011 01 09 4.477000 0 1
2011 01 10 4.271000 0 1
2011 01 11 6.026000 0 1
2011 01 12 4.503000 0 1
2011 01 13 4.246000 0 1
2011 01 14 3.924000 0 1
2011 01 15 11.312000 0 1
2011 01 16 4.714000 0 1
2011 01 17 3.875000 0 1
2011 01 18 3.592000 0 1
2011 01 19 3.408000 0 1
2011 01 20 5.012000 0 1
2011 01 21 3.592000 0 1
2011 01 22 3.274000 0 1
2011 01 23 3.209000 0 1
2011 01 24 3.079000 0 1
2011 01 25 2.973000 0 1
2011 01 26 2.869000 0 1
2011 01 27 3.057000 0 1
2011 01 28 3.319000 0 1
2011 01 29 3.036000 0 1
2011 01 30 3.057000 0 1
2011 01 31 2.848000 0 1
2011 02 01 2.706000 0 0
2011 02 02 2.627000 0 0
2011 02 03 2.568000 0 0
2011 02 04 2.706000 0 0
2011 02 05 2.491000 0 0
2011 02 06 2.359000 0 0
2011 02 07 2.491000 0 0
2011 02 08 2.472000 0 0
2011 02 09 2.396000 0 0
2011 02 10 2.415000 0 1
2011 02 11 2.766000 0 1
2011 02 12 2.529000 0 1
2011 02 13 2.549000 0 1
2011 02 14 2.607000 0 1
2011 02 15 2.869000 0 1
2011 02 16 4.529000 0 1
2011 02 17 3.364000 0 1
2011 02 18 3.297000 0 1
2011 02 19 2.726000 0 1
2011 02 20 2.588000 0 1
2011 02 21 2.588000 0 1
2011 02 22 2.510000 0 1
2011 02 23 2.807000 0 1
2011 02 24 4.120000 0 1
2011 02 25 5.117000 0 1
2011 02 26 4.335000 0 1
2011 02 27 3.461000 0 1
2011 02 28 3.102000 0 1
2011 03 01 3.079000 0 1
2011 03 02 3.339000 0 1
2011 03 03 3.243000 0 1
2011 03 04 4.416000 0 1
2011 03 05 9.517000 0 1
2011 03 06 4.470000 0 1
2011 03 07 5.379000 0 1
2011 03 08 4.498000 0 1
2011 03 09 3.785000 0 1
2011 03 10 4.443000 0 1
2011 03 11 6.712000 0 1
2011 03 12 4.498000 0 1
2011 03 13 4.362000 0 1
2011 03 14 5.174000 0 1
2011 03 15 4.308000 0 1
2011 03 16 4.069000 0 1
2011 03 17 3.836000 0 1
2011 03 18 6.519000 0 1
2011 03 19 10.905000 0 1
2011 03 20 9.585000 0 1
2011 03 21 9.248000 0 1
2011 03 22 12.255000 0 1
2011 03 23 5.702000 0 1
2011 03 24 10.985000 0 1
2011 03 25 9.661000 0 1
2011 03 26 5.582000 0 1
2011 03 27 4.769000 0 1
2011 03 28 4.411000 0 1
2011 03 29 4.116000 0 1
2011 03 30 4.882000 0 1
2011 03 31 4.090000 0 1
2011 04 01 3.831000 0 1
2011 04 02 3.604000 0 1
2011 04 03 3.529000 0 1
2011 04 04 3.679000 0 1
2011 04 05 5.315000 0 1
2011 04 06 5.315000 0 1
2011 04 07 4.575000 0 1
2011 04 08 4.713000 0 1
2011 04 09 3.908000 0 1
2011 04 10 4.547000 0 1
2011 04 11 5.082000 0 1
2011 04 12 4.438000 0 1
2011 04 13 4.143000 0 1
2011 04 14 4.038000 0 1
2011 04 15 3.960000 0 1
2011 04 16 3.831000 0 1
2011 04 17 3.729000 0 1
2011 04 18 3.654000 0 1
2011 04 19 3.629000 0 1
2011 04 20 3.579000 0 1
2011 04 21 3.505000 0 1
2011 04 22 3.431000 0 1
2011 04 23 3.383000 0 1
2011 04 24 3.334000 0 1
2011 04 25 3.263000 0 1
2011 04 26 3.168000 0 1
2011 04 27 3.097000 0 1
2011 04 28 3.144000 0 1
2011 04 29 3.168000 0 1
2011 04 30 3.074000 0 1
2011 05 01 3.027000 0 0
2011 05 02 3.027000 0 0
2011 05 03 2.936000 0 0
2011 05 04 2.936000 0 0
2011 05 05 2.890000 0 0
2011 05 06 2.845000 0 0
2011 05 07 2.868000 0 0
2011 05 08 2.778000 0 0
2011 05 09 2.689000 0 0
2011 05 10 2.624000 0 0
2011 05 11 2.624000 0 0
2011 05 12 2.537000 0 0
2011 05 13 2.602000 0 0
2011 05 14 2.580000 0 0
2011 05 15 2.645000 0 1
2011 05 16 2.800000 0 1
2011 05 17 3.051000 0 1
2011 05 18 2.845000 0 1
2011 05 19 2.936000 0 1
2011 05 20 3.051000 0 1
2011 05 21 3.074000 0 1
2011 05 22 2.845000 0 1
2011 05 23 2.778000 0 1
2011 05 24 2.845000 0 1
2011 05 25 2.667000 0 1
2011 05 26 2.645000 0 1
2011 05 27 2.537000 0 1
2011 05 28 2.516000 0 1
2011 05 29 2.431000 0 1
2011 05 30 2.516000 0 1
2011 05 31 2.473000 0 1
2011 06 01 2.537000 0 1
2011 06 02 2.473000 0 1
2011 06 03 2.368000 0 1
2011 06 04 2.368000 0 1
2011 06 05 2.306000 0 1
2011 06 06 2.389000 0 1
2011 06 07 2.327000 0 1
2011 06 08 2.327000 0 1
2011 06 09 2.286000 0 1
2011 06 10 2.286000 0 1
2011 06 11 2.473000 0 1
2011 06 12 2.431000 0 1
2011 06 13 2.327000 0 1
2011 06 14 2.265000 0 1
2011 06 15 2.104000 0 1
2011 06 16 2.184000 0 1
2011 06 17 2.124000 0 1
2011 06 18 2.045000 0 1
2011 06 19 2.144000 0 1
2011 06 20 2.104000 0 1
2011 06 21 2.045000 0 1
2011 06 22 2.026000 0 1
2011 06 23 1.929000 0 1
2011 06 24 1.929000 0 1
2011 06 25 1.853000 0 1
2011 06 26 1.910000 0 1
2011 06 27 1.910000 0 1
2011 06 28 1.910000 0 1
2011 06 29 1.872000 0 1
2011 06 30 1.948000 0 1
2011 07 01 1.853000 0 1
2011 07 02 1.967000 0 0
2011 07 03 1.929000 0 0
2011 07 04 1.835000 0 0
2011 07 05 1.872000 0 0
2011 07 06 1.853000 0 0
2011 07 07 1.761000 0 0
2011 07 08 1.724000 0 0
2011 07 09 1.634000 0 0
2011 07 10 1.688000 0 0
2011 07 11 1.652000 0 0
2011 07 12 1.670000 0 0
2011 07 13 1.652000 0 0
2011 07 14 1.670000 0 0
2011 07 15 1.616000 0 0
2011 07 16 1.616000 0 0
2011 07 17 1.742000 0 0
2011 07 18 1.688000 0 0
2011 07 19 1.581000 0 0
2011 07 20 1.512000 0 0
2011 07 21 1.512000 0 0
2011 07 22 1.564000 0 0
2011 07 23 1.461000 0 0
2011 07 24 1.495000 0 0
2011 07 25 1.512000 0 0
2011 07 26 1.477000 0 0
2011 07 27 1.495000 0 0
2011 07 28 1.564000 0 0
2011 07 29 1.581000 0 0
2011 07 30 1.410000 0 0
2011 07 31 1.461000 0 0
2011 08 01 1.393000 0 1
2011 08 02 1.477000 0 1
2011 08 03 1.393000 0 1
2011 08 04 1.279000 0 1
2011 08 05 1.444000 0 1
2011 08 06 1.377000 0 1
2011 08 07 1.295000 0 1
2011 08 08 1.344000 0 1
2011 08 09 1.328000 0 1
2011 08 10 1.247000 0 1
2011 08 11 1.247000 0 1
2011 08 12 1.169000 0 1
2011 08 13 1.200000 0 1
2011 08 14 1.184000 0 1
2011 08 15 1.216000 0 1
2011 08 16 1.200000 0 1
2011 08 17 1.184000 0 1
2011 08 18 1.216000 0 1
2011 08 19 1.295000 0 1
2011 08 20 1.154000 0 1
2011 08 21 1.154000 0 1
2011 08 22 1.093000 0 1
2011 08 23 1.231000 0 1
2011 08 24 1.108000 0 1
2011 08 25 1.078000 0 1
2011 08 26 1.138000 0 1
2011 08 27 1.034000 0 1
2011 08 28 1.005000 0 1
2011 08 29 1.048000 0 1
2011 08 30 1.108000 0 1
2011 08 31 1.005000 0 1
2011 09 01 0.934000 0 1
2011 09 02 0.962000 0 1
2011 09 03 0.920000 0 1
2011 09 04 0.920000 0 1
2011 09 05 0.990000 0 1
2011 09 06 0.962000 0 1
2011 09 07 0.906000 0 1
2011 09 08 0.878000 0 1
2011 09 09 0.838000 0 1
2011 09 10 0.892000 0 1
2011 09 11 0.824000 0 1
2011 09 12 0.906000 0 1
2011 09 13 0.865000 0 1
2011 09 14 0.851000 0 1
2011 09 15 0.785000 0 1
2011 09 16 0.772000 0 1
2011 09 17 0.798000 0 1
2011 09 18 0.721000 0 1
2011 09 19 0.851000 0 1
2011 09 20 0.721000 0 1
2011 09 21 0.811000 0 1
2011 09 22 0.709000 0 1
2011 09 23 0.696000 0 1
2011 09 24 0.659000 0 1
2011 09 25 0.684000 0 1
2011 09 26 0.851000 0 1
2011 09 27 1.138000 0 1
2011 09 28 0.851000 0 1
2011 09 29 0.838000 0 1
2011 09 30 0.696000 0 1
2011 10 01 0.659000 0 0
2011 10 02 0.672000 0 0
2011 10 03 0.824000 0 0
2011 10 04 0.948000 0 0
2011 10 05 0.990000 0 0
2011 10 06 1.599000 0 0
2011 10 07 1.344000 0 0
2011 10 08 1.169000 0 0
2011 10 09 1.063000 0 0
2011 10 10 1.216000 0 0
2011 10 11 1.263000 0 0
2011 10 12 1.200000 0 0
2011 10 13 1.063000 0 0
2011 10 14 1.328000 0 0
2011 10 15 2.104000 0 0
2011 10 16 13.322000 0 1
2011 10 17 3.960000 0 1
2011 10 18 3.074000 0 1
2011 10 19 3.359000 0 1
2011 10 20 2.084000 0 1
2011 10 21 1.872000 0 1
2011 10 22 1.891000 0 1
2011 10 23 1.761000 0 1
2011 10 24 1.670000 0 1
2011 10 25 1.564000 0 1
2011 10 26 3.121000 0 1
2011 10 27 2.204000 0 1
2011 10 28 1.816000 0 1
2011 10 29 1.599000 0 1
2011 10 30 2.667000 0 1
2011 10 31 2.065000 0 1
2011 11 01 1.835000 0 1
2011 11 02 1.688000 0 1
2011 11 03 1.616000 0 1
2011 11 04 1.581000 0 1
2011 11 05 1.495000 0 1
2011 11 06 1.427000 0 1
2011 11 07 1.410000 0 1
2011 11 08 1.835000 0 1
2011 11 09 2.245000 0 1
2011 11 10 1.891000 0 1
2011 11 11 1.670000 0 1
2011 11 12 1.581000 0 1
2011 11 13 1.495000 0 1
2011 11 14 1.599000 0 1
2011 11 15 2.306000 0 1
2011 11 16 2.822000 0 1
2011 11 17 2.184000 0 1
2011 11 18 1.853000 0 1
2011 11 19 1.835000 0 1
2011 11 20 1.929000 0 1
2011 11 21 4.356000 0 1
2011 11 22 2.431000 0 1
2011 11 23 2.347000 0 1
2011 11 24 2.473000 0 1
2011 11 25 2.559000 0 1
2011 11 26 2.368000 0 1
2011 11 27 7.200000 0 1
2011 11 28 5.793000 0 1
2011 11 29 6.448000 0 1
2011 11 30 3.882000 0 1
2011 12 01 3.805000 0 1
2011 12 02 3.780000 0 1
2011 12 03 5.492000 0 1
2011 12 04 4.302000 0 1
2011 12 05 3.986000 0 1
2011 12 06 3.383000 0 1
2011 12 07 2.845000 0 1
2011 12 08 2.494000 0 1
2011 12 09 2.733000 0 1
2011 12 10 3.004000 0 1
2011 12 11 3.097000 0 1
2011 12 12 3.239000 0 1
2011 12 13 4.302000 0 1
2011 12 14 3.286000 0 1
2011 12 15 5.763000 0 1
2011 12 16 4.169000 0 1
2011 12 17 3.554000 0 1
2011 12 18 5.763000 0 1
2011 12 19 6.321000 0 1
2011 12 20 7.267000 0 1
2011 12 21 8.625000 0 1
2011 12 22 5.824000 0 1
2011 12 23 nan nan 0
2011 12 24 nan nan 0
2011 12 25 nan nan 0
2011 12 26 nan nan 0
2011 12 27 nan nan 0
2011 12 28 nan nan 0
2011 12 29 nan nan 0
2011 12 30 nan nan 0
2011 12 31 nan nan 0
2012 01 01 nan nan nan
2012 01 02 nan nan nan
2012 01 03 nan nan nan
2012 01 04 nan nan nan
2012 01 05 nan nan nan
2012 01 06 nan nan nan
2012 01 07 nan nan nan
2012 01 08 nan nan nan
2012 01 09 nan nan nan
2012 01 10 nan nan nan
2012 01 11 nan nan nan
2012 01 12 nan nan nan
2012 01 13 nan nan nan
2012 01 14 nan nan nan
2012 01 15 nan nan nan
2012 01 16 nan nan nan
2012 01 17 nan nan nan
2012 01 18 nan nan nan
2012 01 19 nan nan nan
2012 01 20 nan nan nan
2012 01 21 nan nan nan
2012 01 22 nan nan nan
2012 01 23 nan nan nan
2012 01 24 nan nan nan
2012 01 25 nan nan nan
2012 01 26 nan nan nan
2012 01 27 nan nan nan
2012 01 28 nan nan nan
2012 01 29 nan nan nan
2012 01 30 nan nan nan
2012 01 31 nan nan nan
2012 02 01 nan nan nan
2012 02 02 nan nan nan
2012 02 03 nan nan nan
2012 02 04 nan nan nan
2012 02 05 nan nan nan
2012 02 06 nan nan nan
2012 02 07 nan nan nan
2012 02 08 nan nan nan
2012 02 09 nan nan nan
2012 02 10 nan nan nan
2012 02 11 nan nan nan
2012 02 12 nan nan nan
2012 02 13 nan nan nan
2012 02 14 nan nan nan
2012 02 15 nan nan nan
2012 02 16 nan nan nan
2012 02 17 nan nan nan
2012 02 18 nan nan nan
2012 02 19 nan nan nan
2012 02 20 nan nan nan
2012 02 21 nan nan nan
2012 02 22 nan nan nan
2012 02 23 nan nan nan
2012 02 24 nan nan nan
2012 02 25 nan nan nan
2012 02 26 nan nan nan
2012 02 27 nan nan nan
2012 02 28 nan nan nan
2012 02 29 nan nan nan
2012 03 01 nan nan nan
2012 03 02 nan nan nan
2012 03 03 nan nan nan
2012 03 04 nan nan nan
2012 03 05 nan nan nan
2012 03 06 nan nan nan
2012 03 07 nan nan nan
2012 03 08 nan nan nan
2012 03 09 nan nan nan
2012 03 10 nan nan nan
2012 03 11 nan nan nan
2012 03 12 nan nan nan
2012 03 13 nan nan nan
2012 03 14 nan nan nan
2012 03 15 nan nan nan
2012 03 16 nan nan nan
2012 03 17 nan nan nan
2012 03 18 nan nan nan
2012 03 19 nan nan nan
2012 03 20 nan nan nan
2012 03 21 nan nan nan
2012 03 22 nan nan nan
2012 03 23 nan nan nan
2012 03 24 nan nan nan
2012 03 25 nan nan nan
2012 03 26 nan nan nan
2012 03 27 nan nan nan
2012 03 28 nan nan nan
2012 03 29 nan nan nan
2012 03 30 nan nan nan
2012 03 31 nan nan nan
2012 04 01 nan nan nan
2012 04 02 nan nan nan
2012 04 03 nan nan nan
2012 04 04 nan nan nan
2012 04 05 nan nan nan
2012 04 06 nan nan nan
2012 04 07 nan nan nan
2012 04 08 nan nan nan
2012 04 09 nan nan nan
2012 04 10 nan nan nan
2012 04 11 nan nan nan
2012 04 12 nan nan nan
2012 04 13 nan nan nan
2012 04 14 nan nan nan
2012 04 15 nan nan nan
2012 04 16 nan nan nan
2012 04 17 nan nan nan
2012 04 18 nan nan nan
2012 04 19 nan nan nan
2012 04 20 nan nan nan
2012 04 21 nan nan nan
2012 04 22 nan nan nan
2012 04 23 nan nan nan
2012 04 24 nan nan nan
2012 04 25 nan nan nan
2012 04 26 nan nan nan
2012 04 27 nan nan nan
2012 04 28 nan nan nan
2012 04 29 nan nan nan
2012 04 30 nan nan nan
2012 05 01 nan nan nan
2012 05 02 nan nan nan
2012 05 03 nan nan nan
2012 05 04 nan nan nan
2012 05 05 nan nan nan
2012 05 06 nan nan nan
2012 05 07 nan nan nan
2012 05 08 nan nan nan
2012 05 09 nan nan nan
2012 05 10 nan nan nan
2012 05 11 nan nan nan
2012 05 12 nan nan nan
2012 05 13 nan nan nan
2012 05 14 nan nan nan
2012 05 15 nan nan nan
2012 05 16 nan nan nan
2012 05 17 nan nan nan
2012 05 18 nan nan nan
2012 05 19 nan nan nan
2012 05 20 nan nan nan
2012 05 21 nan nan nan
2012 05 22 nan nan nan
2012 05 23 nan nan nan
2012 05 24 nan nan nan
2012 05 25 nan nan nan
2012 05 26 nan nan nan
2012 05 27 nan nan nan
2012 05 28 nan nan nan
2012 05 29 nan nan nan
2012 05 30 nan nan nan
2012 05 31 nan nan nan
2012 06 01 nan nan nan
2012 06 02 nan nan nan
2012 06 03 nan nan nan
2012 06 04 nan nan nan
2012 06 05 nan nan nan
2012 06 06 nan nan nan
2012 06 07 nan nan nan
2012 06 08 nan nan nan
2012 06 09 nan nan nan
2012 06 10 nan nan nan
2012 06 11 nan nan nan
2012 06 12 nan nan nan
2012 06 13 nan nan nan
2012 06 14 nan nan nan
2012 06 15 nan nan nan
2012 06 16 nan nan nan
2012 06 17 nan nan nan
2012 06 18 nan nan nan
2012 06 19 nan nan nan
2012 06 20 nan nan nan
2012 06 21 nan nan nan
2012 06 22 nan nan nan
2012 06 23 nan nan nan
2012 06 24 nan nan nan
2012 06 25 nan nan nan
2012 06 26 nan nan nan
2012 06 27 nan nan nan
2012 06 28 nan nan nan
2012 06 29 nan nan nan
2012 06 30 nan nan nan
2012 07 01 nan nan nan
2012 07 02 nan nan nan
2012 07 03 nan nan nan
2012 07 04 nan nan nan
2012 07 05 nan nan nan
2012 07 06 nan nan nan
2012 07 07 nan nan nan
2012 07 08 nan nan nan
2012 07 09 nan nan nan
2012 07 10 nan nan nan
2012 07 11 nan nan nan
2012 07 12 nan nan nan
2012 07 13 nan nan nan
2012 07 14 nan nan nan
2012 07 15 nan nan nan
2012 07 16 nan nan nan
2012 07 17 nan nan nan
2012 07 18 nan nan nan
2012 07 19 nan nan nan
2012 07 20 nan nan nan
2012 07 21 nan nan nan
2012 07 22 nan nan nan
2012 07 23 nan nan nan
2012 07 24 nan nan nan
2012 07 25 nan nan nan
2012 07 26 nan nan nan
2012 07 27 nan nan nan
2012 07 28 nan nan nan
2012 07 29 nan nan nan
2012 07 30 nan nan nan
2012 07 31 nan nan nan
2012 08 01 1.008000 0 1
2012 08 02 0.936000 0 1
2012 08 03 0.965000 0 1
2012 08 04 1.037000 0 1
2012 08 05 0.895000 0 1
2012 08 06 1.008000 0 1
2012 08 07 0.908000 0 1
2012 08 08 0.881000 0 1
2012 08 09 0.881000 0 1
2012 08 10 0.950000 0 1
2012 08 11 0.854000 0 1
2012 08 12 0.840000 0 1
2012 08 13 0.936000 0 1
2012 08 14 0.950000 0 1
2012 08 15 0.908000 0 1
2012 08 16 0.814000 0 1
2012 08 17 0.801000 0 1
2012 08 18 1.081000 0 1
2012 08 19 0.736000 0 1
2012 08 20 0.840000 0 1
2012 08 21 0.950000 0 1
2012 08 22 0.749000 0 1
2012 08 23 0.749000 0 1
2012 08 24 0.840000 0 1
2012 08 25 0.801000 0 1
2012 08 26 0.922000 0 1
2012 08 27 0.699000 0 1
2012 08 28 0.749000 0 1
2012 08 29 0.736000 0 1
2012 08 30 0.788000 0 1
2012 08 31 0.775000 0 1
2012 09 01 0.711000 0 1
2012 09 02 0.775000 0 1
2012 09 03 0.775000 0 1
2012 09 04 0.723000 0 1
2012 09 05 0.626000 0 1
2012 09 06 0.614000 0 1
2012 09 07 0.674000 0 1
2012 09 08 0.602000 0 1
2012 09 09 0.723000 0 1
2012 09 10 0.650000 0 1
2012 09 11 0.674000 0 1
2012 09 12 0.674000 0 1
2012 09 13 0.626000 0 1
2012 09 14 0.579000 0 1
2012 09 15 0.650000 0 1
2012 09 16 0.614000 0 1
2012 09 17 0.650000 0 1
2012 09 18 0.650000 0 1
2012 09 19 0.699000 0 1
2012 09 20 0.638000 0 1
2012 09 21 0.662000 0 1
2012 09 22 0.950000 0 1
2012 09 23 0.699000 0 1
2012 09 24 0.881000 0 1
2012 09 25 0.736000 0 1
2012 09 26 0.711000 0 1
2012 09 27 0.762000 0 1
2012 09 28 0.711000 0 1
2012 09 29 0.638000 0 1
2012 09 30 0.626000 0 1
2012 10 01 0.568000 0 1
2012 10 02 0.579000 0 1
2012 10 03 0.626000 0 1
2012 10 04 0.546000 0 1
2012 10 05 0.579000 0 1
2012 10 06 0.439000 0 1
2012 10 07 0.409000 0 1
2012 10 08 0.502000 0 1
2012 10 09 0.502000 0 1
2012 10 10 0.459000 0 1
2012 10 11 0.626000 0 1
2012 10 12 0.568000 0 1
2012 10 13 0.534000 0 1
2012 10 14 0.534000 0 1
2012 10 15 0.480000 0 1
2012 10 16 0.502000 0 1
2012 10 17 2.108000 0 1
2012 10 18 1.380000 0 1
2012 10 19 0.922000 0 1
2012 10 20 0.788000 0 1
2012 10 21 0.736000 0 1
2012 10 22 0.723000 0 1
2012 10 23 1.157000 0 1
2012 10 24 0.801000 0 1
2012 10 25 0.711000 0 1
2012 10 26 0.711000 0 1
2012 10 27 0.614000 0 1
2012 10 28 0.568000 0 1
2012 10 29 0.557000 0 1
2012 10 30 0.513000 0 1
2012 10 31 0.439000 0 1
2012 11 01 0.827000 0 1
2012 11 02 0.840000 0 1
2012 11 03 1.037000 0 1
2012 11 04 1.515000 0 1
2012 11 05 1.066000 0 1
2012 11 06 1.691000 0 1
2012 11 07 1.655000 0 1
2012 11 08 1.282000 0 1
2012 11 09 1.298000 0 1
2012 11 10 1.172000 0 1
2012 11 11 1.141000 0 1
2012 11 12 3.939000 0 1
2012 11 13 4.775000 0 1
2012 11 14 6.974000 0 1
2012 11 15 6.908000 0 1
2012 11 16 6.202000 0 1
2012 11 17 3.243000 0 1
2012 11 18 1.203000 0 1
2012 11 19 4.691000 0 1
2012 11 20 15.300000 0 1
2012 11 21 7.240000 0 1
2012 11 22 1.397000 0 1
2012 11 23 1.464000 0 1
2012 11 24 1.298000 0 1
2012 11 25 1.203000 0 1
2012 11 26 1.638000 0 1
2012 11 27 10.205000 0 1
2012 11 28 7.408000 0 1
2012 11 29 8.239000 0 1
2012 11 30 6.296000 0 1
2012 12 01 6.487000 0 1
2012 12 02 6.974000 0 1
2012 12 03 6.744000 0 1
2012 12 04 6.745000 0 1
2012 12 05 6.455000 0 1
2012 12 06 6.328000 0 1
2012 12 07 6.265000 0 1
2012 12 08 6.108000 0 1
2012 12 09 5.891000 0 1
2012 12 10 7.007000 0 1
2012 12 11 6.487000 0 1
2012 12 12 6.615000 0 1
2012 12 13 6.519000 0 1
2012 12 14 7.240000 0 1
2012 12 15 8.923000 0 1
2012 12 16 7.888000 0 1
2012 12 17 8.960000 0 1
2012 12 18 7.273000 0 1
2012 12 19 6.875000 0 1
2012 12 20 6.615000 0 1
2012 12 21 6.455000 0 1
2012 12 22 6.233000 0 1
2012 12 23 6.233000 0 1
2012 12 24 6.519000 0 1
2012 12 25 6.745000 0 1
2012 12 26 6.583000 0 1
2012 12 27 6.423000 0 1
2012 12 28 6.647000 0 1
2012 12 29 6.519000 0 1
2012 12 30 6.296000 0 1
2012 12 31 6.551000 0 1
2013 01 01 6.455000 0 1
2013 01 02 6.046000 0 1
2013 01 03 5.861000 0 1
2013 01 04 5.830000 0 1
2013 01 05 5.984000 0 1
2013 01 06 5.618000 0 1
2013 01 07 5.708000 0 1
2013 01 08 5.588000 0 1
2013 01 09 6.583000 0 1
2013 01 10 8.887000 0 1
2013 01 11 7.476000 0 1
2013 01 12 7.888000 0 1
2013 01 13 7.544000 0 1
2013 01 14 7.647000 0 1
2013 01 15 8.381000 0 1
2013 01 16 8.596000 0 1
2013 01 17 12.771000 0 1
2013 01 18 10.636000 0 1
2013 01 19 8.098000 0 1
2013 01 20 7.993000 0 1
2013 01 21 7.612000 0 1
2013 01 22 9.218000 0 1
2013 01 23 7.750000 0 1
2013 01 24 8.453000 0 1
2013 01 25 7.854000 0 1
2013 01 26 7.819000 0 1
2013 01 27 7.854000 0 1
2013 01 28 8.560000 0 1
2013 01 29 8.098000 0 1
2013 01 30 9.330000 0 1
2013 01 31 9.070000 0 1
2013 02 01 3.836000 0 1
2013 02 02 4.389000 0 1
2013 02 03 2.917000 0 1
2013 02 04 2.606000 0 1
2013 02 05 2.542000 0 1
2013 02 06 2.563000 0 1
2013 02 07 2.435000 0 1
2013 02 08 2.716000 0 1
2013 02 09 2.414000 0 1
2013 02 10 2.499000 0 1
2013 02 11 2.228000 0 1
2013 02 12 2.108000 0 1
2013 02 13 2.010000 0 1
2013 02 14 1.971000 0 1
2013 02 15 1.952000 0 1
2013 02 16 1.838000 0 1
2013 02 17 1.801000 0 1
2013 02 18 1.838000 0 1
2013 02 19 1.691000 0 1
2013 02 20 1.746000 0 1
2013 02 21 1.783000 0 1
2013 02 22 1.673000 0 1
2013 02 23 1.691000 0 1
2013 02 24 1.638000 0 1
2013 02 25 2.650000 0 1
2013 02 26 2.563000 0 1
2013 02 27 2.208000 0 1
2013 02 28 2.650000 0 1
2013 03 01 2.168000 0 1
2013 03 02 2.249000 0 1
2013 03 03 2.128000 0 1
2013 03 04 1.971000 0 1
2013 03 05 1.838000 0 1
2013 03 06 1.801000 0 1
2013 03 07 1.857000 0 1
2013 03 08 1.673000 0 1
2013 03 09 1.673000 0 1
2013 03 10 1.585000 0 1
2013 03 11 2.393000 0 1
2013 03 12 2.188000 0 1
2013 03 13 4.043000 0 1
2013 03 14 2.188000 0 1
2013 03 15 1.991000 0 1
2013 03 16 1.857000 0 1
2013 03 17 1.746000 0 1
2013 03 18 1.691000 0 1
2013 03 19 1.746000 0 1
2013 03 20 2.269000 0 1
2013 03 21 2.895000 0 1
2013 03 22 2.478000 0 1
2013 03 23 3.196000 0 1
2013 03 24 2.435000 0 1
2013 03 25 2.188000 0 1
2013 03 26 4.122000 0 1
2013 03 27 3.461000 0 1
2013 03 28 2.628000 0 1
2013 03 29 3.315000 0 1
2013 03 30 3.684000 0 1
2013 03 31 2.694000 0 1
2013 04 01 2.520000 0 1
2013 04 02 2.249000 0 1
2013 04 03 2.228000 0 1
2013 04 04 2.290000 0 1
2013 04 05 2.290000 0 1
2013 04 06 2.269000 0 1
2013 04 07 3.684000 0 1
2013 04 08 2.563000 0 1
2013 04 09 2.456000 0 1
2013 04 10 2.352000 0 1
2013 04 11 4.335000 0 1
2013 04 12 2.738000 0 1
2013 04 13 2.563000 0 1
2013 04 14 3.149000 0 1
2013 04 15 2.456000 0 1
2013 04 16 2.478000 0 1
2013 04 17 2.331000 0 1
2013 04 18 2.249000 0 1
2013 04 19 2.208000 0 1
2013 04 20 2.208000 0 1
2013 04 21 2.088000 0 1
2013 04 22 2.049000 0 1
2013 04 23 2.010000 0 1
2013 04 24 1.971000 0 1
2013 04 25 2.029000 0 1
2013 04 26 1.857000 0 1
2013 04 27 2.029000 0 1
2013 04 28 1.838000 0 1
2013 04 29 1.746000 0 1
2013 04 30 1.673000 0 1
2013 05 01 1.673000 0 1
2013 05 02 1.656000 0 1
2013 05 03 1.602000 0 1
2013 05 04 1.567000 0 1
2013 05 05 1.515000 0 1
2013 05 06 1.498000 0 1
2013 05 07 1.481000 0 1
2013 05 08 1.638000 0 1
2013 05 09 1.550000 0 1
2013 05 10 1.532000 0 1
2013 05 11 1.413000 0 1
2013 05 12 1.498000 0 1
2013 05 13 1.515000 0 1
2013 05 14 1.532000 0 1
2013 05 15 1.464000 0 1
2013 05 16 1.481000 0 1
2013 05 17 1.498000 0 1
2013 05 18 1.266000 0 1
2013 05 19 1.413000 0 1
2013 05 20 1.430000 0 1
2013 05 21 1.298000 0 1
2013 05 22 1.266000 0 1
2013 05 23 1.282000 0 1
2013 05 24 1.235000 0 1
2013 05 25 1.203000 0 1
2013 05 26 1.298000 0 1
2013 05 27 1.397000 0 1
2013 05 28 1.364000 0 1
2013 05 29 1.188000 0 1
2013 05 30 1.914000 0 1
2013 05 31 1.917000 0 1
2013 06 01 1.638000 0 1
2013 06 02 1.691000 0 1
2013 06 03 1.656000 0 1
2013 06 04 2.049000 0 1
2013 06 05 1.728000 0 1
2013 06 06 1.764000 0 1
2013 06 07 1.498000 0 1
2013 06 08 1.498000 0 1
2013 06 09 1.464000 0 1
2013 06 10 1.971000 0 1
2013 06 11 1.364000 0 1
2013 06 12 1.331000 0 1
2013 06 13 1.315000 0 1
2013 06 14 1.347000 0 1
2013 06 15 1.250000 0 1
2013 06 16 1.203000 0 1
2013 06 17 1.203000 0 1
2013 06 18 1.157000 0 1
2013 06 19 1.141000 0 1
2013 06 20 1.188000 0 1
2013 06 21 1.126000 0 1
2013 06 22 1.051000 0 1
2013 06 23 1.081000 0 1
2013 06 24 1.081000 0 1
2013 06 25 1.081000 0 1
2013 06 26 1.081000 0 1
2013 06 27 0.993000 0 1
2013 06 28 1.096000 0 1
2013 06 29 1.008000 0 1
2013 06 30 1.037000 0 1
2013 07 01 0.993000 0 1
2013 07 02 0.965000 0 1
2013 07 03 0.965000 0 1
2013 07 04 0.950000 0 1
2013 07 05 0.881000 0 1
2013 07 06 0.950000 0 1
2013 07 07 0.936000 0 1
2013 07 08 0.881000 0 1
2013 07 09 0.881000 0 1
2013 07 10 0.840000 0 1
2013 07 11 0.814000 0 1
2013 07 12 0.814000 0 1
2013 07 13 0.814000 0 1
2013 07 14 0.736000 0 1
2013 07 15 0.814000 0 1
2013 07 16 0.788000 0 1
2013 07 17 0.788000 0 1
2013 07 18 0.736000 0 1
2013 07 19 0.686000 0 1
2013 07 20 0.711000 0 1
2013 07 21 0.662000 0 1
2013 07 22 0.711000 0 1
2013 07 23 0.686000 0 1
2013 07 24 0.736000 0 1
2013 07 25 0.686000 0 1
2013 07 26 0.061000 0 1
2013 07 27 0.686000 0 1
2013 07 28 0.723000 0 1
2013 07 29 0.662000 0 1
2013 07 30 0.662000 0 1
2013 07 31 0.602000 0 1
2013 08 01 0.568000 0 1
2013 08 02 0.591000 0 1
2013 08 03 0.579000 0 1
2013 08 04 0.546000 0 1
2013 08 05 0.557000 0 1
2013 08 06 0.614000 0 1
2013 08 07 0.579000 0 1
2013 08 08 0.534000 0 1
2013 08 09 0.523000 0 1
2013 08 10 0.523000 0 1
2013 08 11 0.568000 0 1
2013 08 12 0.626000 0 1
2013 08 13 0.480000 0 1
2013 08 14 0.568000 0 1
2013 08 15 0.591000 0 1
2013 08 16 0.523000 0 1
2013 08 17 0.602000 0 1
2013 08 18 0.502000 0 1
2013 08 19 0.534000 0 1
2013 08 20 0.502000 0 1
2013 08 21 0.534000 0 1
2013 08 22 0.546000 0 1
2013 08 23 0.470000 0 1
2013 08 24 0.491000 0 1
2013 08 25 0.459000 0 1
2013 08 26 0.449000 0 1
2013 08 27 0.449000 0 1
2013 08 28 0.419000 0 1
2013 08 29 0.470000 0 1
2013 08 30 0.439000 0 1
2013 08 31 0.459000 0 1
2013 09 01 0.459000 0 1
2013 09 02 0.480000 0 1
2013 09 03 0.459000 0 1
2013 09 04 0.389000 0 1
2013 09 05 0.419000 0 1
2013 09 06 0.439000 0 1
2013 09 07 0.439000 0 1
2013 09 08 0.409000 0 1
2013 09 09 0.470000 0 1
2013 09 10 0.399000 0 1
2013 09 11 0.399000 0 1
2013 09 12 0.307000 0 1
2013 09 13 0.307000 0 1
2013 09 14 0.315000 0 1
2013 09 15 0.324000 0 1
2013 09 16 0.315000 0 1
2013 09 17 0.380000 0 1
2013 09 18 399.000000 0 1
2013 09 19 0.546000 0 1
2013 09 20 0.591000 0 1
2013 09 21 0.491000 0 1
2013 09 22 0.324000 0 1
2013 09 23 0.324000 0 1
2013 09 24 0.324000 0 1
2013 09 25 0.711000 0 1
2013 09 26 0.686000 0 1
2013 09 27 0.429000 0 1
2013 09 28 0.409000 0 1
2013 09 29 0.711000 0 1
2013 09 30 0.936000 0 1
2013 10 01 0.775000 0 1
2013 10 02 0.674000 0 1
2013 10 03 0.662000 0 1
2013 10 04 0.650000 0 1
2013 10 05 0.775000 0 1
2013 10 06 0.723000 0 1
2013 10 07 0.686000 0 1
2013 10 08 0.699000 0 1
2013 10 09 0.626000 0 1
2013 10 10 1.260000 0 1
2013 10 11 1.051000 0 1
2013 10 12 0.840000 0 1
2013 10 13 0.736000 0 1
2013 10 14 0.602000 0 1
2013 10 15 0.614000 0 1
2013 10 16 0.546000 0 1
2013 10 17 0.459000 0 1
2013 10 18 0.491000 0 1
2013 10 19 0.579000 0 1
2013 10 20 0.650000 0 1
2013 10 21 0.638000 0 1
2013 10 22 0.626000 0 1
2013 10 23 0.513000 0 1
2013 10 24 0.579000 0 1
2013 10 25 0.568000 0 1
2013 10 26 0.470000 0 1
2013 10 27 0.370000 0 1
2013 10 28 0.361000 0 1
2013 10 29 0.361000 0 1
2013 10 30 0.409000 0 1
2013 10 31 0.638000 0 1
2013 11 01 1.567000 0 1
2013 11 02 0.814000 0 1
2013 11 03 1.096000 0 1
2013 11 04 1.022000 0 1
2013 11 05 1.022000 0 1
2013 11 06 1.710000 0 1
2013 11 07 1.602000 0 1
2013 11 08 0.965000 0 1
2013 11 09 0.686000 0 1
2013 11 10 0.840000 0 1
2013 11 11 0.723000 0 1
2013 11 12 0.723000 0 1
2013 11 13 0.736000 0 1
2013 11 14 0.840000 0 1
2013 11 15 0.936000 0 1
2013 11 16 0.711000 0 1
2013 11 17 0.662000 0 1
2013 11 18 0.936000 0 1
2013 11 19 0.908000 0 1
2013 11 20 0.749000 0 1
2013 11 21 0.674000 0 1
2013 11 22 0.602000 0 1
2013 11 23 0.626000 0 1
2013 11 24 0.674000 0 1
2013 11 25 0.801000 0 1
2013 11 26 0.762000 0 1
2013 11 27 0.840000 0 1
2013 11 28 1.037000 0 1
2013 11 29 1.051000 0 1
2013 11 30 1.481000 0 1
2013 12 01 1.464000 0 1
2013 12 02 1.126000 0 1
2013 12 03 1.532000 0 1
2013 12 04 1.157000 0 1
2013 12 05 0.936000 0 1
2013 12 06 2.069000 0 1
2013 12 07 1.638000 0 1
2013 12 08 1.413000 0 1
2013 12 09 1.691000 0 1
2013 12 10 1.219000 0 1
2013 12 11 1.157000 0 1
2013 12 12 1.037000 0 1
2013 12 13 3.609000 0 1
2013 12 14 1.585000 0 1
2013 12 15 1.550000 0 1
2013 12 16 1.347000 0 1
2013 12 17 1.550000 0 1
2013 12 18 2.520000 0 1
2013 12 19 1.051000 0 1
2013 12 20 2.310000 0 1
2013 12 21 2.290000 0 1
2013 12 22 3.267000 0 1
2013 12 23 2.563000 0 1
2013 12 24 2.188000 0 1
2013 12 25 1.895000 0 1
2013 12 26 2.435000 0 1
2013 12 27 3.634000 0 1
2013 12 28 3.684000 0 1
2013 12 29 2.456000 0 1
2013 12 30 2.520000 0 1
2013 12 31 2.520000 0 1
2014 01 01 2.188000 0 1
2014 01 02 2.029000 0 1
2014 01 03 1.876000 0 1
2014 01 04 1.764000 0 1
2014 01 05 1.620000 0 1
2014 01 06 1.620000 0 1
2014 01 07 1.550000 0 1
2014 01 08 1.315000 0 1
2014 01 09 1.364000 0 1
2014 01 10 1.347000 0 1
2014 01 11 1.397000 0 1
2014 01 12 1.567000 0 1
2014 01 13 1.413000 0 1
2014 01 14 1.397000 0 1
2014 01 15 2.542000 0 1
2014 01 16 2.029000 0 1
2014 01 17 2.435000 0 1
2014 01 18 2.228000 0 1
2014 01 19 2.694000 0 1
2014 01 20 2.069000 0 1
2014 01 21 1.876000 0 1
2014 01 22 2.049000 0 1
2014 01 23 2.049000 0 1
2014 01 24 1.895000 0 1
2014 01 25 2.393000 0 1
2014 01 26 1.952000 0 1
2014 01 27 1.876000 0 1
2014 01 28 1.820000 0 1
2014 01 29 1.728000 0 1
2014 01 30 1.656000 0 1
2014 01 31 1.602000 0 1
2014 02 01 1.464000 0 1
2014 02 02 1.498000 0 1
2014 02 03 1.447000 0 1
2014 02 04 1.397000 0 1
2014 02 05 1.447000 0 1
2014 02 06 1.413000 0 1
2014 02 07 1.413000 0 1
2014 02 08 1.397000 0 1
2014 02 09 1.464000 0 1
2014 02 10 1.282000 0 1
2014 02 11 1.315000 0 1
2014 02 12 1.266000 0 1
2014 02 13 1.250000 0 1
2014 02 14 1.364000 0 1
2014 02 15 1.498000 0 1
2014 02 16 2.310000 0 1
2014 02 17 2.010000 0 1
2014 02 18 1.764000 0 1
2014 02 19 2.208000 0 1
2014 02 20 2.208000 0 1
2014 02 21 2.069000 0 1
2014 02 22 2.128000 0 1
2014 02 23 1.838000 0 1
2014 02 24 1.691000 0 1
2014 02 25 4.635000 0 1
2014 02 26 2.228000 0 1
2014 02 27 1.764000 0 1
2014 02 28 1.515000 0 1
2014 03 01 1.498000 0 1
2014 03 02 1.585000 0 1
2014 03 03 2.372000 0 1
2014 03 04 1.914000 0 1
2014 03 05 1.991000 0 1
2014 03 06 1.876000 0 1
2014 03 07 8.028000 0 1
2014 03 08 7.578000 0 1
2014 03 09 7.073000 0 1
2014 03 10 7.612000 0 1
2014 03 11 3.734000 0 1
2014 03 12 3.534000 0 1
2014 03 13 2.940000 0 1
2014 03 14 2.716000 0 1
2014 03 15 2.563000 0 1
2014 03 16 2.310000 0 1
2014 03 17 2.628000 0 1
2014 03 18 2.782000 0 1
2014 03 19 3.055000 0 1
2014 03 20 3.009000 0 1
2014 03 21 2.963000 0 1
2014 03 22 2.986000 0 1
2014 03 23 2.986000 0 1
2014 03 24 5.861000 0 1
2014 03 25 4.308000 0 1
2014 03 26 3.102000 0 1
2014 03 27 3.009000 0 1
2014 03 28 3.196000 0 1
2014 03 29 3.009000 0 1
2014 03 30 2.850000 0 1
2014 03 31 2.986000 0 1
2014 04 01 2.729000 0 1
2014 04 02 2.633000 0 1
2014 04 03 2.606000 0 1
2014 04 04 2.725000 0 1
2014 04 05 3.141000 0 1
2014 04 06 2.747000 0 1
2014 04 07 2.576000 0 1
2014 04 08 3.220000 0 1
2014 04 09 3.198000 0 1
2014 04 10 3.373000 0 1
2014 04 11 3.162000 0 1
2014 04 12 6.658000 0 1
2014 04 13 3.594000 0 1
2014 04 14 2.940000 0 1
2014 04 15 2.751000 0 1
2014 04 16 3.369000 0 1
2014 04 17 3.123000 0 1
2014 04 18 2.803000 0 1
2014 04 19 2.644000 0 1
2014 04 20 2.525000 0 1
2014 04 21 2.460000 0 1
2014 04 22 2.456000 0 1
2014 04 23 2.426000 0 1
2014 04 24 2.501000 0 1
2014 04 25 2.648000 0 1
2014 04 26 2.619000 0 1
2014 04 27 2.442000 0 1
2014 04 28 2.360000 0 1
2014 04 29 2.276000 0 1
2014 04 30 2.230000 0 1
2014 05 01 2.181000 0 1
2014 05 02 2.161000 0 1
2014 05 03 2.106000 0 1
2014 05 04 2.078000 0 1
2014 05 05 2.065000 0 1
2014 05 06 2.008000 0 1
2014 05 07 1.957000 0 1
2014 05 08 1.914000 0 1
2014 05 09 2.012000 0 1
2014 05 10 1.931000 0 1
2014 05 11 1.896000 0 1
2014 05 12 1.896000 0 1
2014 05 13 1.881000 0 1
2014 05 14 1.878000 0 1
2014 05 15 1.804000 0 1
2014 05 16 1.774000 0 1
2014 05 17 1.760000 0 1
2014 05 18 1.800000 0 1
2014 05 19 1.757000 0 1
2014 05 20 1.784000 0 1
2014 05 21 1.691000 0 1
2014 05 22 1.713000 0 1
2014 05 23 1.647000 0 1
2014 05 24 1.620000 0 1
2014 05 25 1.592000 0 1
2014 05 26 1.633000 0 1
2014 05 27 1.676000 0 1
2014 05 28 1.694000 0 1
2014 05 29 1.613000 0 1
2014 05 30 1.519000 0 1
2014 05 31 1.525000 0 1
2014 06 01 1.548000 0 1
2014 06 02 1.570000 0 1
2014 06 03 2.181000 0 1
2014 06 04 1.893000 0 1
2014 06 05 1.704000 0 1
2014 06 06 1.616000 0 1
2014 06 07 1.515000 0 1
2014 06 08 1.522000 0 1
2014 06 09 1.553000 0 1
2014 06 10 1.572000 0 1
2014 06 11 1.547000 0 1
2014 06 12 1.543000 0 1
2014 06 13 1.576000 0 1
2014 06 14 1.538000 0 1
2014 06 15 1.422000 0 1
2014 06 16 1.548000 0 1
2014 06 17 1.499000 0 1
2014 06 18 1.447000 0 1
2014 06 19 1.514000 0 1
2014 06 20 1.401000 0 1
2014 06 21 1.359000 0 1
2014 06 22 1.346000 0 1
2014 06 23 1.325000 0 1
2014 06 24 1.437000 0 1
2014 06 25 1.328000 0 1
2014 06 26 1.306000 0 1
2014 06 27 1.249000 0 1
2014 06 28 1.168000 0 1
2014 06 29 1.231000 0 1
2014 06 30 1.236000 0 1
2014 07 01 nan nan nan
2014 07 02 nan nan nan
2014 07 03 nan nan nan
2014 07 04 nan nan nan
2014 07 05 nan nan nan
2014 07 06 nan nan nan
2014 07 07 nan nan nan
2014 07 08 nan nan nan
2014 07 09 nan nan nan
2014 07 10 nan nan nan
2014 07 11 nan nan nan
2014 07 12 nan nan nan
2014 07 13 nan nan nan
2014 07 14 nan nan nan
2014 07 15 nan nan nan
2014 07 16 nan nan nan
2014 07 17 nan nan nan
2014 07 18 nan nan nan
2014 07 19 nan nan nan
2014 07 20 nan nan nan
2014 07 21 nan nan nan
2014 07 22 nan nan nan
2014 07 23 nan nan nan
2014 07 24 nan nan nan
2014 07 25 nan nan nan
2014 07 26 nan nan nan
2014 07 27 nan nan nan
2014 07 28 nan nan nan
2014 07 29 nan nan nan
2014 07 30 nan nan nan
2014 07 31 nan nan nan
2014 08 01 nan nan nan
2014 08 02 nan nan nan
2014 08 03 nan nan nan
2014 08 04 nan nan nan
2014 08 05 nan nan nan
2014 08 06 nan nan nan
2014 08 07 nan nan nan
2014 08 08 nan nan nan
2014 08 09 nan nan nan
2014 08 10 nan nan nan
2014 08 11 nan nan nan
2014 08 12 nan nan nan
2014 08 13 nan nan nan
2014 08 14 nan nan nan
2014 08 15 nan nan nan
2014 08 16 nan nan nan
2014 08 17 nan nan nan
2014 08 18 nan nan nan
2014 08 19 nan nan nan
2014 08 20 nan nan nan
2014 08 21 nan nan nan
2014 08 22 nan nan nan
2014 08 23 nan nan nan
2014 08 24 nan nan nan
2014 08 25 nan nan nan
2014 08 26 nan nan nan
2014 08 27 nan nan nan
2014 08 28 nan nan nan
2014 08 29 nan nan nan
2014 08 30 nan nan nan
2014 08 31 nan nan nan
2014 09 01 nan nan nan
2014 09 02 nan nan nan
2014 09 03 nan nan nan
2014 09 04 nan nan nan
2014 09 05 nan nan nan
2014 09 06 nan nan nan
2014 09 07 nan nan nan
2014 09 08 nan nan nan
2014 09 09 nan nan nan
2014 09 10 nan nan nan
2014 09 11 nan nan nan
2014 09 12 nan nan nan
2014 09 13 nan nan nan
2014 09 14 nan nan nan
2014 09 15 nan nan nan
2014 09 16 nan nan nan
2014 09 17 nan nan nan
2014 09 18 nan nan nan
2014 09 19 nan nan nan
2014 09 20 nan nan nan
2014 09 21 nan nan nan
2014 09 22 nan nan nan
2014 09 23 nan nan nan
2014 09 24 nan nan nan
2014 09 25 nan nan nan
2014 09 26 nan nan nan
2014 09 27 nan nan nan
2014 09 28 nan nan nan
2014 09 29 nan nan nan
2014 09 30 nan nan nan
2014 10 01 nan nan nan
2014 10 02 nan nan nan
2014 10 03 nan nan nan
2014 10 04 nan nan nan
2014 10 05 nan nan nan
2014 10 06 nan nan nan
2014 10 07 nan nan nan
2014 10 08 nan nan nan
2014 10 09 nan nan nan
2014 10 10 nan nan nan
2014 10 11 nan nan nan
2014 10 12 nan nan nan
2014 10 13 nan nan nan
2014 10 14 nan nan nan
2014 10 15 nan nan nan
2014 10 16 nan nan nan
2014 10 17 nan nan nan
2014 10 18 nan nan nan
2014 10 19 nan nan nan
2014 10 20 nan nan nan
2014 10 21 nan nan nan
2014 10 22 nan nan nan
2014 10 23 nan nan nan
2014 10 24 nan nan nan
2014 10 25 nan nan nan
2014 10 26 nan nan nan
2014 10 27 nan nan nan
2014 10 28 nan nan nan
2014 10 29 nan nan nan
2014 10 30 nan nan nan
2014 10 31 nan nan nan
2014 11 01 nan nan nan
2014 11 02 nan nan nan
2014 11 03 nan nan nan
2014 11 04 nan nan nan
2014 11 05 nan nan nan
2014 11 06 nan nan nan
2014 11 07 nan nan nan
2014 11 08 nan nan nan
2014 11 09 nan nan nan
2014 11 10 nan nan nan
2014 11 11 nan nan nan
2014 11 12 nan nan nan
2014 11 13 nan nan nan
2014 11 14 nan nan nan
2014 11 15 nan nan nan
2014 11 16 nan nan nan
2014 11 17 nan nan nan
2014 11 18 nan nan nan
2014 11 19 nan nan nan
2014 11 20 nan nan nan
2014 11 21 nan nan nan
2014 11 22 nan nan nan
2014 11 23 nan nan nan
2014 11 24 nan nan nan
2014 11 25 nan nan nan
2014 11 26 nan nan nan
2014 11 27 nan nan nan
2014 11 28 nan nan nan
2014 11 29 nan nan nan
2014 11 30 nan nan nan
2014 12 01 nan nan nan
2014 12 02 nan nan nan
2014 12 03 nan nan nan
2014 12 04 nan nan nan
2014 12 05 nan nan nan
2014 12 06 nan nan nan
2014 12 07 nan nan nan
2014 12 08 nan nan nan
2014 12 09 nan nan nan
2014 12 10 nan nan nan
2014 12 11 nan nan nan
2014 12 12 nan nan nan
2014 12 13 nan nan nan
2014 12 14 nan nan nan
2014 12 15 nan nan nan
2014 12 16 nan nan nan
2014 12 17 nan nan nan
2014 12 18 nan nan nan
2014 12 19 nan nan nan
2014 12 20 nan nan nan
2014 12 21 nan nan nan
2014 12 22 nan nan nan
2014 12 23 nan nan nan
2014 12 24 nan nan nan
2014 12 25 nan nan nan
2014 12 26 nan nan nan
2014 12 27 nan nan nan
2014 12 28 nan nan nan
2014 12 29 nan nan nan
2014 12 30 nan nan nan
2014 12 31 nan nan nan
2015 01 01 nan nan nan
2015 01 02 nan nan nan
2015 01 03 nan nan nan
2015 01 04 nan nan nan
2015 01 05 nan nan nan
2015 01 06 nan nan nan
2015 01 07 nan nan nan
2015 01 08 nan nan nan
2015 01 09 nan nan nan
2015 01 10 nan nan nan
2015 01 11 nan nan nan
2015 01 12 nan nan nan
2015 01 13 nan nan nan
2015 01 14 nan nan nan
2015 01 15 nan nan nan
2015 01 16 nan nan nan
2015 01 17 nan nan nan
2015 01 18 nan nan nan
2015 01 19 nan nan nan
2015 01 20 nan nan nan
2015 01 21 nan nan nan
2015 01 22 nan nan nan
2015 01 23 nan nan nan
2015 01 24 nan nan nan
2015 01 25 nan nan nan
2015 01 26 nan nan nan
2015 01 27 nan nan nan
2015 01 28 nan nan nan
2015 01 29 nan nan nan
2015 01 30 nan nan nan
2015 01 31 nan nan nan
2015 02 01 nan nan nan
2015 02 02 nan nan nan
2015 02 03 nan nan nan
2015 02 04 nan nan nan
2015 02 05 nan nan nan
2015 02 06 nan nan nan
2015 02 07 nan nan nan
2015 02 08 nan nan nan
2015 02 09 nan nan nan
2015 02 10 nan nan nan
2015 02 11 nan nan nan
2015 02 12 nan nan nan
2015 02 13 nan nan nan
2015 02 14 nan nan nan
2015 02 15 nan nan nan
2015 02 16 nan nan nan
2015 02 17 nan nan nan
2015 02 18 nan nan nan
2015 02 19 nan nan nan
2015 02 20 nan nan nan
2015 02 21 nan nan nan
2015 02 22 nan nan nan
2015 02 23 nan nan nan
2015 02 24 nan nan nan
2015 02 25 nan nan nan
2015 02 26 nan nan nan
2015 02 27 nan nan nan
2015 02 28 nan nan nan
2015 03 01 nan nan nan
2015 03 02 nan nan nan
2015 03 03 nan nan nan
2015 03 04 nan nan nan
2015 03 05 nan nan nan
2015 03 06 nan nan nan
2015 03 07 nan nan nan
2015 03 08 nan nan nan
2015 03 09 nan nan nan
2015 03 10 nan nan nan
2015 03 11 nan nan nan
2015 03 12 nan nan nan
2015 03 13 nan nan nan
2015 03 14 nan nan nan
2015 03 15 nan nan nan
2015 03 16 nan nan nan
2015 03 17 nan nan nan
2015 03 18 nan nan nan
2015 03 19 nan nan nan
2015 03 20 nan nan nan
2015 03 21 nan nan nan
2015 03 22 nan nan nan
2015 03 23 nan nan nan
2015 03 24 nan nan nan
2015 03 25 nan nan nan
2015 03 26 nan nan nan
2015 03 27 nan nan nan
2015 03 28 nan nan nan
2015 03 29 nan nan nan
2015 03 30 nan nan nan
2015 03 31 nan nan nan
2015 04 01 nan nan nan
2015 04 02 nan nan nan
2015 04 03 nan nan nan
2015 04 04 nan nan nan
2015 04 05 nan nan nan
2015 04 06 nan nan nan
2015 04 07 nan nan nan
2015 04 08 nan nan nan
2015 04 09 nan nan nan
2015 04 10 nan nan nan
2015 04 11 nan nan nan
2015 04 12 nan nan nan
2015 04 13 nan nan nan
2015 04 14 nan nan nan
2015 04 15 nan nan nan
2015 04 16 nan nan nan
2015 04 17 nan nan nan
2015 04 18 nan nan nan
2015 04 19 nan nan nan
2015 04 20 nan nan nan
2015 04 21 nan nan nan
2015 04 22 nan nan nan
2015 04 23 nan nan nan
2015 04 24 nan nan nan
2015 04 25 nan nan nan
2015 04 26 nan nan nan
2015 04 27 nan nan nan
2015 04 28 nan nan nan
2015 04 29 nan nan nan
2015 04 30 nan nan nan
2015 05 01 nan nan nan
2015 05 02 nan nan nan
2015 05 03 nan nan nan
2015 05 04 nan nan nan
2015 05 05 nan nan nan
2015 05 06 nan nan nan
2015 05 07 nan nan nan
2015 05 08 nan nan nan
2015 05 09 nan nan nan
2015 05 10 nan nan nan
2015 05 11 nan nan nan
2015 05 12 nan nan nan
2015 05 13 nan nan nan
2015 05 14 nan nan nan
2015 05 15 nan nan nan
2015 05 16 nan nan nan
2015 05 17 nan nan nan
2015 05 18 nan nan nan
2015 05 19 nan nan nan
2015 05 20 nan nan nan
2015 05 21 nan nan nan
2015 05 22 nan nan nan
2015 05 23 nan nan nan
2015 05 24 nan nan nan
2015 05 25 nan nan nan
2015 05 26 nan nan nan
2015 05 27 nan nan nan
2015 05 28 nan nan nan
2015 05 29 nan nan nan
2015 05 30 nan nan nan
2015 05 31 nan nan nan
2015 06 01 nan nan nan
2015 06 02 nan nan nan
2015 06 03 nan nan nan
2015 06 04 nan nan nan
2015 06 05 nan nan nan
2015 06 06 nan nan nan
2015 06 07 nan nan nan
2015 06 08 nan nan nan
2015 06 09 nan nan nan
2015 06 10 nan nan nan
2015 06 11 nan nan nan
2015 06 12 nan nan nan
2015 06 13 nan nan nan
2015 06 14 nan nan nan
2015 06 15 nan nan nan
2015 06 16 nan nan nan
2015 06 17 nan nan nan
2015 06 18 nan nan nan
2015 06 19 nan nan nan
2015 06 20 nan nan nan
2015 06 21 nan nan nan
2015 06 22 nan nan nan
2015 06 23 nan nan nan
2015 06 24 nan nan nan
2015 06 25 nan nan nan
2015 06 26 nan nan nan
2015 06 27 nan nan nan
2015 06 28 nan nan nan
2015 06 29 nan nan nan
2015 06 30 nan nan nan
2015 07 01 nan nan nan
2015 07 02 nan nan nan
2015 07 03 nan nan nan
2015 07 04 nan nan nan
2015 07 05 nan nan nan
2015 07 06 nan nan nan
2015 07 07 nan nan nan
2015 07 08 nan nan nan
2015 07 09 nan nan nan
2015 07 10 nan nan nan
2015 07 11 nan nan nan
2015 07 12 nan nan nan
2015 07 13 nan nan nan
2015 07 14 nan nan nan
2015 07 15 nan nan nan
2015 07 16 nan nan nan
2015 07 17 nan nan nan
2015 07 18 nan nan nan
2015 07 19 nan nan nan
2015 07 20 nan nan nan
2015 07 21 nan nan nan
2015 07 22 nan nan nan
2015 07 23 nan nan nan
2015 07 24 nan nan nan
2015 07 25 nan nan nan
2015 07 26 nan nan nan
2015 07 27 nan nan nan
2015 07 28 nan nan nan
2015 07 29 nan nan nan
2015 07 30 nan nan nan
2015 07 31 nan nan nan
2015 08 01 nan nan nan
2015 08 02 nan nan nan
2015 08 03 nan nan nan
2015 08 04 nan nan nan
2015 08 05 nan nan nan
2015 08 06 nan nan nan
2015 08 07 nan nan nan
2015 08 08 nan nan nan
2015 08 09 nan nan nan
2015 08 10 nan nan nan
2015 08 11 nan nan nan
2015 08 12 nan nan nan
2015 08 13 nan nan nan
2015 08 14 nan nan nan
2015 08 15 nan nan nan
2015 08 16 nan nan nan
2015 08 17 nan nan nan
2015 08 18 nan nan nan
2015 08 19 nan nan nan
2015 08 20 nan nan nan
2015 08 21 nan nan nan
2015 08 22 nan nan nan
2015 08 23 nan nan nan
2015 08 24 nan nan nan
2015 08 25 nan nan nan
2015 08 26 nan nan nan
2015 08 27 nan nan nan
2015 08 28 nan nan nan
2015 08 29 nan nan nan
2015 08 30 nan nan nan
2015 08 31 nan nan nan
2015 09 01 nan nan nan
2015 09 02 nan nan nan
2015 09 03 nan nan nan
2015 09 04 nan nan nan
2015 09 05 nan nan nan
2015 09 06 nan nan nan
2015 09 07 nan nan nan
2015 09 08 nan nan nan
2015 09 09 nan nan nan
2015 09 10 nan nan nan
2015 09 11 nan nan nan
2015 09 12 nan nan nan
2015 09 13 nan nan nan
2015 09 14 nan nan nan
2015 09 15 nan nan nan
2015 09 16 nan nan nan
2015 09 17 nan nan nan
2015 09 18 nan nan nan
2015 09 19 nan nan nan
2015 09 20 nan nan nan
2015 09 21 nan nan nan
2015 09 22 nan nan nan
2015 09 23 nan nan nan
2015 09 24 nan nan nan
2015 09 25 nan nan nan
2015 09 26 nan nan nan
2015 09 27 nan nan nan
2015 09 28 nan nan nan
2015 09 29 nan nan nan
2015 09 30 nan nan nan
2015 10 01 nan nan nan
2015 10 02 nan nan nan
2015 10 03 nan nan nan
2015 10 04 nan nan nan
2015 10 05 nan nan nan
2015 10 06 nan nan nan
2015 10 07 nan nan nan
2015 10 08 nan nan nan
2015 10 09 nan nan nan
2015 10 10 nan nan nan
2015 10 11 nan nan nan
2015 10 12 nan nan nan
2015 10 13 nan nan nan
2015 10 14 nan nan nan
2015 10 15 nan nan nan
2015 10 16 nan nan nan
2015 10 17 nan nan nan
2015 10 18 nan nan nan
2015 10 19 nan nan nan
2015 10 20 nan nan nan
2015 10 21 nan nan nan
2015 10 22 nan nan nan
2015 10 23 nan nan nan
2015 10 24 nan nan nan
2015 10 25 nan nan nan
2015 10 26 nan nan nan
2015 10 27 nan nan nan
2015 10 28 nan nan nan
2015 10 29 nan nan nan
2015 10 30 nan nan nan
2015 10 31 nan nan nan
2015 11 01 1.410000 0 1
2015 11 02 1.344000 0 1
2015 11 03 1.377000 0 1
2015 11 04 1.328000 0 1
2015 11 05 1.295000 0 1
2015 11 06 1.295000 0 1
2015 11 07 nan nan 0
2015 11 08 1.263000 0 1
2015 11 09 1.279000 0 1
2015 11 10 1.311000 0 1
2015 11 11 1.360000 0 1
2015 11 12 1.477000 0 1
2015 11 13 1.311000 0 1
2015 11 14 1.311000 0 1
2015 11 15 1.344000 0 1
2015 11 16 1.670000 0 1
2015 11 17 1.599000 0 1
2015 11 18 1.581000 0 1
2015 11 19 1.546000 0 1
2015 11 20 1.546000 0 1
2015 11 21 1.581000 0 1
2015 11 22 1.616000 0 1
2015 11 23 1.634000 0 1
2015 11 24 1.564000 0 1
2015 11 25 1.581000 0 1
2015 11 26 1.616000 0 1
2015 11 27 1.634000 0 1
2015 11 28 nan nan 0
2015 11 29 nan nan 0
2015 11 30 nan nan 0
2015 12 01 1.495000 0 1
2015 12 02 1.581000 0 1
2015 12 03 1.581000 0 1
2015 12 04 1.599000 0 1
2015 12 05 1.599000 0 1
2015 12 06 1.798000 0 1
2015 12 07 1.798000 0 1
2015 12 08 1.779000 0 1
2015 12 09 1.724000 0 1
2015 12 10 1.742000 0 1
2015 12 11 1.742000 0 1
2015 12 12 1.616000 0 1
2015 12 13 1.670000 0 1
2015 12 14 1.581000 0 1
2015 12 15 1.546000 0 1
2015 12 16 1.742000 0 1
2015 12 17 1.724000 0 1
2015 12 18 1.652000 0 1
2015 12 19 1.652000 0 1
2015 12 20 1.853000 0 1
2015 12 21 1.872000 0 1
2015 12 22 1.835000 0 1
2015 12 23 1.835000 0 1
2015 12 24 1.798000 0 1
2015 12 25 1.742000 0 1
2015 12 26 1.835000 0 1
2015 12 27 1.779000 0 1
2015 12 28 1.761000 0 1
2015 12 29 1.798000 0 1
2015 12 30 1.798000 0 1
2015 12 31 1.835000 0 1
2016 01 01 nan nan 0
2016 01 02 nan nan 0
2016 01 03 nan nan 0
2016 01 04 nan nan 0
2016 01 05 nan nan 0
2016 01 06 nan nan 0
2016 01 07 nan nan 0
2016 01 08 nan nan 0
2016 01 09 nan nan 0
2016 01 10 nan nan 0
2016 01 11 nan nan 0
2016 01 12 nan nan 0
2016 01 13 nan nan 0
2016 01 14 nan nan 0
2016 01 15 nan nan 0
2016 01 16 nan nan 0
2016 01 17 nan nan 0
2016 01 18 0.824000 0 1
2016 01 19 0.772000 0 1
2016 01 20 2.624000 0 1
2016 01 21 2.204000 0 1
2016 01 22 1.360000 0 1
2016 01 23 1.169000 0 1
2016 01 24 1.138000 0 1
2016 01 25 1.048000 0 1
2016 01 26 1.216000 0 1
2016 01 27 1.427000 0 1
2016 01 28 2.006000 0 1
2016 01 29 1.360000 0 1
2016 01 30 1.263000 0 1
2016 01 31 1.393000 0 1
2016 02 01 nan nan nan
2016 02 02 nan nan nan
2016 02 03 nan nan nan
2016 02 04 nan nan nan
2016 02 05 nan nan nan
2016 02 06 nan nan nan
2016 02 07 nan nan nan
2016 02 08 nan nan nan
2016 02 09 nan nan nan
2016 02 10 nan nan nan
2016 02 11 nan nan nan
2016 02 12 nan nan nan
2016 02 13 nan nan nan
2016 02 14 nan nan nan
2016 02 15 nan nan nan
2016 02 16 nan nan nan
2016 02 17 nan nan nan
2016 02 18 nan nan nan
2016 02 19 nan nan nan
2016 02 20 nan nan nan
2016 02 21 nan nan nan
2016 02 22 nan nan nan
2016 02 23 nan nan nan
2016 02 24 nan nan nan
2016 02 25 nan nan nan
2016 02 26 nan nan nan
2016 02 27 nan nan nan
2016 02 28 nan nan nan
2016 02 29 nan nan nan
2016 03 01 nan nan nan
2016 03 02 nan nan nan
2016 03 03 nan nan nan
2016 03 04 nan nan nan
2016 03 05 nan nan nan
2016 03 06 nan nan nan
2016 03 07 nan nan nan
2016 03 08 nan nan nan
2016 03 09 nan nan nan
2016 03 10 nan nan nan
2016 03 11 nan nan nan
2016 03 12 nan nan nan
2016 03 13 nan nan nan
2016 03 14 nan nan nan
2016 03 15 nan nan nan
2016 03 16 nan nan nan
2016 03 17 nan nan nan
2016 03 18 nan nan nan
2016 03 19 nan nan nan
2016 03 20 nan nan nan
2016 03 21 nan nan nan
2016 03 22 nan nan nan
2016 03 23 nan nan nan
2016 03 24 nan nan nan
2016 03 25 nan nan nan
2016 03 26 nan nan nan
2016 03 27 nan nan nan
2016 03 28 nan nan nan
2016 03 29 nan nan nan
2016 03 30 nan nan nan
2016 03 31 nan nan nan
2016 04 01 0.785000 0 1
2016 04 02 0.759000 0 1
2016 04 03 0.696000 0 1
2016 04 04 0.721000 0 1
2016 04 05 0.721000 0 1
2016 04 06 0.734000 0 1
2016 04 07 0.746000 0 1
2016 04 08 0.721000 0 1
2016 04 09 0.696000 0 1
2016 04 10 0.510000 0 1
2016 04 11 0.696000 0 1
2016 04 12 0.624000 0 1
2016 04 13 0.624000 0 1
2016 04 14 0.577000 0 1
2016 04 15 0.489000 0 1
2016 04 16 0.387000 0 1
2016 04 17 0.387000 0 1
2016 04 18 0.510000 0 1
2016 04 19 0.532000 0 1
2016 04 20 0.600000 0 1
2016 04 21 0.468000 0 1
2016 04 22 0.437000 0 1
2016 04 23 0.457000 0 1
2016 04 24 0.427000 0 1
2016 04 25 0.468000 0 1
2016 04 26 0.478000 0 1
2016 04 27 0.532000 0 1
2016 04 28 0.468000 0 1
2016 04 29 0.554000 0 1
2016 04 30 0.647000 0 1
2016 05 01 0.521000 0 1
2016 05 02 0.457000 0 1
2016 05 03 0.457000 0 1
2016 05 04 0.468000 0 1
2016 05 05 0.468000 0 1
2016 05 06 0.397000 0 1
2016 05 07 0.447000 0 1
2016 05 08 0.359000 0 1
2016 05 09 0.407000 0 1
2016 05 10 0.447000 0 1
2016 05 11 0.397000 0 1
2016 05 12 0.510000 0 1
2016 05 13 0.427000 0 1
2016 05 14 0.437000 0 1
2016 05 15 0.457000 0 1
2016 05 16 0.350000 0 1
2016 05 17 0.489000 0 1
2016 05 18 0.489000 0 1
2016 05 19 0.577000 0 1
2016 05 20 0.468000 0 1
2016 05 21 0.407000 0 1
2016 05 22 0.427000 0 1
2016 05 23 0.468000 0 1
2016 05 24 0.427000 0 1
2016 05 25 0.368000 0 1
2016 05 26 0.350000 0 1
2016 05 27 0.387000 0 1
2016 05 28 0.447000 0 1
2016 05 29 0.331000 0 1
2016 05 30 0.387000 0 1
2016 05 31 0.368000 0 1
2016 06 01 0.350000 0 1
2016 06 02 0.331000 0 1
2016 06 03 0.314000 0 1
2016 06 04 0.263000 0 1
2016 06 05 0.263000 0 1
2016 06 06 0.296000 0 1
2016 06 07 0.296000 0 1
2016 06 08 0.279000 0 1
2016 06 09 0.331000 0 1
2016 06 10 0.350000 0 1
2016 06 11 0.331000 0 1
2016 06 12 0.350000 0 1
2016 06 13 0.359000 0 1
2016 06 14 0.322000 0 1
2016 06 15 0.350000 0 1
2016 06 16 0.305000 0 1
2016 06 17 0.288000 0 1
2016 06 18 0.279000 0 1
2016 06 19 0.271000 0 1
2016 06 20 nan nan 0
2016 06 21 0.263000 0 1
2016 06 22 0.247000 0 1
2016 06 23 0.271000 0 1
2016 06 24 0.263000 0 1
2016 06 25 0.239000 0 1
2016 06 26 0.255000 0 1
2016 06 27 0.231000 0 1
2016 06 28 0.263000 0 1
2016 06 29 0.247000 0 1
2016 06 30 0.239000 0 1
2016 07 01 0.247000 0 1
2016 07 02 0.247000 0 1
2016 07 03 0.247000 0 1
2016 07 04 0.247000 0 1
2016 07 05 0.231000 0 1
2016 07 06 0.201000 0 1
2016 07 07 0.216000 0 1
2016 07 08 0.216000 0 1
2016 07 09 0.186000 0 1
2016 07 10 0.173000 0 1
2016 07 11 0.110000 0 1
2016 07 12 0.216000 0 1
2016 07 13 0.201000 0 1
2016 07 14 0.146000 0 1
2016 07 15 0.134000 0 1
2016 07 16 0.159000 0 1
2016 07 17 0.186000 0 1
2016 07 18 0.122000 0 1
2016 07 19 0.134000 0 1
2016 07 20 0.186000 0 1
2016 07 21 0.173000 0 1
2016 07 22 0.110000 0 1
2016 07 23 0.159000 0 1
2016 07 24 0.159000 0 1
2016 07 25 0.186000 0 1
2016 07 26 0.134000 0 1
2016 07 27 0.146000 0 1
2016 07 28 0.159000 0 1
2016 07 29 0.134000 0 1
2016 07 30 0.146000 0 1
2016 07 31 0.159000 0 1
2016 08 01 nan nan nan
2016 08 02 nan nan nan
2016 08 03 nan nan nan
2016 08 04 nan nan nan
2016 08 05 nan nan nan
2016 08 06 nan nan nan
2016 08 07 nan nan nan
2016 08 08 nan nan nan
2016 08 09 nan nan nan
2016 08 10 nan nan nan
2016 08 11 nan nan nan
2016 08 12 nan nan nan
2016 08 13 nan nan nan
2016 08 14 nan nan nan
2016 08 15 nan nan nan
2016 08 16 nan nan nan
2016 08 17 nan nan nan
2016 08 18 nan nan nan
2016 08 19 nan nan nan
2016 08 20 nan nan nan
2016 08 21 nan nan nan
2016 08 22 nan nan nan
2016 08 23 nan nan nan
2016 08 24 nan nan nan
2016 08 25 nan nan nan
2016 08 26 nan nan nan
2016 08 27 nan nan nan
2016 08 28 nan nan nan
2016 08 29 nan nan nan
2016 08 30 nan nan nan
2016 08 31 nan nan nan
2016 09 01 nan nan nan
2016 09 02 nan nan nan
2016 09 03 nan nan nan
2016 09 04 nan nan nan
2016 09 05 nan nan nan
2016 09 06 nan nan nan
2016 09 07 nan nan nan
2016 09 08 nan nan nan
2016 09 09 nan nan nan
2016 09 10 nan nan nan
2016 09 11 nan nan nan
2016 09 12 nan nan nan
2016 09 13 nan nan nan
2016 09 14 nan nan nan
2016 09 15 nan nan nan
2016 09 16 nan nan nan
2016 09 17 nan nan nan
2016 09 18 nan nan nan
2016 09 19 nan nan nan
2016 09 20 nan nan nan
2016 09 21 nan nan nan
2016 09 22 nan nan nan
2016 09 23 nan nan nan
2016 09 24 nan nan nan
2016 09 25 nan nan nan
2016 09 26 nan nan nan
2016 09 27 nan nan nan
2016 09 28 nan nan nan
2016 09 29 nan nan nan
2016 09 30 nan nan nan
2016 10 01 nan nan nan
2016 10 02 nan nan nan
2016 10 03 nan nan nan
2016 10 04 nan nan nan
2016 10 05 nan nan nan
2016 10 06 nan nan nan
2016 10 07 nan nan nan
2016 10 08 nan nan nan
2016 10 09 nan nan nan
2016 10 10 nan nan nan
2016 10 11 nan nan nan
2016 10 12 nan nan nan
2016 10 13 nan nan nan
2016 10 14 nan nan nan
2016 10 15 nan nan nan
2016 10 16 nan nan nan
2016 10 17 nan nan nan
2016 10 18 nan nan nan
2016 10 19 nan nan nan
2016 10 20 nan nan nan
2016 10 21 nan nan nan
2016 10 22 nan nan nan
2016 10 23 nan nan nan
2016 10 24 nan nan nan
2016 10 25 nan nan nan
2016 10 26 nan nan nan
2016 10 27 nan nan nan
2016 10 28 nan nan nan
2016 10 29 nan nan nan
2016 10 30 nan nan nan
2016 10 31 nan nan nan
2016 11 01 nan nan nan
2016 11 02 nan nan nan
2016 11 03 nan nan nan
2016 11 04 nan nan nan
2016 11 05 nan nan nan
2016 11 06 nan nan nan
2016 11 07 nan nan nan
2016 11 08 nan nan nan
2016 11 09 nan nan nan
2016 11 10 nan nan nan
2016 11 11 nan nan nan
2016 11 12 nan nan nan
2016 11 13 nan nan nan
2016 11 14 nan nan nan
2016 11 15 nan nan nan
2016 11 16 nan nan nan
2016 11 17 nan nan nan
2016 11 18 nan nan nan
2016 11 19 nan nan nan
2016 11 20 nan nan nan
2016 11 21 nan nan nan
2016 11 22 nan nan nan
2016 11 23 nan nan nan
2016 11 24 nan nan nan
2016 11 25 nan nan nan
2016 11 26 nan nan nan
2016 11 27 nan nan nan
2016 11 28 nan nan nan
2016 11 29 nan nan nan
2016 11 30 nan nan nan
2016 12 01 nan nan nan
2016 12 02 nan nan nan
2016 12 03 nan nan nan
2016 12 04 nan nan nan
2016 12 05 nan nan nan
2016 12 06 nan nan nan
2016 12 07 nan nan nan
2016 12 08 nan nan nan
2016 12 09 nan nan nan
2016 12 10 nan nan nan
2016 12 11 nan nan nan
2016 12 12 nan nan nan
2016 12 13 nan nan nan
2016 12 14 nan nan nan
2016 12 15 nan nan nan
2016 12 16 nan nan nan
2016 12 17 nan nan nan
2016 12 18 nan nan nan
2016 12 19 nan nan nan
2016 12 20 nan nan nan
2016 12 21 nan nan nan
2016 12 22 nan nan nan
2016 12 23 nan nan nan
2016 12 24 nan nan nan
2016 12 25 nan nan nan
2016 12 26 nan nan nan
2016 12 27 nan nan nan
2016 12 28 nan nan nan
2016 12 29 nan nan nan
2016 12 30 nan nan nan
2016 12 31 nan nan nan
2017 01 01 1.062000 0 1
2017 01 02 1.157000 0 1
2017 01 03 1.094000 0 1
2017 01 04 1.221000 0 1
2017 01 05 1.286000 0 1
2017 01 06 1.286000 0 1
2017 01 07 1.094000 0 1
2017 01 08 1.031000 0 1
2017 01 09 1.031000 0 1
2017 01 10 1.031000 0 1
2017 01 11 1.000000 0 1
2017 01 12 1.094000 0 1
2017 01 13 1.157000 0 1
2017 01 14 1.221000 0 1
2017 01 15 1.254000 0 1
2017 01 16 1.319000 0 1
2017 01 17 1.836000 0 1
2017 01 18 1.555000 0 1
2017 01 19 2.467000 0 1
2017 01 20 nan nan 0
2017 01 21 nan nan 0
2017 01 22 nan nan 0
2017 01 23 nan nan 0
2017 01 24 nan nan 0
2017 01 25 nan nan 0
2017 01 26 nan nan 0
2017 01 27 nan nan 0
2017 01 28 nan nan 0
2017 01 29 nan nan 0
2017 01 30 nan nan 0
2017 01 31 nan nan 0
2017 02 01 nan nan 0
2017 02 02 nan nan 0
2017 02 03 nan nan 0
2017 02 04 nan nan 0
2017 02 05 nan nan 0
2017 02 06 nan nan 0
2017 02 07 1.818000 0 1
2017 02 08 2.016000 0 1
2017 02 09 2.899000 0 1
2017 02 10 2.352000 0 1
2017 02 11 3.853000 0 1
2017 02 12 2.700000 0 1
2017 02 13 2.314000 0 1
2017 02 14 2.333000 0 1
2017 02 15 2.109000 0 1
2017 02 16 1.889000 0 1
2017 02 17 1.871000 0 1
2017 02 18 1.764000 0 1
2017 02 19 1.676000 0 1
2017 02 20 1.624000 0 1
2017 02 21 1.624000 0 1
2017 02 22 1.555000 0 1
2017 02 23 1.521000 0 1
2017 02 24 1.555000 0 1
2017 02 25 1.659000 0 1
2017 02 26 2.622000 0 1
2017 02 27 3.939000 0 1
2017 02 28 3.019000 0 1
2017 03 01 2.467000 0 1
2017 03 02 2.220000 0 1
2017 03 03 2.127000 0 1
2017 03 04 1.980000 0 1
2017 03 05 1.836000 0 1
2017 03 06 1.818000 0 1
2017 03 07 1.764000 0 1
2017 03 08 1.694000 0 1
2017 03 09 1.624000 0 1
2017 03 10 1.555000 0 1
2017 03 11 1.487000 0 1
2017 03 12 1.487000 0 1
2017 03 13 1.470000 0 1
2017 03 14 1.419000 0 1
2017 03 15 1.487000 0 1
2017 03 16 1.453000 0 1
2017 03 17 1.352000 0 1
2017 03 18 1.453000 0 1
2017 03 19 1.487000 0 1
2017 03 20 2.164000 0 1
2017 03 21 1.694000 0 1
2017 03 22 1.694000 0 1
2017 03 23 1.589000 0 1
2017 03 24 1.555000 0 1
2017 03 25 1.487000 0 1
2017 03 26 1.419000 0 1
2017 03 27 1.352000 0 1
2017 03 28 1.352000 0 1
2017 03 29 1.624000 0 1
2017 03 30 2.583000 0 1
2017 03 31 2.277000 0 1
2017 04 01 nan nan nan
2017 04 02 nan nan nan
2017 04 03 nan nan nan
2017 04 04 nan nan nan
2017 04 05 nan nan nan
2017 04 06 nan nan nan
2017 04 07 nan nan nan
2017 04 08 nan nan nan
2017 04 09 nan nan nan
2017 04 10 nan nan nan
2017 04 11 nan nan nan
2017 04 12 nan nan nan
2017 04 13 nan nan nan
2017 04 14 nan nan nan
2017 04 15 nan nan nan
2017 04 16 nan nan nan
2017 04 17 nan nan nan
2017 04 18 nan nan nan
2017 04 19 nan nan nan
2017 04 20 nan nan nan
2017 04 21 nan nan nan
2017 04 22 nan nan nan
2017 04 23 nan nan nan
2017 04 24 nan nan nan
2017 04 25 nan nan nan
2017 04 26 nan nan nan
2017 04 27 nan nan nan
2017 04 28 nan nan nan
2017 04 29 nan nan nan
2017 04 30 nan nan nan
2017 05 01 nan nan nan
2017 05 02 nan nan nan
2017 05 03 nan nan nan
2017 05 04 nan nan nan
2017 05 05 nan nan nan
2017 05 06 nan nan nan
2017 05 07 nan nan nan
2017 05 08 nan nan nan
2017 05 09 nan nan nan
2017 05 10 nan nan nan
2017 05 11 nan nan nan
2017 05 12 nan nan nan
2017 05 13 nan nan nan
2017 05 14 nan nan nan
2017 05 15 nan nan nan
2017 05 16 nan nan nan
2017 05 17 nan nan nan
2017 05 18 nan nan nan
2017 05 19 nan nan nan
2017 05 20 nan nan nan
2017 05 21 nan nan nan
2017 05 22 nan nan nan
2017 05 23 nan nan nan
2017 05 24 nan nan nan
2017 05 25 nan nan nan
2017 05 26 nan nan nan
2017 05 27 nan nan nan
2017 05 28 nan nan nan
2017 05 29 nan nan nan
2017 05 30 nan nan nan
2017 05 31 nan nan nan
2017 06 01 nan nan nan
2017 06 02 nan nan nan
2017 06 03 nan nan nan
2017 06 04 nan nan nan
2017 06 05 nan nan nan
2017 06 06 nan nan nan
2017 06 07 nan nan nan
2017 06 08 nan nan nan
2017 06 09 nan nan nan
2017 06 10 nan nan nan
2017 06 11 nan nan nan
2017 06 12 nan nan nan
2017 06 13 nan nan nan
2017 06 14 nan nan nan
2017 06 15 nan nan nan
2017 06 16 nan nan nan
2017 06 17 nan nan nan
2017 06 18 nan nan nan
2017 06 19 nan nan nan
2017 06 20 nan nan nan
2017 06 21 nan nan nan
2017 06 22 nan nan nan
2017 06 23 nan nan nan
2017 06 24 nan nan nan
2017 06 25 nan nan nan
2017 06 26 nan nan nan
2017 06 27 nan nan nan
2017 06 28 nan nan nan
2017 06 29 nan nan nan
2017 06 30 nan nan nan
2017 07 01 nan nan nan
2017 07 02 nan nan nan
2017 07 03 nan nan nan
2017 07 04 nan nan nan
2017 07 05 nan nan nan
2017 07 06 nan nan nan
2017 07 07 nan nan nan
2017 07 08 nan nan nan
2017 07 09 nan nan nan
2017 07 10 nan nan nan
2017 07 11 nan nan nan
2017 07 12 nan nan nan
2017 07 13 nan nan nan
2017 07 14 nan nan nan
2017 07 15 nan nan nan
2017 07 16 nan nan nan
2017 07 17 nan nan nan
2017 07 18 nan nan nan
2017 07 19 nan nan nan
2017 07 20 nan nan nan
2017 07 21 nan nan nan
2017 07 22 nan nan nan
2017 07 23 nan nan nan
2017 07 24 nan nan nan
2017 07 25 nan nan nan
2017 07 26 nan nan nan
2017 07 27 nan nan nan
2017 07 28 nan nan nan
2017 07 29 nan nan nan
2017 07 30 nan nan nan
2017 07 31 nan nan nan
2017 08 01 nan nan nan
2017 08 02 nan nan nan
2017 08 03 nan nan nan
2017 08 04 nan nan nan
2017 08 05 nan nan nan
2017 08 06 nan nan nan
2017 08 07 nan nan nan
2017 08 08 nan nan nan
2017 08 09 nan nan nan
2017 08 10 nan nan nan
2017 08 11 nan nan nan
2017 08 12 nan nan nan
2017 08 13 nan nan nan
2017 08 14 nan nan nan
2017 08 15 nan nan nan
2017 08 16 nan nan nan
2017 08 17 nan nan nan
2017 08 18 nan nan nan
2017 08 19 nan nan nan
2017 08 20 nan nan nan
2017 08 21 nan nan nan
2017 08 22 nan nan nan
2017 08 23 nan nan nan
2017 08 24 nan nan nan
2017 08 25 nan nan nan
2017 08 26 nan nan nan
2017 08 27 nan nan nan
2017 08 28 nan nan nan
2017 08 29 nan nan nan
2017 08 30 nan nan nan
2017 08 31 nan nan nan
2017 09 01 nan nan nan
2017 09 02 nan nan nan
2017 09 03 nan nan nan
2017 09 04 nan nan nan
2017 09 05 nan nan nan
2017 09 06 nan nan nan
2017 09 07 nan nan nan
2017 09 08 nan nan nan
2017 09 09 nan nan nan
2017 09 10 nan nan nan
2017 09 11 nan nan nan
2017 09 12 nan nan nan
2017 09 13 nan nan nan
2017 09 14 nan nan nan
2017 09 15 nan nan nan
2017 09 16 nan nan nan
2017 09 17 nan nan nan
2017 09 18 nan nan nan
2017 09 19 nan nan nan
2017 09 20 nan nan nan
2017 09 21 nan nan nan
2017 09 22 nan nan nan
2017 09 23 nan nan nan
2017 09 24 nan nan nan
2017 09 25 nan nan nan
2017 09 26 nan nan nan
2017 09 27 nan nan nan
2017 09 28 nan nan nan
2017 09 29 nan nan nan
2017 09 30 nan nan nan
2017 10 01 nan nan 4
2017 10 02 nan nan 4
2017 10 03 nan nan 4
2017 10 04 nan nan 4
2017 10 05 nan nan 4
2017 10 06 nan nan 4
2017 10 07 nan nan 4
2017 10 08 nan nan 4
2017 10 09 nan nan 4
2017 10 10 nan nan 4
2017 10 11 nan nan 4
2017 10 12 nan nan 4
2017 10 13 nan nan 4
2017 10 14 nan nan 4
2017 10 15 nan nan 4
2017 10 16 nan nan 4
2017 10 17 nan nan 4
2017 10 18 nan nan 4
2017 10 19 nan nan 4
2017 10 20 nan nan 4
2017 10 21 nan nan 4
2017 10 22 nan nan 4
2017 10 23 nan nan 4
2017 10 24 2.859000 0 1
2017 10 25 2.859000 0 1
2017 10 26 2.919000 0 1
2017 10 27 2.939000 0 1
2017 10 28 3.472000 0 1
2017 10 29 3.203000 0 1
2017 10 30 3.182000 0 1
2017 10 31 3.264000 0 1
2017 11 01 3.305000 0 1
2017 11 02 3.182000 0 1
2017 11 03 3.305000 0 1
2017 11 04 3.430000 0 1
2017 11 05 3.305000 0 1
2017 11 06 5.399000 0 1
2017 11 07 3.347000 0 1
2017 11 08 3.725000 0 1
2017 11 09 3.810000 0 1
2017 11 10 3.767000 0 1
2017 11 11 3.661000 0 1
2017 11 12 3.661000 0 1
2017 11 13 3.640000 0 1
2017 11 14 3.556000 0 1
2017 11 15 3.451000 0 1
2017 11 16 3.347000 0 1
2017 11 17 3.493000 0 1
2017 11 18 3.682000 0 1
2017 11 19 4.244000 0 1
2017 11 20 3.961000 0 1
2017 11 21 3.746000 0 1
2017 11 22 3.704000 0 1
2017 11 23 3.640000 0 1
2017 11 24 3.853000 0 1
2017 11 25 3.704000 0 1
2017 11 26 3.640000 0 1
2017 11 27 3.704000 0 1
2017 11 28 3.682000 0 1
2017 11 29 3.725000 0 1
2017 11 30 6.157000 0 1
2017 12 01 5.375000 0 1
2017 12 02 4.487000 0 1
2017 12 03 4.200000 0 1
2017 12 04 4.091000 0 1
2017 12 05 4.047000 0 1
2017 12 06 3.961000 0 1
2017 12 07 4.156000 0 1
2017 12 08 4.599000 0 1
2017 12 09 4.266000 0 1
2017 12 10 4.420000 0 1
2017 12 11 4.509000 0 1
2017 12 12 5.941000 0 1
2017 12 13 5.029000 0 1
2017 12 14 5.917000 0 1
2017 12 15 6.205000 0 1
2017 12 16 5.917000 0 1
2017 12 17 6.374000 0 1
2017 12 18 6.374000 0 1
2017 12 19 5.798000 0 1
2017 12 20 5.445000 0 1
2017 12 21 5.144000 0 1
2017 12 22 5.006000 0 1
2017 12 23 4.938000 0 1
2017 12 24 5.006000 0 1
2017 12 25 4.915000 0 1
2017 12 26 5.445000 0 1
2017 12 27 5.052000 0 1
2017 12 28 4.824000 0 1
2017 12 29 4.734000 0 1
2017 12 30 4.734000 0 1
2017 12 31 5.052000 0 1
2018 01 01 4.983000 0 1
2018 01 02 4.915000 0 1
2018 01 03 8.229000 0 1
2018 01 04 6.253000 0 1
2018 01 05 5.917000 0 1
2018 01 06 6.496000 0 1
2018 01 07 6.326000 0 1
2018 01 08 6.061000 0 1
2018 01 09 5.917000 0 1
2018 01 10 5.562000 0 1
2018 01 11 5.375000 0 1
2018 01 12 5.236000 0 1
2018 01 13 5.167000 0 1
2018 01 14 5.236000 0 1
2018 01 15 5.121000 0 1
2018 01 16 5.167000 0 1
2018 01 17 5.098000 0 1
2018 01 18 5.006000 0 1
2018 01 19 4.938000 0 1
2018 01 20 4.824000 0 1
2018 01 21 4.666000 0 1
2018 01 22 4.599000 0 1
2018 01 23 4.532000 0 1
2018 01 24 4.487000 0 1
2018 01 25 4.487000 0 1
2018 01 26 5.422000 0 1
2018 01 27 5.282000 0 1
2018 01 28 5.098000 0 1
2018 01 29 5.006000 0 1
2018 01 30 4.892000 0 1
2018 01 31 5.052000 0 1
2018 02 01 5.680000 0 1
2018 02 02 5.375000 0 1
2018 02 03 4.554000 0 1
2018 02 04 4.332000 0 1
2018 02 05 6.716000 0 1
2018 02 06 6.133000 0 1
2018 02 07 5.989000 0 1
2018 02 08 5.822000 0 1
2018 02 09 5.751000 0 1
2018 02 10 5.798000 0 1
2018 02 11 5.633000 0 1
2018 02 12 5.492000 0 1
2018 02 13 5.375000 0 1
2018 02 14 5.282000 0 1
2018 02 15 5.213000 0 1
2018 02 16 5.236000 0 1
2018 02 17 5.029000 0 1
2018 02 18 5.006000 0 1
2018 02 19 6.181000 0 1
2018 02 20 5.469000 0 1
2018 02 21 5.352000 0 1
2018 02 22 5.259000 0 1
2018 02 23 5.190000 0 1
2018 02 24 5.236000 0 1
2018 02 25 5.352000 0 1
2018 02 26 5.586000 0 1
2018 02 27 5.893000 0 1
2018 02 28 5.469000 0 1
2018 03 01 5.144000 0 1
2018 03 02 5.190000 0 1
2018 03 03 5.422000 0 1
2018 03 04 5.352000 0 1
2018 03 05 5.989000 0 1
2018 03 06 6.037000 0 1
2018 03 07 5.562000 0 1
2018 03 08 5.727000 0 1
2018 03 09 5.656000 0 1
2018 03 10 6.133000 0 1
2018 03 11 6.013000 0 1
2018 03 12 5.704000 0 1
2018 03 13 5.586000 0 1
2018 03 14 5.469000 0 1
2018 03 15 5.469000 0 1
2018 03 16 5.539000 0 1
2018 03 17 5.492000 0 1
2018 03 18 5.562000 0 1
2018 03 19 5.798000 0 1
2018 03 20 5.516000 0 1
2018 03 21 5.492000 0 1
2018 03 22 6.157000 0 1
2018 03 23 5.941000 0 1
2018 03 24 6.864000 0 1
2018 03 25 6.061000 0 1
2018 03 26 5.633000 0 1
2018 03 27 5.375000 0 1
2018 03 28 5.329000 0 1
2018 03 29 5.098000 0 1
2018 03 30 4.915000 0 1
2018 03 31 5.306000 0 1
