year month day streamflow_m3s qual_control_by_ana qual_flag
1969 11 01 nan nan 0
1969 11 02 nan nan 0
1969 11 03 nan nan 0
1969 11 04 nan nan 0
1969 11 05 nan nan 0
1969 11 06 nan nan 0
1969 11 07 nan nan 0
1969 11 08 nan nan 0
1969 11 09 nan nan 0
1969 11 10 nan nan 0
1969 11 11 nan nan 0
1969 11 12 nan nan 0
1969 11 13 nan nan 0
1969 11 14 nan nan 0
1969 11 15 nan nan 0
1969 11 16 nan nan 0
1969 11 17 nan nan 0
1969 11 18 nan nan 0
1969 11 19 nan nan 0
1969 11 20 nan nan 0
1969 11 21 nan nan 0
1969 11 22 nan nan 0
1969 11 23 nan nan 0
1969 11 24 nan nan 0
1969 11 25 nan nan 0
1969 11 26 nan nan 0
1969 11 27 nan nan 0
1969 11 28 nan nan 0
1969 11 29 nan nan 0
1969 11 30 nan nan 0
1969 12 01 nan nan 0
1969 12 02 nan nan 0
1969 12 03 nan nan 0
1969 12 04 nan nan 0
1969 12 05 nan nan 0
1969 12 06 nan nan 0
1969 12 07 nan nan 0
1969 12 08 nan nan 0
1969 12 09 nan nan 0
1969 12 10 nan nan 0
1969 12 11 nan nan 0
1969 12 12 nan nan 0
1969 12 13 nan nan 0
1969 12 14 nan nan 0
1969 12 15 0.039000 1 1
1969 12 16 0.039000 1 1
1969 12 17 0.052000 1 1
1969 12 18 0.139000 1 1
1969 12 19 0.167000 1 1
1969 12 20 0.198000 1 1
1969 12 21 0.568000 1 1
1969 12 22 0.193000 1 1
1969 12 23 0.086000 1 1
1969 12 24 0.063000 1 1
1969 12 25 0.052000 1 1
1969 12 26 0.052000 1 1
1969 12 27 1.210000 1 1
1969 12 28 1.300000 1 1
1969 12 29 0.972000 1 1
1969 12 30 0.384000 1 1
1969 12 31 0.232000 1 1
1970 01 01 0.167000 1 1
1970 01 02 0.163000 1 1
1970 01 03 0.107000 1 1
1970 01 04 0.076000 1 1
1970 01 05 0.061000 1 1
1970 01 06 0.052000 1 1
1970 01 07 0.046000 1 1
1970 01 08 0.045000 1 1
1970 01 09 0.043000 1 1
1970 01 10 0.039000 1 1
1970 01 11 0.071000 1 1
1970 01 12 0.104000 1 1
1970 01 13 0.058000 1 1
1970 01 14 0.046000 1 1
1970 01 15 0.043000 1 1
1970 01 16 0.041000 1 1
1970 01 17 0.370000 1 1
1970 01 18 0.337000 1 1
1970 01 19 0.101000 1 1
1970 01 20 0.063000 1 1
1970 01 21 0.052000 1 1
1970 01 22 0.293000 1 1
1970 01 23 3.450000 1 1
1970 01 24 0.998000 1 1
1970 01 25 0.392000 1 1
1970 01 26 0.167000 1 1
1970 01 27 0.124000 1 1
1970 01 28 0.242000 1 1
1970 01 29 0.143000 1 1
1970 01 30 0.078000 1 1
1970 01 31 0.056000 1 1
1970 02 01 0.048000 1 1
1970 02 02 0.045000 1 1
1970 02 03 0.043000 1 1
1970 02 04 0.043000 1 1
1970 02 05 0.043000 1 1
1970 02 06 0.043000 1 1
1970 02 07 0.043000 1 1
1970 02 08 0.041000 1 1
1970 02 09 0.046000 1 1
1970 02 10 0.073000 1 1
1970 02 11 0.150000 1 1
1970 02 12 0.066000 1 1
1970 02 13 0.050000 1 1
1970 02 14 0.050000 1 1
1970 02 15 0.052000 1 1
1970 02 16 0.050000 1 1
1970 02 17 0.046000 1 1
1970 02 18 0.048000 1 1
1970 02 19 0.048000 1 1
1970 02 20 0.041000 1 1
1970 02 21 0.037000 1 1
1970 02 22 0.036000 1 1
1970 02 23 0.036000 1 1
1970 02 24 0.036000 1 1
1970 02 25 0.036000 1 1
1970 02 26 0.036000 1 1
1970 02 27 0.039000 1 1
1970 02 28 0.045000 1 1
1970 03 01 0.050000 1 1
1970 03 02 0.048000 1 1
1970 03 03 0.046000 1 1
1970 03 04 0.293000 1 1
1970 03 05 0.451000 1 1
1970 03 06 0.541000 1 1
1970 03 07 0.217000 1 1
1970 03 08 0.086000 1 1
1970 03 09 0.056000 1 1
1970 03 10 0.046000 1 1
1970 03 11 0.039000 1 1
1970 03 12 0.034000 1 1
1970 03 13 0.033000 1 1
1970 03 14 0.033000 1 1
1970 03 15 0.031000 1 1
1970 03 16 0.030000 1 1
1970 03 17 0.030000 1 1
1970 03 18 0.030000 1 1
1970 03 19 0.027000 1 1
1970 03 20 0.027000 1 1
1970 03 21 0.025000 1 1
1970 03 22 0.024000 1 1
1970 03 23 0.024000 1 1
1970 03 24 0.024000 1 1
1970 03 25 0.024000 1 1
1970 03 26 0.024000 1 1
1970 03 27 0.024000 1 1
1970 03 28 0.024000 1 1
1970 03 29 0.024000 1 1
1970 03 30 0.024000 1 1
1970 03 31 0.024000 1 1
1970 04 01 0.024000 1 1
1970 04 02 0.024000 1 1
1970 04 03 0.024000 1 1
1970 04 04 0.024000 1 1
1970 04 05 0.024000 1 1
1970 04 06 0.024000 1 1
1970 04 07 0.024000 1 1
1970 04 08 0.024000 1 1
1970 04 09 0.024000 1 1
1970 04 10 0.024000 1 1
1970 04 11 0.024000 1 1
1970 04 12 0.030000 1 1
1970 04 13 0.039000 1 1
1970 04 14 0.028000 1 1
1970 04 15 0.027000 1 1
1970 04 16 0.027000 1 1
1970 04 17 0.027000 1 1
1970 04 18 0.031000 1 1
1970 04 19 0.033000 1 1
1970 04 20 0.027000 1 1
1970 04 21 0.027000 1 1
1970 04 22 0.033000 1 1
1970 04 23 0.045000 1 1
1970 04 24 0.050000 1 1
1970 04 25 0.037000 1 1
1970 04 26 0.034000 1 1
1970 04 27 0.031000 1 1
1970 04 28 0.027000 1 1
1970 04 29 0.025000 1 1
1970 04 30 0.024000 1 1
1970 05 01 0.024000 1 1
1970 05 02 0.023000 1 1
1970 05 03 0.022000 1 1
1970 05 04 0.022000 1 1
1970 05 05 0.022000 1 1
1970 05 06 0.022000 1 1
1970 05 07 0.022000 1 1
1970 05 08 0.022000 1 1
1970 05 09 0.023000 1 1
1970 05 10 0.024000 1 1
1970 05 11 0.027000 1 1
1970 05 12 0.034000 1 1
1970 05 13 0.033000 1 1
1970 05 14 0.030000 1 1
1970 05 15 0.030000 1 1
1970 05 16 0.030000 1 1
1970 05 17 0.028000 1 1
1970 05 18 0.027000 1 1
1970 05 19 0.025000 1 1
1970 05 20 0.024000 1 1
1970 05 21 0.024000 1 1
1970 05 22 0.098000 1 1
1970 05 23 0.242000 1 1
1970 05 24 0.242000 1 1
1970 05 25 0.028000 1 1
1970 05 26 0.036000 1 1
1970 05 27 0.036000 1 1
1970 05 28 0.030000 1 1
1970 05 29 0.027000 1 1
1970 05 30 0.027000 1 1
1970 05 31 0.027000 1 1
1970 06 01 0.034000 1 1
1970 06 02 0.039000 1 1
1970 06 03 0.033000 1 1
1970 06 04 0.030000 1 1
1970 06 05 0.030000 1 1
1970 06 06 0.030000 1 1
1970 06 07 0.030000 1 1
1970 06 08 0.030000 1 1
1970 06 09 0.030000 1 1
1970 06 10 0.028000 1 1
1970 06 11 0.027000 1 1
1970 06 12 0.027000 1 1
1970 06 13 0.027000 1 1
1970 06 14 0.024000 1 1
1970 06 15 0.024000 1 1
1970 06 16 0.024000 1 1
1970 06 17 0.024000 1 1
1970 06 18 0.024000 1 1
1970 06 19 0.024000 1 1
1970 06 20 0.027000 1 1
1970 06 21 0.028000 1 1
1970 06 22 0.033000 1 1
1970 06 23 0.031000 1 1
1970 06 24 0.030000 1 1
1970 06 25 0.030000 1 1
1970 06 26 0.031000 1 1
1970 06 27 0.048000 1 1
1970 06 28 0.058000 1 1
1970 06 29 0.071000 1 1
1970 06 30 0.158000 1 1
1970 07 01 0.139000 1 1
1970 07 02 0.089000 1 1
1970 07 03 0.050000 1 1
1970 07 04 0.043000 1 1
1970 07 05 0.253000 1 1
1970 07 06 0.467000 1 1
1970 07 07 0.092000 1 1
1970 07 08 0.058000 1 1
1970 07 09 0.050000 1 1
1970 07 10 0.041000 1 1
1970 07 11 0.039000 1 1
1970 07 12 0.036000 1 1
1970 07 13 0.033000 1 1
1970 07 14 0.033000 1 1
1970 07 15 0.030000 1 1
1970 07 16 0.027000 1 1
1970 07 17 0.028000 1 1
1970 07 18 0.031000 1 1
1970 07 19 0.052000 1 1
1970 07 20 0.054000 1 1
1970 07 21 0.046000 1 1
1970 07 22 0.041000 1 1
1970 07 23 0.039000 1 1
1970 07 24 0.039000 1 1
1970 07 25 0.046000 1 1
1970 07 26 0.128000 1 1
1970 07 27 0.318000 1 1
1970 07 28 0.270000 1 1
1970 07 29 0.092000 1 1
1970 07 30 0.068000 1 1
1970 07 31 0.052000 1 1
1970 08 01 0.050000 1 1
1970 08 02 0.046000 1 1
1970 08 03 0.212000 1 1
1970 08 04 0.207000 1 1
1970 08 05 0.154000 1 1
1970 08 06 0.104000 1 1
1970 08 07 0.056000 1 1
1970 08 08 0.046000 1 1
1970 08 09 0.043000 1 1
1970 08 10 0.036000 1 1
1970 08 11 0.033000 1 1
1970 08 12 0.033000 1 1
1970 08 13 0.033000 1 1
1970 08 14 0.033000 1 1
1970 08 15 0.033000 1 1
1970 08 16 0.031000 1 1
1970 08 17 0.030000 1 1
1970 08 18 0.030000 1 1
1970 08 19 0.030000 1 1
1970 08 20 0.039000 1 1
1970 08 21 0.110000 1 1
1970 08 22 0.050000 1 1
1970 08 23 0.037000 1 1
1970 08 24 0.036000 1 1
1970 08 25 0.031000 1 1
1970 08 26 0.030000 1 1
1970 08 27 0.030000 1 1
1970 08 28 0.030000 1 1
1970 08 29 0.030000 1 1
1970 08 30 0.030000 1 1
1970 08 31 0.027000 1 1
1970 09 01 0.027000 1 1
1970 09 02 0.027000 1 1
1970 09 03 0.027000 1 1
1970 09 04 0.028000 1 1
1970 09 05 0.030000 1 1
1970 09 06 0.058000 1 1
1970 09 07 0.287000 1 1
1970 09 08 0.083000 1 1
1970 09 09 0.041000 1 1
1970 09 10 0.033000 1 1
1970 09 11 0.028000 1 1
1970 09 12 0.027000 1 1
1970 09 13 0.025000 1 1
1970 09 14 0.024000 1 1
1970 09 15 0.024000 1 1
1970 09 16 0.024000 1 1
1970 09 17 0.024000 1 1
1970 09 18 0.023000 1 1
1970 09 19 0.022000 1 1
1970 09 20 0.022000 1 1
1970 09 21 0.022000 1 1
1970 09 22 0.022000 1 1
1970 09 23 0.022000 1 1
1970 09 24 0.022000 1 1
1970 09 25 0.023000 1 1
1970 09 26 0.024000 1 1
1970 09 27 0.024000 1 1
1970 09 28 0.025000 1 1
1970 09 29 0.027000 1 1
1970 09 30 0.027000 1 1
1970 10 01 0.076000 1 1
1970 10 02 0.046000 1 1
1970 10 03 0.036000 1 1
1970 10 04 0.027000 1 1
1970 10 05 0.039000 1 1
1970 10 06 0.113000 1 1
1970 10 07 0.146000 1 1
1970 10 08 0.048000 1 1
1970 10 09 0.034000 1 1
1970 10 10 0.028000 1 1
1970 10 11 0.027000 1 1
1970 10 12 0.027000 1 1
1970 10 13 0.180000 1 1
1970 10 14 0.058000 1 1
1970 10 15 0.039000 1 1
1970 10 16 0.028000 1 1
1970 10 17 0.024000 1 1
1970 10 18 0.024000 1 1
1970 10 19 0.024000 1 1
1970 10 20 0.024000 1 1
1970 10 21 0.024000 1 1
1970 10 22 0.024000 1 1
1970 10 23 0.036000 1 1
1970 10 24 3.140000 1 1
1970 10 25 0.754000 1 1
1970 10 26 0.150000 1 1
1970 10 27 0.083000 1 1
1970 10 28 0.037000 1 1
1970 10 29 0.036000 1 1
1970 10 30 0.033000 1 1
1970 10 31 0.030000 1 1
1970 11 01 0.030000 1 1
1970 11 02 0.027000 1 1
1970 11 03 0.024000 1 1
1970 11 04 0.024000 1 1
1970 11 05 0.024000 1 1
1970 11 06 0.048000 1 1
1970 11 07 0.428000 1 1
1970 11 08 0.586000 1 1
1970 11 09 0.128000 1 1
1970 11 10 0.242000 1 1
1970 11 11 5.530000 1 1
1970 11 12 4.580000 1 1
1970 11 13 2.470000 1 1
1970 11 14 1.330000 1 1
1970 11 15 0.807000 1 1
1970 11 16 5.430000 1 1
1970 11 17 2.430000 1 1
1970 11 18 0.603000 1 1
1970 11 19 0.947000 1 1
1970 11 20 0.550000 1 1
1970 11 21 1.130000 1 1
1970 11 22 0.217000 1 1
1970 11 23 0.193000 1 1
1970 11 24 0.193000 1 1
1970 11 25 0.193000 1 1
1970 11 26 0.146000 1 1
1970 11 27 0.167000 1 1
1970 11 28 0.139000 1 1
1970 11 29 0.121000 1 1
1970 11 30 0.113000 1 1
1970 12 01 0.110000 1 1
1970 12 02 0.107000 1 1
1970 12 03 0.117000 1 1
1970 12 04 0.586000 1 1
1970 12 05 2.390000 1 1
1970 12 06 0.475000 1 1
1970 12 07 0.217000 1 1
1970 12 08 0.154000 1 1
1970 12 09 0.113000 1 1
1970 12 10 0.107000 1 1
1970 12 11 0.101000 1 1
1970 12 12 0.098000 1 1
1970 12 13 0.095000 1 1
1970 12 14 0.089000 1 1
1970 12 15 0.063000 1 1
1970 12 16 0.039000 1 1
1970 12 17 0.039000 1 1
1970 12 18 0.043000 1 1
1970 12 19 0.039000 1 1
1970 12 20 0.039000 1 1
1970 12 21 0.037000 1 1
1970 12 22 0.033000 1 1
1970 12 23 0.033000 1 1
1970 12 24 0.033000 1 1
1970 12 25 0.033000 1 1
1970 12 26 0.033000 1 1
1970 12 27 0.033000 1 1
1970 12 28 0.033000 1 1
1970 12 29 0.028000 1 1
1970 12 30 0.027000 1 1
1970 12 31 0.027000 1 1
1971 01 01 0.027000 1 1
1971 01 02 0.027000 1 1
1971 01 03 0.027000 1 1
1971 01 04 0.025000 1 1
1971 01 05 0.024000 1 1
1971 01 06 0.024000 1 1
1971 01 07 0.024000 1 1
1971 01 08 0.024000 1 1
1971 01 09 0.024000 1 1
1971 01 10 0.024000 1 1
1971 01 11 0.024000 1 1
1971 01 12 0.033000 1 1
1971 01 13 0.033000 1 1
1971 01 14 0.048000 1 1
1971 01 15 0.092000 1 1
1971 01 16 0.078000 1 1
1971 01 17 0.110000 1 1
1971 01 18 0.086000 1 1
1971 01 19 0.056000 1 1
1971 01 20 0.050000 1 1
1971 01 21 0.050000 1 1
1971 01 22 0.052000 1 1
1971 01 23 0.052000 1 1
1971 01 24 0.046000 1 1
1971 01 25 0.043000 1 1
1971 01 26 0.043000 1 1
1971 01 27 0.041000 1 1
1971 01 28 0.037000 1 1
1971 01 29 0.034000 1 1
1971 01 30 0.031000 1 1
1971 01 31 0.030000 1 1
1971 02 01 0.030000 1 1
1971 02 02 0.028000 1 1
1971 02 03 0.027000 1 1
1971 02 04 0.027000 1 1
1971 02 05 0.025000 1 1
1971 02 06 0.024000 1 1
1971 02 07 0.024000 1 1
1971 02 08 0.024000 1 1
1971 02 09 0.024000 1 1
1971 02 10 0.024000 1 1
1971 02 11 0.024000 1 1
1971 02 12 0.024000 1 1
1971 02 13 0.024000 1 1
1971 02 14 0.024000 1 1
1971 02 15 0.024000 1 1
1971 02 16 0.024000 1 1
1971 02 17 0.024000 1 1
1971 02 18 0.024000 1 1
1971 02 19 0.024000 1 1
1971 02 20 0.024000 1 1
1971 02 21 0.024000 1 1
1971 02 22 0.024000 1 1
1971 02 23 0.024000 1 1
1971 02 24 0.024000 1 1
1971 02 25 0.024000 1 1
1971 02 26 0.024000 1 1
1971 02 27 0.024000 1 1
1971 02 28 0.024000 1 1
1971 03 01 0.024000 1 1
1971 03 02 0.024000 1 1
1971 03 03 0.024000 1 1
1971 03 04 0.024000 1 1
1971 03 05 0.022000 1 1
1971 03 06 0.022000 1 1
1971 03 07 0.022000 1 1
1971 03 08 0.022000 1 1
1971 03 09 0.022000 1 1
1971 03 10 0.022000 1 1
1971 03 11 0.022000 1 1
1971 03 12 0.022000 1 1
1971 03 13 0.022000 1 1
1971 03 14 0.022000 1 1
1971 03 15 0.022000 1 1
1971 03 16 0.022000 1 1
1971 03 17 0.022000 1 1
1971 03 18 0.022000 1 1
1971 03 19 0.022000 1 1
1971 03 20 0.022000 1 1
1971 03 21 0.022000 1 1
1971 03 22 0.022000 1 1
1971 03 23 0.022000 1 1
1971 03 24 0.022000 1 1
1971 03 25 0.024000 1 1
1971 03 26 0.024000 1 1
1971 03 27 0.024000 1 1
1971 03 28 0.024000 1 1
1971 03 29 0.022000 1 1
1971 03 30 0.022000 1 1
1971 03 31 0.022000 1 1
1971 04 01 0.024000 1 1
1971 04 02 0.024000 1 1
1971 04 03 0.024000 1 1
1971 04 04 0.024000 1 1
1971 04 05 0.024000 1 1
1971 04 06 0.024000 1 1
1971 04 07 0.024000 1 1
1971 04 08 0.024000 1 1
1971 04 09 0.024000 1 1
1971 04 10 0.024000 1 1
1971 04 11 0.024000 1 1
1971 04 12 0.024000 1 1
1971 04 13 0.024000 1 1
1971 04 14 0.024000 1 1
1971 04 15 0.024000 1 1
1971 04 16 0.024000 1 1
1971 04 17 0.024000 1 1
1971 04 18 0.024000 1 1
1971 04 19 0.024000 1 1
1971 04 20 0.024000 1 1
1971 04 21 0.024000 1 1
1971 04 22 0.024000 1 1
1971 04 23 0.024000 1 1
1971 04 24 0.024000 1 1
1971 04 25 0.024000 1 1
1971 04 26 0.024000 1 1
1971 04 27 0.024000 1 1
1971 04 28 0.024000 1 1
1971 04 29 0.024000 1 1
1971 04 30 0.024000 1 1
1971 05 01 0.024000 1 1
1971 05 02 0.024000 1 1
1971 05 03 0.024000 1 1
1971 05 04 0.024000 1 1
1971 05 05 0.024000 1 1
1971 05 06 0.024000 1 1
1971 05 07 0.024000 1 1
1971 05 08 0.024000 1 1
1971 05 09 0.024000 1 1
1971 05 10 0.024000 1 1
1971 05 11 0.024000 1 1
1971 05 12 0.024000 1 1
1971 05 13 0.024000 1 1
1971 05 14 0.024000 1 1
1971 05 15 0.024000 1 1
1971 05 16 0.024000 1 1
1971 05 17 0.024000 1 1
1971 05 18 0.024000 1 1
1971 05 19 0.024000 1 1
1971 05 20 0.024000 1 1
1971 05 21 0.024000 1 1
1971 05 22 0.024000 1 1
1971 05 23 0.024000 1 1
1971 05 24 0.024000 1 1
1971 05 25 0.024000 1 1
1971 05 26 0.024000 1 1
1971 05 27 0.024000 1 1
1971 05 28 0.024000 1 1
1971 05 29 0.024000 1 1
1971 05 30 0.024000 1 1
1971 05 31 0.024000 1 1
1971 06 01 nan nan 0
1971 06 02 nan nan 0
1971 06 03 nan nan 0
1971 06 04 nan nan 0
1971 06 05 nan nan 0
1971 06 06 nan nan 0
1971 06 07 nan nan 0
1971 06 08 nan nan 0
1971 06 09 nan nan 0
1971 06 10 nan nan 0
1971 06 11 nan nan 0
1971 06 12 nan nan 0
1971 06 13 nan nan 0
1971 06 14 nan nan 0
1971 06 15 nan nan 0
1971 06 16 0.022000 1 1
1971 06 17 0.022000 1 1
1971 06 18 0.022000 1 1
1971 06 19 0.022000 1 1
1971 06 20 0.022000 1 1
1971 06 21 0.022000 1 1
1971 06 22 0.022000 1 1
1971 06 23 0.022000 1 1
1971 06 24 0.022000 1 1
1971 06 25 0.028000 1 1
1971 06 26 0.031000 1 1
1971 06 27 0.031000 1 1
1971 06 28 0.031000 1 1
1971 06 29 0.031000 1 1
1971 06 30 0.028000 1 1
1971 07 01 0.024000 1 1
1971 07 02 0.024000 1 1
1971 07 03 0.024000 1 1
1971 07 04 0.024000 1 1
1971 07 05 0.024000 1 1
1971 07 06 0.027000 1 1
1971 07 07 0.030000 1 1
1971 07 08 0.030000 1 1
1971 07 09 0.033000 1 1
1971 07 10 0.033000 1 1
1971 07 11 0.045000 1 1
1971 07 12 0.058000 1 1
1971 07 13 0.058000 1 1
1971 07 14 0.063000 1 1
1971 07 15 0.068000 1 1
1971 07 16 0.058000 1 1
1971 07 17 0.058000 1 1
1971 07 18 0.056000 1 1
1971 07 19 0.054000 1 1
1971 07 20 0.050000 1 1
1971 07 21 0.043000 1 1
1971 07 22 0.039000 1 1
1971 07 23 0.039000 1 1
1971 07 24 0.039000 1 1
1971 07 25 0.039000 1 1
1971 07 26 0.039000 1 1
1971 07 27 0.037000 1 1
1971 07 28 0.036000 1 1
1971 07 29 0.036000 1 1
1971 07 30 0.036000 1 1
1971 07 31 0.036000 1 1
1971 08 01 0.033000 1 1
1971 08 02 0.033000 1 1
1971 08 03 0.033000 1 1
1971 08 04 0.033000 1 1
1971 08 05 0.033000 1 1
1971 08 06 0.033000 1 1
1971 08 07 0.031000 1 1
1971 08 08 0.030000 1 1
1971 08 09 0.030000 1 1
1971 08 10 0.030000 1 1
1971 08 11 0.028000 1 1
1971 08 12 0.027000 1 1
1971 08 13 0.027000 1 1
1971 08 14 0.027000 1 1
1971 08 15 0.027000 1 1
1971 08 16 0.027000 1 1
1971 08 17 0.027000 1 1
1971 08 18 0.027000 1 1
1971 08 19 0.027000 1 1
1971 08 20 0.027000 1 1
1971 08 21 0.027000 1 1
1971 08 22 0.027000 1 1
1971 08 23 0.024000 1 1
1971 08 24 0.024000 1 1
1971 08 25 0.024000 1 1
1971 08 26 0.031000 1 1
1971 08 27 0.039000 1 1
1971 08 28 0.046000 1 1
1971 08 29 0.052000 1 1
1971 08 30 0.041000 1 1
1971 08 31 0.039000 1 1
1971 09 01 0.036000 1 1
1971 09 02 0.036000 1 1
1971 09 03 0.033000 1 1
1971 09 04 0.030000 1 1
1971 09 05 0.027000 1 1
1971 09 06 0.027000 1 1
1971 09 07 0.027000 1 1
1971 09 08 0.027000 1 1
1971 09 09 0.027000 1 1
1971 09 10 0.027000 1 1
1971 09 11 0.025000 1 1
1971 09 12 0.024000 1 1
1971 09 13 0.024000 1 1
1971 09 14 0.024000 1 1
1971 09 15 0.024000 1 1
1971 09 16 0.024000 1 1
1971 09 17 0.024000 1 1
1971 09 18 0.024000 1 1
1971 09 19 0.024000 1 1
1971 09 20 0.024000 1 1
1971 09 21 0.024000 1 1
1971 09 22 0.024000 1 1
1971 09 23 0.024000 1 1
1971 09 24 0.024000 1 1
1971 09 25 0.024000 1 1
1971 09 26 0.024000 1 1
1971 09 27 0.024000 1 1
1971 09 28 0.024000 1 1
1971 09 29 0.024000 1 1
1971 09 30 0.024000 1 1
1971 10 01 0.024000 1 1
1971 10 02 0.024000 1 1
1971 10 03 0.031000 1 1
1971 10 04 0.041000 1 1
1971 10 05 0.041000 1 1
1971 10 06 0.041000 1 1
1971 10 07 0.041000 1 1
1971 10 08 0.041000 1 1
1971 10 09 0.041000 1 1
1971 10 10 0.041000 1 1
1971 10 11 0.041000 1 1
1971 10 12 0.041000 1 1
1971 10 13 0.041000 1 1
1971 10 14 0.041000 1 1
1971 10 15 0.041000 1 1
1971 10 16 0.041000 1 1
1971 10 17 0.039000 1 1
1971 10 18 0.039000 1 1
1971 10 19 0.039000 1 1
1971 10 20 0.039000 1 1
1971 10 21 0.039000 1 1
1971 10 22 0.039000 1 1
1971 10 23 0.039000 1 1
1971 10 24 0.039000 1 1
1971 10 25 0.039000 1 1
1971 10 26 0.039000 1 1
1971 10 27 0.050000 1 1
1971 10 28 0.128000 1 1
1971 10 29 0.104000 1 1
1971 10 30 0.700000 1 1
1971 10 31 0.603000 1 1
1971 11 01 0.227000 1 1
1971 11 02 0.132000 1 1
1971 11 03 0.104000 1 1
1971 11 04 0.089000 1 1
1971 11 05 0.076000 1 1
1971 11 06 0.068000 1 1
1971 11 07 0.066000 1 1
1971 11 08 0.061000 1 1
1971 11 09 0.056000 1 1
1971 11 10 0.052000 1 1
1971 11 11 0.050000 1 1
1971 11 12 0.048000 1 1
1971 11 13 0.048000 1 1
1971 11 14 0.048000 1 1
1971 11 15 0.048000 1 1
1971 11 16 0.420000 1 1
1971 11 17 0.467000 1 1
1971 11 18 0.171000 1 1
1971 11 19 0.146000 1 1
1971 11 20 0.121000 1 1
1971 11 21 0.095000 1 1
1971 11 22 0.078000 1 1
1971 11 23 0.089000 1 1
1971 11 24 0.095000 1 1
1971 11 25 0.092000 1 1
1971 11 26 0.078000 1 1
1971 11 27 0.083000 1 1
1971 11 28 0.073000 1 1
1971 11 29 0.063000 1 1
1971 11 30 0.086000 1 1
1971 12 01 0.143000 1 1
1971 12 02 0.107000 1 1
1971 12 03 0.071000 1 1
1971 12 04 0.061000 1 1
1971 12 05 0.052000 1 1
1971 12 06 0.046000 1 1
1971 12 07 0.046000 1 1
1971 12 08 0.046000 1 1
1971 12 09 0.050000 1 1
1971 12 10 0.046000 1 1
1971 12 11 0.045000 1 1
1971 12 12 0.041000 1 1
1971 12 13 0.039000 1 1
1971 12 14 0.039000 1 1
1971 12 15 0.039000 1 1
1971 12 16 0.039000 1 1
1971 12 17 0.036000 1 1
1971 12 18 0.036000 1 1
1971 12 19 0.036000 1 1
1971 12 20 0.036000 1 1
1971 12 21 0.399000 1 1
1971 12 22 0.175000 1 1
1971 12 23 0.483000 1 1
1971 12 24 0.132000 1 1
1971 12 25 0.104000 1 1
1971 12 26 0.092000 1 1
1971 12 27 0.068000 1 1
1971 12 28 0.050000 1 1
1971 12 29 0.046000 1 1
1971 12 30 0.046000 1 1
1971 12 31 0.045000 1 1
1972 01 01 0.043000 1 1
1972 01 02 0.043000 1 1
1972 01 03 0.043000 1 1
1972 01 04 0.041000 1 1
1972 01 05 0.039000 1 1
1972 01 06 0.037000 1 1
1972 01 07 0.036000 1 1
1972 01 08 0.036000 1 1
1972 01 09 0.036000 1 1
1972 01 10 0.036000 1 1
1972 01 11 0.034000 1 1
1972 01 12 0.034000 1 1
1972 01 13 0.039000 1 1
1972 01 14 0.041000 1 1
1972 01 15 0.039000 1 1
1972 01 16 0.039000 1 1
1972 01 17 0.045000 1 1
1972 01 18 0.045000 1 1
1972 01 19 0.043000 1 1
1972 01 20 0.043000 1 1
1972 01 21 0.043000 1 1
1972 01 22 0.041000 1 1
1972 01 23 0.039000 1 1
1972 01 24 0.039000 1 1
1972 01 25 0.037000 1 1
1972 01 26 0.036000 1 1
1972 01 27 0.037000 1 1
1972 01 28 0.036000 1 1
1972 01 29 0.036000 1 1
1972 01 30 0.036000 1 1
1972 01 31 0.036000 1 1
1972 02 01 0.034000 1 1
1972 02 02 0.033000 1 1
1972 02 03 0.033000 1 1
1972 02 04 0.036000 1 1
1972 02 05 0.037000 1 1
1972 02 06 0.034000 1 1
1972 02 07 0.033000 1 1
1972 02 08 0.033000 1 1
1972 02 09 0.033000 1 1
1972 02 10 0.033000 1 1
1972 02 11 0.033000 1 1
1972 02 12 0.033000 1 1
1972 02 13 0.043000 1 1
1972 02 14 0.037000 1 1
1972 02 15 0.036000 1 1
1972 02 16 0.039000 1 1
1972 02 17 0.041000 1 1
1972 02 18 0.066000 1 1
1972 02 19 0.068000 1 1
1972 02 20 0.048000 1 1
1972 02 21 0.041000 1 1
1972 02 22 0.039000 1 1
1972 02 23 0.036000 1 1
1972 02 24 0.036000 1 1
1972 02 25 0.033000 1 1
1972 02 26 0.033000 1 1
1972 02 27 0.031000 1 1
1972 02 28 0.030000 1 1
1972 02 29 0.034000 1 1
1972 03 01 0.033000 1 1
1972 03 02 0.031000 1 1
1972 03 03 0.031000 1 1
1972 03 04 0.039000 1 1
1972 03 05 0.037000 1 1
1972 03 06 0.036000 1 1
1972 03 07 0.039000 1 1
1972 03 08 0.039000 1 1
1972 03 09 0.036000 1 1
1972 03 10 0.033000 1 1
1972 03 11 0.028000 1 1
1972 03 12 0.024000 1 1
1972 03 13 0.027000 1 1
1972 03 14 0.030000 1 1
1972 03 15 0.030000 1 1
1972 03 16 0.030000 1 1
1972 03 17 0.028000 1 1
1972 03 18 0.024000 1 1
1972 03 19 0.024000 1 1
1972 03 20 0.180000 1 1
1972 03 21 0.095000 1 1
1972 03 22 0.078000 1 1
1972 03 23 0.058000 1 1
1972 03 24 0.058000 1 1
1972 03 25 0.056000 1 1
1972 03 26 0.058000 1 1
1972 03 27 0.058000 1 1
1972 03 28 0.061000 1 1
1972 03 29 0.058000 1 1
1972 03 30 0.058000 1 1
1972 03 31 0.058000 1 1
1972 04 01 0.050000 1 1
1972 04 02 0.043000 1 1
1972 04 03 0.045000 1 1
1972 04 04 0.045000 1 1
1972 04 05 0.041000 1 1
1972 04 06 0.052000 1 1
1972 04 07 1.170000 1 1
1972 04 08 0.491000 1 1
1972 04 09 0.253000 1 1
1972 04 10 0.113000 1 1
1972 04 11 0.081000 1 1
1972 04 12 0.068000 1 1
1972 04 13 0.056000 1 1
1972 04 14 0.054000 1 1
1972 04 15 0.061000 1 1
1972 04 16 0.063000 1 1
1972 04 17 0.063000 1 1
1972 04 18 0.056000 1 1
1972 04 19 0.061000 1 1
1972 04 20 0.056000 1 1
1972 04 21 0.050000 1 1
1972 04 22 0.048000 1 1
1972 04 23 0.043000 1 1
1972 04 24 0.043000 1 1
1972 04 25 0.043000 1 1
1972 04 26 0.043000 1 1
1972 04 27 0.043000 1 1
1972 04 28 0.041000 1 1
1972 04 29 0.039000 1 1
1972 04 30 0.039000 1 1
1972 05 01 0.039000 1 1
1972 05 02 0.037000 1 1
1972 05 03 0.037000 1 1
1972 05 04 0.037000 1 1
1972 05 05 0.039000 1 1
1972 05 06 0.039000 1 1
1972 05 07 0.036000 1 1
1972 05 08 0.036000 1 1
1972 05 09 0.036000 1 1
1972 05 10 0.036000 1 1
1972 05 11 0.036000 1 1
1972 05 12 0.036000 1 1
1972 05 13 0.036000 1 1
1972 05 14 0.036000 1 1
1972 05 15 0.039000 1 1
1972 05 16 0.041000 1 1
1972 05 17 0.043000 1 1
1972 05 18 0.043000 1 1
1972 05 19 0.043000 1 1
1972 05 20 0.041000 1 1
1972 05 21 0.039000 1 1
1972 05 22 0.037000 1 1
1972 05 23 0.036000 1 1
1972 05 24 0.036000 1 1
1972 05 25 0.036000 1 1
1972 05 26 0.037000 1 1
1972 05 27 0.039000 1 1
1972 05 28 0.041000 1 1
1972 05 29 0.041000 1 1
1972 05 30 0.039000 1 1
1972 05 31 0.039000 1 1
1972 06 01 0.039000 1 1
1972 06 02 0.039000 1 1
1972 06 03 0.039000 1 1
1972 06 04 0.043000 1 1
1972 06 05 0.058000 1 1
1972 06 06 0.058000 1 1
1972 06 07 0.061000 1 1
1972 06 08 0.058000 1 1
1972 06 09 0.058000 1 1
1972 06 10 0.054000 1 1
1972 06 11 0.048000 1 1
1972 06 12 0.046000 1 1
1972 06 13 0.046000 1 1
1972 06 14 0.046000 1 1
1972 06 15 0.046000 1 1
1972 06 16 0.046000 1 1
1972 06 17 0.043000 1 1
1972 06 18 0.043000 1 1
1972 06 19 0.043000 1 1
1972 06 20 0.043000 1 1
1972 06 21 0.039000 1 1
1972 06 22 0.039000 1 1
1972 06 23 0.039000 1 1
1972 06 24 0.039000 1 1
1972 06 25 0.039000 1 1
1972 06 26 0.039000 1 1
1972 06 27 0.039000 1 1
1972 06 28 0.043000 1 1
1972 06 29 0.043000 1 1
1972 06 30 0.043000 1 1
1972 07 01 0.043000 1 1
1972 07 02 0.043000 1 1
1972 07 03 0.041000 1 1
1972 07 04 0.039000 1 1
1972 07 05 0.039000 1 1
1972 07 06 0.039000 1 1
1972 07 07 0.039000 1 1
1972 07 08 0.039000 1 1
1972 07 09 0.039000 1 1
1972 07 10 0.039000 1 1
1972 07 11 0.039000 1 1
1972 07 12 0.039000 1 1
1972 07 13 0.039000 1 1
1972 07 14 0.039000 1 1
1972 07 15 0.039000 1 1
1972 07 16 0.043000 1 1
1972 07 17 0.043000 1 1
1972 07 18 0.043000 1 1
1972 07 19 0.043000 1 1
1972 07 20 0.048000 1 1
1972 07 21 0.061000 1 1
1972 07 22 0.068000 1 1
1972 07 23 0.063000 1 1
1972 07 24 0.056000 1 1
1972 07 25 0.048000 1 1
1972 07 26 0.046000 1 1
1972 07 27 0.043000 1 1
1972 07 28 0.043000 1 1
1972 07 29 0.043000 1 1
1972 07 30 0.043000 1 1
1972 07 31 0.043000 1 1
1972 08 01 0.043000 1 1
1972 08 02 0.043000 1 1
1972 08 03 0.041000 1 1
1972 08 04 0.039000 1 1
1972 08 05 0.039000 1 1
1972 08 06 0.039000 1 1
1972 08 07 0.039000 1 1
1972 08 08 0.039000 1 1
1972 08 09 0.039000 1 1
1972 08 10 0.037000 1 1
1972 08 11 0.037000 1 1
1972 08 12 0.037000 1 1
1972 08 13 0.036000 1 1
1972 08 14 0.043000 1 1
1972 08 15 0.058000 1 1
1972 08 16 0.041000 1 1
1972 08 17 0.039000 1 1
1972 08 18 0.041000 1 1
1972 08 19 0.043000 1 1
1972 08 20 0.041000 1 1
1972 08 21 0.039000 1 1
1972 08 22 0.039000 1 1
1972 08 23 0.037000 1 1
1972 08 24 0.036000 1 1
1972 08 25 0.036000 1 1
1972 08 26 0.039000 1 1
1972 08 27 0.039000 1 1
1972 08 28 0.039000 1 1
1972 08 29 0.039000 1 1
1972 08 30 0.039000 1 1
1972 08 31 0.037000 1 1
1972 09 01 0.037000 1 1
1972 09 02 0.039000 1 1
1972 09 03 0.048000 1 1
1972 09 04 0.066000 1 1
1972 09 05 0.081000 1 1
1972 09 06 0.063000 1 1
1972 09 07 0.058000 1 1
1972 09 08 0.056000 1 1
1972 09 09 0.050000 1 1
1972 09 10 0.045000 1 1
1972 09 11 0.043000 1 1
1972 09 12 0.043000 1 1
1972 09 13 0.043000 1 1
1972 09 14 0.043000 1 1
1972 09 15 0.043000 1 1
1972 09 16 0.043000 1 1
1972 09 17 0.043000 1 1
1972 09 18 0.043000 1 1
1972 09 19 0.061000 1 1
1972 09 20 0.054000 1 1
1972 09 21 0.046000 1 1
1972 09 22 0.046000 1 1
1972 09 23 0.052000 1 1
1972 09 24 0.061000 1 1
1972 09 25 0.058000 1 1
1972 09 26 0.061000 1 1
1972 09 27 0.061000 1 1
1972 09 28 0.061000 1 1
1972 09 29 0.052000 1 1
1972 09 30 0.050000 1 1
1972 10 01 0.068000 1 1
1972 10 02 0.167000 1 1
1972 10 03 0.124000 1 1
1972 10 04 0.098000 1 1
1972 10 05 0.083000 1 1
1972 10 06 0.054000 1 1
1972 10 07 0.048000 1 1
1972 10 08 0.046000 1 1
1972 10 09 0.045000 1 1
1972 10 10 0.043000 1 1
1972 10 11 0.043000 1 1
1972 10 12 0.058000 1 1
1972 10 13 0.058000 1 1
1972 10 14 0.078000 1 1
1972 10 15 0.076000 1 1
1972 10 16 0.073000 1 1
1972 10 17 0.066000 1 1
1972 10 18 0.058000 1 1
1972 10 19 0.054000 1 1
1972 10 20 0.052000 1 1
1972 10 21 0.048000 1 1
1972 10 22 0.048000 1 1
1972 10 23 0.050000 1 1
1972 10 24 0.089000 1 1
1972 10 25 0.071000 1 1
1972 10 26 0.054000 1 1
1972 10 27 0.045000 1 1
1972 10 28 0.041000 1 1
1972 10 29 0.039000 1 1
1972 10 30 0.039000 1 1
1972 10 31 0.036000 1 1
1972 11 01 0.036000 1 1
1972 11 02 0.036000 1 1
1972 11 03 0.034000 1 1
1972 11 04 0.033000 1 1
1972 11 05 0.031000 1 1
1972 11 06 0.031000 1 1
1972 11 07 0.031000 1 1
1972 11 08 0.031000 1 1
1972 11 09 0.031000 1 1
1972 11 10 0.039000 1 1
1972 11 11 0.050000 1 1
1972 11 12 0.063000 1 1
1972 11 13 0.058000 1 1
1972 11 14 0.048000 1 1
1972 11 15 0.043000 1 1
1972 11 16 0.039000 1 1
1972 11 17 0.039000 1 1
1972 11 18 0.039000 1 1
1972 11 19 0.037000 1 1
1972 11 20 0.034000 1 1
1972 11 21 0.033000 1 1
1972 11 22 0.033000 1 1
1972 11 23 0.034000 1 1
1972 11 24 0.033000 1 1
1972 11 25 0.031000 1 1
1972 11 26 0.030000 1 1
1972 11 27 0.030000 1 1
1972 11 28 0.030000 1 1
1972 11 29 0.030000 1 1
1972 11 30 0.030000 1 1
1972 12 01 0.030000 1 1
1972 12 02 0.030000 1 1
1972 12 03 0.028000 1 1
1972 12 04 0.027000 1 1
1972 12 05 0.025000 1 1
1972 12 06 0.024000 1 1
1972 12 07 0.024000 1 1
1972 12 08 0.024000 1 1
1972 12 09 0.041000 1 1
1972 12 10 0.039000 1 1
1972 12 11 0.039000 1 1
1972 12 12 0.052000 1 1
1972 12 13 0.052000 1 1
1972 12 14 0.081000 1 1
1972 12 15 0.305000 1 1
1972 12 16 0.217000 1 1
1972 12 17 0.143000 1 1
1972 12 18 0.104000 1 1
1972 12 19 0.078000 1 1
1972 12 20 0.076000 1 1
1972 12 21 0.101000 1 1
1972 12 22 1.010000 1 1
1972 12 23 0.972000 1 1
1972 12 24 1.470000 1 1
1972 12 25 2.220000 1 1
1972 12 26 0.413000 1 1
1972 12 27 0.232000 1 1
1972 12 28 0.188000 1 1
1972 12 29 0.150000 1 1
1972 12 30 0.107000 1 1
1972 12 31 0.081000 1 1
1973 01 01 0.068000 1 1
1973 01 02 0.056000 1 1
1973 01 03 0.052000 1 1
1973 01 04 0.046000 1 1
1973 01 05 0.043000 1 1
1973 01 06 0.043000 1 1
1973 01 07 0.041000 1 1
1973 01 08 0.039000 1 1
1973 01 09 0.039000 1 1
1973 01 10 0.036000 1 1
1973 01 11 0.034000 1 1
1973 01 12 0.031000 1 1
1973 01 13 0.030000 1 1
1973 01 14 0.030000 1 1
1973 01 15 0.030000 1 1
1973 01 16 0.030000 1 1
1973 01 17 0.030000 1 1
1973 01 18 0.030000 1 1
1973 01 19 0.030000 1 1
1973 01 20 0.034000 1 1
1973 01 21 0.036000 1 1
1973 01 22 0.034000 1 1
1973 01 23 0.033000 1 1
1973 01 24 0.031000 1 1
1973 01 25 0.031000 1 1
1973 01 26 0.031000 1 1
1973 01 27 0.030000 1 1
1973 01 28 0.030000 1 1
1973 01 29 0.031000 1 1
1973 01 30 0.030000 1 1
1973 01 31 0.030000 1 1
1973 02 01 0.030000 1 1
1973 02 02 0.030000 1 1
1973 02 03 0.030000 1 1
1973 02 04 0.031000 1 1
1973 02 05 0.030000 1 1
1973 02 06 0.028000 1 1
1973 02 07 0.019000 1 1
1973 02 08 0.013000 1 1
1973 02 09 0.013000 1 1
1973 02 10 0.013000 1 1
1973 02 11 0.013000 1 1
1973 02 12 0.013000 1 1
1973 02 13 0.013000 1 1
1973 02 14 0.013000 1 1
1973 02 15 0.013000 1 1
1973 02 16 0.013000 1 1
1973 02 17 0.013000 1 1
1973 02 18 0.013000 1 1
1973 02 19 0.013000 1 1
1973 02 20 0.013000 1 1
1973 02 21 0.013000 1 1
1973 02 22 0.013000 1 1
1973 02 23 0.013000 1 1
1973 02 24 0.013000 1 1
1973 02 25 0.013000 1 1
1973 02 26 0.013000 1 1
1973 02 27 0.013000 1 1
1973 02 28 0.013000 1 1
1973 03 01 0.013000 1 1
1973 03 02 0.013000 1 1
1973 03 03 0.013000 1 1
1973 03 04 0.013000 1 1
1973 03 05 0.013000 1 1
1973 03 06 0.013000 1 1
1973 03 07 0.559000 1 1
1973 03 08 0.282000 1 1
1973 03 09 0.128000 1 1
1973 03 10 0.089000 1 1
1973 03 11 0.158000 1 1
1973 03 12 0.232000 1 1
1973 03 13 0.117000 1 1
1973 03 14 0.083000 1 1
1973 03 15 0.073000 1 1
1973 03 16 0.089000 1 1
1973 03 17 0.076000 1 1
1973 03 18 0.061000 1 1
1973 03 19 0.058000 1 1
1973 03 20 0.054000 1 1
1973 03 21 0.046000 1 1
1973 03 22 0.045000 1 1
1973 03 23 0.041000 1 1
1973 03 24 0.039000 1 1
1973 03 25 0.034000 1 1
1973 03 26 0.033000 1 1
1973 03 27 0.036000 1 1
1973 03 28 0.041000 1 1
1973 03 29 0.623000 1 1
1973 03 30 0.212000 1 1
1973 03 31 0.117000 1 1
1973 04 01 0.083000 1 1
1973 04 02 0.071000 1 1
1973 04 03 0.063000 1 1
1973 04 04 0.056000 1 1
1973 04 05 0.048000 1 1
1973 04 06 0.046000 1 1
1973 04 07 0.046000 1 1
1973 04 08 0.048000 1 1
1973 04 09 0.043000 1 1
1973 04 10 0.039000 1 1
1973 04 11 0.039000 1 1
1973 04 12 0.039000 1 1
1973 04 13 0.037000 1 1
1973 04 14 0.037000 1 1
1973 04 15 0.037000 1 1
1973 04 16 0.054000 1 1
1973 04 17 0.048000 1 1
1973 04 18 0.043000 1 1
1973 04 19 0.043000 1 1
1973 04 20 0.043000 1 1
1973 04 21 0.043000 1 1
1973 04 22 0.045000 1 1
1973 04 23 0.058000 1 1
1973 04 24 0.061000 1 1
1973 04 25 0.056000 1 1
1973 04 26 0.052000 1 1
1973 04 27 0.050000 1 1
1973 04 28 0.046000 1 1
1973 04 29 0.043000 1 1
1973 04 30 0.039000 1 1
1973 05 01 0.039000 1 1
1973 05 02 0.039000 1 1
1973 05 03 0.036000 1 1
1973 05 04 0.061000 1 1
1973 05 05 0.577000 1 1
1973 05 06 0.248000 1 1
1973 05 07 0.154000 1 1
1973 05 08 0.107000 1 1
1973 05 09 0.089000 1 1
1973 05 10 0.068000 1 1
1973 05 11 0.056000 1 1
1973 05 12 0.048000 1 1
1973 05 13 0.041000 1 1
1973 05 14 0.039000 1 1
1973 05 15 0.039000 1 1
1973 05 16 0.036000 1 1
1973 05 17 0.036000 1 1
1973 05 18 0.036000 1 1
1973 05 19 0.036000 1 1
1973 05 20 0.037000 1 1
1973 05 21 0.043000 1 1
1973 05 22 0.043000 1 1
1973 05 23 0.043000 1 1
1973 05 24 0.043000 1 1
1973 05 25 0.037000 1 1
1973 05 26 0.037000 1 1
1973 05 27 0.043000 1 1
1973 05 28 0.041000 1 1
1973 05 29 0.039000 1 1
1973 05 30 0.043000 1 1
1973 05 31 0.039000 1 1
1973 06 01 0.039000 1 1
1973 06 02 0.041000 1 1
1973 06 03 0.043000 1 1
1973 06 04 0.043000 1 1
1973 06 05 0.039000 1 1
1973 06 06 0.048000 1 1
1973 06 07 0.043000 1 1
1973 06 08 0.039000 1 1
1973 06 09 0.043000 1 1
1973 06 10 0.048000 1 1
1973 06 11 0.043000 1 1
1973 06 12 0.076000 1 1
1973 06 13 0.056000 1 1
1973 06 14 0.043000 1 1
1973 06 15 0.036000 1 1
1973 06 16 0.030000 1 1
1973 06 17 0.027000 1 1
1973 06 18 0.024000 1 1
1973 06 19 0.024000 1 1
1973 06 20 0.024000 1 1
1973 06 21 0.027000 1 1
1973 06 22 0.027000 1 1
1973 06 23 0.031000 1 1
1973 06 24 0.036000 1 1
1973 06 25 0.036000 1 1
1973 06 26 0.036000 1 1
1973 06 27 0.033000 1 1
1973 06 28 0.031000 1 1
1973 06 29 0.030000 1 1
1973 06 30 0.033000 1 1
1973 07 01 0.036000 1 1
1973 07 02 0.036000 1 1
1973 07 03 0.036000 1 1
1973 07 04 0.033000 1 1
1973 07 05 0.041000 1 1
1973 07 06 0.052000 1 1
1973 07 07 0.056000 1 1
1973 07 08 0.061000 1 1
1973 07 09 0.058000 1 1
1973 07 10 0.066000 1 1
1973 07 11 0.054000 1 1
1973 07 12 0.056000 1 1
1973 07 13 0.068000 1 1
1973 07 14 0.076000 1 1
1973 07 15 0.078000 1 1
1973 07 16 0.071000 1 1
1973 07 17 0.058000 1 1
1973 07 18 0.058000 1 1
1973 07 19 0.056000 1 1
1973 07 20 0.056000 1 1
1973 07 21 0.050000 1 1
1973 07 22 0.050000 1 1
1973 07 23 0.050000 1 1
1973 07 24 0.048000 1 1
1973 07 25 0.043000 1 1
1973 07 26 0.039000 1 1
1973 07 27 0.039000 1 1
1973 07 28 0.036000 1 1
1973 07 29 0.036000 1 1
1973 07 30 0.034000 1 1
1973 07 31 0.031000 1 1
1973 08 01 0.036000 1 1
1973 08 02 0.033000 1 1
1973 08 03 0.034000 1 1
1973 08 04 0.033000 1 1
1973 08 05 0.036000 1 1
1973 08 06 0.036000 1 1
1973 08 07 0.036000 1 1
1973 08 08 0.036000 1 1
1973 08 09 0.036000 1 1
1973 08 10 0.034000 1 1
1973 08 11 0.034000 1 1
1973 08 12 0.036000 1 1
1973 08 13 0.039000 1 1
1973 08 14 0.039000 1 1
1973 08 15 0.039000 1 1
1973 08 16 0.037000 1 1
1973 08 17 0.036000 1 1
1973 08 18 0.034000 1 1
1973 08 19 0.033000 1 1
1973 08 20 0.033000 1 1
1973 08 21 0.031000 1 1
1973 08 22 0.031000 1 1
1973 08 23 0.031000 1 1
1973 08 24 0.031000 1 1
1973 08 25 0.031000 1 1
1973 08 26 0.031000 1 1
1973 08 27 0.033000 1 1
1973 08 28 0.033000 1 1
1973 08 29 0.033000 1 1
1973 08 30 0.031000 1 1
1973 08 31 0.030000 1 1
1973 09 01 0.030000 1 1
1973 09 02 0.030000 1 1
1973 09 03 0.030000 1 1
1973 09 04 0.030000 1 1
1973 09 05 0.030000 1 1
1973 09 06 0.030000 1 1
1973 09 07 0.030000 1 1
1973 09 08 0.031000 1 1
1973 09 09 0.033000 1 1
1973 09 10 0.034000 1 1
1973 09 11 0.034000 1 1
1973 09 12 0.033000 1 1
1973 09 13 0.033000 1 1
1973 09 14 0.033000 1 1
1973 09 15 0.033000 1 1
1973 09 16 0.036000 1 1
1973 09 17 0.039000 1 1
1973 09 18 0.039000 1 1
1973 09 19 0.039000 1 1
1973 09 20 0.039000 1 1
1973 09 21 0.039000 1 1
1973 09 22 0.039000 1 1
1973 09 23 0.039000 1 1
1973 09 24 0.039000 1 1
1973 09 25 0.039000 1 1
1973 09 26 0.039000 1 1
1973 09 27 0.039000 1 1
1973 09 28 0.039000 1 1
1973 09 29 0.039000 1 1
1973 09 30 0.048000 1 1
1973 10 01 0.052000 1 1
1973 10 02 0.050000 1 1
1973 10 03 0.052000 1 1
1973 10 04 0.050000 1 1
1973 10 05 0.050000 1 1
1973 10 06 0.050000 1 1
1973 10 07 0.050000 1 1
1973 10 08 0.048000 1 1
1973 10 09 0.046000 1 1
1973 10 10 0.043000 1 1
1973 10 11 0.043000 1 1
1973 10 12 0.041000 1 1
1973 10 13 0.034000 1 1
1973 10 14 0.030000 1 1
1973 10 15 0.046000 1 1
1973 10 16 0.046000 1 1
1973 10 17 0.046000 1 1
1973 10 18 0.046000 1 1
1973 10 19 0.046000 1 1
1973 10 20 0.202000 1 1
1973 10 21 0.124000 1 1
1973 10 22 1.230000 1 1
1973 10 23 0.384000 1 1
1973 10 24 0.198000 1 1
1973 10 25 0.150000 1 1
1973 10 26 0.146000 1 1
1973 10 27 0.128000 1 1
1973 10 28 0.095000 1 1
1973 10 29 0.083000 1 1
1973 10 30 0.083000 1 1
1973 10 31 0.083000 1 1
1973 11 01 0.086000 1 1
1973 11 02 0.086000 1 1
1973 11 03 0.076000 1 1
1973 11 04 0.459000 1 1
1973 11 05 0.227000 1 1
1973 11 06 0.180000 1 1
1973 11 07 0.163000 1 1
1973 11 08 0.193000 1 1
1973 11 09 0.180000 1 1
1973 11 10 0.107000 1 1
1973 11 11 0.083000 1 1
1973 11 12 0.078000 1 1
1973 11 13 0.050000 1 1
1973 11 14 0.043000 1 1
1973 11 15 0.052000 1 1
1973 11 16 0.541000 1 1
1973 11 17 2.390000 1 1
1973 11 18 0.922000 1 1
1973 11 19 0.331000 1 1
1973 11 20 1.900000 1 1
1973 11 21 2.650000 1 1
1973 11 22 3.620000 1 1
1973 11 23 0.841000 1 1
1973 11 24 0.515000 1 1
1973 11 25 0.681000 1 1
1973 11 26 1.180000 1 1
1973 11 27 0.499000 1 1
1973 11 28 0.363000 1 1
1973 11 29 1.570000 1 1
1973 11 30 1.650000 1 1
1973 12 01 0.922000 1 1
1973 12 02 0.652000 1 1
1973 12 03 0.586000 1 1
1973 12 04 0.363000 1 1
1973 12 05 0.287000 1 1
1973 12 06 0.242000 1 1
1973 12 07 0.227000 1 1
1973 12 08 0.184000 1 1
1973 12 09 0.163000 1 1
1973 12 10 0.146000 1 1
1973 12 11 0.124000 1 1
1973 12 12 0.110000 1 1
1973 12 13 0.124000 1 1
1973 12 14 0.217000 1 1
1973 12 15 0.242000 1 1
1973 12 16 0.212000 1 1
1973 12 17 0.184000 1 1
1973 12 18 0.146000 1 1
1973 12 19 0.124000 1 1
1973 12 20 0.117000 1 1
1973 12 21 0.107000 1 1
1973 12 22 0.101000 1 1
1973 12 23 0.095000 1 1
1973 12 24 0.083000 1 1
1973 12 25 0.083000 1 1
1973 12 26 0.132000 1 1
1973 12 27 0.171000 1 1
1973 12 28 0.135000 1 1
1973 12 29 0.107000 1 1
1973 12 30 0.095000 1 1
1973 12 31 0.089000 1 1
1974 01 01 0.078000 1 1
1974 01 02 0.092000 1 1
1974 01 03 0.113000 1 1
1974 01 04 0.193000 1 1
1974 01 05 0.202000 1 1
1974 01 06 0.163000 1 1
1974 01 07 0.150000 1 1
1974 01 08 0.139000 1 1
1974 01 09 0.107000 1 1
1974 01 10 0.076000 1 1
1974 01 11 0.066000 1 1
1974 01 12 0.058000 1 1
1974 01 13 0.058000 1 1
1974 01 14 0.050000 1 1
1974 01 15 0.043000 1 1
1974 01 16 0.043000 1 1
1974 01 17 0.081000 1 1
1974 01 18 0.318000 1 1
1974 01 19 0.253000 1 1
1974 01 20 0.248000 1 1
1974 01 21 0.985000 1 1
1974 01 22 0.399000 1 1
1974 01 23 0.428000 1 1
1974 01 24 1.690000 1 1
1974 01 25 0.681000 1 1
1974 01 26 0.532000 1 1
1974 01 27 0.420000 1 1
1974 01 28 0.337000 1 1
1974 01 29 0.270000 1 1
1974 01 30 0.222000 1 1
1974 01 31 0.175000 1 1
1974 02 01 0.139000 1 1
1974 02 02 0.550000 1 1
1974 02 03 0.287000 1 1
1974 02 04 0.242000 1 1
1974 02 05 0.998000 1 1
1974 02 06 1.470000 1 1
1974 02 07 0.876000 1 1
1974 02 08 0.467000 1 1
1974 02 09 1.050000 1 1
1974 02 10 0.998000 1 1
1974 02 11 0.652000 1 1
1974 02 12 0.399000 1 1
1974 02 13 0.293000 1 1
1974 02 14 0.265000 1 1
1974 02 15 0.242000 1 1
1974 02 16 0.202000 1 1
1974 02 17 0.146000 1 1
1974 02 18 0.117000 1 1
1974 02 19 0.095000 1 1
1974 02 20 0.083000 1 1
1974 02 21 0.076000 1 1
1974 02 22 0.066000 1 1
1974 02 23 0.058000 1 1
1974 02 24 0.056000 1 1
1974 02 25 0.052000 1 1
1974 02 26 0.048000 1 1
1974 02 27 0.046000 1 1
1974 02 28 0.043000 1 1
1974 03 01 0.041000 1 1
1974 03 02 0.043000 1 1
1974 03 03 0.056000 1 1
1974 03 04 0.068000 1 1
1974 03 05 0.073000 1 1
1974 03 06 0.078000 1 1
1974 03 07 0.076000 1 1
1974 03 08 0.171000 1 1
1974 03 09 0.081000 1 1
1974 03 10 0.058000 1 1
1974 03 11 0.052000 1 1
1974 03 12 0.048000 1 1
1974 03 13 0.054000 1 1
1974 03 14 0.054000 1 1
1974 03 15 0.050000 1 1
1974 03 16 0.048000 1 1
1974 03 17 0.054000 1 1
1974 03 18 0.045000 1 1
1974 03 19 0.043000 1 1
1974 03 20 0.041000 1 1
1974 03 21 0.039000 1 1
1974 03 22 0.039000 1 1
1974 03 23 0.037000 1 1
1974 03 24 0.037000 1 1
1974 03 25 0.037000 1 1
1974 03 26 0.037000 1 1
1974 03 27 0.037000 1 1
1974 03 28 0.036000 1 1
1974 03 29 0.036000 1 1
1974 03 30 0.039000 1 1
1974 03 31 0.043000 1 1
1974 04 01 0.046000 1 1
1974 04 02 0.045000 1 1
1974 04 03 0.039000 1 1
1974 04 04 0.039000 1 1
1974 04 05 0.039000 1 1
1974 04 06 0.037000 1 1
1974 04 07 0.036000 1 1
1974 04 08 0.036000 1 1
1974 04 09 0.034000 1 1
1974 04 10 0.034000 1 1
1974 04 11 0.036000 1 1
1974 04 12 0.036000 1 1
1974 04 13 0.036000 1 1
1974 04 14 0.037000 1 1
1974 04 15 0.036000 1 1
1974 04 16 0.036000 1 1
1974 04 17 0.037000 1 1
1974 04 18 0.092000 1 1
1974 04 19 0.068000 1 1
1974 04 20 0.054000 1 1
1974 04 21 0.039000 1 1
1974 04 22 0.039000 1 1
1974 04 23 0.039000 1 1
1974 04 24 0.036000 1 1
1974 04 25 0.036000 1 1
1974 04 26 0.036000 1 1
1974 04 27 0.034000 1 1
1974 04 28 0.033000 1 1
1974 04 29 0.031000 1 1
1974 04 30 0.031000 1 1
1974 05 01 0.031000 1 1
1974 05 02 0.031000 1 1
1974 05 03 0.031000 1 1
1974 05 04 0.031000 1 1
1974 05 05 0.031000 1 1
1974 05 06 0.033000 1 1
1974 05 07 0.034000 1 1
1974 05 08 0.034000 1 1
1974 05 09 0.033000 1 1
1974 05 10 0.031000 1 1
1974 05 11 0.031000 1 1
1974 05 12 0.033000 1 1
1974 05 13 0.037000 1 1
1974 05 14 0.039000 1 1
1974 05 15 0.039000 1 1
1974 05 16 0.043000 1 1
1974 05 17 0.046000 1 1
1974 05 18 0.073000 1 1
1974 05 19 0.121000 1 1
1974 05 20 0.113000 1 1
1974 05 21 0.071000 1 1
1974 05 22 0.071000 1 1
1974 05 23 0.078000 1 1
1974 05 24 0.078000 1 1
1974 05 25 0.078000 1 1
1974 05 26 0.081000 1 1
1974 05 27 0.076000 1 1
1974 05 28 0.052000 1 1
1974 05 29 0.043000 1 1
1974 05 30 0.041000 1 1
1974 05 31 0.036000 1 1
1974 06 01 0.033000 1 1
1974 06 02 0.033000 1 1
1974 06 03 0.031000 1 1
1974 06 04 0.031000 1 1
1974 06 05 0.031000 1 1
1974 06 06 0.031000 1 1
1974 06 07 0.031000 1 1
1974 06 08 0.033000 1 1
1974 06 09 0.033000 1 1
1974 06 10 0.033000 1 1
1974 06 11 0.033000 1 1
1974 06 12 0.092000 1 1
1974 06 13 0.754000 1 1
1974 06 14 0.299000 1 1
1974 06 15 0.146000 1 1
1974 06 16 0.095000 1 1
1974 06 17 0.083000 1 1
1974 06 18 0.066000 1 1
1974 06 19 0.061000 1 1
1974 06 20 0.058000 1 1
1974 06 21 0.054000 1 1
1974 06 22 0.050000 1 1
1974 06 23 0.046000 1 1
1974 06 24 0.036000 1 1
1974 06 25 0.036000 1 1
1974 06 26 0.036000 1 1
1974 06 27 0.036000 1 1
1974 06 28 0.033000 1 1
1974 06 29 0.031000 1 1
1974 06 30 0.030000 1 1
1974 07 01 0.030000 1 1
1974 07 02 0.031000 1 1
1974 07 03 0.033000 1 1
1974 07 04 0.036000 1 1
1974 07 05 0.037000 1 1
1974 07 06 0.071000 1 1
1974 07 07 0.107000 1 1
1974 07 08 0.282000 1 1
1974 07 09 0.399000 1 1
1974 07 10 0.232000 1 1
1974 07 11 0.128000 1 1
1974 07 12 0.124000 1 1
1974 07 13 0.154000 1 1
1974 07 14 0.089000 1 1
1974 07 15 0.076000 1 1
1974 07 16 0.056000 1 1
1974 07 17 0.048000 1 1
1974 07 18 0.045000 1 1
1974 07 19 0.039000 1 1
1974 07 20 0.036000 1 1
1974 07 21 0.033000 1 1
1974 07 22 0.033000 1 1
1974 07 23 0.033000 1 1
1974 07 24 0.033000 1 1
1974 07 25 0.037000 1 1
1974 07 26 0.041000 1 1
1974 07 27 0.039000 1 1
1974 07 28 0.039000 1 1
1974 07 29 0.039000 1 1
1974 07 30 0.036000 1 1
1974 07 31 0.033000 1 1
1974 08 01 0.033000 1 1
1974 08 02 0.033000 1 1
1974 08 03 0.031000 1 1
1974 08 04 0.028000 1 1
1974 08 05 0.027000 1 1
1974 08 06 0.027000 1 1
1974 08 07 0.027000 1 1
1974 08 08 0.027000 1 1
1974 08 09 0.027000 1 1
1974 08 10 0.025000 1 1
1974 08 11 0.024000 1 1
1974 08 12 0.024000 1 1
1974 08 13 0.024000 1 1
1974 08 14 0.024000 1 1
1974 08 15 0.024000 1 1
1974 08 16 0.028000 1 1
1974 08 17 0.121000 1 1
1974 08 18 0.237000 1 1
1974 08 19 0.104000 1 1
1974 08 20 0.073000 1 1
1974 08 21 0.041000 1 1
1974 08 22 0.039000 1 1
1974 08 23 0.037000 1 1
1974 08 24 0.033000 1 1
1974 08 25 0.031000 1 1
1974 08 26 0.031000 1 1
1974 08 27 0.041000 1 1
1974 08 28 0.071000 1 1
1974 08 29 0.063000 1 1
1974 08 30 0.045000 1 1
1974 08 31 0.039000 1 1
1974 09 01 0.037000 1 1
1974 09 02 0.034000 1 1
1974 09 03 0.027000 1 1
1974 09 04 0.024000 1 1
1974 09 05 0.024000 1 1
1974 09 06 0.024000 1 1
1974 09 07 0.024000 1 1
1974 09 08 0.024000 1 1
1974 09 09 0.023000 1 1
1974 09 10 0.023000 1 1
1974 09 11 0.023000 1 1
1974 09 12 0.022000 1 1
1974 09 13 0.022000 1 1
1974 09 14 0.022000 1 1
1974 09 15 0.022000 1 1
1974 09 16 0.022000 1 1
1974 09 17 0.022000 1 1
1974 09 18 0.022000 1 1
1974 09 19 0.023000 1 1
1974 09 20 0.024000 1 1
1974 09 21 0.024000 1 1
1974 09 22 0.024000 1 1
1974 09 23 0.024000 1 1
1974 09 24 0.027000 1 1
1974 09 25 0.033000 1 1
1974 09 26 0.036000 1 1
1974 09 27 0.036000 1 1
1974 09 28 0.031000 1 1
1974 09 29 0.031000 1 1
1974 09 30 0.025000 1 1
1974 10 01 0.024000 1 1
1974 10 02 0.024000 1 1
1974 10 03 0.024000 1 1
1974 10 04 0.024000 1 1
1974 10 05 0.023000 1 1
1974 10 06 0.022000 1 1
1974 10 07 0.022000 1 1
1974 10 08 0.022000 1 1
1974 10 09 0.022000 1 1
1974 10 10 0.022000 1 1
1974 10 11 0.022000 1 1
1974 10 12 0.022000 1 1
1974 10 13 0.022000 1 1
1974 10 14 0.022000 1 1
1974 10 15 0.022000 1 1
1974 10 16 0.022000 1 1
1974 10 17 0.022000 1 1
1974 10 18 0.022000 1 1
1974 10 19 0.022000 1 1
1974 10 20 0.022000 1 1
1974 10 21 0.020000 1 1
1974 10 22 0.019000 1 1
1974 10 23 0.019000 1 1
1974 10 24 0.019000 1 1
1974 10 25 0.019000 1 1
1974 10 26 0.019000 1 1
1974 10 27 0.019000 1 1
1974 10 28 0.019000 1 1
1974 10 29 0.019000 1 1
1974 10 30 0.019000 1 1
1974 10 31 0.018000 1 1
1974 11 01 0.019000 1 1
1974 11 02 0.019000 1 1
1974 11 03 0.019000 1 1
1974 11 04 0.022000 1 1
1974 11 05 0.024000 1 1
1974 11 06 0.024000 1 1
1974 11 07 0.027000 1 1
1974 11 08 0.028000 1 1
1974 11 09 0.034000 1 1
1974 11 10 0.046000 1 1
1974 11 11 0.050000 1 1
1974 11 12 0.050000 1 1
1974 11 13 0.050000 1 1
1974 11 14 0.050000 1 1
1974 11 15 0.052000 1 1
1974 11 16 0.061000 1 1
1974 11 17 0.167000 1 1
1974 11 18 0.143000 1 1
1974 11 19 0.104000 1 1
1974 11 20 0.063000 1 1
1974 11 21 0.071000 1 1
1974 11 22 0.054000 1 1
1974 11 23 0.034000 1 1
1974 11 24 0.028000 1 1
1974 11 25 0.024000 1 1
1974 11 26 0.024000 1 1
1974 11 27 0.024000 1 1
1974 11 28 0.024000 1 1
1974 11 29 0.024000 1 1
1974 11 30 0.024000 1 1
1974 12 01 0.024000 1 1
1974 12 02 0.024000 1 1
1974 12 03 0.023000 1 1
1974 12 04 0.022000 1 1
1974 12 05 0.022000 1 1
1974 12 06 0.022000 1 1
1974 12 07 0.022000 1 1
1974 12 08 0.392000 1 1
1974 12 09 1.880000 1 1
1974 12 10 0.499000 1 1
1974 12 11 0.265000 1 1
1974 12 12 0.568000 1 1
1974 12 13 0.217000 1 1
1974 12 14 0.150000 1 1
1974 12 15 0.110000 1 1
1974 12 16 0.083000 1 1
1974 12 17 0.048000 1 1
1974 12 18 0.039000 1 1
1974 12 19 0.036000 1 1
1974 12 20 0.034000 1 1
1974 12 21 0.028000 1 1
1974 12 22 0.024000 1 1
1974 12 23 0.024000 1 1
1974 12 24 0.024000 1 1
1974 12 25 0.024000 1 1
1974 12 26 0.024000 1 1
1974 12 27 0.023000 1 1
1974 12 28 0.022000 1 1
1974 12 29 0.019000 1 1
1974 12 30 0.019000 1 1
1974 12 31 0.019000 1 1
1975 01 01 0.018000 1 1
1975 01 02 0.018000 1 1
1975 01 03 0.018000 1 1
1975 01 04 0.312000 1 1
1975 01 05 0.061000 1 1
1975 01 06 0.033000 1 1
1975 01 07 0.024000 1 1
1975 01 08 0.024000 1 1
1975 01 09 0.022000 1 1
1975 01 10 0.022000 1 1
1975 01 11 0.022000 1 1
1975 01 12 0.019000 1 1
1975 01 13 0.018000 1 1
1975 01 14 0.017000 1 1
1975 01 15 0.024000 1 1
1975 01 16 0.022000 1 1
1975 01 17 0.017000 1 1
1975 01 18 0.017000 1 1
1975 01 19 0.017000 1 1
1975 01 20 0.017000 1 1
1975 01 21 0.017000 1 1
1975 01 22 0.017000 1 1
1975 01 23 0.028000 1 1
1975 01 24 0.046000 1 1
1975 01 25 0.076000 1 1
1975 01 26 0.052000 1 1
1975 01 27 0.045000 1 1
1975 01 28 0.037000 1 1
1975 01 29 0.030000 1 1
1975 01 30 0.023000 1 1
1975 01 31 0.022000 1 1
1975 02 01 0.018000 1 1
1975 02 02 0.018000 1 1
1975 02 03 0.019000 1 1
1975 02 04 0.024000 1 1
1975 02 05 0.033000 1 1
1975 02 06 0.025000 1 1
1975 02 07 0.022000 1 1
1975 02 08 0.019000 1 1
1975 02 09 0.019000 1 1
1975 02 10 0.019000 1 1
1975 02 11 0.020000 1 1
1975 02 12 0.019000 1 1
1975 02 13 0.024000 1 1
1975 02 14 0.022000 1 1
1975 02 15 0.020000 1 1
1975 02 16 0.018000 1 1
1975 02 17 0.015000 1 1
1975 02 18 0.015000 1 1
1975 02 19 0.015000 1 1
1975 02 20 0.015000 1 1
1975 02 21 0.015000 1 1
1975 02 22 0.015000 1 1
1975 02 23 0.015000 1 1
1975 02 24 0.015000 1 1
1975 02 25 0.015000 1 1
1975 02 26 0.015000 1 1
1975 02 27 0.015000 1 1
1975 02 28 0.015000 1 1
1975 03 01 0.017000 1 1
1975 03 02 0.017000 1 1
1975 03 03 0.018000 1 1
1975 03 04 0.023000 1 1
1975 03 05 0.025000 1 1
1975 03 06 0.024000 1 1
1975 03 07 0.027000 1 1
1975 03 08 0.034000 1 1
1975 03 09 0.031000 1 1
1975 03 10 0.031000 1 1
1975 03 11 0.033000 1 1
1975 03 12 0.033000 1 1
1975 03 13 0.031000 1 1
1975 03 14 0.028000 1 1
1975 03 15 0.024000 1 1
1975 03 16 0.022000 1 1
1975 03 17 0.022000 1 1
1975 03 18 0.022000 1 1
1975 03 19 0.022000 1 1
1975 03 20 0.020000 1 1
1975 03 21 0.020000 1 1
1975 03 22 0.018000 1 1
1975 03 23 0.017000 1 1
1975 03 24 0.017000 1 1
1975 03 25 0.017000 1 1
1975 03 26 0.483000 1 1
1975 03 27 0.370000 1 1
1975 03 28 0.135000 1 1
1975 03 29 0.076000 1 1
1975 03 30 0.066000 1 1
1975 03 31 0.202000 1 1
1975 04 01 0.150000 1 1
1975 04 02 0.095000 1 1
1975 04 03 0.066000 1 1
1975 04 04 0.056000 1 1
1975 04 05 0.865000 1 1
1975 04 06 0.515000 1 1
1975 04 07 0.350000 1 1
1975 04 08 0.202000 1 1
1975 04 09 0.107000 1 1
1975 04 10 0.068000 1 1
1975 04 11 0.046000 1 1
1975 04 12 0.046000 1 1
1975 04 13 0.841000 1 1
1975 04 14 3.510000 1 1
1975 04 15 0.722000 1 1
1975 04 16 0.344000 1 1
1975 04 17 2.220000 1 1
1975 04 18 0.451000 1 1
1975 04 19 0.299000 1 1
1975 04 20 0.217000 1 1
1975 04 21 0.384000 1 1
1975 04 22 0.222000 1 1
1975 04 23 0.188000 1 1
1975 04 24 0.150000 1 1
1975 04 25 0.121000 1 1
1975 04 26 0.089000 1 1
1975 04 27 0.066000 1 1
1975 04 28 0.054000 1 1
1975 04 29 0.043000 1 1
1975 04 30 0.039000 1 1
1975 05 01 0.039000 1 1
1975 05 02 0.039000 1 1
1975 05 03 0.031000 1 1
1975 05 04 0.036000 1 1
1975 05 05 0.036000 1 1
1975 05 06 0.034000 1 1
1975 05 07 0.034000 1 1
1975 05 08 0.033000 1 1
1975 05 09 0.033000 1 1
1975 05 10 0.033000 1 1
1975 05 11 0.031000 1 1
1975 05 12 0.030000 1 1
1975 05 13 0.028000 1 1
1975 05 14 0.027000 1 1
1975 05 15 0.034000 1 1
1975 05 16 0.041000 1 1
1975 05 17 0.037000 1 1
1975 05 18 0.034000 1 1
1975 05 19 0.033000 1 1
1975 05 20 0.031000 1 1
1975 05 21 0.028000 1 1
1975 05 22 0.027000 1 1
1975 05 23 0.027000 1 1
1975 05 24 0.024000 1 1
1975 05 25 0.024000 1 1
1975 05 26 0.024000 1 1
1975 05 27 0.024000 1 1
1975 05 28 0.024000 1 1
1975 05 29 0.024000 1 1
1975 05 30 0.023000 1 1
1975 05 31 0.023000 1 1
1975 06 01 0.023000 1 1
1975 06 02 0.023000 1 1
1975 06 03 0.023000 1 1
1975 06 04 0.023000 1 1
1975 06 05 0.022000 1 1
1975 06 06 0.022000 1 1
1975 06 07 0.022000 1 1
1975 06 08 0.022000 1 1
1975 06 09 0.020000 1 1
1975 06 10 0.020000 1 1
1975 06 11 0.020000 1 1
1975 06 12 0.020000 1 1
1975 06 13 0.020000 1 1
1975 06 14 0.020000 1 1
1975 06 15 0.020000 1 1
1975 06 16 0.020000 1 1
1975 06 17 0.020000 1 1
1975 06 18 0.020000 1 1
1975 06 19 0.020000 1 1
1975 06 20 0.020000 1 1
1975 06 21 0.023000 1 1
1975 06 22 0.025000 1 1
1975 06 23 0.030000 1 1
1975 06 24 0.028000 1 1
1975 06 25 0.028000 1 1
1975 06 26 0.030000 1 1
1975 06 27 0.030000 1 1
1975 06 28 0.030000 1 1
1975 06 29 0.030000 1 1
1975 06 30 0.030000 1 1
1975 07 01 0.028000 1 1
1975 07 02 0.028000 1 1
1975 07 03 0.027000 1 1
1975 07 04 0.024000 1 1
1975 07 05 0.023000 1 1
1975 07 06 0.022000 1 1
1975 07 07 0.039000 1 1
1975 07 08 0.045000 1 1
1975 07 09 0.039000 1 1
1975 07 10 0.037000 1 1
1975 07 11 0.030000 1 1
1975 07 12 0.030000 1 1
1975 07 13 0.031000 1 1
1975 07 14 0.030000 1 1
1975 07 15 0.037000 1 1
1975 07 16 0.031000 1 1
1975 07 17 0.028000 1 1
1975 07 18 0.027000 1 1
1975 07 19 0.034000 1 1
1975 07 20 0.043000 1 1
1975 07 21 0.058000 1 1
1975 07 22 0.039000 1 1
1975 07 23 0.037000 1 1
1975 07 24 0.031000 1 1
1975 07 25 0.030000 1 1
1975 07 26 0.030000 1 1
1975 07 27 0.030000 1 1
1975 07 28 0.028000 1 1
1975 07 29 0.027000 1 1
1975 07 30 0.024000 1 1
1975 07 31 0.024000 1 1
1975 08 01 0.024000 1 1
1975 08 02 0.024000 1 1
1975 08 03 0.025000 1 1
1975 08 04 0.033000 1 1
1975 08 05 0.073000 1 1
1975 08 06 0.056000 1 1
1975 08 07 0.052000 1 1
1975 08 08 0.036000 1 1
1975 08 09 0.030000 1 1
1975 08 10 0.050000 1 1
1975 08 11 0.056000 1 1
1975 08 12 0.139000 1 1
1975 08 13 0.110000 1 1
1975 08 14 0.078000 1 1
1975 08 15 0.048000 1 1
1975 08 16 0.037000 1 1
1975 08 17 0.034000 1 1
1975 08 18 0.033000 1 1
1975 08 19 0.033000 1 1
1975 08 20 0.028000 1 1
1975 08 21 0.028000 1 1
1975 08 22 0.027000 1 1
1975 08 23 0.027000 1 1
1975 08 24 0.036000 1 1
1975 08 25 0.078000 1 1
1975 08 26 0.046000 1 1
1975 08 27 0.031000 1 1
1975 08 28 0.027000 1 1
1975 08 29 0.027000 1 1
1975 08 30 0.027000 1 1
1975 08 31 0.027000 1 1
1975 09 01 0.025000 1 1
1975 09 02 0.024000 1 1
1975 09 03 0.024000 1 1
1975 09 04 0.024000 1 1
1975 09 05 0.024000 1 1
1975 09 06 0.135000 1 1
1975 09 07 0.101000 1 1
1975 09 08 0.058000 1 1
1975 09 09 0.052000 1 1
1975 09 10 0.043000 1 1
1975 09 11 0.034000 1 1
1975 09 12 0.054000 1 1
1975 09 13 0.058000 1 1
1975 09 14 0.050000 1 1
1975 09 15 0.045000 1 1
1975 09 16 0.037000 1 1
1975 09 17 0.031000 1 1
1975 09 18 0.030000 1 1
1975 09 19 0.024000 1 1
1975 09 20 0.024000 1 1
1975 09 21 0.024000 1 1
1975 09 22 0.024000 1 1
1975 09 23 0.024000 1 1
1975 09 24 0.024000 1 1
1975 09 25 0.023000 1 1
1975 09 26 0.023000 1 1
1975 09 27 0.023000 1 1
1975 09 28 0.023000 1 1
1975 09 29 0.023000 1 1
1975 09 30 0.023000 1 1
1975 10 01 0.023000 1 1
1975 10 02 0.023000 1 1
1975 10 03 0.020000 1 1
1975 10 04 0.018000 1 1
1975 10 05 0.017000 1 1
1975 10 06 0.017000 1 1
1975 10 07 0.017000 1 1
1975 10 08 0.017000 1 1
1975 10 09 0.017000 1 1
1975 10 10 0.017000 1 1
1975 10 11 0.020000 1 1
1975 10 12 0.063000 1 1
1975 10 13 0.033000 1 1
1975 10 14 2.430000 1 1
1975 10 15 0.550000 1 1
1975 10 16 0.287000 1 1
1975 10 17 0.188000 1 1
1975 10 18 0.113000 1 1
1975 10 19 0.063000 1 1
1975 10 20 0.058000 1 1
1975 10 21 0.058000 1 1
1975 10 22 0.054000 1 1
1975 10 23 0.054000 1 1
1975 10 24 0.050000 1 1
1975 10 25 0.052000 1 1
1975 10 26 0.054000 1 1
1975 10 27 0.363000 1 1
1975 10 28 3.240000 1 1
1975 10 29 1.700000 1 1
1975 10 30 0.662000 1 1
1975 10 31 0.459000 1 1
1975 11 01 0.671000 1 1
1975 11 02 0.331000 1 1
1975 11 03 0.248000 1 1
1975 11 04 1.010000 1 1
1975 11 05 1.060000 1 1
1975 11 06 0.420000 1 1
1975 11 07 0.222000 1 1
1975 11 08 0.146000 1 1
1975 11 09 0.089000 1 1
1975 11 10 0.066000 1 1
1975 11 11 0.054000 1 1
1975 11 12 0.050000 1 1
1975 11 13 0.048000 1 1
1975 11 14 0.259000 1 1
1975 11 15 2.840000 1 1
1975 11 16 1.580000 1 1
1975 11 17 3.700000 1 1
1975 11 18 0.764000 1 1
1975 11 19 0.568000 1 1
1975 11 20 0.356000 1 1
1975 11 21 0.377000 1 1
1975 11 22 1.580000 1 1
1975 11 23 0.384000 1 1
1975 11 24 0.212000 1 1
1975 11 25 0.143000 1 1
1975 11 26 0.113000 1 1
1975 11 27 0.086000 1 1
1975 11 28 0.071000 1 1
1975 11 29 0.056000 1 1
1975 11 30 0.046000 1 1
1975 12 01 0.039000 1 1
1975 12 02 0.039000 1 1
1975 12 03 0.048000 1 1
1975 12 04 0.058000 1 1
1975 12 05 0.058000 1 1
1975 12 06 0.143000 1 1
1975 12 07 0.363000 1 1
1975 12 08 0.135000 1 1
1975 12 09 0.124000 1 1
1975 12 10 0.113000 1 1
1975 12 11 0.089000 1 1
1975 12 12 0.078000 1 1
1975 12 13 0.073000 1 1
1975 12 14 0.068000 1 1
1975 12 15 1.090000 1 1
1975 12 16 2.220000 1 1
1975 12 17 0.594000 1 1
1975 12 18 0.324000 1 1
1975 12 19 0.202000 1 1
1975 12 20 0.143000 1 1
1975 12 21 0.972000 1 1
1975 12 22 0.248000 1 1
1975 12 23 0.188000 1 1
1975 12 24 0.135000 1 1
1975 12 25 0.078000 1 1
1975 12 26 0.056000 1 1
1975 12 27 0.046000 1 1
1975 12 28 0.043000 1 1
1975 12 29 0.045000 1 1
1975 12 30 0.110000 1 1
1975 12 31 0.061000 1 1
1976 01 01 0.066000 1 1
1976 01 02 0.150000 1 1
1976 01 03 0.143000 1 1
1976 01 04 0.098000 1 1
1976 01 05 0.063000 1 1
1976 01 06 0.052000 1 1
1976 01 07 0.041000 1 1
1976 01 08 0.034000 1 1
1976 01 09 0.030000 1 1
1976 01 10 0.030000 1 1
1976 01 11 0.030000 1 1
1976 01 12 0.028000 1 1
1976 01 13 0.025000 1 1
1976 01 14 0.024000 1 1
1976 01 15 0.024000 1 1
1976 01 16 0.024000 1 1
1976 01 17 0.023000 1 1
1976 01 18 0.022000 1 1
1976 01 19 0.019000 1 1
1976 01 20 0.019000 1 1
1976 01 21 0.019000 1 1
1976 01 22 0.019000 1 1
1976 01 23 0.019000 1 1
1976 01 24 0.019000 1 1
1976 01 25 0.019000 1 1
1976 01 26 0.019000 1 1
1976 01 27 0.019000 1 1
1976 01 28 0.018000 1 1
1976 01 29 0.018000 1 1
1976 01 30 0.018000 1 1
1976 01 31 0.018000 1 1
1976 02 01 0.018000 1 1
1976 02 02 0.018000 1 1
1976 02 03 0.017000 1 1
1976 02 04 0.017000 1 1
1976 02 05 0.017000 1 1
1976 02 06 0.018000 1 1
1976 02 07 0.019000 1 1
1976 02 08 0.018000 1 1
1976 02 09 0.018000 1 1
1976 02 10 0.017000 1 1
1976 02 11 0.023000 1 1
1976 02 12 0.028000 1 1
1976 02 13 0.022000 1 1
1976 02 14 0.022000 1 1
1976 02 15 0.022000 1 1
1976 02 16 0.020000 1 1
1976 02 17 0.020000 1 1
1976 02 18 0.019000 1 1
1976 02 19 0.019000 1 1
1976 02 20 0.019000 1 1
1976 02 21 0.019000 1 1
1976 02 22 0.019000 1 1
1976 02 23 0.020000 1 1
1976 02 24 0.019000 1 1
1976 02 25 0.019000 1 1
1976 02 26 0.018000 1 1
1976 02 27 0.018000 1 1
1976 02 28 0.018000 1 1
1976 02 29 0.018000 1 1
1976 03 01 0.019000 1 1
1976 03 02 0.019000 1 1
1976 03 03 0.020000 1 1
1976 03 04 0.022000 1 1
1976 03 05 0.019000 1 1
1976 03 06 0.019000 1 1
1976 03 07 0.023000 1 1
1976 03 08 0.024000 1 1
1976 03 09 0.024000 1 1
1976 03 10 0.024000 1 1
1976 03 11 0.024000 1 1
1976 03 12 0.022000 1 1
1976 03 13 0.022000 1 1
1976 03 14 0.022000 1 1
1976 03 15 0.022000 1 1
1976 03 16 0.020000 1 1
1976 03 17 0.020000 1 1
1976 03 18 0.019000 1 1
1976 03 19 0.019000 1 1
1976 03 20 0.018000 1 1
1976 03 21 0.017000 1 1
1976 03 22 0.017000 1 1
1976 03 23 0.017000 1 1
1976 03 24 0.017000 1 1
1976 03 25 0.015000 1 1
1976 03 26 0.015000 1 1
1976 03 27 0.015000 1 1
1976 03 28 0.015000 1 1
1976 03 29 0.015000 1 1
1976 03 30 0.015000 1 1
1976 03 31 0.015000 1 1
1976 04 01 0.015000 1 1
1976 04 02 0.015000 1 1
1976 04 03 0.015000 1 1
1976 04 04 0.016000 1 1
1976 04 05 0.019000 1 1
1976 04 06 0.019000 1 1
1976 04 07 0.024000 1 1
1976 04 08 0.022000 1 1
1976 04 09 0.020000 1 1
1976 04 10 0.019000 1 1
1976 04 11 0.019000 1 1
1976 04 12 0.019000 1 1
1976 04 13 0.018000 1 1
1976 04 14 0.015000 1 1
1976 04 15 0.013000 1 1
1976 04 16 0.013000 1 1
1976 04 17 0.015000 1 1
1976 04 18 0.019000 1 1
1976 04 19 0.017000 1 1
1976 04 20 0.017000 1 1
1976 04 21 0.015000 1 1
1976 04 22 0.014000 1 1
1976 04 23 0.013000 1 1
1976 04 24 0.013000 1 1
1976 04 25 0.013000 1 1
1976 04 26 0.013000 1 1
1976 04 27 0.013000 1 1
1976 04 28 0.013000 1 1
1976 04 29 0.013000 1 1
1976 04 30 0.013000 1 1
1976 05 01 0.031000 1 1
1976 05 02 0.033000 1 1
1976 05 03 0.024000 1 1
1976 05 04 0.023000 1 1
1976 05 05 0.022000 1 1
1976 05 06 0.018000 1 1
1976 05 07 0.017000 1 1
1976 05 08 0.015000 1 1
1976 05 09 0.015000 1 1
1976 05 10 0.014000 1 1
1976 05 11 0.013000 1 1
1976 05 12 0.013000 1 1
1976 05 13 0.013000 1 1
1976 05 14 0.013000 1 1
1976 05 15 0.013000 1 1
1976 05 16 0.013000 1 1
1976 05 17 0.013000 1 1
1976 05 18 0.013000 1 1
1976 05 19 0.013000 1 1
1976 05 20 0.013000 1 1
1976 05 21 0.013000 1 1
1976 05 22 0.013000 1 1
1976 05 23 0.020000 1 1
1976 05 24 0.022000 1 1
1976 05 25 0.024000 1 1
1976 05 26 0.020000 1 1
1976 05 27 0.019000 1 1
1976 05 28 0.018000 1 1
1976 05 29 0.018000 1 1
1976 05 30 0.015000 1 1
1976 05 31 0.015000 1 1
1976 06 01 0.015000 1 1
1976 06 02 0.016000 1 1
1976 06 03 0.017000 1 1
1976 06 04 0.019000 1 1
1976 06 05 0.020000 1 1
1976 06 06 0.027000 1 1
1976 06 07 0.031000 1 1
1976 06 08 0.027000 1 1
1976 06 09 0.024000 1 1
1976 06 10 0.022000 1 1
1976 06 11 0.019000 1 1
1976 06 12 0.018000 1 1
1976 06 13 0.017000 1 1
1976 06 14 0.017000 1 1
1976 06 15 0.016000 1 1
1976 06 16 0.016000 1 1
1976 06 17 0.013000 1 1
1976 06 18 0.013000 1 1
1976 06 19 0.013000 1 1
1976 06 20 0.013000 1 1
1976 06 21 0.013000 1 1
1976 06 22 0.013000 1 1
1976 06 23 0.013000 1 1
1976 06 24 0.013000 1 1
1976 06 25 0.013000 1 1
1976 06 26 0.013000 1 1
1976 06 27 0.013000 1 1
1976 06 28 0.013000 1 1
1976 06 29 0.013000 1 1
1976 06 30 0.013000 1 1
1976 07 01 0.013000 1 1
1976 07 02 0.016000 1 1
1976 07 03 0.019000 1 1
1976 07 04 0.024000 1 1
1976 07 05 0.025000 1 1
1976 07 06 0.024000 1 1
1976 07 07 0.023000 1 1
1976 07 08 0.022000 1 1
1976 07 09 0.022000 1 1
1976 07 10 0.019000 1 1
1976 07 11 0.017000 1 1
1976 07 12 0.020000 1 1
1976 07 13 0.016000 1 1
1976 07 14 0.014000 1 1
1976 07 15 0.013000 1 1
1976 07 16 0.013000 1 1
1976 07 17 0.013000 1 1
1976 07 18 0.017000 1 1
1976 07 19 0.015000 1 1
1976 07 20 0.023000 1 1
1976 07 21 0.041000 1 1
1976 07 22 0.163000 1 1
1976 07 23 0.121000 1 1
1976 07 24 0.068000 1 1
1976 07 25 0.063000 1 1
1976 07 26 0.073000 1 1
1976 07 27 0.052000 1 1
1976 07 28 0.050000 1 1
1976 07 29 0.050000 1 1
1976 07 30 0.037000 1 1
1976 07 31 0.033000 1 1
1976 08 01 0.030000 1 1
1976 08 02 0.028000 1 1
1976 08 03 0.027000 1 1
1976 08 04 0.027000 1 1
1976 08 05 0.025000 1 1
1976 08 06 0.024000 1 1
1976 08 07 0.023000 1 1
1976 08 08 0.022000 1 1
1976 08 09 0.022000 1 1
1976 08 10 0.022000 1 1
1976 08 11 0.020000 1 1
1976 08 12 0.019000 1 1
1976 08 13 0.019000 1 1
1976 08 14 0.017000 1 1
1976 08 15 0.017000 1 1
1976 08 16 0.017000 1 1
1976 08 17 0.016000 1 1
1976 08 18 0.015000 1 1
1976 08 19 0.015000 1 1
1976 08 20 0.015000 1 1
1976 08 21 0.015000 1 1
1976 08 22 0.015000 1 1
1976 08 23 0.015000 1 1
1976 08 24 0.015000 1 1
1976 08 25 0.015000 1 1
1976 08 26 0.015000 1 1
1976 08 27 0.015000 1 1
1976 08 28 0.015000 1 1
1976 08 29 0.017000 1 1
1976 08 30 0.015000 1 1
1976 08 31 0.015000 1 1
1976 09 01 0.015000 1 1
1976 09 02 0.014000 1 1
1976 09 03 0.013000 1 1
1976 09 04 0.013000 1 1
1976 09 05 0.013000 1 1
1976 09 06 0.013000 1 1
1976 09 07 0.013000 1 1
1976 09 08 0.013000 1 1
1976 09 09 0.013000 1 1
1976 09 10 0.013000 1 1
1976 09 11 0.013000 1 1
1976 09 12 0.013000 1 1
1976 09 13 0.013000 1 1
1976 09 14 0.013000 1 1
1976 09 15 0.013000 1 1
1976 09 16 0.013000 1 1
1976 09 17 0.013000 1 1
1976 09 18 0.013000 1 1
1976 09 19 0.013000 1 1
1976 09 20 0.013000 1 1
1976 09 21 0.013000 1 1
1976 09 22 0.013000 1 1
1976 09 23 0.013000 1 1
1976 09 24 0.013000 1 1
1976 09 25 0.013000 1 1
1976 09 26 0.013000 1 1
1976 09 27 0.013000 1 1
1976 09 28 0.013000 1 1
1976 09 29 0.013000 1 1
1976 09 30 0.013000 1 1
1976 10 01 0.013000 1 1
1976 10 02 0.013000 1 1
1976 10 03 0.013000 1 1
1976 10 04 0.016000 1 1
1976 10 05 0.017000 1 1
1976 10 06 0.016000 1 1
1976 10 07 0.015000 1 1
1976 10 08 0.016000 1 1
1976 10 09 0.028000 1 1
1976 10 10 0.036000 1 1
1976 10 11 0.101000 1 1
1976 10 12 0.363000 1 1
1976 10 13 0.586000 1 1
1976 10 14 0.175000 1 1
1976 10 15 0.293000 1 1
1976 10 16 0.117000 1 1
1976 10 17 0.058000 1 1
1976 10 18 0.037000 1 1
1976 10 19 0.028000 1 1
1976 10 20 0.027000 1 1
1976 10 21 0.024000 1 1
1976 10 22 0.024000 1 1
1976 10 23 0.027000 1 1
1976 10 24 0.024000 1 1
1976 10 25 0.024000 1 1
1976 10 26 0.022000 1 1
1976 10 27 0.020000 1 1
1976 10 28 0.016000 1 1
1976 10 29 0.013000 1 1
1976 10 30 0.013000 1 1
1976 10 31 0.013000 1 1
1976 11 01 0.013000 1 1
1976 11 02 0.013000 1 1
1976 11 03 0.124000 1 1
1976 11 04 0.132000 1 1
1976 11 05 0.061000 1 1
1976 11 06 0.045000 1 1
1976 11 07 0.253000 1 1
1976 11 08 0.163000 1 1
1976 11 09 0.222000 1 1
1976 11 10 0.577000 1 1
1976 11 11 0.384000 1 1
1976 11 12 0.960000 1 1
1976 11 13 1.720000 1 1
1976 11 14 1.260000 1 1
1976 11 15 3.560000 1 1
1976 11 16 1.050000 1 1
1976 11 17 0.467000 1 1
1976 11 18 0.248000 1 1
1976 11 19 0.150000 1 1
1976 11 20 0.092000 1 1
1976 11 21 0.076000 1 1
1976 11 22 0.063000 1 1
1976 11 23 0.061000 1 1
1976 11 24 0.046000 1 1
1976 11 25 0.041000 1 1
1976 11 26 0.036000 1 1
1976 11 27 0.033000 1 1
1976 11 28 0.033000 1 1
1976 11 29 1.100000 1 1
1976 11 30 1.010000 1 1
1976 12 01 1.010000 1 1
1976 12 02 0.532000 1 1
1976 12 03 nan nan 0
1976 12 04 nan nan 0
1976 12 05 nan nan 0
1976 12 06 nan nan 0
1976 12 07 nan nan 0
1976 12 08 nan nan 0
1976 12 09 nan nan 0
1976 12 10 nan nan 0
1976 12 11 nan nan 0
1976 12 12 nan nan 0
1976 12 13 nan nan 0
1976 12 14 nan nan 0
1976 12 15 nan nan 0
1976 12 16 nan nan 0
1976 12 17 nan nan 0
1976 12 18 0.014000 1 1
1976 12 19 0.014000 1 1
1976 12 20 0.013000 1 1
1976 12 21 0.013000 1 1
1976 12 22 0.013000 1 1
1976 12 23 0.013000 1 1
1976 12 24 0.013000 1 1
1976 12 25 0.013000 1 1
1976 12 26 0.013000 1 1
1976 12 27 0.013000 1 1
1976 12 28 0.013000 1 1
1976 12 29 0.013000 1 1
1976 12 30 0.013000 1 1
1976 12 31 0.013000 1 1
1977 01 01 0.013000 1 1
1977 01 02 0.013000 1 1
1977 01 03 0.013000 1 1
1977 01 04 0.013000 1 1
1977 01 05 0.013000 1 1
1977 01 06 0.013000 1 1
1977 01 07 0.013000 1 1
1977 01 08 0.013000 1 1
1977 01 09 0.013000 1 1
1977 01 10 0.013000 1 1
1977 01 11 0.013000 1 1
1977 01 12 0.016000 1 1
1977 01 13 0.030000 1 1
1977 01 14 0.022000 1 1
1977 01 15 0.017000 1 1
1977 01 16 0.016000 1 1
1977 01 17 0.013000 1 1
1977 01 18 0.013000 1 1
1977 01 19 0.013000 1 1
1977 01 20 0.013000 1 1
1977 01 21 0.013000 1 1
1977 01 22 0.033000 1 1
1977 01 23 0.041000 1 1
1977 01 24 0.163000 1 1
1977 01 25 0.107000 1 1
1977 01 26 0.117000 1 1
1977 01 27 0.066000 1 1
1977 01 28 0.030000 1 1
1977 01 29 0.019000 1 1
1977 01 30 0.016000 1 1
1977 01 31 0.014000 1 1
1977 02 01 0.013000 1 1
1977 02 02 0.013000 1 1
1977 02 03 0.013000 1 1
1977 02 04 0.013000 1 1
1977 02 05 0.013000 1 1
1977 02 06 0.015000 1 1
1977 02 07 0.046000 1 1
1977 02 08 0.041000 1 1
1977 02 09 0.019000 1 1
1977 02 10 0.015000 1 1
1977 02 11 0.013000 1 1
1977 02 12 0.013000 1 1
1977 02 13 0.013000 1 1
1977 02 14 0.013000 1 1
1977 02 15 0.031000 1 1
1977 02 16 0.113000 1 1
1977 02 17 0.068000 1 1
1977 02 18 0.041000 1 1
1977 02 19 0.028000 1 1
1977 02 20 0.045000 1 1
1977 02 21 0.515000 1 1
1977 02 22 0.392000 1 1
1977 02 23 0.305000 1 1
1977 02 24 0.265000 1 1
1977 02 25 0.113000 1 1
1977 02 26 0.078000 1 1
1977 02 27 0.139000 1 1
1977 02 28 0.222000 1 1
1977 03 01 0.101000 1 1
1977 03 02 0.050000 1 1
1977 03 03 0.030000 1 1
1977 03 04 0.030000 1 1
1977 03 05 0.030000 1 1
1977 03 06 0.028000 1 1
1977 03 07 0.025000 1 1
1977 03 08 0.022000 1 1
1977 03 09 0.019000 1 1
1977 03 10 0.015000 1 1
1977 03 11 0.013000 1 1
1977 03 12 0.013000 1 1
1977 03 13 0.013000 1 1
1977 03 14 0.013000 1 1
1977 03 15 0.013000 1 1
1977 03 16 0.013000 1 1
1977 03 17 0.013000 1 1
1977 03 18 0.013000 1 1
1977 03 19 0.013000 1 1
1977 03 20 0.013000 1 1
1977 03 21 0.013000 1 1
1977 03 22 0.013000 1 1
1977 03 23 0.013000 1 1
1977 03 24 0.013000 1 1
1977 03 25 0.013000 1 1
1977 03 26 0.013000 1 1
1977 03 27 0.013000 1 1
1977 03 28 0.013000 1 1
1977 03 29 0.013000 1 1
1977 03 30 0.013000 1 1
1977 03 31 0.013000 1 1
1977 04 01 0.013000 1 1
1977 04 02 0.013000 1 1
1977 04 03 0.013000 1 1
1977 04 04 0.013000 1 1
1977 04 05 0.013000 1 1
1977 04 06 0.013000 1 1
1977 04 07 0.013000 1 1
1977 04 08 0.013000 1 1
1977 04 09 0.013000 1 1
1977 04 10 0.013000 1 1
1977 04 11 0.013000 1 1
1977 04 12 0.013000 1 1
1977 04 13 0.013000 1 1
1977 04 14 0.013000 1 1
1977 04 15 0.013000 1 1
1977 04 16 0.013000 1 1
1977 04 17 0.013000 1 1
1977 04 18 0.013000 1 1
1977 04 19 0.013000 1 1
1977 04 20 0.013000 1 1
1977 04 21 0.013000 1 1
1977 04 22 0.013000 1 1
1977 04 23 0.830000 1 1
1977 04 24 0.344000 1 1
1977 04 25 0.888000 1 1
1977 04 26 0.184000 1 1
1977 04 27 0.083000 1 1
1977 04 28 0.036000 1 1
1977 04 29 0.022000 1 1
1977 04 30 0.013000 1 1
1977 05 01 0.019000 1 1
1977 05 02 0.019000 1 1
1977 05 03 0.019000 1 1
1977 05 04 0.018000 1 1
1977 05 05 0.019000 1 1
1977 05 06 0.019000 1 1
1977 05 07 0.019000 1 1
1977 05 08 0.016000 1 1
1977 05 09 0.015000 1 1
1977 05 10 0.013000 1 1
1977 05 11 0.013000 1 1
1977 05 12 0.013000 1 1
1977 05 13 0.013000 1 1
1977 05 14 0.013000 1 1
1977 05 15 0.013000 1 1
1977 05 16 0.013000 1 1
1977 05 17 0.013000 1 1
1977 05 18 0.013000 1 1
1977 05 19 0.013000 1 1
1977 05 20 0.013000 1 1
1977 05 21 0.013000 1 1
1977 05 22 0.013000 1 1
1977 05 23 0.013000 1 1
1977 05 24 0.013000 1 1
1977 05 25 0.013000 1 1
1977 05 26 0.013000 1 1
1977 05 27 0.013000 1 1
1977 05 28 0.013000 1 1
1977 05 29 0.013000 1 1
1977 05 30 0.013000 1 1
1977 05 31 0.013000 1 1
1977 06 01 nan nan 0
1977 06 02 nan nan 0
1977 06 03 nan nan 0
1977 06 04 nan nan 0
1977 06 05 0.017000 1 1
1977 06 06 0.013000 1 1
1977 06 07 0.013000 1 1
1977 06 08 nan nan 0
1977 06 09 nan nan 0
1977 06 10 nan nan 0
1977 06 11 nan nan 0
1977 06 12 nan nan 0
1977 06 13 nan nan 0
1977 06 14 nan nan 0
1977 06 15 nan nan 0
1977 06 16 nan nan 0
1977 06 17 nan nan 0
1977 06 18 nan nan 0
1977 06 19 nan nan 0
1977 06 20 0.128000 1 1
1977 06 21 0.071000 1 1
1977 06 22 0.491000 1 1
1977 06 23 0.671000 1 1
1977 06 24 0.117000 1 1
1977 06 25 0.061000 1 1
1977 06 26 0.061000 1 1
1977 06 27 0.098000 1 1
1977 06 28 0.095000 1 1
1977 06 29 0.117000 1 1
1977 06 30 0.312000 1 1
1977 07 01 0.299000 1 1
1977 07 02 1.040000 1 1
1977 07 03 0.830000 1 1
1977 07 04 0.732000 1 1
1977 07 05 0.632000 1 1
1977 07 06 0.550000 1 1
1977 07 07 0.363000 1 1
1977 07 08 0.248000 1 1
1977 07 09 0.167000 1 1
1977 07 10 0.098000 1 1
1977 07 11 0.073000 1 1
1977 07 12 0.061000 1 1
1977 07 13 0.054000 1 1
1977 07 14 0.048000 1 1
1977 07 15 0.041000 1 1
1977 07 16 0.036000 1 1
1977 07 17 0.027000 1 1
1977 07 18 0.024000 1 1
1977 07 19 0.024000 1 1
1977 07 20 0.024000 1 1
1977 07 21 0.068000 1 2
1977 07 22 0.073000 1 2
1977 07 23 0.073000 1 2
1977 07 24 0.073000 1 2
1977 07 25 0.073000 1 2
1977 07 26 0.073000 1 2
1977 07 27 0.073000 1 2
1977 07 28 0.073000 1 2
1977 07 29 0.073000 1 2
1977 07 30 0.076000 1 2
1977 07 31 0.076000 1 2
1977 08 01 0.013000 1 1
1977 08 02 0.013000 1 1
1977 08 03 0.013000 1 1
1977 08 04 0.013000 1 1
1977 08 05 0.013000 1 1
1977 08 06 0.013000 1 1
1977 08 07 0.013000 1 1
1977 08 08 0.013000 1 1
1977 08 09 0.013000 1 1
1977 08 10 0.013000 1 1
1977 08 11 0.013000 1 1
1977 08 12 0.013000 1 1
1977 08 13 0.013000 1 1
1977 08 14 0.013000 1 1
1977 08 15 0.013000 1 1
1977 08 16 0.299000 1 1
1977 08 17 0.299000 1 1
1977 08 18 0.318000 1 1
1977 08 19 0.299000 1 1
1977 08 20 0.299000 1 1
1977 08 21 0.293000 1 1
1977 08 22 0.293000 1 1
1977 08 23 0.287000 1 1
1977 08 24 0.282000 1 1
1977 08 25 0.282000 1 1
1977 08 26 0.276000 1 1
1977 08 27 0.276000 1 1
1977 08 28 0.265000 1 1
1977 08 29 0.253000 1 1
1977 08 30 0.253000 1 1
1977 08 31 0.253000 1 1
1977 09 01 0.253000 1 1
1977 09 02 0.248000 1 1
1977 09 03 0.242000 1 1
1977 09 04 0.232000 1 1
1977 09 05 0.222000 1 1
1977 09 06 0.222000 1 1
1977 09 07 0.237000 1 1
1977 09 08 0.435000 1 1
1977 09 09 0.475000 1 1
1977 09 10 0.435000 1 1
1977 09 11 0.435000 1 1
1977 09 12 0.370000 1 1
1977 09 13 0.299000 1 1
1977 09 14 0.299000 1 1
1977 09 15 0.293000 1 1
1977 09 16 0.287000 1 1
1977 09 17 0.287000 1 1
1977 09 18 0.287000 1 1
1977 09 19 0.287000 1 1
1977 09 20 0.282000 1 1
1977 09 21 0.276000 1 1
1977 09 22 0.276000 1 1
1977 09 23 0.276000 1 1
1977 09 24 0.276000 1 1
1977 09 25 0.287000 1 1
1977 09 26 0.642000 1 1
1977 09 27 0.700000 1 1
1977 09 28 0.515000 1 1
1977 09 29 0.435000 1 1
1977 09 30 0.435000 1 1
1977 10 01 0.363000 1 1
1977 10 02 0.356000 1 1
1977 10 03 0.324000 1 1
1977 10 04 0.299000 1 1
1977 10 05 0.299000 1 1
1977 10 06 0.299000 1 1
1977 10 07 0.435000 1 1
1977 10 08 1.260000 1 1
1977 10 09 0.865000 1 1
1977 10 10 0.603000 1 1
1977 10 11 0.435000 1 1
1977 10 12 0.935000 1 1
1977 10 13 0.796000 1 1
1977 10 14 0.700000 1 1
1977 10 15 0.623000 1 1
1977 10 16 0.524000 1 1
1977 10 17 0.384000 1 1
1977 10 18 0.363000 1 1
1977 10 19 0.299000 1 1
1977 10 20 0.299000 1 1
1977 10 21 0.299000 1 1
1977 10 22 0.299000 1 1
1977 10 23 0.299000 1 1
1977 10 24 0.293000 1 1
1977 10 25 0.287000 1 1
1977 10 26 0.483000 1 1
1977 10 27 0.586000 1 1
1977 10 28 0.830000 1 1
1977 10 29 1.790000 1 1
1977 10 30 1.120000 1 1
1977 10 31 0.541000 1 1
1977 11 01 0.483000 1 1
1977 11 02 0.384000 1 1
1977 11 03 0.337000 1 1
1977 11 04 0.324000 1 1
1977 11 05 0.318000 1 1
1977 11 06 0.299000 1 1
1977 11 07 0.331000 1 1
1977 11 08 0.443000 1 1
1977 11 09 0.642000 1 1
1977 11 10 2.240000 1 1
1977 11 11 1.570000 1 1
1977 11 12 0.743000 1 1
1977 11 13 0.524000 1 1
1977 11 14 0.435000 1 1
1977 11 15 0.324000 1 1
1977 11 16 0.299000 1 1
1977 11 17 0.299000 1 1
1977 11 18 0.299000 1 1
1977 11 19 0.299000 1 1
1977 11 20 0.299000 1 1
1977 11 21 0.299000 1 1
1977 11 22 0.299000 1 1
1977 11 23 0.299000 1 1
1977 11 24 0.299000 1 1
1977 11 25 0.299000 1 1
1977 11 26 0.299000 1 1
1977 11 27 0.299000 1 1
1977 11 28 0.299000 1 1
1977 11 29 0.276000 1 1
1977 11 30 0.276000 1 1
1977 12 01 0.276000 1 1
1977 12 02 0.276000 1 1
1977 12 03 0.259000 1 1
1977 12 04 0.242000 1 1
1977 12 05 0.242000 1 1
1977 12 06 0.242000 1 1
1977 12 07 0.242000 1 1
1977 12 08 0.242000 1 1
1977 12 09 0.242000 1 1
1977 12 10 0.237000 1 1
1977 12 11 0.232000 1 1
1977 12 12 0.232000 1 1
1977 12 13 0.265000 1 1
1977 12 14 0.253000 1 1
1977 12 15 0.276000 1 1
1977 12 16 0.428000 1 1
1977 12 17 0.662000 1 1
1977 12 18 0.603000 1 1
1977 12 19 0.350000 1 1
1977 12 20 0.350000 1 1
1977 12 21 0.299000 1 1
1977 12 22 0.299000 1 1
1977 12 23 0.299000 1 1
1977 12 24 0.796000 1 1
1977 12 25 0.577000 1 1
1977 12 26 0.384000 1 1
1977 12 27 0.420000 1 1
1977 12 28 0.443000 1 1
1977 12 29 3.990000 1 1
1977 12 30 2.680000 1 1
1977 12 31 1.980000 1 1
1978 01 01 1.480000 1 1
1978 01 02 1.230000 1 1
1978 01 03 1.240000 1 1
1978 01 04 1.740000 1 1
1978 01 05 1.140000 1 1
1978 01 06 0.899000 1 1
1978 01 07 0.722000 1 1
1978 01 08 0.642000 1 1
1978 01 09 0.586000 1 1
1978 01 10 0.541000 1 1
1978 01 11 0.499000 1 1
1978 01 12 2.120000 1 1
1978 01 13 3.220000 1 1
1978 01 14 2.040000 1 1
1978 01 15 1.500000 1 1
1978 01 16 1.210000 1 1
1978 01 17 0.700000 1 1
1978 01 18 0.435000 1 1
1978 01 19 0.899000 1 1
1978 01 20 0.876000 1 1
1978 01 21 0.722000 1 1
1978 01 22 0.532000 1 1
1978 01 23 0.435000 1 1
1978 01 24 0.337000 1 1
1978 01 25 0.305000 1 1
1978 01 26 0.356000 1 1
1978 01 27 0.350000 1 1
1978 01 28 0.331000 1 1
1978 01 29 0.318000 1 1
1978 01 30 0.299000 1 1
1978 01 31 0.293000 1 1
1978 02 01 0.276000 1 1
1978 02 02 0.276000 1 1
1978 02 03 0.276000 1 1
1978 02 04 0.276000 1 1
1978 02 05 0.276000 1 1
1978 02 06 0.276000 1 1
1978 02 07 0.276000 1 1
1978 02 08 1.210000 1 1
1978 02 09 0.754000 1 1
1978 02 10 0.532000 1 1
1978 02 11 2.940000 1 1
1978 02 12 7.180000 1 1
1978 02 13 3.090000 1 1
1978 02 14 2.370000 1 1
1978 02 15 1.370000 1 1
1978 02 16 0.807000 1 1
1978 02 17 0.568000 1 1
1978 02 18 0.459000 1 1
1978 02 19 0.515000 1 1
1978 02 20 0.392000 1 1
1978 02 21 0.363000 1 1
1978 02 22 0.363000 1 1
1978 02 23 0.350000 1 1
1978 02 24 0.324000 1 1
1978 02 25 0.318000 1 1
1978 02 26 0.559000 1 1
1978 02 27 2.820000 1 1
1978 02 28 1.940000 1 1
1978 03 01 1.090000 1 1
1978 03 02 0.732000 1 1
1978 03 03 0.475000 1 1
1978 03 04 0.413000 1 1
1978 03 05 0.370000 1 1
1978 03 06 0.594000 1 1
1978 03 07 7.610000 1 1
1978 03 08 3.400000 1 1
1978 03 09 1.980000 1 1
1978 03 10 1.170000 1 1
1978 03 11 0.632000 1 1
1978 03 12 0.541000 1 1
1978 03 13 0.532000 1 1
1978 03 14 1.060000 1 1
1978 03 15 0.671000 1 1
1978 03 16 0.550000 1 1
1978 03 17 0.807000 1 1
1978 03 18 0.775000 1 1
1978 03 19 0.586000 1 1
1978 03 20 0.586000 1 1
1978 03 21 0.550000 1 1
1978 03 22 1.180000 1 1
1978 03 23 0.711000 1 1
1978 03 24 0.524000 1 1
1978 03 25 0.475000 1 1
1978 03 26 0.435000 1 1
1978 03 27 0.406000 1 1
1978 03 28 0.370000 1 1
1978 03 29 0.344000 1 1
1978 03 30 0.324000 1 1
1978 03 31 0.312000 1 1
1978 04 01 0.344000 1 1
1978 04 02 0.435000 1 1
1978 04 03 3.820000 1 1
1978 04 04 4.580000 1 1
1978 04 05 1.650000 1 1
1978 04 06 4.580000 1 1
1978 04 07 1.700000 1 1
1978 04 08 1.140000 1 1
1978 04 09 0.972000 1 1
1978 04 10 0.722000 1 1
1978 04 11 0.623000 1 1
1978 04 12 0.577000 1 1
1978 04 13 0.568000 1 1
1978 04 14 0.559000 1 1
1978 04 15 0.541000 1 1
1978 04 16 0.483000 1 1
1978 04 17 0.443000 1 1
1978 04 18 0.420000 1 1
1978 04 19 0.764000 1 1
1978 04 20 0.922000 1 1
1978 04 21 0.586000 1 1
1978 04 22 0.541000 1 1
1978 04 23 0.524000 1 1
1978 04 24 0.451000 1 1
1978 04 25 11.500000 1 1
1978 04 26 2.280000 1 1
1978 04 27 1.300000 1 1
1978 04 28 0.662000 1 1
1978 04 29 0.568000 1 1
1978 04 30 2.720000 1 1
1978 05 01 2.590000 1 1
1978 05 02 1.180000 1 1
1978 05 03 0.818000 1 1
1978 05 04 0.722000 1 1
1978 05 05 0.603000 1 1
1978 05 06 0.559000 1 1
1978 05 07 0.524000 1 1
1978 05 08 0.507000 1 1
1978 05 09 0.491000 1 1
1978 05 10 0.483000 1 1
1978 05 11 0.524000 1 1
1978 05 12 0.559000 1 1
1978 05 13 0.559000 1 1
1978 05 14 0.541000 1 1
1978 05 15 0.515000 1 1
1978 05 16 0.507000 1 1
1978 05 17 0.507000 1 1
1978 05 18 0.507000 1 1
1978 05 19 0.507000 1 1
1978 05 20 0.499000 1 1
1978 05 21 0.491000 1 1
1978 05 22 0.483000 1 1
1978 05 23 0.475000 1 1
1978 05 24 0.467000 1 1
1978 05 25 0.451000 1 1
1978 05 26 0.435000 1 1
1978 05 27 0.428000 1 1
1978 05 28 0.420000 1 1
1978 05 29 0.399000 1 1
1978 05 30 0.377000 1 1
1978 05 31 0.344000 1 1
1978 06 01 0.324000 1 1
1978 06 02 0.305000 1 1
1978 06 03 0.293000 1 1
1978 06 04 0.287000 1 1
1978 06 05 0.287000 1 1
1978 06 06 1.550000 1 1
1978 06 07 0.642000 1 1
1978 06 08 0.671000 1 1
1978 06 09 0.632000 1 1
1978 06 10 0.594000 1 1
1978 06 11 0.568000 1 1
1978 06 12 0.550000 1 1
1978 06 13 0.541000 1 1
1978 06 14 0.524000 1 1
1978 06 15 0.515000 1 1
1978 06 16 0.499000 1 1
1978 06 17 0.483000 1 1
1978 06 18 0.467000 1 1
1978 06 19 0.459000 1 1
1978 06 20 0.435000 1 1
1978 06 21 0.420000 1 1
1978 06 22 0.406000 1 1
1978 06 23 0.406000 1 1
1978 06 24 0.399000 1 1
1978 06 25 0.392000 1 1
1978 06 26 0.459000 1 1
1978 06 27 0.515000 1 1
1978 06 28 0.499000 1 1
1978 06 29 0.491000 1 1
1978 06 30 0.491000 1 1
1978 07 01 0.499000 1 1
1978 07 02 0.483000 1 1
1978 07 03 0.483000 1 1
1978 07 04 0.775000 1 1
1978 07 05 0.642000 1 1
1978 07 06 0.642000 1 1
1978 07 07 0.662000 1 1
1978 07 08 0.642000 1 1
1978 07 09 0.642000 1 1
1978 07 10 0.623000 1 1
1978 07 11 0.594000 1 1
1978 07 12 0.577000 1 1
1978 07 13 0.559000 1 1
1978 07 14 0.524000 1 1
1978 07 15 0.515000 1 1
1978 07 16 0.499000 1 1
1978 07 17 0.483000 1 1
1978 07 18 0.467000 1 1
1978 07 19 0.451000 1 1
1978 07 20 0.435000 1 1
1978 07 21 0.420000 1 1
1978 07 22 0.406000 1 1
1978 07 23 0.406000 1 1
1978 07 24 0.406000 1 1
1978 07 25 0.568000 1 1
1978 07 26 0.532000 1 1
1978 07 27 0.507000 1 1
1978 07 28 0.499000 1 1
1978 07 29 0.507000 1 1
1978 07 30 0.559000 1 1
1978 07 31 1.020000 1 1
1978 08 01 0.662000 1 1
1978 08 02 0.577000 1 1
1978 08 03 0.642000 1 1
1978 08 04 0.681000 1 1
1978 08 05 0.577000 1 1
1978 08 06 0.515000 1 1
1978 08 07 0.515000 1 1
1978 08 08 0.515000 1 1
1978 08 09 0.499000 1 1
1978 08 10 0.499000 1 1
1978 08 11 0.491000 1 1
1978 08 12 0.483000 1 1
1978 08 13 0.467000 1 1
1978 08 14 0.459000 1 1
1978 08 15 0.443000 1 1
1978 08 16 0.435000 1 1
1978 08 17 0.435000 1 1
1978 08 18 0.428000 1 1
1978 08 19 0.420000 1 1
1978 08 20 0.420000 1 1
1978 08 21 0.413000 1 1
1978 08 22 0.413000 1 1
1978 08 23 0.413000 1 1
1978 08 24 0.413000 1 1
1978 08 25 0.413000 1 1
1978 08 26 0.413000 1 1
1978 08 27 0.413000 1 1
1978 08 28 0.413000 1 1
1978 08 29 0.413000 1 1
1978 08 30 0.413000 1 1
1978 08 31 0.413000 1 1
1978 09 01 0.413000 1 1
1978 09 02 0.413000 1 1
1978 09 03 0.413000 1 1
1978 09 04 0.406000 1 1
1978 09 05 0.406000 1 1
1978 09 06 0.406000 1 1
1978 09 07 0.406000 1 1
1978 09 08 0.406000 1 1
1978 09 09 0.406000 1 1
1978 09 10 0.406000 1 1
1978 09 11 0.406000 1 1
1978 09 12 0.406000 1 1
1978 09 13 0.406000 1 1
1978 09 14 0.420000 1 1
1978 09 15 0.420000 1 1
1978 09 16 0.413000 1 1
1978 09 17 0.413000 1 1
1978 09 18 0.406000 1 1
1978 09 19 0.406000 1 1
1978 09 20 0.406000 1 1
1978 09 21 0.406000 1 1
1978 09 22 0.406000 1 1
1978 09 23 0.406000 1 1
1978 09 24 0.420000 1 1
1978 09 25 0.420000 1 1
1978 09 26 0.413000 1 1
1978 09 27 0.420000 1 1
1978 09 28 0.420000 1 1
1978 09 29 0.413000 1 1
1978 09 30 0.413000 1 1
1978 10 01 0.413000 1 1
1978 10 02 0.413000 1 1
1978 10 03 0.406000 1 1
1978 10 04 0.406000 1 1
1978 10 05 0.406000 1 1
1978 10 06 0.406000 1 1
1978 10 07 0.399000 1 1
1978 10 08 0.399000 1 1
1978 10 09 0.399000 1 1
1978 10 10 0.399000 1 1
1978 10 11 0.399000 1 1
1978 10 12 0.392000 1 1
1978 10 13 0.392000 1 1
1978 10 14 0.392000 1 1
1978 10 15 0.392000 1 1
1978 10 16 0.392000 1 1
1978 10 17 0.392000 1 1
1978 10 18 0.392000 1 1
1978 10 19 0.392000 1 1
1978 10 20 0.392000 1 1
1978 10 21 0.392000 1 1
1978 10 22 0.392000 1 1
1978 10 23 0.392000 1 1
1978 10 24 0.392000 1 1
1978 10 25 0.392000 1 1
1978 10 26 0.392000 1 1
1978 10 27 0.392000 1 1
1978 10 28 0.392000 1 1
1978 10 29 0.392000 1 1
1978 10 30 0.392000 1 1
1978 10 31 0.363000 1 1
1978 11 01 0.350000 1 1
1978 11 02 0.350000 1 1
1978 11 03 0.350000 1 1
1978 11 04 0.350000 1 1
1978 11 05 0.350000 1 1
1978 11 06 0.350000 1 1
1978 11 07 0.399000 1 1
1978 11 08 0.922000 1 1
1978 11 09 0.475000 1 1
1978 11 10 0.428000 1 1
1978 11 11 0.420000 1 1
1978 11 12 0.399000 1 1
1978 11 13 0.392000 1 1
1978 11 14 0.392000 1 1
1978 11 15 0.392000 1 1
1978 11 16 0.392000 1 1
1978 11 17 0.392000 1 1
1978 11 18 0.392000 1 1
1978 11 19 0.377000 1 1
1978 11 20 0.363000 1 1
1978 11 21 0.363000 1 1
1978 11 22 0.363000 1 1
1978 11 23 0.363000 1 1
1978 11 24 0.363000 1 1
1978 11 25 0.363000 1 1
1978 11 26 0.350000 1 1
1978 11 27 0.350000 1 1
1978 11 28 0.350000 1 1
1978 11 29 0.350000 1 1
1978 11 30 0.350000 1 1
1978 12 01 0.356000 1 1
1978 12 02 0.541000 1 1
1978 12 03 0.642000 1 1
1978 12 04 0.559000 1 1
1978 12 05 0.475000 1 1
1978 12 06 0.413000 1 1
1978 12 07 0.370000 1 1
1978 12 08 0.363000 1 1
1978 12 09 0.363000 1 1
1978 12 10 0.363000 1 1
1978 12 11 0.363000 1 1
1978 12 12 0.356000 1 1
1978 12 13 0.356000 1 1
1978 12 14 0.350000 1 1
1978 12 15 0.350000 1 1
1978 12 16 0.350000 1 1
1978 12 17 0.350000 1 1
1978 12 18 0.350000 1 1
1978 12 19 0.406000 1 1
1978 12 20 0.577000 1 1
1978 12 21 0.550000 1 1
1978 12 22 0.507000 1 1
1978 12 23 0.467000 1 1
1978 12 24 0.435000 1 1
1978 12 25 0.420000 1 1
1978 12 26 0.420000 1 1
1978 12 27 0.413000 1 1
1978 12 28 0.413000 1 1
1978 12 29 0.406000 1 1
1978 12 30 0.399000 1 1
1978 12 31 0.399000 1 1
1979 01 01 0.392000 1 1
1979 01 02 0.392000 1 1
1979 01 03 0.392000 1 1
1979 01 04 0.384000 1 1
1979 01 05 0.384000 1 1
1979 01 06 0.384000 1 1
1979 01 07 0.377000 1 1
1979 01 08 0.420000 1 1
1979 01 09 0.435000 1 1
1979 01 10 2.000000 1 1
1979 01 11 3.160000 1 1
1979 01 12 1.090000 1 1
1979 01 13 1.700000 1 1
1979 01 14 1.060000 1 1
1979 01 15 2.040000 1 1
1979 01 16 1.130000 1 1
1979 01 17 9.240000 1 1
1979 01 18 0.175000 1 2
1979 01 19 0.171000 1 2
1979 01 20 0.180000 1 2
1979 01 21 0.193000 1 2
1979 01 22 0.212000 1 2
1979 01 23 0.232000 1 2
1979 01 24 0.248000 1 2
1979 01 25 0.259000 1 2
1979 01 26 0.259000 1 2
1979 01 27 0.253000 1 2
1979 01 28 0.248000 1 2
1979 01 29 0.237000 1 2
1979 01 30 0.232000 1 2
1979 01 31 0.222000 1 2
1979 02 01 7.700000 1 1
1979 02 02 nan nan 0
1979 02 03 nan nan 0
1979 02 04 nan nan 0
1979 02 05 nan nan 0
1979 02 06 nan nan 0
1979 02 07 nan nan 0
1979 02 08 nan nan 0
1979 02 09 nan nan 0
1979 02 10 nan nan 0
1979 02 11 nan nan 0
1979 02 12 nan nan 0
1979 02 13 nan nan 0
1979 02 14 nan nan 0
1979 02 15 nan nan 0
1979 02 16 nan nan 0
1979 02 17 nan nan 0
1979 02 18 nan nan 0
1979 02 19 nan nan 0
1979 02 20 nan nan 0
1979 02 21 nan nan 0
1979 02 22 nan nan 0
1979 02 23 nan nan 0
1979 02 24 nan nan 0
1979 02 25 nan nan 0
1979 02 26 nan nan 0
1979 02 27 nan nan 0
1979 02 28 nan nan 0
1979 03 01 0.132000 1 2
1979 03 02 0.132000 1 2
1979 03 03 0.135000 1 2
1979 03 04 0.143000 1 2
1979 03 05 0.158000 1 2
1979 03 06 0.163000 1 2
1979 03 07 0.163000 1 2
1979 03 08 0.171000 1 2
1979 03 09 0.175000 1 2
1979 03 10 0.184000 1 2
1979 03 11 0.193000 1 2
1979 03 12 0.207000 1 2
1979 03 13 0.237000 1 2
1979 03 14 0.337000 1 1
1979 03 15 0.324000 1 1
1979 03 16 0.318000 1 1
1979 03 17 0.312000 1 1
1979 03 18 0.312000 1 1
1979 03 19 0.305000 1 1
1979 03 20 0.299000 1 1
1979 03 21 0.299000 1 1
1979 03 22 0.299000 1 1
1979 03 23 0.293000 1 1
1979 03 24 0.287000 1 1
1979 03 25 0.287000 1 1
1979 03 26 0.282000 1 1
1979 03 27 0.276000 1 1
1979 03 28 0.270000 1 1
1979 03 29 0.265000 1 1
1979 03 30 0.259000 1 1
1979 03 31 0.259000 1 1
1979 04 01 0.253000 1 1
1979 04 02 0.253000 1 1
1979 04 03 0.248000 1 1
1979 04 04 0.242000 1 1
1979 04 05 0.242000 1 1
1979 04 06 0.242000 1 1
1979 04 07 0.242000 1 1
1979 04 08 0.242000 1 1
1979 04 09 0.242000 1 1
1979 04 10 0.242000 1 1
1979 04 11 0.237000 1 1
1979 04 12 0.237000 1 1
1979 04 13 0.237000 1 1
1979 04 14 0.248000 1 1
1979 04 15 0.370000 1 1
1979 04 16 0.406000 1 1
1979 04 17 0.399000 1 1
1979 04 18 0.377000 1 1
1979 04 19 0.377000 1 1
1979 04 20 0.377000 1 1
1979 04 21 0.377000 1 1
1979 04 22 0.370000 1 1
1979 04 23 1.050000 1 1
1979 04 24 2.790000 1 1
1979 04 25 0.632000 1 1
1979 04 26 0.399000 1 1
1979 04 27 0.377000 1 1
1979 04 28 0.377000 1 1
1979 04 29 0.377000 1 1
1979 04 30 0.363000 1 1
1979 05 01 0.350000 1 1
1979 05 02 0.350000 1 1
1979 05 03 0.331000 1 1
1979 05 04 0.312000 1 1
1979 05 05 0.299000 1 1
1979 05 06 0.293000 1 1
1979 05 07 0.287000 1 1
1979 05 08 0.282000 1 1
1979 05 09 0.287000 1 1
1979 05 10 0.270000 1 1
1979 05 11 0.248000 1 1
1979 05 12 0.242000 1 1
1979 05 13 0.237000 1 1
1979 05 14 0.237000 1 1
1979 05 15 0.265000 1 1
1979 05 16 0.276000 1 1
1979 05 17 0.276000 1 1
1979 05 18 0.276000 1 1
1979 05 19 0.265000 1 1
1979 05 20 0.265000 1 1
1979 05 21 0.265000 1 1
1979 05 22 0.265000 1 1
1979 05 23 0.265000 1 1
1979 05 24 0.259000 1 1
1979 05 25 0.259000 1 1
1979 05 26 0.253000 1 1
1979 05 27 0.253000 1 1
1979 05 28 0.253000 1 1
1979 05 29 0.242000 1 1
1979 05 30 0.242000 1 1
1979 05 31 0.242000 1 1
1979 06 01 0.370000 1 1
1979 06 02 0.363000 1 1
1979 06 03 0.344000 1 1
1979 06 04 0.337000 1 1
1979 06 05 0.331000 1 1
1979 06 06 0.324000 1 1
1979 06 07 0.324000 1 1
1979 06 08 0.312000 1 1
1979 06 09 0.299000 1 1
1979 06 10 0.299000 1 1
1979 06 11 0.287000 1 1
1979 06 12 0.287000 1 1
1979 06 13 0.276000 1 1
1979 06 14 0.276000 1 1
1979 06 15 0.276000 1 1
1979 06 16 0.276000 1 1
1979 06 17 0.270000 1 1
1979 06 18 0.265000 1 1
1979 06 19 0.253000 1 1
1979 06 20 0.253000 1 1
1979 06 21 0.248000 1 1
1979 06 22 0.276000 1 1
1979 06 23 0.270000 1 1
1979 06 24 0.265000 1 1
1979 06 25 0.259000 1 1
1979 06 26 0.253000 1 1
1979 06 27 0.253000 1 1
1979 06 28 0.711000 1 1
1979 06 29 0.586000 1 1
1979 06 30 0.459000 1 1
1979 07 01 0.399000 1 1
1979 07 02 0.384000 1 1
1979 07 03 0.356000 1 1
1979 07 04 0.337000 1 1
1979 07 05 0.324000 1 1
1979 07 06 0.305000 1 1
1979 07 07 0.287000 1 1
1979 07 08 0.282000 1 1
1979 07 09 0.276000 1 1
1979 07 10 0.276000 1 1
1979 07 11 0.276000 1 1
1979 07 12 0.276000 1 1
1979 07 13 0.265000 1 1
1979 07 14 0.242000 1 1
1979 07 15 0.242000 1 1
1979 07 16 0.237000 1 1
1979 07 17 0.232000 1 1
1979 07 18 0.227000 1 1
1979 07 19 0.217000 1 1
1979 07 20 0.212000 1 1
1979 07 21 0.212000 1 1
1979 07 22 0.212000 1 1
1979 07 23 0.212000 1 1
1979 07 24 0.207000 1 1
1979 07 25 0.207000 1 1
1979 07 26 0.202000 1 1
1979 07 27 0.202000 1 1
1979 07 28 0.202000 1 1
1979 07 29 0.202000 1 1
1979 07 30 0.202000 1 1
1979 07 31 0.202000 1 1
1979 08 01 0.198000 1 1
1979 08 02 0.193000 1 1
1979 08 03 0.193000 1 1
1979 08 04 0.193000 1 1
1979 08 05 0.193000 1 1
1979 08 06 0.193000 1 1
1979 08 07 0.193000 1 1
1979 08 08 0.198000 1 1
1979 08 09 0.198000 1 1
1979 08 10 0.202000 1 1
1979 08 11 0.202000 1 1
1979 08 12 0.198000 1 1
1979 08 13 0.193000 1 1
1979 08 14 0.193000 1 1
1979 08 15 0.188000 1 1
1979 08 16 0.184000 1 1
1979 08 17 0.184000 1 1
1979 08 18 0.184000 1 1
1979 08 19 0.184000 1 1
1979 08 20 0.184000 1 1
1979 08 21 0.184000 1 1
1979 08 22 0.184000 1 1
1979 08 23 0.184000 1 1
1979 08 24 0.180000 1 1
1979 08 25 0.180000 1 1
1979 08 26 0.180000 1 1
1979 08 27 0.175000 1 1
1979 08 28 0.175000 1 1
1979 08 29 0.175000 1 1
1979 08 30 0.175000 1 1
1979 08 31 0.175000 1 1
1979 09 01 0.184000 1 1
1979 09 02 0.184000 1 1
1979 09 03 0.184000 1 1
1979 09 04 0.184000 1 1
1979 09 05 0.184000 1 1
1979 09 06 0.184000 1 1
1979 09 07 0.184000 1 1
1979 09 08 0.193000 1 1
1979 09 09 0.202000 1 1
1979 09 10 0.212000 1 1
1979 09 11 0.222000 1 1
1979 09 12 0.222000 1 1
1979 09 13 0.212000 1 1
1979 09 14 0.212000 1 1
1979 09 15 0.202000 1 1
1979 09 16 0.202000 1 1
1979 09 17 0.202000 1 1
1979 09 18 0.193000 1 1
1979 09 19 0.193000 1 1
1979 09 20 0.193000 1 1
1979 09 21 0.193000 1 1
1979 09 22 0.276000 1 1
1979 09 23 0.324000 1 1
1979 09 24 0.305000 1 1
1979 09 25 0.299000 1 1
1979 09 26 0.287000 1 1
1979 09 27 0.282000 1 1
1979 09 28 0.259000 1 1
1979 09 29 0.248000 1 1
1979 09 30 0.237000 1 1
1979 10 01 0.232000 1 1
1979 10 02 0.232000 1 1
1979 10 03 0.232000 1 1
1979 10 04 0.222000 1 1
1979 10 05 0.222000 1 1
1979 10 06 0.222000 1 1
1979 10 07 0.222000 1 1
1979 10 08 0.217000 1 1
1979 10 09 0.217000 1 1
1979 10 10 0.212000 1 1
1979 10 11 0.212000 1 1
1979 10 12 0.222000 1 1
1979 10 13 0.232000 1 1
1979 10 14 0.232000 1 1
1979 10 15 0.222000 1 1
1979 10 16 0.217000 1 1
1979 10 17 0.217000 1 1
1979 10 18 0.217000 1 1
1979 10 19 0.227000 1 1
1979 10 20 0.632000 1 1
1979 10 21 0.370000 1 1
1979 10 22 0.356000 1 1
1979 10 23 0.350000 1 1
1979 10 24 0.331000 1 1
1979 10 25 0.318000 1 1
1979 10 26 0.299000 1 1
1979 10 27 0.287000 1 1
1979 10 28 0.276000 1 1
1979 10 29 0.276000 1 1
1979 10 30 0.270000 1 1
1979 10 31 0.265000 1 1
1979 11 01 0.253000 1 1
1979 11 02 0.242000 1 1
1979 11 03 0.242000 1 1
1979 11 04 0.242000 1 1
1979 11 05 0.242000 1 1
1979 11 06 0.242000 1 1
1979 11 07 0.242000 1 1
1979 11 08 0.232000 1 1
1979 11 09 0.232000 1 1
1979 11 10 0.222000 1 1
1979 11 11 nan nan 0
1979 11 12 nan nan 0
1979 11 13 nan nan 0
1979 11 14 nan nan 0
1979 11 15 nan nan 0
1979 11 16 nan nan 0
1979 11 17 nan nan 0
1979 11 18 nan nan 0
1979 11 19 nan nan 0
1979 11 20 nan nan 0
1979 11 21 nan nan 0
1979 11 22 nan nan 0
1979 11 23 nan nan 0
1979 11 24 nan nan 0
1979 11 25 nan nan 0
1979 11 26 nan nan 0
1979 11 27 nan nan 0
1979 11 28 nan nan 0
1979 11 29 nan nan 0
1979 11 30 nan nan 0
1979 12 01 nan nan 0
1979 12 02 nan nan 0
1979 12 03 nan nan 0
1979 12 04 nan nan 0
1979 12 05 nan nan 0
1979 12 06 nan nan 0
1979 12 07 nan nan 0
1979 12 08 nan nan 0
1979 12 09 nan nan 0
1979 12 10 nan nan 0
1979 12 11 nan nan 0
1979 12 12 nan nan 0
1979 12 13 nan nan 0
1979 12 14 nan nan 0
1979 12 15 nan nan 0
1979 12 16 nan nan 0
1979 12 17 nan nan 0
1979 12 18 nan nan 0
1979 12 19 nan nan 0
1979 12 20 nan nan 0
1979 12 21 nan nan 0
1979 12 22 nan nan 0
1979 12 23 nan nan 0
1979 12 24 nan nan 0
1979 12 25 nan nan 0
1979 12 26 nan nan 0
1979 12 27 nan nan 0
1979 12 28 nan nan 0
1979 12 29 nan nan 0
1979 12 30 nan nan 0
1979 12 31 nan nan 0
