year month day streamflow_m3s qual_control_by_ana qual_flag
1962 08 01 nan nan 0
1962 08 02 nan nan 0
1962 08 03 nan nan 0
1962 08 04 nan nan 0
1962 08 05 nan nan 0
1962 08 06 nan nan 0
1962 08 07 nan nan 0
1962 08 08 nan nan 0
1962 08 09 nan nan 0
1962 08 10 nan nan 0
1962 08 11 nan nan 0
1962 08 12 nan nan 0
1962 08 13 nan nan 0
1962 08 14 nan nan 0
1962 08 15 10.100000 1 1
1962 08 16 9.520000 1 1
1962 08 17 10.400000 1 1
1962 08 18 8.350000 1 1
1962 08 19 6.270000 1 1
1962 08 20 4.880000 1 1
1962 08 21 4.310000 1 1
1962 08 22 3.750000 1 1
1962 08 23 3.370000 1 1
1962 08 24 3.040000 1 1
1962 08 25 2.760000 1 1
1962 08 26 2.620000 1 1
1962 08 27 2.620000 1 1
1962 08 28 2.760000 1 1
1962 08 29 2.620000 1 1
1962 08 30 2.620000 1 1
1962 08 31 2.340000 1 1
1962 09 01 2.060000 1 1
1962 09 02 2.060000 1 1
1962 09 03 2.060000 1 1
1962 09 04 2.060000 1 1
1962 09 05 2.060000 1 1
1962 09 06 2.340000 1 1
1962 09 07 2.340000 1 1
1962 09 08 2.200000 1 1
1962 09 09 2.620000 1 1
1962 09 10 3.040000 1 1
1962 09 11 2.620000 1 1
1962 09 12 2.480000 1 1
1962 09 13 2.060000 1 1
1962 09 14 1.780000 1 1
1962 09 15 1.780000 1 1
1962 09 16 1.920000 1 1
1962 09 17 2.060000 1 1
1962 09 18 2.060000 1 1
1962 09 19 2.060000 1 1
1962 09 20 2.060000 1 1
1962 09 21 2.060000 1 1
1962 09 22 2.060000 1 1
1962 09 23 2.060000 1 1
1962 09 24 2.060000 1 1
1962 09 25 2.200000 1 1
1962 09 26 2.480000 1 1
1962 09 27 4.880000 1 1
1962 09 28 6.750000 1 1
1962 09 29 6.510000 1 1
1962 09 30 8.060000 1 1
1962 10 01 6.270000 1 1
1962 10 02 5.790000 1 1
1962 10 03 5.070000 1 1
1962 10 04 3.750000 1 1
1962 10 05 3.040000 1 1
1962 10 06 2.620000 1 1
1962 10 07 2.480000 1 1
1962 10 08 2.480000 1 1
1962 10 09 2.340000 1 1
1962 10 10 2.060000 1 1
1962 10 11 2.060000 1 1
1962 10 12 1.680000 1 1
1962 10 13 1.590000 1 1
1962 10 14 2.900000 1 1
1962 10 15 2.340000 1 1
1962 10 16 2.760000 1 1
1962 10 17 3.940000 1 1
1962 10 18 3.560000 1 1
1962 10 19 3.040000 1 1
1962 10 20 2.620000 1 1
1962 10 21 2.620000 1 1
1962 10 22 2.200000 1 1
1962 10 23 2.200000 1 1
1962 10 24 2.060000 1 1
1962 10 25 2.060000 1 1
1962 10 26 2.060000 1 1
1962 10 27 2.060000 1 1
1962 10 28 2.060000 1 1
1962 10 29 1.780000 1 1
1962 10 30 1.920000 1 1
1962 10 31 2.060000 1 1
1962 11 01 2.060000 1 1
1962 11 02 1.680000 1 1
1962 11 03 1.490000 1 1
1962 11 04 1.200000 1 1
1962 11 05 1.100000 1 1
1962 11 06 1.010000 1 1
1962 11 07 0.814000 1 1
1962 11 08 0.757000 1 1
1962 11 09 0.701000 1 1
1962 11 10 0.701000 1 1
1962 11 11 1.920000 1 1
1962 11 12 6.270000 1 1
1962 11 13 29.300000 1 1
1962 11 14 24.300000 1 1
1962 11 15 18.900000 1 1
1962 11 16 16.400000 1 1
1962 11 17 9.230000 1 1
1962 11 18 5.790000 1 1
1962 11 19 3.750000 1 1
1962 11 20 3.180000 1 1
1962 11 21 2.620000 1 1
1962 11 22 1.920000 1 1
1962 11 23 1.680000 1 1
1962 11 24 1.390000 1 1
1962 11 25 1.300000 1 1
1962 11 26 6.750000 1 1
1962 11 27 11.800000 1 1
1962 11 28 7.760000 1 1
1962 11 29 5.310000 1 1
1962 11 30 4.120000 1 1
1962 12 01 3.180000 1 1
1962 12 02 3.370000 1 1
1962 12 03 3.560000 1 1
1962 12 04 4.120000 1 1
1962 12 05 6.750000 1 1
1962 12 06 8.640000 1 1
1962 12 07 6.990000 1 1
1962 12 08 6.510000 1 1
1962 12 09 10.100000 1 1
1962 12 10 48.900000 1 1
1962 12 11 38.100000 1 1
1962 12 12 41.400000 1 1
1962 12 13 26.500000 1 1
1962 12 14 24.900000 1 1
1962 12 15 31.100000 1 1
1962 12 16 39.400000 1 1
1962 12 17 47.400000 1 1
1962 12 18 54.500000 1 1
1962 12 19 40.000000 1 1
1962 12 20 45.100000 1 1
1962 12 21 24.900000 1 1
1962 12 22 23.800000 1 1
1962 12 23 25.900000 1 1
1962 12 24 19.900000 1 1
1962 12 25 26.500000 1 1
1962 12 26 21.300000 1 1
1962 12 27 17.600000 1 1
1962 12 28 20.800000 1 1
1962 12 29 21.800000 1 1
1962 12 30 21.300000 1 1
1962 12 31 21.800000 1 1
1963 01 01 21.800000 1 1
1963 01 02 13.600000 1 1
1963 01 03 11.500000 1 1
1963 01 04 8.350000 1 1
1963 01 05 11.500000 1 1
1963 01 06 32.900000 1 1
1963 01 07 65.800000 1 1
1963 01 08 70.600000 1 1
1963 01 09 87.900000 1 1
1963 01 10 77.500000 1 1
1963 01 11 100.000000 1 1
1963 01 12 32.900000 1 1
1963 01 13 21.300000 1 1
1963 01 14 17.200000 1 1
1963 01 15 15.500000 1 1
1963 01 16 13.600000 1 1
1963 01 17 11.500000 1 1
1963 01 18 9.520000 1 1
1963 01 19 8.350000 1 1
1963 01 20 6.750000 1 1
1963 01 21 5.790000 1 1
1963 01 22 5.310000 1 1
1963 01 23 4.500000 1 1
1963 01 24 4.120000 1 1
1963 01 25 3.560000 1 1
1963 01 26 3.180000 1 1
1963 01 27 2.900000 1 1
1963 01 28 2.620000 1 1
1963 01 29 2.620000 1 1
1963 01 30 2.200000 1 1
1963 01 31 2.060000 1 1
1963 02 01 2.200000 1 1
1963 02 02 1.920000 1 1
1963 02 03 1.780000 1 1
1963 02 04 1.680000 1 1
1963 02 05 1.590000 1 1
1963 02 06 1.390000 1 1
1963 02 07 1.300000 1 1
1963 02 08 1.680000 1 1
1963 02 09 2.060000 1 1
1963 02 10 2.760000 1 1
1963 02 11 6.750000 1 1
1963 02 12 12.900000 1 1
1963 02 13 12.500000 1 1
1963 02 14 32.300000 1 1
1963 02 15 32.900000 1 1
1963 02 16 38.700000 1 1
1963 02 17 33.500000 1 1
1963 02 18 24.900000 1 1
1963 02 19 18.500000 1 1
1963 02 20 13.900000 1 1
1963 02 21 10.100000 1 1
1963 02 22 6.990000 1 1
1963 02 23 5.790000 1 1
1963 02 24 4.500000 1 1
1963 02 25 4.310000 1 1
1963 02 26 4.500000 1 1
1963 02 27 5.070000 1 1
1963 02 28 5.550000 1 1
1963 03 01 5.790000 1 1
1963 03 02 5.790000 1 1
1963 03 03 4.690000 1 1
1963 03 04 3.940000 1 1
1963 03 05 3.370000 1 1
1963 03 06 3.370000 1 1
1963 03 07 3.370000 1 1
1963 03 08 5.070000 1 1
1963 03 09 4.880000 1 1
1963 03 10 4.500000 1 1
1963 03 11 4.690000 1 1
1963 03 12 3.750000 1 1
1963 03 13 3.750000 1 1
1963 03 14 3.750000 1 1
1963 03 15 3.940000 1 1
1963 03 16 3.940000 1 1
1963 03 17 3.180000 1 1
1963 03 18 2.760000 1 1
1963 03 19 2.480000 1 1
1963 03 20 2.060000 1 1
1963 03 21 1.780000 1 1
1963 03 22 1.680000 1 1
1963 03 23 1.680000 1 1
1963 03 24 1.490000 1 1
1963 03 25 1.390000 1 1
1963 03 26 1.300000 1 1
1963 03 27 1.300000 1 1
1963 03 28 1.200000 1 1
1963 03 29 1.300000 1 1
1963 03 30 1.680000 1 1
1963 03 31 2.060000 1 1
1963 04 01 2.900000 1 1
1963 04 02 4.310000 1 1
1963 04 03 4.120000 1 1
1963 04 04 3.370000 1 1
1963 04 05 2.760000 1 1
1963 04 06 2.060000 1 1
1963 04 07 1.780000 1 1
1963 04 08 1.490000 1 1
1963 04 09 1.300000 1 1
1963 04 10 1.100000 1 1
1963 04 11 0.911000 1 1
1963 04 12 0.814000 1 1
1963 04 13 0.757000 1 1
1963 04 14 4.690000 1 1
1963 04 15 3.940000 1 1
1963 04 16 3.180000 1 1
1963 04 17 3.750000 1 1
1963 04 18 4.880000 1 1
1963 04 19 5.310000 1 1
1963 04 20 5.790000 1 1
1963 04 21 5.070000 1 1
1963 04 22 4.500000 1 1
1963 04 23 5.310000 1 1
1963 04 24 6.990000 1 1
1963 04 25 7.470000 1 1
1963 04 26 8.060000 1 1
1963 04 27 10.800000 1 1
1963 04 28 16.400000 1 1
1963 04 29 17.200000 1 1
1963 04 30 18.500000 1 1
1963 05 01 16.400000 1 1
1963 05 02 14.300000 1 1
1963 05 03 12.200000 1 1
1963 05 04 9.810000 1 1
1963 05 05 8.060000 1 1
1963 05 06 6.030000 1 1
1963 05 07 4.880000 1 1
1963 05 08 3.750000 1 1
1963 05 09 3.370000 1 1
1963 05 10 2.900000 1 1
1963 05 11 2.620000 1 1
1963 05 12 2.480000 1 1
1963 05 13 2.480000 1 1
1963 05 14 2.900000 1 1
1963 05 15 3.180000 1 1
1963 05 16 3.940000 1 1
1963 05 17 4.120000 1 1
1963 05 18 3.750000 1 1
1963 05 19 3.180000 1 1
1963 05 20 2.760000 1 1
1963 05 21 2.620000 1 1
1963 05 22 2.480000 1 1
1963 05 23 2.340000 1 1
1963 05 24 2.200000 1 1
1963 05 25 2.060000 1 1
1963 05 26 2.200000 1 1
1963 05 27 2.480000 1 1
1963 05 28 2.620000 1 1
1963 05 29 2.480000 1 1
1963 05 30 2.200000 1 1
1963 05 31 2.060000 1 1
1963 06 01 2.060000 1 1
1963 06 02 1.780000 1 1
1963 06 03 1.680000 1 1
1963 06 04 1.680000 1 1
1963 06 05 1.680000 1 1
1963 06 06 1.780000 1 1
1963 06 07 1.780000 1 1
1963 06 08 2.340000 1 1
1963 06 09 2.340000 1 1
1963 06 10 2.620000 1 1
1963 06 11 2.900000 1 1
1963 06 12 2.620000 1 1
1963 06 13 2.200000 1 1
1963 06 14 1.920000 1 1
1963 06 15 1.680000 1 1
1963 06 16 1.780000 1 1
1963 06 17 1.780000 1 1
1963 06 18 2.060000 1 1
1963 06 19 2.620000 1 1
1963 06 20 2.480000 1 1
1963 06 21 2.060000 1 1
1963 06 22 1.780000 1 1
1963 06 23 1.680000 1 1
1963 06 24 1.590000 1 1
1963 06 25 1.490000 1 1
1963 06 26 1.490000 1 1
1963 06 27 2.060000 1 1
1963 06 28 3.040000 1 1
1963 06 29 5.790000 1 1
1963 06 30 10.800000 1 1
1963 07 01 12.900000 1 1
1963 07 02 14.300000 1 1
1963 07 03 13.200000 1 1
1963 07 04 11.500000 1 1
1963 07 05 10.400000 1 1
1963 07 06 10.100000 1 1
1963 07 07 7.760000 1 1
1963 07 08 6.270000 1 1
1963 07 09 5.310000 1 1
1963 07 10 4.880000 1 1
1963 07 11 4.120000 1 1
1963 07 12 3.560000 1 1
1963 07 13 3.180000 1 1
1963 07 14 3.180000 1 1
1963 07 15 3.040000 1 1
1963 07 16 3.180000 1 1
1963 07 17 3.040000 1 1
1963 07 18 2.480000 1 1
1963 07 19 2.200000 1 1
1963 07 20 2.060000 1 1
1963 07 21 1.780000 1 1
1963 07 22 1.680000 1 1
1963 07 23 1.590000 1 1
1963 07 24 1.490000 1 1
1963 07 25 1.390000 1 1
1963 07 26 1.590000 1 1
1963 07 27 1.780000 1 1
1963 07 28 2.480000 1 1
1963 07 29 2.900000 1 1
1963 07 30 3.370000 1 1
1963 07 31 4.120000 1 1
1963 08 01 3.940000 1 1
1963 08 02 3.370000 1 1
1963 08 03 3.040000 1 1
1963 08 04 3.180000 1 1
1963 08 05 2.900000 1 1
1963 08 06 2.760000 1 1
1963 08 07 2.480000 1 1
1963 08 08 2.200000 1 1
1963 08 09 2.060000 1 1
1963 08 10 2.060000 1 1
1963 08 11 2.060000 1 1
1963 08 12 1.780000 1 1
1963 08 13 1.920000 1 1
1963 08 14 2.620000 1 1
1963 08 15 2.760000 1 1
1963 08 16 2.200000 1 1
1963 08 17 1.780000 1 1
1963 08 18 1.590000 1 1
1963 08 19 1.490000 1 1
1963 08 20 1.390000 1 1
1963 08 21 1.200000 1 1
1963 08 22 1.200000 1 1
1963 08 23 1.300000 1 1
1963 08 24 1.100000 1 1
1963 08 25 1.010000 1 1
1963 08 26 0.814000 1 1
1963 08 27 0.814000 1 1
1963 08 28 0.757000 1 1
1963 08 29 0.701000 1 1
1963 08 30 0.701000 1 1
1963 08 31 0.644000 1 1
1963 09 01 0.588000 1 1
1963 09 02 0.588000 1 1
1963 09 03 0.588000 1 1
1963 09 04 0.588000 1 1
1963 09 05 0.644000 1 1
1963 09 06 0.644000 1 1
1963 09 07 0.701000 1 1
1963 09 08 0.701000 1 1
1963 09 09 1.100000 1 1
1963 09 10 1.010000 1 1
1963 09 11 0.911000 1 1
1963 09 12 0.814000 1 1
1963 09 13 0.757000 1 1
1963 09 14 0.701000 1 1
1963 09 15 0.644000 1 1
1963 09 16 0.644000 1 1
1963 09 17 0.588000 1 1
1963 09 18 0.588000 1 1
1963 09 19 0.588000 1 1
1963 09 20 0.531000 1 1
1963 09 21 0.475000 1 1
1963 09 22 0.418000 1 1
1963 09 23 0.362000 1 1
1963 09 24 0.362000 1 1
1963 09 25 0.305000 1 1
1963 09 26 0.305000 1 1
1963 09 27 0.249000 1 1
1963 09 28 0.249000 1 1
1963 09 29 0.305000 1 1
1963 09 30 0.249000 1 1
1963 10 01 0.249000 1 1
1963 10 02 0.203000 1 1
1963 10 03 0.203000 1 1
1963 10 04 0.180000 1 1
1963 10 05 0.157000 1 1
1963 10 06 0.157000 1 1
1963 10 07 0.134000 1 1
1963 10 08 0.134000 1 1
1963 10 09 0.111000 1 1
1963 10 10 0.111000 1 1
1963 10 11 0.111000 1 1
1963 10 12 0.111000 1 1
1963 10 13 0.111000 1 1
1963 10 14 0.088000 1 1
1963 10 15 0.088000 1 1
1963 10 16 0.065000 1 1
1963 10 17 0.065000 1 1
1963 10 18 0.065000 1 1
1963 10 19 0.065000 1 1
1963 10 20 0.042000 1 1
1963 10 21 0.042000 1 1
1963 10 22 0.065000 1 1
1963 10 23 0.065000 1 1
1963 10 24 0.088000 1 1
1963 10 25 0.134000 1 1
1963 10 26 0.157000 1 1
1963 10 27 0.157000 1 1
1963 10 28 0.134000 1 1
1963 10 29 0.157000 1 1
1963 10 30 0.134000 1 1
1963 10 31 0.134000 1 1
1963 11 01 0.134000 1 1
1963 11 02 0.111000 1 1
1963 11 03 0.111000 1 1
1963 11 04 0.180000 1 1
1963 11 05 0.249000 1 1
1963 11 06 0.305000 1 1
1963 11 07 0.305000 1 1
1963 11 08 0.531000 1 1
1963 11 09 0.644000 1 1
1963 11 10 0.475000 1 1
1963 11 11 0.362000 1 1
1963 11 12 0.475000 1 1
1963 11 13 1.100000 1 1
1963 11 14 1.200000 1 1
1963 11 15 16.400000 1 1
1963 11 16 45.100000 1 1
1963 11 17 48.900000 1 1
1963 11 18 38.100000 1 1
1963 11 19 25.900000 1 1
1963 11 20 16.800000 1 1
1963 11 21 10.100000 1 1
1963 11 22 6.990000 1 1
1963 11 23 4.880000 1 1
1963 11 24 2.760000 1 1
1963 11 25 2.760000 1 1
1963 11 26 2.060000 1 1
1963 11 27 2.620000 1 1
1963 11 28 2.760000 1 1
1963 11 29 3.040000 1 1
1963 11 30 1.920000 1 1
1963 12 01 1.300000 1 1
1963 12 02 0.911000 1 1
1963 12 03 0.701000 1 1
1963 12 04 0.531000 1 1
1963 12 05 0.418000 1 1
1963 12 06 0.305000 1 1
1963 12 07 0.226000 1 1
1963 12 08 0.203000 1 1
1963 12 09 0.134000 1 1
1963 12 10 0.134000 1 1
1963 12 11 0.088000 1 1
1963 12 12 0.065000 1 1
1963 12 13 0.065000 1 1
1963 12 14 0.157000 1 1
1963 12 15 0.475000 1 1
1963 12 16 5.550000 1 1
1963 12 17 7.760000 1 1
1963 12 18 9.520000 1 1
1963 12 19 13.200000 1 1
1963 12 20 9.810000 1 1
1963 12 21 18.500000 1 1
1963 12 22 30.500000 1 1
1963 12 23 96.700000 1 1
1963 12 24 119.000000 1 1
1963 12 25 59.600000 1 1
1963 12 26 34.800000 1 1
1963 12 27 23.200000 1 1
1963 12 28 17.600000 1 1
1963 12 29 17.200000 1 1
1963 12 30 16.800000 1 1
1963 12 31 33.500000 1 1
1964 01 01 28.700000 1 1
1964 01 02 30.500000 1 1
1964 01 03 29.900000 1 1
1964 01 04 21.300000 1 1
1964 01 05 15.100000 1 1
1964 01 06 11.500000 1 1
1964 01 07 8.060000 1 1
1964 01 08 6.030000 1 1
1964 01 09 4.880000 1 1
1964 01 10 4.690000 1 1
1964 01 11 9.520000 1 1
1964 01 12 44.400000 1 1
1964 01 13 84.600000 1 1
1964 01 14 117.000000 1 1
1964 01 15 105.000000 1 1
1964 01 16 108.000000 1 1
1964 01 17 176.000000 1 1
1964 01 18 248.000000 1 1
1964 01 19 328.000000 1 1
1964 01 20 205.000000 1 1
1964 01 21 137.000000 1 1
1964 01 22 112.000000 1 1
1964 01 23 115.000000 1 1
1964 01 24 120.000000 1 1
1964 01 25 115.000000 1 1
1964 01 26 172.000000 1 1
1964 01 27 176.000000 1 1
1964 01 28 141.000000 1 1
1964 01 29 149.000000 1 1
1964 01 30 153.000000 1 1
1964 01 31 144.000000 1 1
1964 02 01 94.500000 1 1
1964 02 02 81.500000 1 1
1964 02 03 72.500000 1 1
1964 02 04 59.600000 1 1
1964 02 05 48.900000 1 1
1964 02 06 44.400000 1 1
1964 02 07 42.900000 1 1
1964 02 08 37.400000 1 1
1964 02 09 32.900000 1 1
1964 02 10 27.600000 1 1
1964 02 11 24.900000 1 1
1964 02 12 23.200000 1 1
1964 02 13 25.400000 1 1
1964 02 14 24.300000 1 1
1964 02 15 23.200000 1 1
1964 02 16 18.000000 1 1
1964 02 17 15.900000 1 1
1964 02 18 14.700000 1 1
1964 02 19 13.900000 1 1
1964 02 20 12.900000 1 1
1964 02 21 11.500000 1 1
1964 02 22 11.100000 1 1
1964 02 23 10.400000 1 1
1964 02 24 11.100000 1 1
1964 02 25 11.800000 1 1
1964 02 26 14.700000 1 1
1964 02 27 15.500000 1 1
1964 02 28 14.700000 1 1
1964 02 29 15.100000 1 1
1964 03 01 15.100000 1 1
1964 03 02 16.800000 1 1
1964 03 03 21.800000 1 1
1964 03 04 37.400000 1 1
1964 03 05 40.000000 1 1
1964 03 06 40.000000 1 1
1964 03 07 32.900000 1 1
1964 03 08 31.100000 1 1
1964 03 09 27.600000 1 1
1964 03 10 23.200000 1 1
1964 03 11 21.300000 1 1
1964 03 12 21.800000 1 1
1964 03 13 22.700000 1 1
1964 03 14 19.900000 1 1
1964 03 15 16.400000 1 1
1964 03 16 13.600000 1 1
1964 03 17 27.000000 1 1
1964 03 18 52.100000 1 1
1964 03 19 40.700000 1 1
1964 03 20 25.900000 1 1
1964 03 21 22.700000 1 1
1964 03 22 22.200000 1 1
1964 03 23 20.800000 1 1
1964 03 24 16.800000 1 1
1964 03 25 14.300000 1 1
1964 03 26 11.800000 1 1
1964 03 27 10.100000 1 1
1964 03 28 8.940000 1 1
1964 03 29 8.350000 1 1
1964 03 30 7.230000 1 1
1964 03 31 6.750000 1 1
1964 04 01 6.270000 1 1
1964 04 02 6.270000 1 1
1964 04 03 6.270000 1 1
1964 04 04 5.790000 1 1
1964 04 05 5.550000 1 1
1964 04 06 6.270000 1 1
1964 04 07 7.230000 1 1
1964 04 08 9.520000 1 1
1964 04 09 10.100000 1 1
1964 04 10 8.350000 1 1
1964 04 11 7.470000 1 1
1964 04 12 6.270000 1 1
1964 04 13 7.470000 1 1
1964 04 14 8.350000 1 1
1964 04 15 11.100000 1 1
1964 04 16 16.400000 1 1
1964 04 17 24.900000 1 1
1964 04 18 21.800000 1 1
1964 04 19 16.800000 1 1
1964 04 20 12.200000 1 1
1964 04 21 10.800000 1 1
1964 04 22 9.520000 1 1
1964 04 23 10.100000 1 1
1964 04 24 11.800000 1 1
1964 04 25 13.200000 1 1
1964 04 26 13.200000 1 1
1964 04 27 11.100000 1 1
1964 04 28 9.230000 1 1
1964 04 29 8.350000 1 1
1964 04 30 7.760000 1 1
1964 05 01 8.350000 1 1
1964 05 02 12.500000 1 1
1964 05 03 13.900000 1 1
1964 05 04 12.900000 1 1
1964 05 05 13.200000 1 1
1964 05 06 11.800000 1 1
1964 05 07 10.100000 1 1
1964 05 08 9.230000 1 1
1964 05 09 8.640000 1 1
1964 05 10 7.760000 1 1
1964 05 11 7.470000 1 1
1964 05 12 6.990000 1 1
1964 05 13 6.270000 1 1
1964 05 14 6.030000 1 1
1964 05 15 5.790000 1 1
1964 05 16 6.270000 1 1
1964 05 17 8.350000 1 1
1964 05 18 10.400000 1 1
1964 05 19 10.800000 1 1
1964 05 20 9.810000 1 1
1964 05 21 9.810000 1 1
1964 05 22 11.800000 1 1
1964 05 23 11.500000 1 1
1964 05 24 9.810000 1 1
1964 05 25 8.350000 1 1
1964 05 26 6.990000 1 1
1964 05 27 6.510000 1 1
1964 05 28 5.550000 1 1
1964 05 29 5.070000 1 1
1964 05 30 5.550000 1 1
1964 05 31 7.470000 1 1
1964 06 01 11.100000 1 1
1964 06 02 7.230000 1 1
1964 06 03 5.790000 1 1
1964 06 04 5.070000 1 1
1964 06 05 3.940000 1 1
1964 06 06 4.690000 1 1
1964 06 07 4.500000 1 1
1964 06 08 4.310000 1 1
1964 06 09 4.120000 1 1
1964 06 10 3.940000 1 1
1964 06 11 3.560000 1 1
1964 06 12 3.560000 1 1
1964 06 13 3.180000 1 1
1964 06 14 3.180000 1 1
1964 06 15 2.480000 1 1
1964 06 16 2.900000 1 1
1964 06 17 2.900000 1 1
1964 06 18 2.760000 1 1
1964 06 19 2.900000 1 1
1964 06 20 3.040000 1 1
1964 06 21 3.370000 1 1
1964 06 22 4.880000 1 1
1964 06 23 6.030000 1 1
1964 06 24 5.310000 1 1
1964 06 25 4.690000 1 1
1964 06 26 4.690000 1 1
1964 06 27 5.310000 1 1
1964 06 28 5.070000 1 1
1964 06 29 5.070000 1 1
1964 06 30 4.880000 1 1
1964 07 01 4.880000 1 1
1964 07 02 9.520000 1 1
1964 07 03 16.800000 1 1
1964 07 04 44.400000 1 1
1964 07 05 39.400000 1 1
1964 07 06 28.100000 1 1
1964 07 07 18.500000 1 1
1964 07 08 13.900000 1 1
1964 07 09 10.100000 1 1
1964 07 10 8.350000 1 1
1964 07 11 7.760000 1 1
1964 07 12 8.350000 1 1
1964 07 13 8.640000 1 1
1964 07 14 7.760000 1 1
1964 07 15 7.230000 1 1
1964 07 16 6.990000 1 1
1964 07 17 6.270000 1 1
1964 07 18 5.310000 1 1
1964 07 19 4.690000 1 1
1964 07 20 5.790000 1 1
1964 07 21 5.550000 1 1
1964 07 22 7.760000 1 1
1964 07 23 8.940000 1 1
1964 07 24 7.230000 1 1
1964 07 25 6.270000 1 1
1964 07 26 5.550000 1 1
1964 07 27 5.310000 1 1
1964 07 28 4.690000 1 1
1964 07 29 4.880000 1 1
1964 07 30 6.270000 1 1
1964 07 31 8.060000 1 1
1964 08 01 7.760000 1 1
1964 08 02 9.230000 1 1
1964 08 03 11.100000 1 1
1964 08 04 9.810000 1 1
1964 08 05 9.520000 1 1
1964 08 06 9.230000 1 1
1964 08 07 9.230000 1 1
1964 08 08 10.100000 1 1
1964 08 09 11.800000 1 1
1964 08 10 18.000000 1 1
1964 08 11 20.800000 1 1
1964 08 12 20.800000 1 1
1964 08 13 31.100000 1 1
1964 08 14 40.700000 1 1
1964 08 15 73.400000 1 1
1964 08 16 155.000000 1 1
1964 08 17 195.000000 1 1
1964 08 18 134.000000 1 1
1964 08 19 120.000000 1 1
1964 08 20 94.500000 1 1
1964 08 21 69.600000 1 1
1964 08 22 59.600000 1 1
1964 08 23 45.900000 1 1
1964 08 24 40.000000 1 1
1964 08 25 34.100000 1 1
1964 08 26 31.700000 1 1
1964 08 27 30.500000 1 1
1964 08 28 27.600000 1 1
1964 08 29 25.400000 1 1
1964 08 30 26.500000 1 1
1964 08 31 23.800000 1 1
1964 09 01 20.800000 1 1
1964 09 02 29.300000 1 1
1964 09 03 31.700000 1 1
1964 09 04 28.700000 1 1
1964 09 05 24.900000 1 1
1964 09 06 24.900000 1 1
1964 09 07 23.800000 1 1
1964 09 08 22.700000 1 1
1964 09 09 22.200000 1 1
1964 09 10 20.300000 1 1
1964 09 11 17.600000 1 1
1964 09 12 15.500000 1 1
1964 09 13 15.100000 1 1
1964 09 14 13.900000 1 1
1964 09 15 14.700000 1 1
1964 09 16 20.300000 1 1
1964 09 17 35.400000 1 1
1964 09 18 41.400000 1 1
1964 09 19 38.700000 1 1
1964 09 20 32.900000 1 1
1964 09 21 34.800000 1 1
1964 09 22 29.300000 1 1
1964 09 23 30.500000 1 1
1964 09 24 34.100000 1 1
1964 09 25 35.400000 1 1
1964 09 26 48.900000 1 1
1964 09 27 52.900000 1 1
1964 09 28 48.100000 1 1
1964 09 29 55.300000 1 1
1964 09 30 62.300000 1 1
1964 10 01 72.500000 1 1
1964 10 02 82.600000 1 1
1964 10 03 89.000000 1 1
1964 10 04 67.700000 1 1
1964 10 05 52.900000 1 1
1964 10 06 42.200000 1 1
1964 10 07 36.700000 1 1
1964 10 08 32.900000 1 1
1964 10 09 28.700000 1 1
1964 10 10 25.400000 1 1
1964 10 11 23.200000 1 1
1964 10 12 20.300000 1 1
1964 10 13 21.800000 1 1
1964 10 14 41.400000 1 1
1964 10 15 51.300000 1 1
1964 10 16 51.300000 1 1
1964 10 17 54.500000 1 1
1964 10 18 42.900000 1 1
1964 10 19 38.100000 1 1
1964 10 20 28.700000 1 1
1964 10 21 21.300000 1 1
1964 10 22 17.600000 1 1
1964 10 23 15.900000 1 1
1964 10 24 14.700000 1 1
1964 10 25 15.100000 1 1
1964 10 26 15.500000 1 1
1964 10 27 13.900000 1 1
1964 10 28 15.100000 1 1
1964 10 29 16.800000 1 1
1964 10 30 14.300000 1 1
1964 10 31 12.900000 1 1
1964 11 01 11.100000 1 1
1964 11 02 13.200000 1 1
1964 11 03 47.400000 1 1
1964 11 04 125.000000 1 1
1964 11 05 102.000000 1 1
1964 11 06 66.800000 1 1
1964 11 07 45.900000 1 1
1964 11 08 60.500000 1 1
1964 11 09 158.000000 1 1
1964 11 10 342.000000 1 1
1964 11 11 331.000000 1 1
1964 11 12 227.000000 1 1
1964 11 13 190.000000 1 1
1964 11 14 158.000000 1 1
1964 11 15 110.000000 1 1
1964 11 16 85.700000 1 1
1964 11 17 84.600000 1 1
1964 11 18 70.600000 1 1
1964 11 19 58.700000 1 1
1964 11 20 50.500000 1 1
1964 11 21 45.900000 1 1
1964 11 22 42.200000 1 1
1964 11 23 52.100000 1 1
1964 11 24 110.000000 1 1
1964 11 25 231.000000 1 1
1964 11 26 180.000000 1 1
1964 11 27 134.000000 1 1
1964 11 28 114.000000 1 1
1964 11 29 94.500000 1 1
1964 11 30 81.500000 1 1
1964 12 01 96.700000 1 1
1964 12 02 84.600000 1 1
1964 12 03 68.700000 1 1
1964 12 04 59.600000 1 1
1964 12 05 60.500000 1 1
1964 12 06 75.400000 1 1
1964 12 07 73.400000 1 1
1964 12 08 65.800000 1 1
1964 12 09 79.500000 1 1
1964 12 10 187.000000 1 1
1964 12 11 141.000000 1 1
1964 12 12 111.000000 1 1
1964 12 13 87.900000 1 1
1964 12 14 67.700000 1 1
1964 12 15 56.100000 1 1
1964 12 16 49.700000 1 1
1964 12 17 46.600000 1 1
1964 12 18 45.100000 1 1
1964 12 19 42.900000 1 1
1964 12 20 40.700000 1 1
1964 12 21 40.700000 1 1
1964 12 22 39.400000 1 1
1964 12 23 37.400000 1 1
1964 12 24 32.900000 1 1
1964 12 25 29.900000 1 1
1964 12 26 28.700000 1 1
1964 12 27 28.700000 1 1
1964 12 28 40.700000 1 1
1964 12 29 50.500000 1 1
1964 12 30 64.000000 1 1
1964 12 31 63.100000 1 1
1965 01 01 64.900000 1 1
1965 01 02 55.300000 1 1
1965 01 03 62.300000 1 1
1965 01 04 48.900000 1 1
1965 01 05 35.400000 1 1
1965 01 06 29.300000 1 1
1965 01 07 35.400000 1 1
1965 01 08 76.400000 1 1
1965 01 09 107.000000 1 1
1965 01 10 87.900000 1 1
1965 01 11 64.900000 1 1
1965 01 12 53.700000 1 1
1965 01 13 55.300000 1 1
1965 01 14 57.000000 1 1
1965 01 15 54.500000 1 1
1965 01 16 51.300000 1 1
1965 01 17 49.700000 1 1
1965 01 18 49.700000 1 1
1965 01 19 45.100000 1 1
1965 01 20 39.400000 1 1
1965 01 21 34.800000 1 1
1965 01 22 31.100000 1 1
1965 01 23 29.900000 1 1
1965 01 24 28.100000 1 1
1965 01 25 26.500000 1 1
1965 01 26 24.300000 1 1
1965 01 27 25.900000 1 1
1965 01 28 26.500000 1 1
1965 01 29 29.900000 1 1
1965 01 30 27.000000 1 1
1965 01 31 23.200000 1 1
1965 02 01 21.800000 1 1
1965 02 02 19.400000 1 1
1965 02 03 18.500000 1 1
1965 02 04 16.800000 1 1
1965 02 05 17.200000 1 1
1965 02 06 19.400000 1 1
1965 02 07 18.900000 1 1
1965 02 08 24.300000 1 1
1965 02 09 40.000000 1 1
1965 02 10 75.400000 1 1
1965 02 11 96.700000 1 1
1965 02 12 64.000000 1 1
1965 02 13 39.400000 1 1
1965 02 14 27.000000 1 1
1965 02 15 21.800000 1 1
1965 02 16 19.400000 1 1
1965 02 17 17.600000 1 1
1965 02 18 16.400000 1 1
1965 02 19 15.500000 1 1
1965 02 20 14.700000 1 1
1965 02 21 15.500000 1 1
1965 02 22 18.500000 1 1
1965 02 23 18.000000 1 1
1965 02 24 16.800000 1 1
1965 02 25 15.100000 1 1
1965 02 26 13.200000 1 1
1965 02 27 11.800000 1 1
1965 02 28 11.100000 1 1
1965 03 01 10.800000 1 1
1965 03 02 10.100000 1 1
1965 03 03 9.810000 1 1
1965 03 04 9.520000 1 1
1965 03 05 9.230000 1 1
1965 03 06 8.640000 1 1
1965 03 07 8.640000 1 1
1965 03 08 8.640000 1 1
1965 03 09 8.640000 1 1
1965 03 10 8.640000 1 1
1965 03 11 8.350000 1 1
1965 03 12 8.060000 1 1
1965 03 13 7.760000 1 1
1965 03 14 7.470000 1 1
1965 03 15 7.230000 1 1
1965 03 16 6.990000 1 1
1965 03 17 7.470000 1 1
1965 03 18 7.760000 1 1
1965 03 19 7.760000 1 1
1965 03 20 7.470000 1 1
1965 03 21 13.600000 1 1
1965 03 22 14.700000 1 1
1965 03 23 15.900000 1 1
1965 03 24 12.200000 1 1
1965 03 25 12.200000 1 1
1965 03 26 15.900000 1 1
1965 03 27 14.300000 1 1
1965 03 28 9.520000 1 1
1965 03 29 9.810000 1 1
1965 03 30 9.810000 1 1
1965 03 31 15.100000 1 1
1965 04 01 18.000000 1 1
1965 04 02 50.500000 1 1
1965 04 03 54.500000 1 1
1965 04 04 40.700000 1 1
1965 04 05 25.400000 1 1
1965 04 06 16.800000 1 1
1965 04 07 13.600000 1 1
1965 04 08 14.300000 1 1
1965 04 09 14.300000 1 1
1965 04 10 15.100000 1 1
1965 04 11 13.200000 1 1
1965 04 12 13.200000 1 1
1965 04 13 31.100000 1 1
1965 04 14 38.100000 1 1
1965 04 15 38.700000 1 1
1965 04 16 34.800000 1 1
1965 04 17 27.600000 1 1
1965 04 18 20.800000 1 1
1965 04 19 18.900000 1 1
1965 04 20 18.000000 1 1
1965 04 21 28.700000 1 1
1965 04 22 23.200000 1 1
1965 04 23 18.000000 1 1
1965 04 24 15.500000 1 1
1965 04 25 14.300000 1 1
1965 04 26 12.200000 1 1
1965 04 27 11.500000 1 1
1965 04 28 10.800000 1 1
1965 04 29 9.810000 1 1
1965 04 30 9.230000 1 1
1965 05 01 8.640000 1 1
1965 05 02 8.640000 1 1
1965 05 03 8.640000 1 1
1965 05 04 9.810000 1 1
1965 05 05 9.520000 1 1
1965 05 06 8.640000 1 1
1965 05 07 8.060000 1 1
1965 05 08 8.640000 1 1
1965 05 09 8.940000 1 1
1965 05 10 8.060000 1 1
1965 05 11 7.760000 1 1
1965 05 12 7.470000 1 1
1965 05 13 7.230000 1 1
1965 05 14 6.750000 1 1
1965 05 15 6.510000 1 1
1965 05 16 6.030000 1 1
1965 05 17 5.790000 1 1
1965 05 18 5.550000 1 1
1965 05 19 5.550000 1 1
1965 05 20 6.030000 1 1
1965 05 21 7.760000 1 1
1965 05 22 10.100000 1 1
1965 05 23 8.350000 1 1
1965 05 24 7.470000 1 1
1965 05 25 6.750000 1 1
1965 05 26 6.750000 1 1
1965 05 27 9.810000 1 1
1965 05 28 8.060000 1 1
1965 05 29 8.350000 1 1
1965 05 30 7.470000 1 1
1965 05 31 8.640000 1 1
1965 06 01 10.400000 1 1
1965 06 02 9.810000 1 1
1965 06 03 9.810000 1 1
1965 06 04 11.500000 1 1
1965 06 05 13.200000 1 1
1965 06 06 13.200000 1 1
1965 06 07 12.200000 1 1
1965 06 08 13.600000 1 1
1965 06 09 12.200000 1 1
1965 06 10 13.200000 1 1
1965 06 11 14.700000 1 1
1965 06 12 14.300000 1 1
1965 06 13 13.200000 1 1
1965 06 14 15.900000 1 1
1965 06 15 13.900000 1 1
1965 06 16 11.800000 1 1
1965 06 17 10.100000 1 1
1965 06 18 8.940000 1 1
1965 06 19 8.640000 1 1
1965 06 20 8.350000 1 1
1965 06 21 8.350000 1 1
1965 06 22 8.350000 1 1
1965 06 23 10.100000 1 1
1965 06 24 12.200000 1 1
1965 06 25 18.000000 1 1
1965 06 26 23.200000 1 1
1965 06 27 23.200000 1 1
1965 06 28 21.300000 1 1
1965 06 29 20.300000 1 1
1965 06 30 18.900000 1 1
1965 07 01 16.400000 1 1
1965 07 02 13.200000 1 1
1965 07 03 11.800000 1 1
1965 07 04 10.100000 1 1
1965 07 05 8.940000 1 1
1965 07 06 8.060000 1 1
1965 07 07 7.470000 1 1
1965 07 08 6.990000 1 1
1965 07 09 6.510000 1 1
1965 07 10 6.510000 1 1
1965 07 11 6.030000 1 1
1965 07 12 6.270000 1 1
1965 07 13 6.750000 1 1
1965 07 14 9.230000 1 1
1965 07 15 10.400000 1 1
1965 07 16 12.500000 1 1
1965 07 17 11.800000 1 1
1965 07 18 10.800000 1 1
1965 07 19 8.640000 1 1
1965 07 20 9.230000 1 1
1965 07 21 10.100000 1 1
1965 07 22 10.100000 1 1
1965 07 23 9.520000 1 1
1965 07 24 9.230000 1 1
1965 07 25 8.640000 1 1
1965 07 26 8.940000 1 1
1965 07 27 8.350000 1 1
1965 07 28 8.940000 1 1
1965 07 29 8.640000 1 1
1965 07 30 8.640000 1 1
1965 07 31 8.350000 1 1
1965 08 01 7.760000 1 1
1965 08 02 7.230000 1 1
1965 08 03 7.230000 1 1
1965 08 04 6.030000 1 1
1965 08 05 6.510000 1 1
1965 08 06 5.550000 1 1
1965 08 07 5.310000 1 1
1965 08 08 5.550000 1 1
1965 08 09 5.790000 1 1
1965 08 10 6.030000 1 1
1965 08 11 6.270000 1 1
1965 08 12 6.510000 1 1
1965 08 13 7.230000 1 1
1965 08 14 8.060000 1 1
1965 08 15 7.230000 1 1
1965 08 16 6.510000 1 1
1965 08 17 5.790000 1 1
1965 08 18 4.880000 1 1
1965 08 19 4.500000 1 1
1965 08 20 4.310000 1 1
1965 08 21 3.940000 1 1
1965 08 22 3.940000 1 1
1965 08 23 3.750000 1 1
1965 08 24 3.750000 1 1
1965 08 25 3.940000 1 1
1965 08 26 4.310000 1 1
1965 08 27 5.790000 1 1
1965 08 28 9.230000 1 1
1965 08 29 8.350000 1 1
1965 08 30 8.350000 1 1
1965 08 31 6.750000 1 1
1965 09 01 5.790000 1 1
1965 09 02 4.880000 1 1
1965 09 03 4.310000 1 1
1965 09 04 4.120000 1 1
1965 09 05 3.940000 1 1
1965 09 06 3.750000 1 1
1965 09 07 3.370000 1 1
1965 09 08 3.180000 1 1
1965 09 09 2.900000 1 1
1965 09 10 2.760000 1 1
1965 09 11 2.620000 1 1
1965 09 12 2.760000 1 1
1965 09 13 2.620000 1 1
1965 09 14 2.900000 1 1
1965 09 15 3.180000 1 1
1965 09 16 4.880000 1 1
1965 09 17 4.500000 1 1
1965 09 18 4.690000 1 1
1965 09 19 4.120000 1 1
1965 09 20 3.370000 1 1
1965 09 21 2.900000 1 1
1965 09 22 2.760000 1 1
1965 09 23 2.760000 1 1
1965 09 24 3.940000 1 1
1965 09 25 8.350000 1 1
1965 09 26 15.100000 1 1
1965 09 27 13.900000 1 1
1965 09 28 9.810000 1 1
1965 09 29 7.470000 1 1
1965 09 30 5.550000 1 1
1965 10 01 4.690000 1 1
1965 10 02 4.310000 1 1
1965 10 03 4.310000 1 1
1965 10 04 4.690000 1 1
1965 10 05 5.790000 1 1
1965 10 06 5.310000 1 1
1965 10 07 4.690000 1 1
1965 10 08 4.500000 1 1
1965 10 09 3.750000 1 1
1965 10 10 3.180000 1 1
1965 10 11 2.760000 1 1
1965 10 12 2.620000 1 1
1965 10 13 2.760000 1 1
1965 10 14 5.310000 1 1
1965 10 15 5.310000 1 1
1965 10 16 6.990000 1 1
1965 10 17 13.900000 1 1
1965 10 18 18.000000 1 1
1965 10 19 15.500000 1 1
1965 10 20 15.500000 1 1
1965 10 21 13.200000 1 1
1965 10 22 9.520000 1 1
1965 10 23 6.990000 1 1
1965 10 24 5.790000 1 1
1965 10 25 4.500000 1 1
1965 10 26 3.940000 1 1
1965 10 27 3.560000 1 1
1965 10 28 11.800000 1 1
1965 10 29 19.900000 1 1
1965 10 30 13.200000 1 1
1965 10 31 9.520000 1 1
1965 11 01 8.350000 1 1
1965 11 02 11.100000 1 1
1965 11 03 38.100000 1 1
1965 11 04 64.900000 1 1
1965 11 05 60.500000 1 1
1965 11 06 45.900000 1 1
1965 11 07 41.400000 1 1
1965 11 08 29.300000 1 1
1965 11 09 22.200000 1 1
1965 11 10 23.200000 1 1
1965 11 11 20.300000 1 1
1965 11 12 13.600000 1 1
1965 11 13 11.800000 1 1
1965 11 14 8.640000 1 1
1965 11 15 7.230000 1 1
1965 11 16 5.790000 1 1
1965 11 17 5.070000 1 1
1965 11 18 5.070000 1 1
1965 11 19 7.470000 1 1
1965 11 20 20.300000 1 1
1965 11 21 31.100000 1 1
1965 11 22 28.700000 1 1
1965 11 23 44.400000 1 1
1965 11 24 95.600000 1 1
1965 11 25 167.000000 1 1
1965 11 26 210.000000 1 1
1965 11 27 225.000000 1 1
1965 11 28 140.000000 1 1
1965 11 29 82.600000 1 1
1965 11 30 54.500000 1 1
1965 12 01 40.000000 1 1
1965 12 02 33.500000 1 1
1965 12 03 36.100000 1 1
1965 12 04 40.000000 1 1
1965 12 05 55.300000 1 1
1965 12 06 71.500000 1 1
1965 12 07 84.600000 1 1
1965 12 08 90.100000 1 1
1965 12 09 55.300000 1 1
1965 12 10 39.400000 1 1
1965 12 11 29.300000 1 1
1965 12 12 23.800000 1 1
1965 12 13 19.900000 1 1
1965 12 14 17.600000 1 1
1965 12 15 15.500000 1 1
1965 12 16 13.900000 1 1
1965 12 17 12.500000 1 1
1965 12 18 11.800000 1 1
1965 12 19 11.100000 1 1
1965 12 20 11.800000 1 1
1965 12 21 13.900000 1 1
1965 12 22 12.500000 1 1
1965 12 23 10.100000 1 1
1965 12 24 8.940000 1 1
1965 12 25 7.760000 1 1
1965 12 26 6.750000 1 1
1965 12 27 6.270000 1 1
1965 12 28 6.030000 1 1
1965 12 29 5.790000 1 1
1965 12 30 6.270000 1 1
1965 12 31 7.760000 1 1
1966 01 01 7.760000 1 1
1966 01 02 6.750000 1 1
1966 01 03 5.790000 1 1
1966 01 04 6.270000 1 1
1966 01 05 6.510000 1 1
1966 01 06 6.990000 1 1
1966 01 07 8.640000 1 1
1966 01 08 8.350000 1 1
1966 01 09 7.760000 1 1
1966 01 10 6.750000 1 1
1966 01 11 5.790000 1 1
1966 01 12 4.880000 1 1
1966 01 13 4.310000 1 1
1966 01 14 4.120000 1 1
1966 01 15 10.400000 1 1
1966 01 16 49.700000 1 1
1966 01 17 52.100000 1 1
1966 01 18 31.700000 1 1
1966 01 19 18.500000 1 1
1966 01 20 12.200000 1 1
1966 01 21 9.230000 1 1
1966 01 22 7.230000 1 1
1966 01 23 6.750000 1 1
1966 01 24 7.230000 1 1
1966 01 25 13.900000 1 1
1966 01 26 9.810000 1 1
1966 01 27 9.520000 1 1
1966 01 28 7.760000 1 1
1966 01 29 6.030000 1 1
1966 01 30 4.880000 1 1
1966 01 31 5.070000 1 1
1966 02 01 4.310000 1 1
1966 02 02 5.070000 1 1
1966 02 03 6.510000 1 1
1966 02 04 6.030000 1 1
1966 02 05 8.350000 1 1
1966 02 06 10.400000 1 1
1966 02 07 9.810000 1 1
1966 02 08 7.760000 1 1
1966 02 09 8.350000 1 1
1966 02 10 6.990000 1 1
1966 02 11 6.510000 1 1
1966 02 12 10.400000 1 1
1966 02 13 8.940000 1 1
1966 02 14 10.100000 1 1
1966 02 15 7.470000 1 1
1966 02 16 5.790000 1 1
1966 02 17 5.310000 1 1
1966 02 18 4.500000 1 1
1966 02 19 3.750000 1 1
1966 02 20 3.370000 1 1
1966 02 21 3.040000 1 1
1966 02 22 2.760000 1 1
1966 02 23 2.620000 1 1
1966 02 24 2.480000 1 1
1966 02 25 2.200000 1 1
1966 02 26 2.060000 1 1
1966 02 27 1.780000 1 1
1966 02 28 1.780000 1 1
1966 03 01 1.590000 1 1
1966 03 02 1.590000 1 1
1966 03 03 1.680000 1 1
1966 03 04 1.780000 1 1
1966 03 05 1.680000 1 1
1966 03 06 1.590000 1 1
1966 03 07 1.490000 1 1
1966 03 08 1.490000 1 1
1966 03 09 1.680000 1 1
1966 03 10 1.780000 1 1
1966 03 11 2.060000 1 1
1966 03 12 2.200000 1 1
1966 03 13 2.060000 1 1
1966 03 14 1.680000 1 1
1966 03 15 1.590000 1 1
1966 03 16 1.490000 1 1
1966 03 17 1.390000 1 1
1966 03 18 1.490000 1 1
1966 03 19 2.480000 1 1
1966 03 20 3.040000 1 1
1966 03 21 4.310000 1 1
1966 03 22 5.310000 1 1
1966 03 23 4.690000 1 1
1966 03 24 3.560000 1 1
1966 03 25 3.040000 1 1
1966 03 26 2.340000 1 1
1966 03 27 2.480000 1 1
1966 03 28 2.340000 1 1
1966 03 29 1.920000 1 1
1966 03 30 1.590000 1 1
1966 03 31 1.490000 1 1
1966 04 01 1.390000 1 1
1966 04 02 1.300000 1 1
1966 04 03 1.200000 1 1
1966 04 04 5.790000 1 1
1966 04 05 12.900000 1 1
1966 04 06 18.000000 1 1
1966 04 07 18.500000 1 1
1966 04 08 13.900000 1 1
1966 04 09 17.200000 1 1
1966 04 10 17.200000 1 1
1966 04 11 12.200000 1 1
1966 04 12 12.500000 1 1
1966 04 13 13.200000 1 1
1966 04 14 14.300000 1 1
1966 04 15 9.810000 1 1
1966 04 16 6.990000 1 1
1966 04 17 5.310000 1 1
1966 04 18 4.500000 1 1
1966 04 19 5.070000 1 1
1966 04 20 5.070000 1 1
1966 04 21 4.690000 1 1
1966 04 22 3.940000 1 1
1966 04 23 3.180000 1 1
1966 04 24 3.040000 1 1
1966 04 25 2.620000 1 1
1966 04 26 2.340000 1 1
1966 04 27 2.060000 1 1
1966 04 28 2.480000 1 1
1966 04 29 4.120000 1 1
1966 04 30 9.810000 1 1
1966 05 01 12.900000 1 1
1966 05 02 11.800000 1 1
1966 05 03 8.350000 1 1
1966 05 04 8.940000 1 1
1966 05 05 9.520000 1 1
1966 05 06 6.750000 1 1
1966 05 07 5.310000 1 1
1966 05 08 4.310000 1 1
1966 05 09 3.750000 1 1
1966 05 10 3.180000 1 1
1966 05 11 2.900000 1 1
1966 05 12 2.620000 1 1
1966 05 13 2.480000 1 1
1966 05 14 2.620000 1 1
1966 05 15 2.620000 1 1
1966 05 16 2.340000 1 1
1966 05 17 2.200000 1 1
1966 05 18 2.200000 1 1
1966 05 19 2.480000 1 1
1966 05 20 2.620000 1 1
1966 05 21 2.620000 1 1
1966 05 22 2.620000 1 1
1966 05 23 2.340000 1 1
1966 05 24 2.480000 1 1
1966 05 25 2.060000 1 1
1966 05 26 1.920000 1 1
1966 05 27 1.780000 1 1
1966 05 28 1.920000 1 1
1966 05 29 2.060000 1 1
1966 05 30 2.060000 1 1
1966 05 31 2.340000 1 1
1966 06 01 2.620000 1 1
1966 06 02 2.900000 1 1
1966 06 03 2.900000 1 1
1966 06 04 2.620000 1 1
1966 06 05 2.480000 1 1
1966 06 06 2.060000 1 1
1966 06 07 1.920000 1 1
1966 06 08 1.680000 1 1
1966 06 09 1.590000 1 1
1966 06 10 1.490000 1 1
1966 06 11 1.490000 1 1
1966 06 12 1.590000 1 1
1966 06 13 1.490000 1 1
1966 06 14 1.680000 1 1
1966 06 15 1.780000 1 1
1966 06 16 2.060000 1 1
1966 06 17 2.340000 1 1
1966 06 18 2.760000 1 1
1966 06 19 2.340000 1 1
1966 06 20 2.620000 1 1
1966 06 21 1.780000 1 1
1966 06 22 1.780000 1 1
1966 06 23 1.780000 1 1
1966 06 24 1.780000 1 1
1966 06 25 2.060000 1 1
1966 06 26 2.200000 1 1
1966 06 27 2.620000 1 1
1966 06 28 3.040000 1 1
1966 06 29 3.750000 1 1
1966 06 30 4.120000 1 1
1966 07 01 3.750000 1 1
1966 07 02 3.560000 1 1
1966 07 03 3.560000 1 1
1966 07 04 4.120000 1 1
1966 07 05 3.750000 1 1
1966 07 06 3.040000 1 1
1966 07 07 3.180000 1 1
1966 07 08 3.750000 1 1
1966 07 09 4.310000 1 1
1966 07 10 6.750000 1 1
1966 07 11 11.800000 1 1
1966 07 12 12.500000 1 1
1966 07 13 19.400000 1 1
1966 07 14 15.500000 1 1
1966 07 15 14.700000 1 1
1966 07 16 17.600000 1 1
1966 07 17 17.200000 1 1
1966 07 18 12.500000 1 1
1966 07 19 10.100000 1 1
1966 07 20 8.350000 1 1
1966 07 21 7.760000 1 1
1966 07 22 8.350000 1 1
1966 07 23 7.230000 1 1
1966 07 24 5.790000 1 1
1966 07 25 4.880000 1 1
1966 07 26 5.310000 1 1
1966 07 27 9.520000 1 1
1966 07 28 13.900000 1 1
1966 07 29 24.900000 1 1
1966 07 30 32.900000 1 1
1966 07 31 40.700000 1 1
1966 08 01 30.500000 1 1
1966 08 02 21.800000 1 1
1966 08 03 16.800000 1 1
1966 08 04 11.800000 1 1
1966 08 05 9.520000 1 1
1966 08 06 8.640000 1 1
1966 08 07 8.060000 1 1
1966 08 08 7.470000 1 1
1966 08 09 6.510000 1 1
1966 08 10 5.550000 1 1
1966 08 11 6.030000 1 1
1966 08 12 6.030000 1 1
1966 08 13 5.790000 1 1
1966 08 14 5.070000 1 1
1966 08 15 4.500000 1 1
1966 08 16 3.940000 1 1
1966 08 17 3.560000 1 1
1966 08 18 3.750000 1 1
1966 08 19 4.120000 1 1
1966 08 20 9.230000 1 1
1966 08 21 11.500000 1 1
1966 08 22 7.470000 1 1
1966 08 23 6.270000 1 1
1966 08 24 5.310000 1 1
1966 08 25 4.500000 1 1
1966 08 26 3.940000 1 1
1966 08 27 3.750000 1 1
1966 08 28 3.370000 1 1
1966 08 29 3.560000 1 1
1966 08 30 3.560000 1 1
1966 08 31 4.690000 1 1
1966 09 01 4.690000 1 1
1966 09 02 4.880000 1 1
1966 09 03 5.550000 1 1
1966 09 04 5.070000 1 1
1966 09 05 4.880000 1 1
1966 09 06 5.790000 1 1
1966 09 07 4.880000 1 1
1966 09 08 4.310000 1 1
1966 09 09 3.940000 1 1
1966 09 10 4.120000 1 1
1966 09 11 4.500000 1 1
1966 09 12 4.500000 1 1
1966 09 13 3.940000 1 1
1966 09 14 3.040000 1 1
1966 09 15 2.900000 1 1
1966 09 16 3.040000 1 1
1966 09 17 3.040000 1 1
1966 09 18 2.760000 1 1
1966 09 19 2.480000 1 1
1966 09 20 2.340000 1 1
1966 09 21 2.480000 1 1
1966 09 22 2.340000 1 1
1966 09 23 2.900000 1 1
1966 09 24 4.310000 1 1
1966 09 25 8.350000 1 1
1966 09 26 10.400000 1 1
1966 09 27 9.520000 1 1
1966 09 28 8.350000 1 1
1966 09 29 6.750000 1 1
1966 09 30 6.510000 1 1
1966 10 01 7.230000 1 1
1966 10 02 9.520000 1 1
1966 10 03 11.100000 1 1
1966 10 04 8.350000 1 1
1966 10 05 6.990000 1 1
1966 10 06 6.270000 1 1
1966 10 07 5.070000 1 1
1966 10 08 4.120000 1 1
1966 10 09 3.560000 1 1
1966 10 10 3.040000 1 1
1966 10 11 2.900000 1 1
1966 10 12 2.900000 1 1
1966 10 13 3.040000 1 1
1966 10 14 3.180000 1 1
1966 10 15 3.180000 1 1
1966 10 16 2.900000 1 1
1966 10 17 2.900000 1 1
1966 10 18 2.620000 1 1
1966 10 19 2.200000 1 1
1966 10 20 1.780000 1 1
1966 10 21 1.780000 1 1
1966 10 22 1.590000 1 1
1966 10 23 1.590000 1 1
1966 10 24 1.680000 1 1
1966 10 25 1.680000 1 1
1966 10 26 2.340000 1 1
1966 10 27 15.900000 1 1
1966 10 28 10.800000 1 1
1966 10 29 7.760000 1 1
1966 10 30 5.310000 1 1
1966 10 31 3.940000 1 1
1966 11 01 3.040000 1 1
1966 11 02 2.760000 1 1
1966 11 03 2.340000 1 1
1966 11 04 2.900000 1 1
1966 11 05 4.310000 1 1
1966 11 06 6.750000 1 1
1966 11 07 15.900000 1 1
1966 11 08 14.700000 1 1
1966 11 09 13.200000 1 1
1966 11 10 10.100000 1 1
1966 11 11 6.990000 1 1
1966 11 12 4.500000 1 1
1966 11 13 3.370000 1 1
1966 11 14 2.760000 1 1
1966 11 15 2.200000 1 1
1966 11 16 1.680000 1 1
1966 11 17 1.300000 1 1
1966 11 18 1.100000 1 1
1966 11 19 0.911000 1 1
1966 11 20 0.814000 1 1
1966 11 21 0.911000 1 1
1966 11 22 0.814000 1 1
1966 11 23 1.100000 1 1
1966 11 24 1.590000 1 1
1966 11 25 3.040000 1 1
1966 11 26 5.310000 1 1
1966 11 27 6.750000 1 1
1966 11 28 15.900000 1 1
1966 11 29 30.500000 1 1
1966 11 30 78.500000 1 1
1966 12 01 116.000000 1 1
1966 12 02 99.000000 1 1
1966 12 03 58.700000 1 1
1966 12 04 38.100000 1 1
1966 12 05 25.900000 1 1
1966 12 06 17.600000 1 1
1966 12 07 13.200000 1 1
1966 12 08 10.100000 1 1
1966 12 09 8.350000 1 1
1966 12 10 6.510000 1 1
1966 12 11 5.550000 1 1
1966 12 12 4.500000 1 1
1966 12 13 4.120000 1 1
1966 12 14 3.750000 1 1
1966 12 15 3.180000 1 1
1966 12 16 2.760000 1 1
1966 12 17 3.040000 1 1
1966 12 18 5.790000 1 1
1966 12 19 28.100000 1 1
1966 12 20 48.900000 1 1
1966 12 21 55.300000 1 1
1966 12 22 36.700000 1 1
1966 12 23 25.900000 1 1
1966 12 24 18.900000 1 1
1966 12 25 14.300000 1 1
1966 12 26 11.100000 1 1
1966 12 27 12.500000 1 1
1966 12 28 14.700000 1 1
1966 12 29 13.600000 1 1
1966 12 30 13.200000 1 1
1966 12 31 11.100000 1 1
1967 01 01 9.230000 1 1
1967 01 02 7.760000 1 1
1967 01 03 6.750000 1 1
1967 01 04 6.030000 1 1
1967 01 05 5.310000 1 1
1967 01 06 4.500000 1 1
1967 01 07 3.750000 1 1
1967 01 08 3.180000 1 1
1967 01 09 2.760000 1 1
1967 01 10 2.480000 1 1
1967 01 11 2.060000 1 1
1967 01 12 1.920000 1 1
1967 01 13 1.590000 1 1
1967 01 14 1.300000 1 1
1967 01 15 1.100000 1 1
1967 01 16 1.010000 1 1
1967 01 17 0.814000 1 1
1967 01 18 0.757000 1 1
1967 01 19 0.757000 1 1
1967 01 20 1.010000 1 1
1967 01 21 1.100000 1 1
1967 01 22 2.340000 1 1
1967 01 23 1.920000 1 1
1967 01 24 1.390000 1 1
1967 01 25 1.010000 1 1
1967 01 26 0.814000 1 1
1967 01 27 0.644000 1 1
1967 01 28 0.475000 1 1
1967 01 29 0.588000 1 1
1967 01 30 0.757000 1 1
1967 01 31 0.911000 1 1
1967 02 01 1.100000 1 1
1967 02 02 4.120000 1 1
1967 02 03 6.270000 1 1
1967 02 04 7.760000 1 1
1967 02 05 7.230000 1 1
1967 02 06 4.880000 1 1
1967 02 07 4.120000 1 1
1967 02 08 3.040000 1 1
1967 02 09 2.760000 1 1
1967 02 10 1.920000 1 1
1967 02 11 1.680000 1 1
1967 02 12 1.490000 1 1
1967 02 13 0.911000 1 1
1967 02 14 2.760000 1 1
1967 02 15 4.310000 1 1
1967 02 16 12.200000 1 1
1967 02 17 11.500000 1 1
1967 02 18 18.000000 1 1
1967 02 19 20.300000 1 1
1967 02 20 12.900000 1 1
1967 02 21 7.470000 1 1
1967 02 22 4.690000 1 1
1967 02 23 3.370000 1 1
1967 02 24 2.900000 1 1
1967 02 25 2.480000 1 1
1967 02 26 2.340000 1 1
1967 02 27 2.200000 1 1
1967 02 28 1.920000 1 1
1967 03 01 1.780000 1 1
1967 03 02 1.590000 1 1
1967 03 03 1.300000 1 1
1967 03 04 1.010000 1 1
1967 03 05 0.814000 1 1
1967 03 06 0.911000 1 1
1967 03 07 0.911000 1 1
1967 03 08 0.644000 1 1
1967 03 09 0.588000 1 1
1967 03 10 0.475000 1 1
1967 03 11 0.418000 1 1
1967 03 12 1.920000 1 1
1967 03 13 6.990000 1 1
1967 03 14 19.900000 1 1
1967 03 15 13.200000 1 1
1967 03 16 6.750000 1 1
1967 03 17 4.310000 1 1
1967 03 18 3.180000 1 1
1967 03 19 2.760000 1 1
1967 03 20 3.560000 1 1
1967 03 21 5.550000 1 1
1967 03 22 5.070000 1 1
1967 03 23 6.510000 1 1
1967 03 24 7.760000 1 1
1967 03 25 7.230000 1 1
1967 03 26 6.510000 1 1
1967 03 27 5.550000 1 1
1967 03 28 5.310000 1 1
1967 03 29 5.550000 1 1
1967 03 30 3.750000 1 1
1967 03 31 3.040000 1 1
1967 04 01 2.760000 1 1
1967 04 02 2.620000 1 1
1967 04 03 2.060000 1 1
1967 04 04 2.620000 1 1
1967 04 05 3.180000 1 1
1967 04 06 3.180000 1 1
1967 04 07 3.560000 1 1
1967 04 08 3.560000 1 1
1967 04 09 5.310000 1 1
1967 04 10 5.070000 1 1
1967 04 11 3.750000 1 1
1967 04 12 2.480000 1 1
1967 04 13 1.780000 1 1
1967 04 14 1.390000 1 1
1967 04 15 1.200000 1 1
1967 04 16 1.100000 1 1
1967 04 17 2.620000 1 1
1967 04 18 9.520000 1 1
1967 04 19 20.800000 1 1
1967 04 20 12.200000 1 1
1967 04 21 8.060000 1 1
1967 04 22 6.510000 1 1
1967 04 23 5.310000 1 1
1967 04 24 4.500000 1 1
1967 04 25 3.560000 1 1
1967 04 26 3.040000 1 1
1967 04 27 3.040000 1 1
1967 04 28 3.750000 1 1
1967 04 29 4.690000 1 1
1967 04 30 5.310000 1 1
1967 05 01 4.310000 1 1
1967 05 02 4.120000 1 1
1967 05 03 3.370000 1 1
1967 05 04 3.180000 1 1
1967 05 05 3.180000 1 1
1967 05 06 3.560000 1 1
1967 05 07 3.370000 1 1
1967 05 08 3.180000 1 1
1967 05 09 2.760000 1 1
1967 05 10 2.760000 1 1
1967 05 11 2.620000 1 1
1967 05 12 2.340000 1 1
1967 05 13 2.200000 1 1
1967 05 14 2.060000 1 1
1967 05 15 1.780000 1 1
1967 05 16 1.590000 1 1
1967 05 17 1.590000 1 1
1967 05 18 1.680000 1 1
1967 05 19 1.590000 1 1
1967 05 20 1.490000 1 1
1967 05 21 1.680000 1 1
1967 05 22 1.590000 1 1
1967 05 23 1.300000 1 1
1967 05 24 1.300000 1 1
1967 05 25 1.100000 1 1
1967 05 26 1.010000 1 1
1967 05 27 1.010000 1 1
1967 05 28 1.010000 1 1
1967 05 29 1.010000 1 1
1967 05 30 1.300000 1 1
1967 05 31 1.490000 1 1
1967 06 01 1.590000 1 1
1967 06 02 1.590000 1 1
1967 06 03 0.911000 1 1
1967 06 04 1.200000 1 1
1967 06 05 1.390000 1 1
1967 06 06 1.200000 1 1
1967 06 07 0.814000 1 1
1967 06 08 0.814000 1 1
1967 06 09 0.757000 1 1
1967 06 10 0.701000 1 1
1967 06 11 0.644000 1 1
1967 06 12 0.644000 1 1
1967 06 13 0.588000 1 1
1967 06 14 0.531000 1 1
1967 06 15 0.475000 1 1
1967 06 16 0.475000 1 1
1967 06 17 0.531000 1 1
1967 06 18 0.644000 1 1
1967 06 19 0.911000 1 1
1967 06 20 1.390000 1 1
1967 06 21 2.480000 1 1
1967 06 22 4.310000 1 1
1967 06 23 8.350000 1 1
1967 06 24 7.470000 1 1
1967 06 25 6.510000 1 1
1967 06 26 6.510000 1 1
1967 06 27 6.990000 1 1
1967 06 28 8.640000 1 1
1967 06 29 7.470000 1 1
1967 06 30 6.270000 1 1
1967 07 01 4.690000 1 1
1967 07 02 4.120000 1 1
1967 07 03 3.370000 1 1
1967 07 04 3.040000 1 1
1967 07 05 2.760000 1 1
1967 07 06 2.760000 1 1
1967 07 07 3.040000 1 1
1967 07 08 3.750000 1 1
1967 07 09 3.370000 1 1
1967 07 10 3.940000 1 1
1967 07 11 4.880000 1 1
1967 07 12 4.880000 1 1
1967 07 13 4.120000 1 1
1967 07 14 3.370000 1 1
1967 07 15 2.900000 1 1
1967 07 16 2.620000 1 1
1967 07 17 2.200000 1 1
1967 07 18 1.920000 1 1
1967 07 19 1.780000 1 1
1967 07 20 1.590000 1 1
1967 07 21 1.590000 1 1
1967 07 22 1.390000 1 1
1967 07 23 1.300000 1 1
1967 07 24 1.100000 1 1
1967 07 25 1.590000 1 1
1967 07 26 2.340000 1 1
1967 07 27 3.370000 1 1
1967 07 28 8.060000 1 1
1967 07 29 8.640000 1 1
1967 07 30 5.550000 1 1
1967 07 31 7.470000 1 1
1967 08 01 6.510000 1 1
1967 08 02 5.310000 1 1
1967 08 03 4.690000 1 1
1967 08 04 4.500000 1 1
1967 08 05 5.550000 1 1
1967 08 06 5.550000 1 1
1967 08 07 5.310000 1 1
1967 08 08 9.810000 1 1
1967 08 09 20.300000 1 1
1967 08 10 32.300000 1 1
1967 08 11 36.700000 1 1
1967 08 12 30.500000 1 1
1967 08 13 23.800000 1 1
1967 08 14 16.800000 1 1
1967 08 15 11.800000 1 1
1967 08 16 9.230000 1 1
1967 08 17 6.990000 1 1
1967 08 18 5.550000 1 1
1967 08 19 5.310000 1 1
1967 08 20 4.500000 1 1
1967 08 21 5.550000 1 1
1967 08 22 5.790000 1 1
1967 08 23 4.880000 1 1
1967 08 24 4.690000 1 1
1967 08 25 4.310000 1 1
1967 08 26 4.880000 1 1
1967 08 27 6.030000 1 1
1967 08 28 5.790000 1 1
1967 08 29 4.880000 1 1
1967 08 30 4.120000 1 1
1967 08 31 3.750000 1 1
1967 09 01 3.370000 1 1
1967 09 02 2.760000 1 1
1967 09 03 2.900000 1 1
1967 09 04 2.760000 1 1
1967 09 05 2.480000 1 1
1967 09 06 2.200000 1 1
1967 09 07 2.200000 1 1
1967 09 08 1.780000 1 1
1967 09 09 1.680000 1 1
1967 09 10 1.590000 1 1
1967 09 11 1.590000 1 1
1967 09 12 2.060000 1 1
1967 09 13 2.900000 1 1
1967 09 14 5.790000 1 1
1967 09 15 8.060000 1 1
1967 09 16 6.990000 1 1
1967 09 17 6.510000 1 1
1967 09 18 5.790000 1 1
1967 09 19 4.880000 1 1
1967 09 20 4.690000 1 1
1967 09 21 3.940000 1 1
1967 09 22 3.040000 1 1
1967 09 23 2.480000 1 1
1967 09 24 2.200000 1 1
1967 09 25 1.920000 1 1
1967 09 26 1.920000 1 1
1967 09 27 2.340000 1 1
1967 09 28 3.180000 1 1
1967 09 29 13.900000 1 1
1967 09 30 20.800000 1 1
1967 10 01 38.100000 1 1
1967 10 02 46.600000 1 1
1967 10 03 45.900000 1 1
1967 10 04 46.600000 1 1
1967 10 05 52.100000 1 1
1967 10 06 52.900000 1 1
1967 10 07 43.700000 1 1
1967 10 08 42.200000 1 1
1967 10 09 38.100000 1 1
1967 10 10 29.900000 1 1
1967 10 11 23.800000 1 1
1967 10 12 18.500000 1 1
1967 10 13 14.300000 1 1
1967 10 14 11.500000 1 1
1967 10 15 9.520000 1 1
1967 10 16 7.760000 1 1
1967 10 17 7.470000 1 1
1967 10 18 6.990000 1 1
1967 10 19 6.750000 1 1
1967 10 20 6.750000 1 1
1967 10 21 6.510000 1 1
1967 10 22 5.790000 1 1
1967 10 23 4.880000 1 1
1967 10 24 4.500000 1 1
1967 10 25 3.750000 1 1
1967 10 26 3.560000 1 1
1967 10 27 3.180000 1 1
1967 10 28 3.180000 1 1
1967 10 29 3.040000 1 1
1967 10 30 3.370000 1 1
1967 10 31 4.500000 1 1
1967 11 01 6.510000 1 1
1967 11 02 8.640000 1 1
1967 11 03 10.800000 1 1
1967 11 04 8.640000 1 1
1967 11 05 7.230000 1 1
1967 11 06 11.100000 1 1
1967 11 07 17.600000 1 1
1967 11 08 15.100000 1 1
1967 11 09 17.600000 1 1
1967 11 10 38.100000 1 1
1967 11 11 57.000000 1 1
1967 11 12 55.300000 1 1
1967 11 13 42.200000 1 1
1967 11 14 36.100000 1 1
1967 11 15 32.300000 1 1
1967 11 16 25.900000 1 1
1967 11 17 18.900000 1 1
1967 11 18 14.700000 1 1
1967 11 19 11.800000 1 1
1967 11 20 10.100000 1 1
1967 11 21 8.640000 1 1
1967 11 22 8.060000 1 1
1967 11 23 7.230000 1 1
1967 11 24 6.750000 1 1
1967 11 25 5.790000 1 1
1967 11 26 6.270000 1 1
1967 11 27 14.300000 1 1
1967 11 28 54.500000 1 1
1967 11 29 67.700000 1 1
1967 11 30 53.700000 1 1
1967 12 01 54.500000 1 1
1967 12 02 64.900000 1 1
1967 12 03 136.000000 1 1
1967 12 04 85.700000 1 1
1967 12 05 44.400000 1 1
1967 12 06 30.500000 1 1
1967 12 07 22.700000 1 1
1967 12 08 19.400000 1 1
1967 12 09 20.800000 1 1
1967 12 10 20.300000 1 1
1967 12 11 20.300000 1 1
1967 12 12 33.500000 1 1
1967 12 13 42.900000 1 1
1967 12 14 43.700000 1 1
1967 12 15 49.700000 1 1
1967 12 16 57.000000 1 1
1967 12 17 66.800000 1 1
1967 12 18 66.800000 1 1
1967 12 19 52.900000 1 1
1967 12 20 38.100000 1 1
1967 12 21 30.500000 1 1
1967 12 22 28.100000 1 1
1967 12 23 25.900000 1 1
1967 12 24 31.700000 1 1
1967 12 25 100.000000 1 1
1967 12 26 127.000000 1 1
1967 12 27 204.000000 1 1
1967 12 28 266.000000 1 1
1967 12 29 322.000000 1 1
1967 12 30 354.000000 1 1
1967 12 31 326.000000 1 1
1968 01 01 185.000000 1 1
1968 01 02 105.000000 1 1
1968 01 03 75.400000 1 1
1968 01 04 59.600000 1 1
1968 01 05 50.500000 1 1
1968 01 06 43.700000 1 1
1968 01 07 38.100000 1 1
1968 01 08 34.800000 1 1
1968 01 09 35.400000 1 1
1968 01 10 45.100000 1 1
1968 01 11 43.700000 1 1
1968 01 12 38.100000 1 1
1968 01 13 30.500000 1 1
1968 01 14 26.500000 1 1
1968 01 15 24.900000 1 1
1968 01 16 23.200000 1 1
1968 01 17 21.300000 1 1
1968 01 18 19.400000 1 1
1968 01 19 18.000000 1 1
1968 01 20 15.900000 1 1
1968 01 21 15.500000 1 1
1968 01 22 14.700000 1 1
1968 01 23 14.300000 1 1
1968 01 24 18.500000 1 1
1968 01 25 27.000000 1 1
1968 01 26 33.500000 1 1
1968 01 27 42.900000 1 1
1968 01 28 42.900000 1 1
1968 01 29 45.900000 1 1
1968 01 30 41.400000 1 1
1968 01 31 38.100000 1 1
1968 02 01 31.100000 1 1
1968 02 02 32.900000 1 1
1968 02 03 60.500000 1 1
1968 02 04 78.500000 1 1
1968 02 05 72.500000 1 1
1968 02 06 49.700000 1 1
1968 02 07 45.900000 1 1
1968 02 08 71.500000 1 1
1968 02 09 81.500000 1 1
1968 02 10 77.500000 1 1
1968 02 11 70.600000 1 1
1968 02 12 64.900000 1 1
1968 02 13 56.100000 1 1
1968 02 14 50.500000 1 1
1968 02 15 42.200000 1 1
1968 02 16 34.800000 1 1
1968 02 17 29.900000 1 1
1968 02 18 42.200000 1 1
1968 02 19 117.000000 1 1
1968 02 20 198.000000 1 1
1968 02 21 94.500000 1 1
1968 02 22 93.400000 1 1
1968 02 23 141.000000 1 1
1968 02 24 117.000000 1 1
1968 02 25 86.800000 1 1
1968 02 26 72.500000 1 1
1968 02 27 58.700000 1 1
1968 02 28 48.100000 1 1
1968 02 29 43.700000 1 1
1968 03 01 67.700000 1 1
1968 03 02 111.000000 1 1
1968 03 03 455.000000 1 1
1968 03 04 407.000000 1 1
1968 03 05 197.000000 1 1
1968 03 06 125.000000 1 1
1968 03 07 112.000000 1 1
1968 03 08 121.000000 1 1
1968 03 09 105.000000 1 1
1968 03 10 76.400000 1 1
1968 03 11 64.900000 1 1
1968 03 12 57.900000 1 1
1968 03 13 52.100000 1 1
1968 03 14 47.400000 1 1
1968 03 15 46.600000 1 1
1968 03 16 42.900000 1 1
1968 03 17 43.700000 1 1
1968 03 18 57.000000 1 1
1968 03 19 45.900000 1 1
1968 03 20 42.900000 1 1
1968 03 21 38.100000 1 1
1968 03 22 36.100000 1 1
1968 03 23 33.500000 1 1
1968 03 24 31.700000 1 1
1968 03 25 29.900000 1 1
1968 03 26 28.100000 1 1
1968 03 27 27.000000 1 1
1968 03 28 25.900000 1 1
1968 03 29 25.400000 1 1
1968 03 30 25.400000 1 1
1968 03 31 24.900000 1 1
1968 04 01 22.700000 1 1
1968 04 02 23.200000 1 1
1968 04 03 22.200000 1 1
1968 04 04 22.200000 1 1
1968 04 05 21.800000 1 1
1968 04 06 20.800000 1 1
1968 04 07 21.800000 1 1
1968 04 08 31.100000 1 1
1968 04 09 49.700000 1 1
1968 04 10 66.800000 1 1
1968 04 11 52.100000 1 1
1968 04 12 39.400000 1 1
1968 04 13 31.700000 1 1
1968 04 14 27.600000 1 1
1968 04 15 24.900000 1 1
1968 04 16 23.800000 1 1
1968 04 17 31.100000 1 1
1968 04 18 29.300000 1 1
1968 04 19 29.300000 1 1
1968 04 20 25.900000 1 1
1968 04 21 23.200000 1 1
1968 04 22 21.300000 1 1
1968 04 23 18.900000 1 1
1968 04 24 18.900000 1 1
1968 04 25 18.000000 1 1
1968 04 26 17.600000 1 1
1968 04 27 16.800000 1 1
1968 04 28 15.900000 1 1
1968 04 29 16.400000 1 1
1968 04 30 17.200000 1 1
1968 05 01 16.800000 1 1
1968 05 02 20.800000 1 1
1968 05 03 35.400000 1 1
1968 05 04 27.000000 1 1
1968 05 05 23.200000 1 1
1968 05 06 23.800000 1 1
1968 05 07 18.900000 1 1
1968 05 08 13.900000 1 1
1968 05 09 14.300000 1 1
1968 05 10 13.900000 1 1
1968 05 11 14.300000 1 1
1968 05 12 13.900000 1 1
1968 05 13 15.900000 1 1
1968 05 14 16.800000 1 1
1968 05 15 18.500000 1 1
1968 05 16 18.000000 1 1
1968 05 17 15.100000 1 1
1968 05 18 13.600000 1 1
1968 05 19 13.200000 1 1
1968 05 20 12.500000 1 1
1968 05 21 12.500000 1 1
1968 05 22 11.800000 1 1
1968 05 23 11.500000 1 1
1968 05 24 11.100000 1 1
1968 05 25 11.100000 1 1
1968 05 26 12.500000 1 1
1968 05 27 13.600000 1 1
1968 05 28 14.300000 1 1
1968 05 29 13.900000 1 1
1968 05 30 11.800000 1 1
1968 05 31 11.100000 1 1
1968 06 01 12.500000 1 1
1968 06 02 12.500000 1 1
1968 06 03 11.800000 1 1
1968 06 04 12.200000 1 1
1968 06 05 12.900000 1 1
1968 06 06 13.200000 1 1
1968 06 07 13.900000 1 1
1968 06 08 15.100000 1 1
1968 06 09 14.300000 1 1
1968 06 10 13.600000 1 1
1968 06 11 12.200000 1 1
1968 06 12 10.800000 1 1
1968 06 13 10.400000 1 1
1968 06 14 10.100000 1 1
1968 06 15 10.400000 1 1
1968 06 16 10.400000 1 1
1968 06 17 10.400000 1 1
1968 06 18 9.520000 1 1
1968 06 19 9.230000 1 1
1968 06 20 8.640000 1 1
1968 06 21 8.640000 1 1
1968 06 22 8.640000 1 1
1968 06 23 8.640000 1 1
1968 06 24 9.230000 1 1
1968 06 25 9.230000 1 1
1968 06 26 9.230000 1 1
1968 06 27 8.640000 1 1
1968 06 28 9.230000 1 1
1968 06 29 9.230000 1 1
1968 06 30 9.520000 1 1
1968 07 01 8.640000 1 1
1968 07 02 8.640000 1 1
1968 07 03 9.520000 1 1
1968 07 04 9.230000 1 1
1968 07 05 9.230000 1 1
1968 07 06 10.400000 1 1
1968 07 07 12.900000 1 1
1968 07 08 10.800000 1 1
1968 07 09 12.200000 1 1
1968 07 10 10.400000 1 1
1968 07 11 11.500000 1 1
1968 07 12 10.800000 1 1
1968 07 13 11.100000 1 1
1968 07 14 12.200000 1 1
1968 07 15 14.300000 1 1
1968 07 16 14.300000 1 1
1968 07 17 15.100000 1 1
1968 07 18 14.700000 1 1
1968 07 19 14.300000 1 1
1968 07 20 15.100000 1 1
1968 07 21 15.500000 1 1
1968 07 22 15.100000 1 1
1968 07 23 12.200000 1 1
1968 07 24 10.800000 1 1
1968 07 25 10.400000 1 1
1968 07 26 9.230000 1 1
1968 07 27 8.640000 1 1
1968 07 28 8.060000 1 1
1968 07 29 7.470000 1 1
1968 07 30 7.230000 1 1
1968 07 31 7.760000 1 1
1968 08 01 7.760000 1 1
1968 08 02 7.470000 1 1
1968 08 03 8.940000 1 1
1968 08 04 10.400000 1 1
1968 08 05 10.400000 1 1
1968 08 06 9.810000 1 1
1968 08 07 7.760000 1 1
1968 08 08 7.760000 1 1
1968 08 09 6.990000 1 1
1968 08 10 6.270000 1 1
1968 08 11 6.510000 1 1
1968 08 12 8.940000 1 1
1968 08 13 10.400000 1 1
1968 08 14 11.100000 1 1
1968 08 15 9.520000 1 1
1968 08 16 7.760000 1 1
1968 08 17 6.750000 1 1
1968 08 18 5.790000 1 1
1968 08 19 5.790000 1 1
1968 08 20 5.790000 1 1
1968 08 21 6.510000 1 1
1968 08 22 7.230000 1 1
1968 08 23 7.470000 1 1
1968 08 24 6.750000 1 1
1968 08 25 6.270000 1 1
1968 08 26 5.310000 1 1
1968 08 27 7.470000 1 1
1968 08 28 9.520000 1 1
1968 08 29 10.800000 1 1
1968 08 30 11.800000 1 1
1968 08 31 13.200000 1 1
1968 09 01 10.400000 1 1
1968 09 02 9.520000 1 1
1968 09 03 7.760000 1 1
1968 09 04 7.230000 1 1
1968 09 05 9.810000 1 1
1968 09 06 9.230000 1 1
1968 09 07 12.200000 1 1
1968 09 08 19.400000 1 1
1968 09 09 16.800000 1 1
1968 09 10 13.600000 1 1
1968 09 11 11.100000 1 1
1968 09 12 8.940000 1 1
1968 09 13 7.230000 1 1
1968 09 14 6.990000 1 1
1968 09 15 6.510000 1 1
1968 09 16 6.030000 1 1
1968 09 17 6.030000 1 1
1968 09 18 5.310000 1 1
1968 09 19 5.070000 1 1
1968 09 20 4.880000 1 1
1968 09 21 4.690000 1 1
1968 09 22 5.070000 1 1
1968 09 23 5.790000 1 1
1968 09 24 6.030000 1 1
1968 09 25 6.990000 1 1
1968 09 26 10.800000 1 1
1968 09 27 11.500000 1 1
1968 09 28 10.100000 1 1
1968 09 29 7.760000 1 1
1968 09 30 5.790000 1 1
1968 10 01 5.070000 1 1
1968 10 02 4.880000 1 1
1968 10 03 5.070000 1 1
1968 10 04 7.760000 1 1
1968 10 05 6.750000 1 1
1968 10 06 5.790000 1 1
1968 10 07 5.310000 1 1
1968 10 08 5.070000 1 1
1968 10 09 4.690000 1 1
1968 10 10 3.940000 1 1
1968 10 11 3.560000 1 1
1968 10 12 4.690000 1 1
1968 10 13 11.800000 1 1
1968 10 14 34.100000 1 1
1968 10 15 40.000000 1 1
1968 10 16 30.500000 1 1
1968 10 17 20.800000 1 1
1968 10 18 15.900000 1 1
1968 10 19 11.100000 1 1
1968 10 20 8.940000 1 1
1968 10 21 7.230000 1 1
1968 10 22 7.230000 1 1
1968 10 23 9.810000 1 1
1968 10 24 24.300000 1 1
1968 10 25 32.900000 1 1
1968 10 26 34.800000 1 1
1968 10 27 40.000000 1 1
1968 10 28 27.600000 1 1
1968 10 29 21.800000 1 1
1968 10 30 15.500000 1 1
1968 10 31 12.200000 1 1
1968 11 01 9.810000 1 1
1968 11 02 8.350000 1 1
1968 11 03 7.230000 1 1
1968 11 04 5.790000 1 1
1968 11 05 5.550000 1 1
1968 11 06 5.310000 1 1
1968 11 07 5.070000 1 1
1968 11 08 4.500000 1 1
1968 11 09 3.940000 1 1
1968 11 10 4.120000 1 1
1968 11 11 3.940000 1 1
1968 11 12 4.310000 1 1
1968 11 13 6.030000 1 1
1968 11 14 31.100000 1 1
1968 11 15 144.000000 1 1
1968 11 16 90.100000 1 1
1968 11 17 48.900000 1 1
1968 11 18 76.400000 1 1
1968 11 19 149.000000 1 1
1968 11 20 190.000000 1 1
1968 11 21 192.000000 1 1
1968 11 22 156.000000 1 1
1968 11 23 76.400000 1 1
1968 11 24 51.300000 1 1
1968 11 25 40.000000 1 1
1968 11 26 33.500000 1 1
1968 11 27 36.100000 1 1
1968 11 28 78.500000 1 1
1968 11 29 116.000000 1 1
1968 11 30 64.000000 1 1
1968 12 01 66.800000 1 1
1968 12 02 55.300000 1 1
1968 12 03 40.000000 1 1
1968 12 04 31.100000 1 1
1968 12 05 31.100000 1 1
1968 12 06 47.400000 1 1
1968 12 07 84.600000 1 1
1968 12 08 178.000000 1 1
1968 12 09 542.000000 1 1
1968 12 10 460.000000 1 1
1968 12 11 340.000000 1 1
1968 12 12 270.000000 1 1
1968 12 13 153.000000 1 1
1968 12 14 110.000000 1 1
1968 12 15 96.700000 1 1
1968 12 16 97.900000 1 1
1968 12 17 80.500000 1 1
1968 12 18 69.600000 1 1
1968 12 19 65.800000 1 1
1968 12 20 66.800000 1 1
1968 12 21 64.900000 1 1
1968 12 22 59.600000 1 1
1968 12 23 57.000000 1 1
1968 12 24 49.700000 1 1
1968 12 25 41.400000 1 1
1968 12 26 36.700000 1 1
1968 12 27 34.100000 1 1
1968 12 28 29.900000 1 1
1968 12 29 29.300000 1 1
1968 12 30 27.000000 1 1
1968 12 31 25.900000 1 1
1969 01 01 25.400000 1 1
1969 01 02 28.100000 1 1
1969 01 03 26.500000 1 1
1969 01 04 23.200000 1 1
1969 01 05 21.300000 1 1
1969 01 06 20.300000 1 1
1969 01 07 18.900000 1 1
1969 01 08 18.000000 1 1
1969 01 09 17.600000 1 1
1969 01 10 16.800000 1 1
1969 01 11 16.400000 1 1
1969 01 12 15.100000 1 1
1969 01 13 14.300000 1 1
1969 01 14 13.900000 1 1
1969 01 15 13.900000 1 1
1969 01 16 13.900000 1 1
1969 01 17 15.100000 1 1
1969 01 18 15.900000 1 1
1969 01 19 19.400000 1 1
1969 01 20 25.900000 1 1
1969 01 21 35.400000 1 1
1969 01 22 42.200000 1 1
1969 01 23 30.500000 1 1
1969 01 24 23.800000 1 1
1969 01 25 31.700000 1 1
1969 01 26 40.700000 1 1
1969 01 27 41.400000 1 1
1969 01 28 34.800000 1 1
1969 01 29 29.900000 1 1
1969 01 30 22.700000 1 1
1969 01 31 19.400000 1 1
1969 02 01 16.800000 1 1
1969 02 02 15.100000 1 1
1969 02 03 14.300000 1 1
1969 02 04 12.900000 1 1
1969 02 05 12.200000 1 1
1969 02 06 11.800000 1 1
1969 02 07 12.500000 1 1
1969 02 08 19.900000 1 1
1969 02 09 40.000000 1 1
1969 02 10 40.000000 1 1
1969 02 11 48.900000 1 1
1969 02 12 54.500000 1 1
1969 02 13 63.100000 1 1
1969 02 14 38.100000 1 1
1969 02 15 26.500000 1 1
1969 02 16 21.300000 1 1
1969 02 17 22.700000 1 1
1969 02 18 20.800000 1 1
1969 02 19 17.200000 1 1
1969 02 20 15.100000 1 1
1969 02 21 13.900000 1 1
1969 02 22 12.900000 1 1
1969 02 23 12.500000 1 1
1969 02 24 12.500000 1 1
1969 02 25 11.500000 1 1
1969 02 26 11.100000 1 1
1969 02 27 11.800000 1 1
1969 02 28 12.500000 1 1
1969 03 01 12.500000 1 1
1969 03 02 11.500000 1 1
1969 03 03 11.100000 1 1
1969 03 04 10.400000 1 1
1969 03 05 9.520000 1 1
1969 03 06 8.940000 1 1
1969 03 07 17.200000 1 1
1969 03 08 18.500000 1 1
1969 03 09 70.600000 1 1
1969 03 10 84.600000 1 1
1969 03 11 120.000000 1 1
1969 03 12 119.000000 1 1
1969 03 13 102.000000 1 1
1969 03 14 93.400000 1 1
1969 03 15 77.500000 1 1
1969 03 16 78.500000 1 1
1969 03 17 62.300000 1 1
1969 03 18 46.600000 1 1
1969 03 19 37.400000 1 1
1969 03 20 32.300000 1 1
1969 03 21 28.100000 1 1
1969 03 22 25.900000 1 1
1969 03 23 24.300000 1 1
1969 03 24 22.700000 1 1
1969 03 25 27.600000 1 1
1969 03 26 25.900000 1 1
1969 03 27 24.900000 1 1
1969 03 28 23.200000 1 1
1969 03 29 23.200000 1 1
1969 03 30 22.700000 1 1
1969 03 31 19.900000 1 1
1969 04 01 18.500000 1 1
1969 04 02 18.000000 1 1
1969 04 03 17.600000 1 1
1969 04 04 16.400000 1 1
1969 04 05 16.800000 1 1
1969 04 06 16.400000 1 1
1969 04 07 15.500000 1 1
1969 04 08 15.500000 1 1
1969 04 09 16.800000 1 1
1969 04 10 17.600000 1 1
1969 04 11 17.600000 1 1
1969 04 12 15.900000 1 1
1969 04 13 14.300000 1 1
1969 04 14 13.600000 1 1
1969 04 15 12.900000 1 1
1969 04 16 12.200000 1 1
1969 04 17 11.800000 1 1
1969 04 18 11.800000 1 1
1969 04 19 11.800000 1 1
1969 04 20 11.800000 1 1
1969 04 21 10.800000 1 1
1969 04 22 11.800000 1 1
1969 04 23 12.900000 1 1
1969 04 24 12.200000 1 1
1969 04 25 12.200000 1 1
1969 04 26 20.300000 1 1
1969 04 27 15.500000 1 1
1969 04 28 12.900000 1 1
1969 04 29 12.500000 1 1
1969 04 30 19.400000 1 1
1969 05 01 32.300000 1 1
1969 05 02 40.700000 1 1
1969 05 03 48.100000 1 1
1969 05 04 46.600000 1 1
1969 05 05 31.100000 1 1
1969 05 06 30.500000 1 1
1969 05 07 29.900000 1 1
1969 05 08 26.500000 1 1
1969 05 09 22.200000 1 1
1969 05 10 21.300000 1 1
1969 05 11 17.600000 1 1
1969 05 12 15.100000 1 1
1969 05 13 14.300000 1 1
1969 05 14 13.900000 1 1
1969 05 15 13.900000 1 1
1969 05 16 13.900000 1 1
1969 05 17 13.200000 1 1
1969 05 18 12.900000 1 1
1969 05 19 12.500000 1 1
1969 05 20 12.200000 1 1
1969 05 21 11.500000 1 1
1969 05 22 11.800000 1 1
1969 05 23 11.500000 1 1
1969 05 24 11.500000 1 1
1969 05 25 10.400000 1 1
1969 05 26 10.100000 1 1
1969 05 27 10.100000 1 1
1969 05 28 9.520000 1 1
1969 05 29 9.520000 1 1
1969 05 30 9.810000 1 1
1969 05 31 9.810000 1 1
1969 06 01 9.810000 1 1
1969 06 02 9.230000 1 1
1969 06 03 9.230000 1 1
1969 06 04 9.230000 1 1
1969 06 05 8.640000 1 1
1969 06 06 9.810000 1 1
1969 06 07 11.500000 1 1
1969 06 08 10.800000 1 1
1969 06 09 9.810000 1 1
1969 06 10 9.230000 1 1
1969 06 11 10.100000 1 1
1969 06 12 12.900000 1 1
1969 06 13 13.900000 1 1
1969 06 14 16.800000 1 1
1969 06 15 19.900000 1 1
1969 06 16 18.500000 1 1
1969 06 17 17.200000 1 1
1969 06 18 15.500000 1 1
1969 06 19 15.100000 1 1
1969 06 20 14.700000 1 1
1969 06 21 13.900000 1 1
1969 06 22 22.700000 1 1
1969 06 23 40.000000 1 1
1969 06 24 59.600000 1 1
1969 06 25 57.900000 1 1
1969 06 26 45.100000 1 1
1969 06 27 36.700000 1 1
1969 06 28 29.900000 1 1
1969 06 29 26.500000 1 1
1969 06 30 21.800000 1 1
1969 07 01 22.700000 1 1
1969 07 02 25.400000 1 1
1969 07 03 25.400000 1 1
1969 07 04 23.200000 1 1
1969 07 05 25.400000 1 1
1969 07 06 22.200000 1 1
1969 07 07 20.300000 1 1
1969 07 08 19.400000 1 1
1969 07 09 17.200000 1 1
1969 07 10 15.500000 1 1
1969 07 11 14.300000 1 1
1969 07 12 13.600000 1 1
1969 07 13 12.900000 1 1
1969 07 14 12.500000 1 1
1969 07 15 13.600000 1 1
1969 07 16 12.200000 1 1
1969 07 17 11.100000 1 1
1969 07 18 10.800000 1 1
1969 07 19 10.400000 1 1
1969 07 20 10.800000 1 1
1969 07 21 10.400000 1 1
1969 07 22 10.100000 1 1
1969 07 23 9.810000 1 1
1969 07 24 9.810000 1 1
1969 07 25 9.810000 1 1
1969 07 26 10.800000 1 1
1969 07 27 11.100000 1 1
1969 07 28 12.500000 1 1
1969 07 29 12.500000 1 1
1969 07 30 16.400000 1 1
1969 07 31 20.300000 1 1
1969 08 01 18.900000 1 1
1969 08 02 13.900000 1 1
1969 08 03 11.500000 1 1
1969 08 04 11.100000 1 1
1969 08 05 11.100000 1 1
1969 08 06 10.400000 1 1
1969 08 07 9.810000 1 1
1969 08 08 9.520000 1 1
1969 08 09 9.520000 1 1
1969 08 10 9.810000 1 1
1969 08 11 10.100000 1 1
1969 08 12 9.810000 1 1
1969 08 13 9.230000 1 1
1969 08 14 9.230000 1 1
1969 08 15 9.230000 1 1
1969 08 16 8.350000 1 1
1969 08 17 8.060000 1 1
1969 08 18 7.760000 1 1
1969 08 19 7.230000 1 1
1969 08 20 7.230000 1 1
1969 08 21 6.990000 1 1
1969 08 22 6.990000 1 1
1969 08 23 6.990000 1 1
1969 08 24 7.230000 1 1
1969 08 25 8.060000 1 1
1969 08 26 7.760000 1 1
1969 08 27 7.470000 1 1
1969 08 28 7.230000 1 1
1969 08 29 6.750000 1 1
1969 08 30 6.510000 1 1
1969 08 31 6.510000 1 1
1969 09 01 7.470000 1 1
1969 09 02 8.060000 1 1
1969 09 03 8.060000 1 1
1969 09 04 8.940000 1 1
1969 09 05 8.060000 1 1
1969 09 06 7.760000 1 1
1969 09 07 6.510000 1 1
1969 09 08 6.030000 1 1
1969 09 09 5.790000 1 1
1969 09 10 5.310000 1 1
1969 09 11 5.070000 1 1
1969 09 12 5.070000 1 1
1969 09 13 4.880000 1 1
1969 09 14 4.880000 1 1
1969 09 15 4.880000 1 1
1969 09 16 4.690000 1 1
1969 09 17 4.880000 1 1
1969 09 18 5.550000 1 1
1969 09 19 15.500000 1 1
1969 09 20 14.300000 1 1
1969 09 21 9.810000 1 1
1969 09 22 8.640000 1 1
1969 09 23 8.350000 1 1
1969 09 24 9.230000 1 1
1969 09 25 8.940000 1 1
1969 09 26 8.640000 1 1
1969 09 27 12.200000 1 1
1969 09 28 11.500000 1 1
1969 09 29 10.400000 1 1
1969 09 30 8.940000 1 1
1969 10 01 7.760000 1 1
1969 10 02 6.750000 1 1
1969 10 03 5.790000 1 1
1969 10 04 5.310000 1 1
1969 10 05 4.880000 1 1
1969 10 06 4.880000 1 1
1969 10 07 4.310000 1 1
1969 10 08 3.940000 1 1
1969 10 09 4.500000 1 1
1969 10 10 5.790000 1 1
1969 10 11 6.270000 1 1
1969 10 12 7.470000 1 1
1969 10 13 10.400000 1 1
1969 10 14 24.900000 1 1
1969 10 15 40.000000 1 1
1969 10 16 31.700000 1 1
1969 10 17 24.300000 1 1
1969 10 18 17.600000 1 1
1969 10 19 31.100000 1 1
1969 10 20 38.100000 1 1
1969 10 21 34.800000 1 1
1969 10 22 28.700000 1 1
1969 10 23 31.700000 1 1
1969 10 24 28.100000 1 1
1969 10 25 20.300000 1 1
1969 10 26 15.500000 1 1
1969 10 27 13.600000 1 1
1969 10 28 11.800000 1 1
1969 10 29 11.500000 1 1
1969 10 30 10.800000 1 1
1969 10 31 9.520000 1 1
1969 11 01 8.350000 1 1
1969 11 02 7.230000 1 1
1969 11 03 6.990000 1 1
1969 11 04 6.510000 1 1
1969 11 05 6.030000 1 1
1969 11 06 6.270000 1 1
1969 11 07 6.510000 1 1
1969 11 08 8.940000 1 1
1969 11 09 9.230000 1 1
1969 11 10 8.350000 1 1
1969 11 11 7.230000 1 1
1969 11 12 6.990000 1 1
1969 11 13 7.230000 1 1
1969 11 14 8.640000 1 1
1969 11 15 8.060000 1 1
1969 11 16 6.510000 1 1
1969 11 17 5.550000 1 1
1969 11 18 5.790000 1 1
1969 11 19 5.070000 1 1
1969 11 20 4.690000 1 1
1969 11 21 4.310000 1 1
1969 11 22 3.560000 1 1
1969 11 23 3.750000 1 1
1969 11 24 3.370000 1 1
1969 11 25 4.690000 1 1
1969 11 26 6.510000 1 1
1969 11 27 10.100000 1 1
1969 11 28 13.600000 1 1
1969 11 29 20.800000 1 1
1969 11 30 19.400000 1 1
1969 12 01 14.700000 1 1
1969 12 02 17.600000 1 1
1969 12 03 22.200000 1 1
1969 12 04 24.900000 1 1
1969 12 05 33.500000 1 1
1969 12 06 31.700000 1 1
1969 12 07 36.100000 1 1
1969 12 08 34.800000 1 1
1969 12 09 25.400000 1 1
1969 12 10 19.900000 1 1
1969 12 11 16.800000 1 1
1969 12 12 22.700000 1 1
1969 12 13 18.900000 1 1
1969 12 14 19.400000 1 1
1969 12 15 19.400000 1 1
1969 12 16 18.500000 1 1
1969 12 17 23.800000 1 1
1969 12 18 23.800000 1 1
1969 12 19 25.400000 1 1
1969 12 20 38.100000 1 1
1969 12 21 52.900000 1 1
1969 12 22 64.900000 1 1
1969 12 23 42.200000 1 1
1969 12 24 28.100000 1 1
1969 12 25 20.800000 1 1
1969 12 26 29.300000 1 1
1969 12 27 85.700000 1 1
1969 12 28 167.000000 1 1
1969 12 29 172.000000 1 1
1969 12 30 136.000000 1 1
1969 12 31 104.000000 1 1
1970 01 01 83.600000 1 1
1970 01 02 82.600000 1 1
1970 01 03 83.600000 1 1
1970 01 04 76.400000 1 1
1970 01 05 63.100000 1 1
1970 01 06 50.500000 1 1
1970 01 07 42.900000 1 1
1970 01 08 43.700000 1 1
1970 01 09 36.100000 1 1
1970 01 10 30.500000 1 1
1970 01 11 26.500000 1 1
1970 01 12 24.900000 1 1
1970 01 13 27.000000 1 1
1970 01 14 27.000000 1 1
1970 01 15 31.700000 1 1
1970 01 16 29.300000 1 1
1970 01 17 28.100000 1 1
1970 01 18 30.500000 1 1
1970 01 19 35.400000 1 1
1970 01 20 45.100000 1 1
1970 01 21 40.000000 1 1
1970 01 22 32.900000 1 1
1970 01 23 30.500000 1 1
1970 01 24 38.700000 1 1
1970 01 25 83.600000 1 1
1970 01 26 80.500000 1 1
1970 01 27 66.800000 1 1
1970 01 28 77.500000 1 1
1970 01 29 110.000000 1 1
1970 01 30 192.000000 1 1
1970 01 31 76.400000 1 1
1970 02 01 59.600000 1 1
1970 02 02 46.600000 1 1
1970 02 03 38.700000 1 1
1970 02 04 35.400000 1 1
1970 02 05 33.500000 1 1
1970 02 06 31.700000 1 1
1970 02 07 29.300000 1 1
1970 02 08 29.300000 1 1
1970 02 09 29.300000 1 1
1970 02 10 28.100000 1 1
1970 02 11 26.500000 1 1
1970 02 12 25.900000 1 1
1970 02 13 23.200000 1 1
1970 02 14 21.800000 1 1
1970 02 15 24.300000 1 1
1970 02 16 27.600000 1 1
1970 02 17 27.000000 1 1
1970 02 18 25.400000 1 1
1970 02 19 24.300000 1 1
1970 02 20 21.800000 1 1
1970 02 21 19.400000 1 1
1970 02 22 17.600000 1 1
1970 02 23 16.400000 1 1
1970 02 24 15.500000 1 1
1970 02 25 14.700000 1 1
1970 02 26 16.400000 1 1
1970 02 27 18.900000 1 1
1970 02 28 22.700000 1 1
1970 03 01 25.400000 1 1
1970 03 02 25.900000 1 1
1970 03 03 25.400000 1 1
1970 03 04 32.900000 1 1
1970 03 05 48.900000 1 1
1970 03 06 53.700000 1 1
1970 03 07 52.100000 1 1
1970 03 08 72.500000 1 1
1970 03 09 77.500000 1 1
1970 03 10 69.600000 1 1
1970 03 11 45.900000 1 1
1970 03 12 33.500000 1 1
1970 03 13 28.700000 1 1
1970 03 14 25.900000 1 1
1970 03 15 23.200000 1 1
1970 03 16 21.300000 1 1
1970 03 17 19.400000 1 1
1970 03 18 18.500000 1 1
1970 03 19 18.000000 1 1
1970 03 20 16.800000 1 1
1970 03 21 15.500000 1 1
1970 03 22 15.900000 1 1
1970 03 23 14.300000 1 1
1970 03 24 14.300000 1 1
1970 03 25 13.900000 1 1
1970 03 26 13.200000 1 1
1970 03 27 13.600000 1 1
1970 03 28 14.300000 1 1
1970 03 29 29.900000 1 1
1970 03 30 48.100000 1 1
1970 03 31 45.900000 1 1
1970 04 01 34.100000 1 1
1970 04 02 25.400000 1 1
1970 04 03 15.900000 1 1
1970 04 04 20.300000 1 1
1970 04 05 19.400000 1 1
1970 04 06 19.400000 1 1
1970 04 07 19.400000 1 1
1970 04 08 23.800000 1 1
1970 04 09 25.900000 1 1
1970 04 10 23.800000 1 1
1970 04 11 22.200000 1 1
1970 04 12 21.300000 1 1
1970 04 13 21.800000 1 1
1970 04 14 25.400000 1 1
1970 04 15 29.900000 1 1
1970 04 16 28.100000 1 1
1970 04 17 26.500000 1 1
1970 04 18 23.200000 1 1
1970 04 19 21.300000 1 1
1970 04 20 19.900000 1 1
1970 04 21 20.800000 1 1
1970 04 22 28.100000 1 1
1970 04 23 36.100000 1 1
1970 04 24 45.100000 1 1
1970 04 25 45.100000 1 1
1970 04 26 34.100000 1 1
1970 04 27 29.300000 1 1
1970 04 28 26.500000 1 1
1970 04 29 23.200000 1 1
1970 04 30 21.300000 1 1
1970 05 01 20.300000 1 1
1970 05 02 18.000000 1 1
1970 05 03 17.200000 1 1
1970 05 04 17.200000 1 1
1970 05 05 19.900000 1 1
1970 05 06 21.300000 1 1
1970 05 07 20.300000 1 1
1970 05 08 19.400000 1 1
1970 05 09 18.000000 1 1
1970 05 10 17.200000 1 1
1970 05 11 17.600000 1 1
1970 05 12 19.400000 1 1
1970 05 13 19.900000 1 1
1970 05 14 19.900000 1 1
1970 05 15 22.700000 1 1
1970 05 16 30.500000 1 1
1970 05 17 46.600000 1 1
1970 05 18 37.400000 1 1
1970 05 19 30.500000 1 1
1970 05 20 21.800000 1 1
1970 05 21 19.400000 1 1
1970 05 22 18.000000 1 1
1970 05 23 16.800000 1 1
1970 05 24 16.400000 1 1
1970 05 25 16.400000 1 1
1970 05 26 17.600000 1 1
1970 05 27 18.000000 1 1
1970 05 28 18.000000 1 1
1970 05 29 16.800000 1 1
1970 05 30 15.900000 1 1
1970 05 31 15.500000 1 1
1970 06 01 15.900000 1 1
1970 06 02 16.400000 1 1
1970 06 03 16.800000 1 1
1970 06 04 15.900000 1 1
1970 06 05 15.900000 1 1
1970 06 06 14.700000 1 1
1970 06 07 14.700000 1 1
1970 06 08 15.500000 1 1
1970 06 09 22.700000 1 1
1970 06 10 20.800000 1 1
1970 06 11 18.000000 1 1
1970 06 12 14.700000 1 1
1970 06 13 13.900000 1 1
1970 06 14 12.900000 1 1
1970 06 15 12.500000 1 1
1970 06 16 12.500000 1 1
1970 06 17 12.900000 1 1
1970 06 18 13.200000 1 1
1970 06 19 14.300000 1 1
1970 06 20 14.700000 1 1
1970 06 21 13.900000 1 1
1970 06 22 13.200000 1 1
1970 06 23 13.200000 1 1
1970 06 24 15.100000 1 1
1970 06 25 16.400000 1 1
1970 06 26 15.500000 1 1
1970 06 27 14.700000 1 1
1970 06 28 15.900000 1 1
1970 06 29 18.500000 1 1
1970 06 30 18.000000 1 1
1970 07 01 20.800000 1 1
1970 07 02 25.400000 1 1
1970 07 03 22.700000 1 1
1970 07 04 19.400000 1 1
1970 07 05 17.600000 1 1
1970 07 06 18.000000 1 1
1970 07 07 18.000000 1 1
1970 07 08 17.600000 1 1
1970 07 09 17.200000 1 1
1970 07 10 17.600000 1 1
1970 07 11 15.900000 1 1
1970 07 12 14.300000 1 1
1970 07 13 13.900000 1 1
1970 07 14 12.900000 1 1
1970 07 15 12.500000 1 1
1970 07 16 12.200000 1 1
1970 07 17 11.800000 1 1
1970 07 18 15.500000 1 1
1970 07 19 18.900000 1 1
1970 07 20 21.300000 1 1
1970 07 21 19.900000 1 1
1970 07 22 18.000000 1 1
1970 07 23 21.800000 1 1
1970 07 24 19.400000 1 1
1970 07 25 24.300000 1 1
1970 07 26 27.600000 1 1
1970 07 27 47.400000 1 1
1970 07 28 57.900000 1 1
1970 07 29 53.700000 1 1
1970 07 30 38.700000 1 1
1970 07 31 33.500000 1 1
1970 08 01 27.600000 1 1
1970 08 02 26.500000 1 1
1970 08 03 28.700000 1 1
1970 08 04 32.300000 1 1
1970 08 05 39.400000 1 1
1970 08 06 37.400000 1 1
1970 08 07 32.300000 1 1
1970 08 08 27.000000 1 1
1970 08 09 22.700000 1 1
1970 08 10 21.300000 1 1
1970 08 11 19.400000 1 1
1970 08 12 18.000000 1 1
1970 08 13 18.000000 1 1
1970 08 14 17.600000 1 1
1970 08 15 17.600000 1 1
1970 08 16 17.200000 1 1
1970 08 17 16.400000 1 1
1970 08 18 15.900000 1 1
1970 08 19 16.800000 1 1
1970 08 20 23.200000 1 1
1970 08 21 33.500000 1 1
1970 08 22 33.500000 1 1
1970 08 23 28.100000 1 1
1970 08 24 21.800000 1 1
1970 08 25 18.500000 1 1
1970 08 26 17.600000 1 1
1970 08 27 21.300000 1 1
1970 08 28 23.200000 1 1
1970 08 29 20.300000 1 1
1970 08 30 19.900000 1 1
1970 08 31 17.600000 1 1
1970 09 01 15.100000 1 1
1970 09 02 15.100000 1 1
1970 09 03 15.100000 1 1
1970 09 04 17.600000 1 1
1970 09 05 20.800000 1 1
1970 09 06 22.200000 1 1
1970 09 07 25.400000 1 1
1970 09 08 21.300000 1 1
1970 09 09 18.900000 1 1
1970 09 10 16.800000 1 1
1970 09 11 17.200000 1 1
1970 09 12 17.600000 1 1
1970 09 13 16.800000 1 1
1970 09 14 16.400000 1 1
1970 09 15 15.100000 1 1
1970 09 16 13.600000 1 1
1970 09 17 12.500000 1 1
1970 09 18 10.800000 1 1
1970 09 19 10.400000 1 1
1970 09 20 9.520000 1 1
1970 09 21 8.350000 1 1
1970 09 22 7.760000 1 1
1970 09 23 7.760000 1 1
1970 09 24 8.350000 1 1
1970 09 25 9.230000 1 1
1970 09 26 10.100000 1 1
1970 09 27 9.810000 1 1
1970 09 28 9.230000 1 1
1970 09 29 9.230000 1 1
1970 09 30 10.400000 1 1
1970 10 01 11.100000 1 1
1970 10 02 10.800000 1 1
1970 10 03 11.100000 1 1
1970 10 04 11.100000 1 1
1970 10 05 12.200000 1 1
1970 10 06 36.700000 1 1
1970 10 07 96.700000 1 1
1970 10 08 57.000000 1 1
1970 10 09 32.900000 1 1
1970 10 10 21.800000 1 1
1970 10 11 17.600000 1 1
1970 10 12 15.100000 1 1
1970 10 13 14.300000 1 1
1970 10 14 13.600000 1 1
1970 10 15 13.200000 1 1
1970 10 16 12.900000 1 1
1970 10 17 13.600000 1 1
1970 10 18 13.200000 1 1
1970 10 19 12.200000 1 1
1970 10 20 11.500000 1 1
1970 10 21 12.500000 1 1
1970 10 22 14.700000 1 1
1970 10 23 22.200000 1 1
1970 10 24 31.700000 1 1
1970 10 25 60.500000 1 1
1970 10 26 106.000000 1 1
1970 10 27 214.000000 1 1
1970 10 28 188.000000 1 1
1970 10 29 195.000000 1 1
1970 10 30 379.000000 1 1
1970 10 31 181.000000 1 1
1970 11 01 170.000000 1 1
1970 11 02 112.000000 1 1
1970 11 03 78.500000 1 1
1970 11 04 64.900000 1 1
1970 11 05 52.100000 1 1
1970 11 06 45.900000 1 1
1970 11 07 45.100000 1 1
1970 11 08 45.900000 1 1
1970 11 09 57.900000 1 1
1970 11 10 68.700000 1 1
1970 11 11 115.000000 1 1
1970 11 12 198.000000 1 1
1970 11 13 605.000000 1 1
1970 11 14 869.000000 1 1
1970 11 15 507.000000 1 1
1970 11 16 173.000000 1 1
1970 11 17 161.000000 1 1
1970 11 18 132.000000 1 1
1970 11 19 99.000000 1 1
1970 11 20 83.600000 1 1
1970 11 21 86.800000 1 1
1970 11 22 107.000000 1 1
1970 11 23 93.400000 1 1
1970 11 24 99.000000 1 1
1970 11 25 112.000000 1 1
1970 11 26 117.000000 1 1
1970 11 27 93.400000 1 1
1970 11 28 79.500000 1 1
1970 11 29 70.600000 1 1
1970 11 30 61.400000 1 1
1970 12 01 58.700000 1 1
1970 12 02 75.400000 1 1
1970 12 03 70.600000 1 1
1970 12 04 71.500000 1 1
1970 12 05 76.400000 1 1
1970 12 06 75.400000 1 1
1970 12 07 69.600000 1 1
1970 12 08 58.700000 1 1
1970 12 09 49.700000 1 1
1970 12 10 44.400000 1 1
1970 12 11 42.200000 1 1
1970 12 12 40.000000 1 1
1970 12 13 38.100000 1 1
1970 12 14 35.400000 1 1
1970 12 15 33.500000 1 1
1970 12 16 31.700000 1 1
1970 12 17 31.100000 1 1
1970 12 18 31.100000 1 1
1970 12 19 36.700000 1 1
1970 12 20 42.200000 1 1
1970 12 21 38.100000 1 1
1970 12 22 32.900000 1 1
1970 12 23 29.300000 1 1
1970 12 24 27.000000 1 1
1970 12 25 24.900000 1 1
1970 12 26 24.300000 1 1
1970 12 27 23.200000 1 1
1970 12 28 22.700000 1 1
1970 12 29 22.700000 1 1
1970 12 30 21.800000 1 1
1970 12 31 21.300000 1 1
1971 01 01 21.300000 1 1
1971 01 02 19.900000 1 1
1971 01 03 19.400000 1 1
1971 01 04 18.900000 1 1
1971 01 05 18.900000 1 1
1971 01 06 18.500000 1 1
1971 01 07 18.500000 1 1
1971 01 08 18.500000 1 1
1971 01 09 18.000000 1 1
1971 01 10 18.000000 1 1
1971 01 11 18.500000 1 1
1971 01 12 18.500000 1 1
1971 01 13 21.300000 1 1
1971 01 14 22.200000 1 1
1971 01 15 21.800000 1 1
1971 01 16 21.800000 1 1
1971 01 17 21.800000 1 1
1971 01 18 24.300000 1 1
1971 01 19 25.900000 1 1
1971 01 20 24.300000 1 1
1971 01 21 17.600000 1 1
1971 01 22 17.200000 1 1
1971 01 23 16.800000 1 1
1971 01 24 17.200000 1 1
1971 01 25 17.600000 1 1
1971 01 26 17.200000 1 1
1971 01 27 15.900000 1 1
1971 01 28 14.300000 1 1
1971 01 29 14.300000 1 1
1971 01 30 13.900000 1 1
1971 01 31 13.600000 1 1
1971 02 01 12.900000 1 1
1971 02 02 12.200000 1 1
1971 02 03 12.500000 1 1
1971 02 04 12.500000 1 1
1971 02 05 12.500000 1 1
1971 02 06 12.900000 1 1
1971 02 07 13.600000 1 1
1971 02 08 13.200000 1 1
1971 02 09 13.200000 1 1
1971 02 10 11.800000 1 1
1971 02 11 12.200000 1 1
1971 02 12 11.500000 1 1
1971 02 13 11.100000 1 1
1971 02 14 11.500000 1 1
1971 02 15 12.200000 1 1
1971 02 16 13.900000 1 1
1971 02 17 15.900000 1 1
1971 02 18 20.300000 1 1
1971 02 19 22.200000 1 1
1971 02 20 17.200000 1 1
1971 02 21 14.700000 1 1
1971 02 22 12.900000 1 1
1971 02 23 11.800000 1 1
1971 02 24 11.100000 1 1
1971 02 25 10.400000 1 1
1971 02 26 9.810000 1 1
1971 02 27 9.520000 1 1
1971 02 28 8.940000 1 1
1971 03 01 10.100000 1 1
1971 03 02 15.900000 1 1
1971 03 03 18.900000 1 1
1971 03 04 25.900000 1 1
1971 03 05 23.800000 1 1
1971 03 06 25.400000 1 1
1971 03 07 27.600000 1 1
1971 03 08 21.800000 1 1
1971 03 09 22.200000 1 1
1971 03 10 16.800000 1 1
1971 03 11 12.900000 1 1
1971 03 12 12.500000 1 1
1971 03 13 11.800000 1 1
1971 03 14 10.100000 1 1
1971 03 15 9.520000 1 1
1971 03 16 9.520000 1 1
1971 03 17 10.400000 1 1
1971 03 18 9.810000 1 1
1971 03 19 11.100000 1 1
1971 03 20 15.500000 1 1
1971 03 21 19.400000 1 1
1971 03 22 14.700000 1 1
1971 03 23 11.800000 1 1
1971 03 24 11.800000 1 1
1971 03 25 13.600000 1 1
1971 03 26 14.700000 1 1
1971 03 27 15.900000 1 1
1971 03 28 15.500000 1 1
1971 03 29 13.600000 1 1
1971 03 30 11.800000 1 1
1971 03 31 10.400000 1 1
1971 04 01 11.500000 1 1
1971 04 02 14.300000 1 1
1971 04 03 18.500000 1 1
1971 04 04 17.600000 1 1
1971 04 05 18.500000 1 1
1971 04 06 13.900000 1 1
1971 04 07 14.300000 1 1
1971 04 08 13.600000 1 1
1971 04 09 12.200000 1 1
1971 04 10 10.800000 1 1
1971 04 11 10.100000 1 1
1971 04 12 28.100000 1 1
1971 04 13 68.700000 1 1
1971 04 14 36.700000 1 1
1971 04 15 22.200000 1 1
1971 04 16 16.400000 1 1
1971 04 17 20.300000 1 1
1971 04 18 18.500000 1 1
1971 04 19 14.700000 1 1
1971 04 20 12.900000 1 1
1971 04 21 12.900000 1 1
1971 04 22 12.500000 1 1
1971 04 23 11.500000 1 1
1971 04 24 10.800000 1 1
1971 04 25 9.810000 1 1
1971 04 26 10.100000 1 1
1971 04 27 13.200000 1 1
1971 04 28 12.200000 1 1
1971 04 29 10.400000 1 1
1971 04 30 11.100000 1 1
