year month day streamflow_m3s qual_control_by_ana qual_flag
1977 01 01 4.080000 1 1
1977 01 02 3.960000 1 1
1977 01 03 3.960000 1 1
1977 01 04 3.390000 1 1
1977 01 05 3.180000 1 1
1977 01 06 2.970000 1 1
1977 01 07 2.970000 1 1
1977 01 08 2.860000 1 1
1977 01 09 2.760000 1 1
1977 01 10 2.970000 1 1
1977 01 11 2.970000 1 1
1977 01 12 3.280000 1 1
1977 01 13 3.070000 1 1
1977 01 14 2.550000 1 1
1977 01 15 2.550000 1 1
1977 01 16 2.550000 1 1
1977 01 17 2.290000 1 1
1977 01 18 2.550000 1 1
1977 01 19 3.840000 1 1
1977 01 20 4.320000 1 1
1977 01 21 8.510000 1 1
1977 01 22 4.440000 1 1
1977 01 23 3.490000 1 1
1977 01 24 3.390000 1 1
1977 01 25 4.080000 1 1
1977 01 26 3.490000 1 1
1977 01 27 2.860000 1 1
1977 01 28 4.200000 1 1
1977 01 29 3.600000 1 1
1977 01 30 3.070000 1 1
1977 01 31 2.860000 1 1
1977 02 01 2.550000 1 1
1977 02 02 2.460000 1 1
1977 02 03 2.460000 1 1
1977 02 04 2.200000 1 1
1977 02 05 2.200000 1 1
1977 02 06 2.020000 1 1
1977 02 07 2.020000 1 1
1977 02 08 1.930000 1 1
1977 02 09 1.850000 1 1
1977 02 10 1.760000 1 1
1977 02 11 1.670000 1 1
1977 02 12 1.670000 1 1
1977 02 13 1.600000 1 1
1977 02 14 1.600000 1 1
1977 02 15 1.530000 1 1
1977 02 16 1.600000 1 1
1977 02 17 1.600000 1 1
1977 02 18 1.530000 1 1
1977 02 19 1.600000 1 1
1977 02 20 2.020000 1 1
1977 02 21 2.860000 1 1
1977 02 22 2.200000 1 1
1977 02 23 1.930000 1 1
1977 02 24 1.760000 1 1
1977 02 25 1.600000 1 1
1977 02 26 1.670000 1 1
1977 02 27 1.670000 1 1
1977 02 28 1.530000 1 1
1977 03 01 1.460000 1 1
1977 03 02 1.390000 1 1
1977 03 03 1.320000 1 1
1977 03 04 1.760000 1 1
1977 03 05 1.390000 1 1
1977 03 06 1.670000 1 1
1977 03 07 1.460000 1 1
1977 03 08 1.320000 1 1
1977 03 09 1.250000 1 1
1977 03 10 1.250000 1 1
1977 03 11 1.250000 1 1
1977 03 12 1.180000 1 1
1977 03 13 1.180000 1 1
1977 03 14 1.110000 1 1
1977 03 15 1.110000 1 1
1977 03 16 1.040000 1 1
1977 03 17 1.040000 1 1
1977 03 18 1.040000 1 1
1977 03 19 0.967000 1 1
1977 03 20 0.967000 1 1
1977 03 21 0.967000 1 1
1977 03 22 0.914000 1 1
1977 03 23 0.914000 1 1
1977 03 24 0.967000 1 1
1977 03 25 0.914000 1 1
1977 03 26 0.914000 1 1
1977 03 27 0.914000 1 1
1977 03 28 0.862000 1 1
1977 03 29 0.862000 1 1
1977 03 30 0.914000 1 1
1977 03 31 0.967000 1 1
1977 04 01 1.180000 1 1
1977 04 02 1.320000 1 1
1977 04 03 1.530000 1 1
1977 04 04 1.600000 1 1
1977 04 05 1.250000 1 1
1977 04 06 1.180000 1 1
1977 04 07 0.967000 1 1
1977 04 08 0.914000 1 1
1977 04 09 0.914000 1 1
1977 04 10 0.914000 1 1
1977 04 11 0.914000 1 1
1977 04 12 0.862000 1 1
1977 04 13 0.862000 1 1
1977 04 14 0.862000 1 1
1977 04 15 0.914000 1 1
1977 04 16 0.914000 1 1
1977 04 17 0.809000 1 1
1977 04 18 0.862000 1 1
1977 04 19 0.862000 1 1
1977 04 20 1.180000 1 1
1977 04 21 0.914000 1 1
1977 04 22 1.320000 1 1
1977 04 23 1.180000 1 1
1977 04 24 1.040000 1 1
1977 04 25 0.914000 1 1
1977 04 26 0.967000 1 1
1977 04 27 1.250000 1 1
1977 04 28 1.180000 1 1
1977 04 29 1.250000 1 1
1977 04 30 1.460000 1 1
1977 05 01 2.020000 1 1
1977 05 02 1.760000 1 1
1977 05 03 1.320000 1 1
1977 05 04 1.180000 1 1
1977 05 05 1.040000 1 1
1977 05 06 1.040000 1 1
1977 05 07 0.967000 1 1
1977 05 08 0.967000 1 1
1977 05 09 0.967000 1 1
1977 05 10 3.600000 1 1
1977 05 11 1.530000 1 1
1977 05 12 1.460000 1 1
1977 05 13 1.930000 1 1
1977 05 14 1.320000 1 1
1977 05 15 1.180000 1 1
1977 05 16 1.040000 1 1
1977 05 17 1.600000 1 1
1977 05 18 2.650000 1 1
1977 05 19 1.930000 1 1
1977 05 20 1.460000 1 1
1977 05 21 1.250000 1 1
1977 05 22 1.180000 1 1
1977 05 23 1.110000 1 1
1977 05 24 1.040000 1 1
1977 05 25 1.110000 1 1
1977 05 26 1.930000 1 1
1977 05 27 1.390000 1 1
1977 05 28 1.390000 1 1
1977 05 29 1.600000 1 1
1977 05 30 1.460000 1 1
1977 05 31 1.250000 1 1
1977 06 01 1.180000 1 1
1977 06 02 1.110000 1 1
1977 06 03 1.180000 1 1
1977 06 04 1.180000 1 1
1977 06 05 1.110000 1 1
1977 06 06 1.110000 1 1
1977 06 07 0.967000 1 1
1977 06 08 0.967000 1 1
1977 06 09 0.914000 1 1
1977 06 10 0.914000 1 1
1977 06 11 0.914000 1 1
1977 06 12 1.040000 1 1
1977 06 13 0.914000 1 1
1977 06 14 0.862000 1 1
1977 06 15 0.862000 1 1
1977 06 16 0.809000 1 1
1977 06 17 0.809000 1 1
1977 06 18 0.809000 1 1
1977 06 19 0.809000 1 1
1977 06 20 0.809000 1 1
1977 06 21 0.809000 1 1
1977 06 22 0.809000 1 1
1977 06 23 0.809000 1 1
1977 06 24 0.809000 1 1
1977 06 25 0.809000 1 1
1977 06 26 0.757000 1 1
1977 06 27 0.757000 1 1
1977 06 28 0.809000 1 1
1977 06 29 0.914000 1 1
1977 06 30 1.040000 1 1
1977 07 01 0.914000 1 1
1977 07 02 0.862000 1 1
1977 07 03 0.967000 1 1
1977 07 04 1.390000 1 1
1977 07 05 1.530000 1 1
1977 07 06 1.180000 1 1
1977 07 07 0.967000 1 1
1977 07 08 0.862000 1 1
1977 07 09 0.914000 1 1
1977 07 10 1.040000 1 1
1977 07 11 0.914000 1 1
1977 07 12 0.862000 1 1
1977 07 13 0.809000 1 1
1977 07 14 0.809000 1 1
1977 07 15 0.757000 1 1
1977 07 16 0.704000 1 1
1977 07 17 0.704000 1 1
1977 07 18 0.704000 1 1
1977 07 19 0.704000 1 1
1977 07 20 0.757000 1 1
1977 07 21 0.704000 1 1
1977 07 22 0.704000 1 1
1977 07 23 0.652000 1 1
1977 07 24 0.652000 1 1
1977 07 25 0.652000 1 1
1977 07 26 0.652000 1 1
1977 07 27 0.704000 1 1
1977 07 28 0.809000 1 1
1977 07 29 0.704000 1 1
1977 07 30 0.652000 1 1
1977 07 31 0.652000 1 1
1977 08 01 0.599000 1 1
1977 08 02 0.599000 1 1
1977 08 03 0.599000 1 1
1977 08 04 0.547000 1 1
1977 08 05 0.599000 1 1
1977 08 06 0.599000 1 1
1977 08 07 0.599000 1 1
1977 08 08 0.547000 1 1
1977 08 09 0.547000 1 1
1977 08 10 0.599000 1 1
1977 08 11 0.599000 1 1
1977 08 12 0.547000 1 1
1977 08 13 0.547000 1 1
1977 08 14 0.547000 1 1
1977 08 15 0.495000 1 1
1977 08 16 0.495000 1 1
1977 08 17 0.495000 1 1
1977 08 18 0.442000 1 1
1977 08 19 0.442000 1 1
1977 08 20 0.442000 1 1
1977 08 21 0.442000 1 1
1977 08 22 0.442000 1 1
1977 08 23 0.442000 1 1
1977 08 24 0.442000 1 1
1977 08 25 0.442000 1 1
1977 08 26 0.409000 1 1
1977 08 27 0.442000 1 1
1977 08 28 0.442000 1 1
1977 08 29 0.442000 1 1
1977 08 30 0.442000 1 1
1977 08 31 0.409000 1 1
1977 09 01 0.409000 1 1
1977 09 02 0.409000 1 1
1977 09 03 0.547000 1 1
1977 09 04 0.914000 1 1
1977 09 05 0.862000 1 1
1977 09 06 0.809000 1 1
1977 09 07 0.757000 1 1
1977 09 08 0.967000 1 1
1977 09 09 0.809000 1 1
1977 09 10 0.652000 1 1
1977 09 11 0.599000 1 1
1977 09 12 0.547000 1 1
1977 09 13 0.495000 1 1
1977 09 14 0.599000 1 1
1977 09 15 0.652000 1 1
1977 09 16 0.547000 1 1
1977 09 17 0.442000 1 1
1977 09 18 0.442000 1 1
1977 09 19 0.495000 1 1
1977 09 20 0.495000 1 1
1977 09 21 0.599000 1 1
1977 09 22 0.547000 1 1
1977 09 23 0.495000 1 1
1977 09 24 0.599000 1 1
1977 09 25 1.180000 1 1
1977 09 26 0.757000 1 1
1977 09 27 0.599000 1 1
1977 09 28 0.547000 1 1
1977 09 29 0.495000 1 1
1977 09 30 0.547000 1 1
1977 10 01 0.862000 1 1
1977 10 02 0.757000 1 1
1977 10 03 0.599000 1 1
1977 10 04 0.599000 1 1
1977 10 05 0.757000 1 1
1977 10 06 1.760000 1 1
1977 10 07 7.840000 1 1
1977 10 08 4.080000 1 1
1977 10 09 2.200000 1 1
1977 10 10 1.600000 1 1
1977 10 11 1.390000 1 1
1977 10 12 1.110000 1 1
1977 10 13 0.967000 1 1
1977 10 14 0.967000 1 1
1977 10 15 1.250000 1 1
1977 10 16 1.250000 1 1
1977 10 17 0.914000 1 1
1977 10 18 0.809000 1 1
1977 10 19 0.757000 1 1
1977 10 20 0.809000 1 1
1977 10 21 0.809000 1 1
1977 10 22 0.757000 1 1
1977 10 23 0.809000 1 1
1977 10 24 1.460000 1 1
1977 10 25 1.180000 1 1
1977 10 26 0.862000 1 1
1977 10 27 0.757000 1 1
1977 10 28 0.704000 1 1
1977 10 29 1.760000 1 1
1977 10 30 2.110000 1 1
1977 10 31 1.850000 1 1
1977 11 01 1.180000 1 1
1977 11 02 0.914000 1 1
1977 11 03 0.914000 1 1
1977 11 04 0.914000 1 1
1977 11 05 0.914000 1 1
1977 11 06 0.862000 1 1
1977 11 07 0.809000 1 1
1977 11 08 0.914000 1 1
1977 11 09 2.550000 1 1
1977 11 10 1.670000 1 1
1977 11 11 1.180000 1 1
1977 11 12 0.967000 1 1
1977 11 13 0.862000 1 1
1977 11 14 0.809000 1 1
1977 11 15 0.809000 1 1
1977 11 16 0.809000 1 1
1977 11 17 0.862000 1 1
1977 11 18 2.290000 1 1
1977 11 19 4.440000 1 1
1977 11 20 7.070000 1 1
1977 11 21 4.440000 1 1
1977 11 22 2.860000 1 1
1977 11 23 2.760000 1 1
1977 11 24 3.960000 1 1
1977 11 25 9.520000 1 1
1977 11 26 5.620000 1 1
1977 11 27 6.160000 1 1
1977 11 28 4.680000 1 1
1977 11 29 4.080000 1 1
1977 11 30 2.970000 1 1
1977 12 01 2.460000 1 1
1977 12 02 2.200000 1 1
1977 12 03 1.930000 1 1
1977 12 04 1.670000 1 1
1977 12 05 1.600000 1 1
1977 12 06 1.460000 1 1
1977 12 07 1.390000 1 1
1977 12 08 2.970000 1 1
1977 12 09 2.020000 1 1
1977 12 10 2.370000 1 1
1977 12 11 3.960000 1 1
1977 12 12 7.220000 1 1
1977 12 13 8.510000 1 1
1977 12 14 4.560000 1 1
1977 12 15 3.280000 1 1
1977 12 16 2.650000 1 1
1977 12 17 2.200000 1 1
1977 12 18 4.080000 1 1
1977 12 19 4.680000 1 1
1977 12 20 3.070000 1 1
1977 12 21 2.970000 1 1
1977 12 22 2.550000 1 1
1977 12 23 5.340000 1 1
1977 12 24 6.020000 1 1
1977 12 25 4.800000 1 1
1977 12 26 5.210000 1 1
1977 12 27 5.750000 1 1
1977 12 28 3.960000 1 1
1977 12 29 3.600000 1 1
1977 12 30 3.180000 1 1
1977 12 31 2.860000 1 1
1978 01 01 2.650000 1 1
1978 01 02 2.460000 1 1
1978 01 03 2.650000 1 1
1978 01 04 2.970000 1 1
1978 01 05 2.760000 1 1
1978 01 06 2.460000 1 1
1978 01 07 2.290000 1 1
1978 01 08 2.460000 1 1
1978 01 09 2.290000 1 1
1978 01 10 2.110000 1 1
1978 01 11 2.650000 1 1
1978 01 12 2.550000 1 1
1978 01 13 9.870000 1 1
1978 01 14 6.610000 1 1
1978 01 15 4.440000 1 1
1978 01 16 5.620000 1 1
1978 01 17 3.720000 1 1
1978 01 18 3.180000 1 1
1978 01 19 3.070000 1 1
1978 01 20 2.760000 1 1
1978 01 21 2.460000 1 1
1978 01 22 2.290000 1 1
1978 01 23 2.200000 1 1
1978 01 24 2.020000 1 1
1978 01 25 1.930000 1 1
1978 01 26 1.760000 1 1
1978 01 27 1.670000 1 1
1978 01 28 1.670000 1 1
1978 01 29 1.600000 1 1
1978 01 30 1.530000 1 1
1978 01 31 1.390000 1 1
1978 02 01 1.600000 1 1
1978 02 02 1.930000 1 1
1978 02 03 1.530000 1 1
1978 02 04 1.390000 1 1
1978 02 05 1.320000 1 1
1978 02 06 1.250000 1 1
1978 02 07 1.850000 1 1
1978 02 08 2.200000 1 1
1978 02 09 1.850000 1 1
1978 02 10 2.650000 1 1
1978 02 11 6.310000 1 1
1978 02 12 5.890000 1 1
1978 02 13 4.940000 1 1
1978 02 14 5.890000 1 1
1978 02 15 3.840000 1 1
1978 02 16 2.970000 1 1
1978 02 17 2.460000 1 1
1978 02 18 2.460000 1 1
1978 02 19 2.200000 1 1
1978 02 20 2.200000 1 1
1978 02 21 2.020000 1 1
1978 02 22 1.930000 1 1
1978 02 23 2.020000 1 1
1978 02 24 6.020000 1 1
1978 02 25 5.890000 1 1
1978 02 26 4.320000 1 1
1978 02 27 3.280000 1 1
1978 02 28 3.490000 1 1
1978 03 01 3.600000 1 1
1978 03 02 4.080000 1 1
1978 03 03 2.860000 1 1
1978 03 04 2.550000 1 1
1978 03 05 2.760000 1 1
1978 03 06 6.460000 1 1
1978 03 07 3.960000 1 1
1978 03 08 4.440000 1 1
1978 03 09 3.070000 1 1
1978 03 10 2.860000 1 1
1978 03 11 2.760000 1 1
1978 03 12 2.760000 1 1
1978 03 13 2.460000 1 1
1978 03 14 2.290000 1 1
1978 03 15 2.200000 1 1
1978 03 16 2.110000 1 1
1978 03 17 2.290000 1 1
1978 03 18 2.290000 1 1
1978 03 19 2.020000 1 1
1978 03 20 1.930000 1 1
1978 03 21 1.850000 1 1
1978 03 22 1.760000 1 1
1978 03 23 1.670000 1 1
1978 03 24 1.600000 1 1
1978 03 25 1.530000 1 1
1978 03 26 1.530000 1 1
1978 03 27 1.460000 1 1
1978 03 28 1.460000 1 1
1978 03 29 1.390000 1 1
1978 03 30 4.320000 1 1
1978 03 31 3.600000 1 1
1978 04 01 12.300000 1 1
1978 04 02 6.020000 1 1
1978 04 03 3.280000 1 1
1978 04 04 2.970000 1 1
1978 04 05 3.180000 1 1
1978 04 06 2.550000 1 1
1978 04 07 2.370000 1 1
1978 04 08 2.200000 1 1
1978 04 09 2.290000 1 1
1978 04 10 2.110000 1 1
1978 04 11 2.020000 1 1
1978 04 12 2.370000 1 1
1978 04 13 2.200000 1 1
1978 04 14 1.930000 1 1
1978 04 15 1.850000 1 1
1978 04 16 1.760000 1 1
1978 04 17 1.760000 1 1
1978 04 18 2.290000 1 1
1978 04 19 1.930000 1 1
1978 04 20 1.850000 1 1
1978 04 21 2.290000 1 1
1978 04 22 1.850000 1 1
1978 04 23 1.930000 1 1
1978 04 24 1.670000 1 1
1978 04 25 2.200000 1 1
1978 04 26 1.760000 1 1
1978 04 27 1.600000 1 1
1978 04 28 1.600000 1 1
1978 04 29 1.530000 1 1
1978 04 30 1.460000 1 1
1978 05 01 1.850000 1 1
1978 05 02 1.930000 1 1
1978 05 03 1.600000 1 1
1978 05 04 1.460000 1 1
1978 05 05 1.460000 1 1
1978 05 06 1.390000 1 1
1978 05 07 1.320000 1 1
1978 05 08 1.320000 1 1
1978 05 09 1.390000 1 1
1978 05 10 1.320000 1 1
1978 05 11 1.250000 1 1
1978 05 12 1.250000 1 1
1978 05 13 1.250000 1 1
1978 05 14 1.250000 1 1
1978 05 15 1.180000 1 1
1978 05 16 1.180000 1 1
1978 05 17 1.180000 1 1
1978 05 18 1.110000 1 1
1978 05 19 1.390000 1 1
1978 05 20 1.180000 1 1
1978 05 21 1.110000 1 1
1978 05 22 1.110000 1 1
1978 05 23 1.250000 1 1
1978 05 24 1.250000 1 1
1978 05 25 1.110000 1 1
1978 05 26 1.110000 1 1
1978 05 27 1.320000 1 1
1978 05 28 2.020000 1 1
1978 05 29 1.390000 1 1
1978 05 30 1.250000 1 1
1978 05 31 1.250000 1 1
1978 06 01 1.180000 1 1
1978 06 02 1.110000 1 1
1978 06 03 1.110000 1 1
1978 06 04 1.110000 1 1
1978 06 05 1.390000 1 1
1978 06 06 1.110000 1 1
1978 06 07 1.110000 1 1
1978 06 08 1.040000 1 1
1978 06 09 0.967000 1 1
1978 06 10 0.967000 1 1
1978 06 11 0.967000 1 1
1978 06 12 0.967000 1 1
1978 06 13 0.914000 1 1
1978 06 14 0.914000 1 1
1978 06 15 0.914000 1 1
1978 06 16 0.914000 1 1
1978 06 17 0.914000 1 1
1978 06 18 1.040000 1 1
1978 06 19 0.914000 1 1
1978 06 20 0.914000 1 1
1978 06 21 0.862000 1 1
1978 06 22 0.862000 1 1
1978 06 23 0.914000 1 1
1978 06 24 0.914000 1 1
1978 06 25 1.040000 1 1
1978 06 26 0.967000 1 1
1978 06 27 0.914000 1 1
1978 06 28 0.914000 1 1
1978 06 29 0.862000 1 1
1978 06 30 0.862000 1 1
1978 07 01 0.809000 1 1
1978 07 02 0.967000 1 1
1978 07 03 1.180000 1 1
1978 07 04 2.860000 1 1
1978 07 05 1.460000 1 1
1978 07 06 1.180000 1 1
1978 07 07 1.110000 1 1
1978 07 08 1.760000 1 1
1978 07 09 4.200000 1 1
1978 07 10 7.370000 1 1
1978 07 11 8.840000 1 1
1978 07 12 3.960000 1 1
1978 07 13 2.760000 1 1
1978 07 14 2.200000 1 1
1978 07 15 1.930000 1 1
1978 07 16 1.760000 1 1
1978 07 17 1.600000 1 1
1978 07 18 1.530000 1 1
1978 07 19 1.600000 1 1
1978 07 20 1.460000 1 1
1978 07 21 1.390000 1 1
1978 07 22 3.600000 1 1
1978 07 23 1.930000 1 1
1978 07 24 1.600000 1 1
1978 07 25 1.460000 1 1
1978 07 26 1.930000 1 1
1978 07 27 2.970000 1 1
1978 07 28 2.460000 1 1
1978 07 29 2.460000 1 1
1978 07 30 2.200000 1 1
1978 07 31 2.200000 1 1
1978 08 01 2.020000 1 1
1978 08 02 3.070000 1 1
1978 08 03 2.860000 1 1
1978 08 04 3.280000 1 1
1978 08 05 4.320000 1 1
1978 08 06 3.490000 1 1
1978 08 07 3.070000 1 1
1978 08 08 2.550000 1 1
1978 08 09 2.370000 1 1
1978 08 10 2.110000 1 1
1978 08 11 2.020000 1 1
1978 08 12 1.850000 1 1
1978 08 13 1.760000 1 1
1978 08 14 1.670000 1 1
1978 08 15 1.600000 1 1
1978 08 16 1.600000 1 1
1978 08 17 1.530000 1 1
1978 08 18 1.460000 1 1
1978 08 19 1.460000 1 1
1978 08 20 1.390000 1 1
1978 08 21 1.320000 1 1
1978 08 22 1.320000 1 1
1978 08 23 1.250000 1 1
1978 08 24 1.250000 1 1
1978 08 25 1.180000 1 1
1978 08 26 1.180000 1 1
1978 08 27 1.180000 1 1
1978 08 28 1.110000 1 1
1978 08 29 1.110000 1 1
1978 08 30 1.110000 1 1
1978 08 31 1.110000 1 1
1978 09 01 1.110000 1 1
1978 09 02 1.110000 1 1
1978 09 03 1.040000 1 1
1978 09 04 1.040000 1 1
1978 09 05 1.250000 1 1
1978 09 06 1.040000 1 1
1978 09 07 1.040000 1 1
1978 09 08 0.967000 1 1
1978 09 09 0.967000 1 1
1978 09 10 0.914000 1 1
1978 09 11 0.914000 1 1
1978 09 12 0.967000 1 1
1978 09 13 0.967000 1 1
1978 09 14 0.967000 1 1
1978 09 15 0.967000 1 1
1978 09 16 0.914000 1 1
1978 09 17 0.862000 1 1
1978 09 18 0.862000 1 1
1978 09 19 0.862000 1 1
1978 09 20 0.862000 1 1
1978 09 21 1.600000 1 1
1978 09 22 3.720000 1 1
1978 09 23 4.680000 1 1
1978 09 24 3.280000 1 1
1978 09 25 2.200000 1 1
1978 09 26 1.930000 1 1
1978 09 27 1.760000 1 1
1978 09 28 3.840000 1 1
1978 09 29 2.020000 1 1
1978 09 30 2.650000 1 1
1978 10 01 1.930000 1 1
1978 10 02 1.600000 1 1
1978 10 03 1.460000 1 1
1978 10 04 1.390000 1 1
1978 10 05 1.460000 1 1
1978 10 06 1.320000 1 1
1978 10 07 1.250000 1 1
1978 10 08 1.250000 1 1
1978 10 09 1.110000 1 1
1978 10 10 1.110000 1 1
1978 10 11 1.850000 1 1
1978 10 12 2.650000 1 1
1978 10 13 2.460000 1 1
1978 10 14 1.600000 1 1
1978 10 15 1.460000 1 1
1978 10 16 6.760000 1 1
1978 10 17 9.520000 1 1
1978 10 18 6.160000 1 1
1978 10 19 3.490000 1 1
1978 10 20 2.970000 1 1
1978 10 21 2.760000 1 1
1978 10 22 2.460000 1 1
1978 10 23 2.290000 1 1
1978 10 24 2.020000 1 1
1978 10 25 1.850000 1 1
1978 10 26 1.760000 1 1
1978 10 27 1.670000 1 1
1978 10 28 1.530000 1 1
1978 10 29 1.670000 1 1
1978 10 30 1.530000 1 1
1978 10 31 1.460000 1 1
1978 11 01 1.390000 1 1
1978 11 02 1.460000 1 1
1978 11 03 1.600000 1 1
1978 11 04 1.460000 1 1
1978 11 05 1.320000 1 1
1978 11 06 4.200000 1 1
1978 11 07 2.370000 1 1
1978 11 08 1.600000 1 1
1978 11 09 1.460000 1 1
1978 11 10 1.390000 1 1
1978 11 11 1.320000 1 1
1978 11 12 1.460000 1 1
1978 11 13 2.370000 1 1
1978 11 14 1.600000 1 1
1978 11 15 1.460000 1 1
1978 11 16 1.390000 1 1
1978 11 17 1.320000 1 1
1978 11 18 1.390000 1 1
1978 11 19 1.320000 1 1
1978 11 20 1.320000 1 1
1978 11 21 1.180000 1 1
1978 11 22 1.180000 1 1
1978 11 23 1.110000 1 1
1978 11 24 1.040000 1 1
1978 11 25 2.110000 1 1
1978 11 26 2.650000 1 1
1978 11 27 1.600000 1 1
1978 11 28 1.390000 1 1
1978 11 29 3.070000 1 1
1978 11 30 1.850000 1 1
1978 12 01 4.200000 1 1
1978 12 02 10.400000 1 1
1978 12 03 4.440000 1 1
1978 12 04 2.970000 1 1
1978 12 05 2.460000 1 1
1978 12 06 2.200000 1 1
1978 12 07 2.020000 1 1
1978 12 08 1.850000 1 1
1978 12 09 1.930000 1 1
1978 12 10 1.930000 1 1
1978 12 11 2.970000 1 1
1978 12 12 2.200000 1 1
1978 12 13 2.110000 1 1
1978 12 14 1.930000 1 1
1978 12 15 1.760000 1 1
1978 12 16 8.670000 1 1
1978 12 17 3.490000 1 1
1978 12 18 3.720000 1 1
1978 12 19 2.970000 1 1
1978 12 20 7.670000 1 1
1978 12 21 4.200000 1 1
1978 12 22 3.180000 1 1
1978 12 23 2.760000 1 1
1978 12 24 2.460000 1 1
1978 12 25 3.070000 1 1
1978 12 26 2.650000 1 1
1978 12 27 2.370000 1 1
1978 12 28 2.110000 1 1
1978 12 29 2.020000 1 1
1978 12 30 1.850000 1 1
1978 12 31 4.080000 1 1
1979 01 01 nan nan nan
1979 01 02 nan nan nan
1979 01 03 nan nan nan
1979 01 04 nan nan nan
1979 01 05 nan nan nan
1979 01 06 nan nan nan
1979 01 07 nan nan nan
1979 01 08 nan nan nan
1979 01 09 nan nan nan
1979 01 10 nan nan nan
1979 01 11 nan nan nan
1979 01 12 nan nan nan
1979 01 13 nan nan nan
1979 01 14 nan nan nan
1979 01 15 nan nan nan
1979 01 16 nan nan nan
1979 01 17 nan nan nan
1979 01 18 nan nan nan
1979 01 19 nan nan nan
1979 01 20 nan nan nan
1979 01 21 nan nan nan
1979 01 22 nan nan nan
1979 01 23 nan nan nan
1979 01 24 nan nan nan
1979 01 25 nan nan nan
1979 01 26 nan nan nan
1979 01 27 nan nan nan
1979 01 28 nan nan nan
1979 01 29 nan nan nan
1979 01 30 nan nan nan
1979 01 31 nan nan nan
1979 02 01 nan nan nan
1979 02 02 nan nan nan
1979 02 03 nan nan nan
1979 02 04 nan nan nan
1979 02 05 nan nan nan
1979 02 06 nan nan nan
1979 02 07 nan nan nan
1979 02 08 nan nan nan
1979 02 09 nan nan nan
1979 02 10 nan nan nan
1979 02 11 nan nan nan
1979 02 12 nan nan nan
1979 02 13 nan nan nan
1979 02 14 nan nan nan
1979 02 15 nan nan nan
1979 02 16 nan nan nan
1979 02 17 nan nan nan
1979 02 18 nan nan nan
1979 02 19 nan nan nan
1979 02 20 nan nan nan
1979 02 21 nan nan nan
1979 02 22 nan nan nan
1979 02 23 nan nan nan
1979 02 24 nan nan nan
1979 02 25 nan nan nan
1979 02 26 nan nan nan
1979 02 27 nan nan nan
1979 02 28 nan nan nan
1979 03 01 nan nan nan
1979 03 02 nan nan nan
1979 03 03 nan nan nan
1979 03 04 nan nan nan
1979 03 05 nan nan nan
1979 03 06 nan nan nan
1979 03 07 nan nan nan
1979 03 08 nan nan nan
1979 03 09 nan nan nan
1979 03 10 nan nan nan
1979 03 11 nan nan nan
1979 03 12 nan nan nan
1979 03 13 nan nan nan
1979 03 14 nan nan nan
1979 03 15 nan nan nan
1979 03 16 nan nan nan
1979 03 17 nan nan nan
1979 03 18 nan nan nan
1979 03 19 nan nan nan
1979 03 20 nan nan nan
1979 03 21 nan nan nan
1979 03 22 nan nan nan
1979 03 23 nan nan nan
1979 03 24 nan nan nan
1979 03 25 nan nan nan
1979 03 26 nan nan nan
1979 03 27 nan nan nan
1979 03 28 nan nan nan
1979 03 29 nan nan nan
1979 03 30 nan nan nan
1979 03 31 nan nan nan
1979 04 01 nan nan nan
1979 04 02 nan nan nan
1979 04 03 nan nan nan
1979 04 04 nan nan nan
1979 04 05 nan nan nan
1979 04 06 nan nan nan
1979 04 07 nan nan nan
1979 04 08 nan nan nan
1979 04 09 nan nan nan
1979 04 10 nan nan nan
1979 04 11 nan nan nan
1979 04 12 nan nan nan
1979 04 13 nan nan nan
1979 04 14 nan nan nan
1979 04 15 nan nan nan
1979 04 16 nan nan nan
1979 04 17 nan nan nan
1979 04 18 nan nan nan
1979 04 19 nan nan nan
1979 04 20 nan nan nan
1979 04 21 nan nan nan
1979 04 22 nan nan nan
1979 04 23 nan nan nan
1979 04 24 nan nan nan
1979 04 25 nan nan nan
1979 04 26 nan nan nan
1979 04 27 nan nan nan
1979 04 28 nan nan nan
1979 04 29 nan nan nan
1979 04 30 nan nan nan
1979 05 01 nan nan nan
1979 05 02 nan nan nan
1979 05 03 nan nan nan
1979 05 04 nan nan nan
1979 05 05 nan nan nan
1979 05 06 nan nan nan
1979 05 07 nan nan nan
1979 05 08 nan nan nan
1979 05 09 nan nan nan
1979 05 10 nan nan nan
1979 05 11 nan nan nan
1979 05 12 nan nan nan
1979 05 13 nan nan nan
1979 05 14 nan nan nan
1979 05 15 nan nan nan
1979 05 16 nan nan nan
1979 05 17 nan nan nan
1979 05 18 nan nan nan
1979 05 19 nan nan nan
1979 05 20 nan nan nan
1979 05 21 nan nan nan
1979 05 22 nan nan nan
1979 05 23 nan nan nan
1979 05 24 nan nan nan
1979 05 25 nan nan nan
1979 05 26 nan nan nan
1979 05 27 nan nan nan
1979 05 28 nan nan nan
1979 05 29 nan nan nan
1979 05 30 nan nan nan
1979 05 31 nan nan nan
1979 06 01 nan nan nan
1979 06 02 nan nan nan
1979 06 03 nan nan nan
1979 06 04 nan nan nan
1979 06 05 nan nan nan
1979 06 06 nan nan nan
1979 06 07 nan nan nan
1979 06 08 nan nan nan
1979 06 09 nan nan nan
1979 06 10 nan nan nan
1979 06 11 nan nan nan
1979 06 12 nan nan nan
1979 06 13 nan nan nan
1979 06 14 nan nan nan
1979 06 15 nan nan nan
1979 06 16 nan nan nan
1979 06 17 nan nan nan
1979 06 18 nan nan nan
1979 06 19 nan nan nan
1979 06 20 nan nan nan
1979 06 21 nan nan nan
1979 06 22 nan nan nan
1979 06 23 nan nan nan
1979 06 24 nan nan nan
1979 06 25 nan nan nan
1979 06 26 nan nan nan
1979 06 27 nan nan nan
1979 06 28 nan nan nan
1979 06 29 nan nan nan
1979 06 30 nan nan nan
1979 07 01 nan nan nan
1979 07 02 nan nan nan
1979 07 03 nan nan nan
1979 07 04 nan nan nan
1979 07 05 nan nan nan
1979 07 06 nan nan nan
1979 07 07 nan nan nan
1979 07 08 nan nan nan
1979 07 09 nan nan nan
1979 07 10 nan nan nan
1979 07 11 nan nan nan
1979 07 12 nan nan nan
1979 07 13 nan nan nan
1979 07 14 nan nan nan
1979 07 15 nan nan nan
1979 07 16 nan nan nan
1979 07 17 nan nan nan
1979 07 18 nan nan nan
1979 07 19 nan nan nan
1979 07 20 nan nan nan
1979 07 21 nan nan nan
1979 07 22 nan nan nan
1979 07 23 nan nan nan
1979 07 24 nan nan nan
1979 07 25 nan nan nan
1979 07 26 nan nan nan
1979 07 27 nan nan nan
1979 07 28 nan nan nan
1979 07 29 nan nan nan
1979 07 30 nan nan nan
1979 07 31 nan nan nan
1979 08 01 nan nan nan
1979 08 02 nan nan nan
1979 08 03 nan nan nan
1979 08 04 nan nan nan
1979 08 05 nan nan nan
1979 08 06 nan nan nan
1979 08 07 nan nan nan
1979 08 08 nan nan nan
1979 08 09 nan nan nan
1979 08 10 nan nan nan
1979 08 11 nan nan nan
1979 08 12 nan nan nan
1979 08 13 nan nan nan
1979 08 14 nan nan nan
1979 08 15 nan nan nan
1979 08 16 nan nan nan
1979 08 17 nan nan nan
1979 08 18 nan nan nan
1979 08 19 nan nan nan
1979 08 20 nan nan nan
1979 08 21 nan nan nan
1979 08 22 nan nan nan
1979 08 23 nan nan nan
1979 08 24 nan nan nan
1979 08 25 nan nan nan
1979 08 26 nan nan nan
1979 08 27 nan nan nan
1979 08 28 nan nan nan
1979 08 29 nan nan nan
1979 08 30 nan nan nan
1979 08 31 nan nan nan
1979 09 01 nan nan nan
1979 09 02 nan nan nan
1979 09 03 nan nan nan
1979 09 04 nan nan nan
1979 09 05 nan nan nan
1979 09 06 nan nan nan
1979 09 07 nan nan nan
1979 09 08 nan nan nan
1979 09 09 nan nan nan
1979 09 10 nan nan nan
1979 09 11 nan nan nan
1979 09 12 nan nan nan
1979 09 13 nan nan nan
1979 09 14 nan nan nan
1979 09 15 nan nan nan
1979 09 16 nan nan nan
1979 09 17 nan nan nan
1979 09 18 nan nan nan
1979 09 19 nan nan nan
1979 09 20 nan nan nan
1979 09 21 nan nan nan
1979 09 22 nan nan nan
1979 09 23 nan nan nan
1979 09 24 nan nan nan
1979 09 25 nan nan nan
1979 09 26 nan nan nan
1979 09 27 nan nan nan
1979 09 28 nan nan nan
1979 09 29 nan nan nan
1979 09 30 nan nan nan
1979 10 01 nan nan nan
1979 10 02 nan nan nan
1979 10 03 nan nan nan
1979 10 04 nan nan nan
1979 10 05 nan nan nan
1979 10 06 nan nan nan
1979 10 07 nan nan nan
1979 10 08 nan nan nan
1979 10 09 nan nan nan
1979 10 10 nan nan nan
1979 10 11 nan nan nan
1979 10 12 nan nan nan
1979 10 13 nan nan nan
1979 10 14 nan nan nan
1979 10 15 nan nan nan
1979 10 16 nan nan nan
1979 10 17 nan nan nan
1979 10 18 nan nan nan
1979 10 19 nan nan nan
1979 10 20 nan nan nan
1979 10 21 nan nan nan
1979 10 22 nan nan nan
1979 10 23 nan nan nan
1979 10 24 nan nan nan
1979 10 25 nan nan nan
1979 10 26 nan nan nan
1979 10 27 nan nan nan
1979 10 28 nan nan nan
1979 10 29 nan nan nan
1979 10 30 nan nan nan
1979 10 31 nan nan nan
1979 11 01 nan nan nan
1979 11 02 nan nan nan
1979 11 03 nan nan nan
1979 11 04 nan nan nan
1979 11 05 nan nan nan
1979 11 06 nan nan nan
1979 11 07 nan nan nan
1979 11 08 nan nan nan
1979 11 09 nan nan nan
1979 11 10 nan nan nan
1979 11 11 nan nan nan
1979 11 12 nan nan nan
1979 11 13 nan nan nan
1979 11 14 nan nan nan
1979 11 15 nan nan nan
1979 11 16 nan nan nan
1979 11 17 nan nan nan
1979 11 18 nan nan nan
1979 11 19 nan nan nan
1979 11 20 nan nan nan
1979 11 21 nan nan nan
1979 11 22 nan nan nan
1979 11 23 nan nan nan
1979 11 24 nan nan nan
1979 11 25 nan nan nan
1979 11 26 nan nan nan
1979 11 27 nan nan nan
1979 11 28 nan nan nan
1979 11 29 nan nan nan
1979 11 30 nan nan nan
1979 12 01 nan nan nan
1979 12 02 nan nan nan
1979 12 03 nan nan nan
1979 12 04 nan nan nan
1979 12 05 nan nan nan
1979 12 06 nan nan nan
1979 12 07 nan nan nan
1979 12 08 nan nan nan
1979 12 09 nan nan nan
1979 12 10 nan nan nan
1979 12 11 nan nan nan
1979 12 12 nan nan nan
1979 12 13 nan nan nan
1979 12 14 nan nan nan
1979 12 15 nan nan nan
1979 12 16 nan nan nan
1979 12 17 nan nan nan
1979 12 18 nan nan nan
1979 12 19 nan nan nan
1979 12 20 nan nan nan
1979 12 21 nan nan nan
1979 12 22 nan nan nan
1979 12 23 nan nan nan
1979 12 24 nan nan nan
1979 12 25 nan nan nan
1979 12 26 nan nan nan
1979 12 27 nan nan nan
1979 12 28 nan nan nan
1979 12 29 nan nan nan
1979 12 30 nan nan nan
1979 12 31 nan nan nan
1980 01 01 5.070000 1 1
1980 01 02 22.300000 1 1
1980 01 03 19.100000 1 1
1980 01 04 8.340000 1 1
1980 01 05 6.760000 1 1
1980 01 06 5.890000 1 1
1980 01 07 5.480000 1 1
1980 01 08 5.070000 1 1
1980 01 09 4.940000 1 1
1980 01 10 4.200000 1 1
1980 01 11 3.960000 1 1
1980 01 12 6.160000 1 1
1980 01 13 5.070000 1 1
1980 01 14 8.670000 1 1
1980 01 15 13.900000 1 1
1980 01 16 13.500000 1 1
1980 01 17 11.500000 1 1
1980 01 18 8.670000 1 1
1980 01 19 6.760000 1 1
1980 01 20 5.890000 1 1
1980 01 21 5.340000 1 1
1980 01 22 4.940000 1 1
1980 01 23 4.440000 1 1
1980 01 24 4.320000 1 1
1980 01 25 3.960000 1 1
1980 01 26 3.840000 1 1
1980 01 27 3.720000 1 1
1980 01 28 4.560000 1 1
1980 01 29 5.070000 1 1
1980 01 30 4.200000 1 1
1980 01 31 3.600000 1 1
1980 02 01 nan nan nan
1980 02 02 nan nan nan
1980 02 03 nan nan nan
1980 02 04 nan nan nan
1980 02 05 nan nan nan
1980 02 06 nan nan nan
1980 02 07 nan nan nan
1980 02 08 nan nan nan
1980 02 09 nan nan nan
1980 02 10 nan nan nan
1980 02 11 nan nan nan
1980 02 12 nan nan nan
1980 02 13 nan nan nan
1980 02 14 nan nan nan
1980 02 15 nan nan nan
1980 02 16 nan nan nan
1980 02 17 nan nan nan
1980 02 18 nan nan nan
1980 02 19 nan nan nan
1980 02 20 nan nan nan
1980 02 21 nan nan nan
1980 02 22 nan nan nan
1980 02 23 nan nan nan
1980 02 24 nan nan nan
1980 02 25 nan nan nan
1980 02 26 nan nan nan
1980 02 27 nan nan nan
1980 02 28 nan nan nan
1980 02 29 nan nan nan
1980 03 01 nan nan nan
1980 03 02 nan nan nan
1980 03 03 nan nan nan
1980 03 04 nan nan nan
1980 03 05 nan nan nan
1980 03 06 nan nan nan
1980 03 07 nan nan nan
1980 03 08 nan nan nan
1980 03 09 nan nan nan
1980 03 10 nan nan nan
1980 03 11 nan nan nan
1980 03 12 nan nan nan
1980 03 13 nan nan nan
1980 03 14 nan nan nan
1980 03 15 nan nan nan
1980 03 16 nan nan nan
1980 03 17 nan nan nan
1980 03 18 nan nan nan
1980 03 19 nan nan nan
1980 03 20 nan nan nan
1980 03 21 nan nan nan
1980 03 22 nan nan nan
1980 03 23 nan nan nan
1980 03 24 nan nan nan
1980 03 25 nan nan nan
1980 03 26 nan nan nan
1980 03 27 nan nan nan
1980 03 28 nan nan nan
1980 03 29 nan nan nan
1980 03 30 nan nan nan
1980 03 31 nan nan nan
1980 04 01 nan nan nan
1980 04 02 nan nan nan
1980 04 03 nan nan nan
1980 04 04 nan nan nan
1980 04 05 nan nan nan
1980 04 06 nan nan nan
1980 04 07 nan nan nan
1980 04 08 nan nan nan
1980 04 09 nan nan nan
1980 04 10 nan nan nan
1980 04 11 nan nan nan
1980 04 12 nan nan nan
1980 04 13 nan nan nan
1980 04 14 nan nan nan
1980 04 15 nan nan nan
1980 04 16 nan nan nan
1980 04 17 nan nan nan
1980 04 18 nan nan nan
1980 04 19 nan nan nan
1980 04 20 nan nan nan
1980 04 21 nan nan nan
1980 04 22 nan nan nan
1980 04 23 nan nan nan
1980 04 24 nan nan nan
1980 04 25 nan nan nan
1980 04 26 nan nan nan
1980 04 27 nan nan nan
1980 04 28 nan nan nan
1980 04 29 nan nan nan
1980 04 30 nan nan nan
1980 05 01 nan nan nan
1980 05 02 nan nan nan
1980 05 03 nan nan nan
1980 05 04 nan nan nan
1980 05 05 nan nan nan
1980 05 06 nan nan nan
1980 05 07 nan nan nan
1980 05 08 nan nan nan
1980 05 09 nan nan nan
1980 05 10 nan nan nan
1980 05 11 nan nan nan
1980 05 12 nan nan nan
1980 05 13 nan nan nan
1980 05 14 nan nan nan
1980 05 15 nan nan nan
1980 05 16 nan nan nan
1980 05 17 nan nan nan
1980 05 18 nan nan nan
1980 05 19 nan nan nan
1980 05 20 nan nan nan
1980 05 21 nan nan nan
1980 05 22 nan nan nan
1980 05 23 nan nan nan
1980 05 24 nan nan nan
1980 05 25 nan nan nan
1980 05 26 nan nan nan
1980 05 27 nan nan nan
1980 05 28 nan nan nan
1980 05 29 nan nan nan
1980 05 30 nan nan nan
1980 05 31 nan nan nan
1980 06 01 nan nan nan
1980 06 02 nan nan nan
1980 06 03 nan nan nan
1980 06 04 nan nan nan
1980 06 05 nan nan nan
1980 06 06 nan nan nan
1980 06 07 nan nan nan
1980 06 08 nan nan nan
1980 06 09 nan nan nan
1980 06 10 nan nan nan
1980 06 11 nan nan nan
1980 06 12 nan nan nan
1980 06 13 nan nan nan
1980 06 14 nan nan nan
1980 06 15 nan nan nan
1980 06 16 nan nan nan
1980 06 17 nan nan nan
1980 06 18 nan nan nan
1980 06 19 nan nan nan
1980 06 20 nan nan nan
1980 06 21 nan nan nan
1980 06 22 nan nan nan
1980 06 23 nan nan nan
1980 06 24 nan nan nan
1980 06 25 nan nan nan
1980 06 26 nan nan nan
1980 06 27 nan nan nan
1980 06 28 nan nan nan
1980 06 29 nan nan nan
1980 06 30 nan nan nan
1980 07 01 nan nan nan
1980 07 02 nan nan nan
1980 07 03 nan nan nan
1980 07 04 nan nan nan
1980 07 05 nan nan nan
1980 07 06 nan nan nan
1980 07 07 nan nan nan
1980 07 08 nan nan nan
1980 07 09 nan nan nan
1980 07 10 nan nan nan
1980 07 11 nan nan nan
1980 07 12 nan nan nan
1980 07 13 nan nan nan
1980 07 14 nan nan nan
1980 07 15 nan nan nan
1980 07 16 nan nan nan
1980 07 17 nan nan nan
1980 07 18 nan nan nan
1980 07 19 nan nan nan
1980 07 20 nan nan nan
1980 07 21 nan nan nan
1980 07 22 nan nan nan
1980 07 23 nan nan nan
1980 07 24 nan nan nan
1980 07 25 nan nan nan
1980 07 26 nan nan nan
1980 07 27 nan nan nan
1980 07 28 nan nan nan
1980 07 29 nan nan nan
1980 07 30 nan nan nan
1980 07 31 nan nan nan
1980 08 01 1.250000 1 1
1980 08 02 1.600000 1 1
1980 08 03 1.390000 1 1
1980 08 04 1.460000 1 1
1980 08 05 1.760000 1 1
1980 08 06 1.600000 1 1
1980 08 07 1.390000 1 1
1980 08 08 1.320000 1 1
1980 08 09 1.320000 1 1
1980 08 10 1.460000 1 1
1980 08 11 1.390000 1 1
1980 08 12 1.320000 1 1
1980 08 13 1.320000 1 1
1980 08 14 1.320000 1 1
1980 08 15 1.320000 1 1
1980 08 16 1.390000 1 1
1980 08 17 1.250000 1 1
1980 08 18 1.180000 1 1
1980 08 19 1.180000 1 1
1980 08 20 1.180000 1 1
1980 08 21 1.180000 1 1
1980 08 22 1.110000 1 1
1980 08 23 1.110000 1 1
1980 08 24 1.110000 1 1
1980 08 25 1.110000 1 1
1980 08 26 1.040000 1 1
1980 08 27 1.040000 1 1
1980 08 28 1.110000 1 1
1980 08 29 1.110000 1 1
1980 08 30 1.110000 1 1
1980 08 31 1.110000 1 1
1980 09 01 nan nan nan
1980 09 02 nan nan nan
1980 09 03 nan nan nan
1980 09 04 nan nan nan
1980 09 05 nan nan nan
1980 09 06 nan nan nan
1980 09 07 nan nan nan
1980 09 08 nan nan nan
1980 09 09 nan nan nan
1980 09 10 nan nan nan
1980 09 11 nan nan nan
1980 09 12 nan nan nan
1980 09 13 nan nan nan
1980 09 14 nan nan nan
1980 09 15 nan nan nan
1980 09 16 nan nan nan
1980 09 17 nan nan nan
1980 09 18 nan nan nan
1980 09 19 nan nan nan
1980 09 20 nan nan nan
1980 09 21 nan nan nan
1980 09 22 nan nan nan
1980 09 23 nan nan nan
1980 09 24 nan nan nan
1980 09 25 nan nan nan
1980 09 26 nan nan nan
1980 09 27 nan nan nan
1980 09 28 nan nan nan
1980 09 29 nan nan nan
1980 09 30 nan nan nan
1980 10 01 1.460000 1 1
1980 10 02 2.970000 1 1
1980 10 03 1.760000 1 1
1980 10 04 1.530000 1 1
1980 10 05 1.250000 1 1
1980 10 06 1.110000 1 1
1980 10 07 1.040000 1 1
1980 10 08 1.040000 1 1
1980 10 09 1.110000 1 1
1980 10 10 1.040000 1 1
1980 10 11 0.967000 1 1
1980 10 12 1.390000 1 1
1980 10 13 1.760000 1 1
1980 10 14 1.250000 1 1
1980 10 15 1.180000 1 1
1980 10 16 1.250000 1 1
1980 10 17 1.110000 1 1
1980 10 18 1.110000 1 1
1980 10 19 1.110000 1 1
1980 10 20 0.967000 1 1
1980 10 21 0.914000 1 1
1980 10 22 0.862000 1 1
1980 10 23 0.809000 1 1
1980 10 24 0.809000 1 1
1980 10 25 0.862000 1 1
1980 10 26 0.809000 1 1
1980 10 27 0.809000 1 1
1980 10 28 0.757000 1 1
1980 10 29 0.757000 1 1
1980 10 30 0.757000 1 1
1980 10 31 0.704000 1 1
1980 11 01 0.862000 1 1
1980 11 02 1.110000 1 1
1980 11 03 1.040000 1 1
1980 11 04 0.862000 1 1
1980 11 05 0.862000 1 1
1980 11 06 0.914000 1 1
1980 11 07 0.862000 1 1
1980 11 08 0.757000 1 1
1980 11 09 0.809000 1 1
1980 11 10 0.914000 1 1
1980 11 11 0.757000 1 1
1980 11 12 0.704000 1 1
1980 11 13 1.600000 1 1
1980 11 14 2.110000 1 1
1980 11 15 1.110000 1 1
1980 11 16 0.914000 1 1
1980 11 17 1.180000 1 1
1980 11 18 1.040000 1 1
1980 11 19 0.914000 1 1
1980 11 20 0.862000 1 1
1980 11 21 0.862000 1 1
1980 11 22 1.460000 1 1
1980 11 23 1.460000 1 1
1980 11 24 1.460000 1 1
1980 11 25 2.970000 1 1
1980 11 26 5.340000 1 1
1980 11 27 1.930000 1 1
1980 11 28 1.460000 1 1
1980 11 29 1.390000 1 1
1980 11 30 1.250000 1 1
1980 12 01 1.180000 1 1
1980 12 02 4.940000 1 1
1980 12 03 8.170000 1 1
1980 12 04 16.100000 1 1
1980 12 05 5.070000 1 1
1980 12 06 3.840000 1 1
1980 12 07 2.860000 1 1
1980 12 08 7.070000 1 1
1980 12 09 5.070000 1 1
1980 12 10 16.500000 1 1
1980 12 11 6.610000 1 1
1980 12 12 4.440000 1 1
1980 12 13 3.840000 1 1
1980 12 14 17.400000 1 1
1980 12 15 6.160000 1 1
1980 12 16 5.620000 1 1
1980 12 17 4.200000 1 1
1980 12 18 3.600000 1 1
1980 12 19 3.180000 1 1
1980 12 20 3.280000 1 1
1980 12 21 2.860000 1 1
1980 12 22 2.650000 1 1
1980 12 23 2.460000 1 1
1980 12 24 2.370000 1 1
1980 12 25 2.290000 1 1
1980 12 26 2.110000 1 1
1980 12 27 2.110000 1 1
1980 12 28 1.930000 1 1
1980 12 29 1.850000 1 1
1980 12 30 1.760000 1 1
1980 12 31 5.340000 1 1
1981 01 01 6.610000 1 1
1981 01 02 3.490000 1 1
1981 01 03 3.070000 1 1
1981 01 04 2.550000 1 1
1981 01 05 2.290000 1 1
1981 01 06 2.110000 1 1
1981 01 07 2.020000 1 1
1981 01 08 1.930000 1 1
1981 01 09 1.850000 1 1
1981 01 10 1.930000 1 1
1981 01 11 1.850000 1 1
1981 01 12 2.020000 1 1
1981 01 13 3.280000 1 1
1981 01 14 2.200000 1 1
1981 01 15 1.930000 1 1
1981 01 16 1.760000 1 1
1981 01 17 1.600000 1 1
1981 01 18 1.600000 1 1
1981 01 19 1.530000 1 1
1981 01 20 1.460000 1 1
1981 01 21 1.460000 1 1
1981 01 22 1.390000 1 1
1981 01 23 1.390000 1 1
1981 01 24 1.460000 1 1
1981 01 25 1.600000 1 1
1981 01 26 3.600000 1 1
1981 01 27 4.080000 1 1
1981 01 28 4.320000 1 1
1981 01 29 3.600000 1 1
1981 01 30 3.180000 1 1
1981 01 31 2.290000 1 1
1981 02 01 2.110000 1 1
1981 02 02 1.930000 1 1
1981 02 03 1.850000 1 1
1981 02 04 1.670000 1 1
1981 02 05 1.600000 1 1
1981 02 06 1.530000 1 1
1981 02 07 1.460000 1 1
1981 02 08 1.460000 1 1
1981 02 09 1.460000 1 1
1981 02 10 1.390000 1 1
1981 02 11 1.760000 1 1
1981 02 12 1.670000 1 1
1981 02 13 1.670000 1 1
1981 02 14 1.460000 1 1
1981 02 15 1.600000 1 1
1981 02 16 2.290000 1 1
1981 02 17 2.370000 1 1
1981 02 18 3.070000 1 1
1981 02 19 2.370000 1 1
1981 02 20 2.860000 1 1
1981 02 21 4.320000 1 1
1981 02 22 4.560000 1 1
1981 02 23 4.080000 1 1
1981 02 24 3.720000 1 1
1981 02 25 2.760000 1 1
1981 02 26 2.760000 1 1
1981 02 27 2.860000 1 1
1981 02 28 2.460000 1 1
1981 03 01 3.070000 1 1
1981 03 02 3.280000 1 1
1981 03 03 2.460000 1 1
1981 03 04 2.200000 1 1
1981 03 05 2.020000 1 1
1981 03 06 1.930000 1 1
1981 03 07 1.850000 1 1
1981 03 08 1.760000 1 1
1981 03 09 4.560000 1 1
1981 03 10 10.900000 1 1
1981 03 11 4.440000 1 1
1981 03 12 3.490000 1 1
1981 03 13 2.970000 1 1
1981 03 14 2.550000 1 1
1981 03 15 2.290000 1 1
1981 03 16 2.200000 1 1
1981 03 17 2.020000 1 1
1981 03 18 2.110000 1 1
1981 03 19 2.290000 1 1
1981 03 20 2.970000 1 1
1981 03 21 3.600000 1 1
1981 03 22 3.960000 1 1
1981 03 23 2.860000 1 1
1981 03 24 2.970000 1 1
1981 03 25 7.840000 1 1
1981 03 26 6.310000 1 1
1981 03 27 9.870000 1 1
1981 03 28 8.510000 1 1
1981 03 29 7.220000 1 1
1981 03 30 5.480000 1 1
1981 03 31 5.210000 1 1
1981 04 01 8.840000 1 1
1981 04 02 5.340000 1 1
1981 04 03 4.560000 1 1
1981 04 04 3.960000 1 1
1981 04 05 3.600000 1 1
1981 04 06 3.840000 1 1
1981 04 07 4.080000 1 1
1981 04 08 3.600000 1 1
1981 04 09 4.320000 1 1
1981 04 10 8.170000 1 1
1981 04 11 4.320000 1 1
1981 04 12 3.720000 1 1
1981 04 13 3.280000 1 1
1981 04 14 3.180000 1 1
1981 04 15 3.070000 1 1
1981 04 16 2.760000 1 1
1981 04 17 4.200000 1 1
1981 04 18 6.460000 1 1
1981 04 19 3.490000 1 1
1981 04 20 3.180000 1 1
1981 04 21 2.970000 1 1
1981 04 22 3.070000 1 1
1981 04 23 3.280000 1 1
1981 04 24 2.860000 1 1
1981 04 25 2.760000 1 1
1981 04 26 2.650000 1 1
1981 04 27 2.860000 1 1
1981 04 28 2.650000 1 1
1981 04 29 2.460000 1 1
1981 04 30 2.460000 1 1
1981 05 01 2.460000 1 1
1981 05 02 2.370000 1 1
1981 05 03 2.370000 1 1
1981 05 04 2.200000 1 1
1981 05 05 2.200000 1 1
1981 05 06 2.110000 1 1
1981 05 07 2.110000 1 1
1981 05 08 2.020000 1 1
1981 05 09 2.650000 1 1
1981 05 10 4.200000 1 1
1981 05 11 2.650000 1 1
1981 05 12 2.290000 1 1
1981 05 13 2.110000 1 1
1981 05 14 2.020000 1 1
1981 05 15 2.020000 1 1
1981 05 16 2.020000 1 1
1981 05 17 2.020000 1 1
1981 05 18 7.670000 1 1
1981 05 19 13.100000 1 1
1981 05 20 5.480000 1 1
1981 05 21 3.960000 1 1
1981 05 22 7.520000 1 1
1981 05 23 4.940000 1 1
1981 05 24 4.680000 1 1
1981 05 25 4.080000 1 1
1981 05 26 3.600000 1 1
1981 05 27 3.390000 1 1
1981 05 28 3.180000 1 1
1981 05 29 3.600000 1 1
1981 05 30 3.390000 1 1
1981 05 31 2.970000 1 1
1981 06 01 2.970000 1 1
1981 06 02 3.280000 1 1
1981 06 03 3.600000 1 1
1981 06 04 3.280000 1 1
1981 06 05 8.340000 1 1
1981 06 06 3.960000 1 1
1981 06 07 3.490000 1 1
1981 06 08 3.280000 1 1
1981 06 09 2.970000 1 1
1981 06 10 2.970000 1 1
1981 06 11 2.860000 1 1
1981 06 12 2.760000 1 1
1981 06 13 2.760000 1 1
1981 06 14 2.650000 1 1
1981 06 15 2.550000 1 1
1981 06 16 2.550000 1 1
1981 06 17 2.550000 1 1
1981 06 18 2.370000 1 1
1981 06 19 2.370000 1 1
1981 06 20 2.370000 1 1
1981 06 21 2.290000 1 1
1981 06 22 2.200000 1 1
1981 06 23 2.200000 1 1
1981 06 24 2.110000 1 1
1981 06 25 2.460000 1 1
1981 06 26 2.200000 1 1
1981 06 27 2.370000 1 1
1981 06 28 2.370000 1 1
1981 06 29 2.200000 1 1
1981 06 30 2.110000 1 1
1981 07 01 2.110000 1 1
1981 07 02 2.020000 1 1
1981 07 03 2.020000 1 1
1981 07 04 1.930000 1 1
1981 07 05 1.850000 1 1
1981 07 06 2.020000 1 1
1981 07 07 2.650000 1 1
1981 07 08 2.550000 1 1
1981 07 09 2.460000 1 1
1981 07 10 2.110000 1 1
1981 07 11 2.020000 1 1
1981 07 12 2.020000 1 1
1981 07 13 2.020000 1 1
1981 07 14 1.850000 1 1
1981 07 15 1.850000 1 1
1981 07 16 2.020000 1 1
1981 07 17 1.850000 1 1
1981 07 18 1.760000 1 1
1981 07 19 1.760000 1 1
1981 07 20 1.760000 1 1
1981 07 21 1.670000 1 1
1981 07 22 1.670000 1 1
1981 07 23 1.670000 1 1
1981 07 24 1.670000 1 1
1981 07 25 1.670000 1 1
1981 07 26 1.670000 1 1
1981 07 27 1.600000 1 1
1981 07 28 1.530000 1 1
1981 07 29 1.530000 1 1
1981 07 30 1.530000 1 1
1981 07 31 1.460000 1 1
1981 08 01 1.530000 1 1
1981 08 02 1.760000 1 1
1981 08 03 2.020000 1 1
1981 08 04 1.850000 1 1
1981 08 05 1.850000 1 1
1981 08 06 1.670000 1 1
1981 08 07 1.530000 1 1
1981 08 08 1.530000 1 1
1981 08 09 1.460000 1 1
1981 08 10 1.460000 1 1
1981 08 11 1.460000 1 1
1981 08 12 1.460000 1 1
1981 08 13 1.460000 1 1
1981 08 14 2.020000 1 1
1981 08 15 1.670000 1 1
1981 08 16 1.460000 1 1
1981 08 17 1.670000 1 1
1981 08 18 1.600000 1 1
1981 08 19 5.620000 1 1
1981 08 20 2.200000 1 1
1981 08 21 1.760000 1 1
1981 08 22 1.670000 1 1
1981 08 23 1.600000 1 1
1981 08 24 1.530000 1 1
1981 08 25 1.460000 1 1
1981 08 26 1.390000 1 1
1981 08 27 1.390000 1 1
1981 08 28 1.390000 1 1
1981 08 29 1.390000 1 1
1981 08 30 1.390000 1 1
1981 08 31 1.390000 1 1
1981 09 01 1.460000 1 1
1981 09 02 1.600000 1 1
1981 09 03 1.390000 1 1
1981 09 04 1.390000 1 1
1981 09 05 1.390000 1 1
1981 09 06 1.390000 1 1
1981 09 07 1.390000 1 1
1981 09 08 1.390000 1 1
1981 09 09 1.250000 1 1
1981 09 10 1.250000 1 1
1981 09 11 1.180000 1 1
1981 09 12 1.180000 1 1
1981 09 13 1.180000 1 1
1981 09 14 1.180000 1 1
1981 09 15 1.180000 1 1
1981 09 16 1.110000 1 1
1981 09 17 1.110000 1 1
1981 09 18 1.180000 1 1
1981 09 19 1.180000 1 1
1981 09 20 1.110000 1 1
1981 09 21 1.110000 1 1
1981 09 22 1.110000 1 1
1981 09 23 1.110000 1 1
1981 09 24 1.110000 1 1
1981 09 25 1.110000 1 1
1981 09 26 1.110000 1 1
1981 09 27 1.110000 1 1
1981 09 28 1.110000 1 1
1981 09 29 1.110000 1 1
1981 09 30 1.040000 1 1
1981 10 01 1.110000 1 1
1981 10 02 1.110000 1 1
1981 10 03 1.180000 1 1
1981 10 04 1.250000 1 1
1981 10 05 1.320000 1 1
1981 10 06 1.110000 1 1
1981 10 07 1.110000 1 1
1981 10 08 1.320000 1 1
1981 10 09 1.460000 1 1
1981 10 10 1.250000 1 1
1981 10 11 1.250000 1 1
1981 10 12 2.200000 1 1
1981 10 13 2.970000 1 1
1981 10 14 5.480000 1 1
1981 10 15 2.290000 1 1
1981 10 16 1.760000 1 1
1981 10 17 1.460000 1 1
1981 10 18 1.390000 1 1
1981 10 19 1.390000 1 1
1981 10 20 2.650000 1 1
1981 10 21 2.860000 1 1
1981 10 22 1.930000 1 1
1981 10 23 1.600000 1 1
1981 10 24 1.460000 1 1
1981 10 25 1.460000 1 1
1981 10 26 1.390000 1 1
1981 10 27 1.320000 1 1
1981 10 28 1.320000 1 1
1981 10 29 5.210000 1 1
1981 10 30 11.500000 1 1
1981 10 31 14.200000 1 1
1981 11 01 6.610000 1 1
1981 11 02 4.680000 1 1
1981 11 03 4.320000 1 1
1981 11 04 5.340000 1 1
1981 11 05 7.840000 1 1
1981 11 06 5.750000 1 1
1981 11 07 3.840000 1 1
1981 11 08 3.070000 1 1
1981 11 09 2.860000 1 1
1981 11 10 2.650000 1 1
1981 11 11 2.460000 1 1
1981 11 12 34.800000 1 1
1981 11 13 13.100000 1 1
1981 11 14 14.200000 1 1
1981 11 15 14.800000 1 1
1981 11 16 11.300000 1 1
1981 11 17 10.400000 1 1
1981 11 18 7.370000 1 1
1981 11 19 6.020000 1 1
1981 11 20 5.210000 1 1
1981 11 21 7.370000 1 1
1981 11 22 21.800000 1 1
1981 11 23 9.010000 1 1
1981 11 24 7.670000 1 1
1981 11 25 10.600000 1 1
1981 11 26 16.300000 1 1
1981 11 27 11.900000 1 1
1981 11 28 9.340000 1 1
1981 11 29 7.370000 1 1
1981 11 30 6.460000 1 1
1981 12 01 5.890000 1 1
1981 12 02 5.480000 1 1
1981 12 03 5.480000 1 1
1981 12 04 4.940000 1 1
1981 12 05 4.560000 1 1
1981 12 06 4.200000 1 1
1981 12 07 3.960000 1 1
1981 12 08 5.070000 1 1
1981 12 09 5.210000 1 1
1981 12 10 4.320000 1 1
1981 12 11 5.070000 1 1
1981 12 12 3.960000 1 1
1981 12 13 3.720000 1 1
1981 12 14 3.490000 1 1
1981 12 15 3.180000 1 1
1981 12 16 3.180000 1 1
1981 12 17 4.940000 1 1
1981 12 18 3.180000 1 1
1981 12 19 2.970000 1 1
1981 12 20 3.280000 1 1
1981 12 21 2.860000 1 1
1981 12 22 2.650000 1 1
1981 12 23 2.550000 1 1
1981 12 24 2.460000 1 1
1981 12 25 3.070000 1 1
1981 12 26 3.960000 1 1
1981 12 27 2.860000 1 1
1981 12 28 7.370000 1 1
1981 12 29 7.070000 1 1
1981 12 30 9.170000 1 1
1981 12 31 5.340000 1 1
1982 01 01 4.440000 1 1
1982 01 02 4.080000 1 1
1982 01 03 3.490000 1 1
1982 01 04 5.070000 1 1
1982 01 05 13.100000 1 1
1982 01 06 7.070000 1 1
1982 01 07 6.760000 1 1
1982 01 08 6.160000 1 1
1982 01 09 5.210000 1 1
1982 01 10 4.940000 1 1
1982 01 11 4.440000 1 1
1982 01 12 4.080000 1 1
1982 01 13 5.340000 1 1
1982 01 14 5.070000 1 1
1982 01 15 6.160000 1 1
1982 01 16 9.170000 1 1
1982 01 17 8.340000 1 1
1982 01 18 5.890000 1 1
1982 01 19 5.070000 1 1
1982 01 20 5.620000 1 1
1982 01 21 5.620000 1 1
1982 01 22 4.800000 1 1
1982 01 23 4.440000 1 1
1982 01 24 4.080000 1 1
1982 01 25 4.200000 1 1
1982 01 26 3.720000 1 1
1982 01 27 4.440000 1 1
1982 01 28 4.320000 1 1
1982 01 29 5.340000 1 1
1982 01 30 6.610000 1 1
1982 01 31 5.210000 1 1
1982 02 01 7.070000 1 1
1982 02 02 6.760000 1 1
1982 02 03 4.940000 1 1
1982 02 04 4.560000 1 1
1982 02 05 4.080000 1 1
1982 02 06 3.840000 1 1
1982 02 07 3.720000 1 1
1982 02 08 3.720000 1 1
1982 02 09 3.720000 1 1
1982 02 10 3.840000 1 1
1982 02 11 3.490000 1 1
1982 02 12 3.390000 1 1
1982 02 13 3.180000 1 1
1982 02 14 3.180000 1 1
1982 02 15 2.970000 1 1
1982 02 16 2.970000 1 1
1982 02 17 3.490000 1 1
1982 02 18 3.390000 1 1
1982 02 19 3.600000 1 1
1982 02 20 3.280000 1 1
1982 02 21 2.970000 1 1
1982 02 22 2.860000 1 1
1982 02 23 2.760000 1 1
1982 02 24 2.650000 1 1
1982 02 25 2.550000 1 1
1982 02 26 2.550000 1 1
1982 02 27 2.460000 1 1
1982 02 28 2.460000 1 1
1982 03 01 2.370000 1 1
1982 03 02 2.370000 1 1
1982 03 03 2.650000 1 1
1982 03 04 2.760000 1 1
1982 03 05 2.650000 1 1
1982 03 06 2.460000 1 1
1982 03 07 2.460000 1 1
1982 03 08 3.720000 1 1
1982 03 09 2.760000 1 1
1982 03 10 2.460000 1 1
1982 03 11 2.370000 1 1
1982 03 12 2.550000 1 1
1982 03 13 6.760000 1 1
1982 03 14 6.160000 1 1
1982 03 15 3.490000 1 1
1982 03 16 2.860000 1 1
1982 03 17 5.070000 1 1
1982 03 18 5.210000 1 1
1982 03 19 4.800000 1 1
1982 03 20 4.680000 1 1
1982 03 21 5.340000 1 1
1982 03 22 3.960000 1 1
1982 03 23 3.600000 1 1
1982 03 24 3.390000 1 1
1982 03 25 4.680000 1 1
1982 03 26 3.720000 1 1
1982 03 27 3.490000 1 1
1982 03 28 3.280000 1 1
1982 03 29 3.180000 1 1
1982 03 30 2.970000 1 1
1982 03 31 2.970000 1 1
1982 04 01 2.860000 1 1
1982 04 02 3.070000 1 1
1982 04 03 2.860000 1 1
1982 04 04 2.760000 1 1
1982 04 05 2.970000 1 1
1982 04 06 3.490000 1 1
1982 04 07 3.280000 1 1
1982 04 08 3.490000 1 1
1982 04 09 3.960000 1 1
1982 04 10 3.070000 1 1
1982 04 11 2.860000 1 1
1982 04 12 2.760000 1 1
1982 04 13 2.550000 1 1
1982 04 14 2.550000 1 1
1982 04 15 2.860000 1 1
1982 04 16 8.170000 1 1
1982 04 17 3.490000 1 1
1982 04 18 2.860000 1 1
1982 04 19 2.760000 1 1
1982 04 20 2.650000 1 1
1982 04 21 2.460000 1 1
1982 04 22 2.290000 1 1
1982 04 23 2.290000 1 1
1982 04 24 2.290000 1 1
1982 04 25 2.200000 1 1
1982 04 26 2.110000 1 1
1982 04 27 2.020000 1 1
1982 04 28 2.020000 1 1
1982 04 29 3.720000 1 1
1982 04 30 2.760000 1 1
1982 05 01 2.760000 1 1
1982 05 02 4.800000 1 1
1982 05 03 2.860000 1 1
1982 05 04 2.650000 1 1
1982 05 05 2.550000 1 1
1982 05 06 2.370000 1 1
1982 05 07 2.370000 1 1
1982 05 08 2.370000 1 1
1982 05 09 2.370000 1 1
1982 05 10 2.200000 1 1
1982 05 11 2.200000 1 1
1982 05 12 2.290000 1 1
1982 05 13 2.460000 1 1
1982 05 14 2.290000 1 1
1982 05 15 2.200000 1 1
1982 05 16 2.020000 1 1
1982 05 17 2.020000 1 1
1982 05 18 1.850000 1 1
1982 05 19 1.850000 1 1
1982 05 20 1.850000 1 1
1982 05 21 1.850000 1 1
1982 05 22 1.850000 1 1
1982 05 23 2.200000 1 1
1982 05 24 2.200000 1 1
1982 05 25 2.020000 1 1
1982 05 26 2.020000 1 1
1982 05 27 2.110000 1 1
1982 05 28 2.200000 1 1
1982 05 29 2.110000 1 1
1982 05 30 2.020000 1 1
1982 05 31 2.020000 1 1
1982 06 01 1.930000 1 1
1982 06 02 2.460000 1 1
1982 06 03 2.860000 1 1
1982 06 04 2.370000 1 1
1982 06 05 2.290000 1 1
1982 06 06 2.110000 1 1
1982 06 07 2.020000 1 1
1982 06 08 2.020000 1 1
1982 06 09 2.020000 1 1
1982 06 10 1.850000 1 1
1982 06 11 1.850000 1 1
1982 06 12 1.850000 1 1
1982 06 13 1.850000 1 1
1982 06 14 1.850000 1 1
1982 06 15 1.760000 1 1
1982 06 16 1.760000 1 1
1982 06 17 1.760000 1 1
1982 06 18 1.760000 1 1
1982 06 19 1.760000 1 1
1982 06 20 1.670000 1 1
1982 06 21 1.670000 1 1
1982 06 22 1.670000 1 1
1982 06 23 1.670000 1 1
1982 06 24 1.670000 1 1
1982 06 25 1.670000 1 1
1982 06 26 1.670000 1 1
1982 06 27 1.670000 1 1
1982 06 28 1.670000 1 1
1982 06 29 1.670000 1 1
1982 06 30 1.600000 1 1
1982 07 01 1.600000 1 1
1982 07 02 1.600000 1 1
1982 07 03 1.600000 1 1
1982 07 04 2.110000 1 1
1982 07 05 2.200000 1 1
1982 07 06 1.930000 1 1
1982 07 07 1.670000 1 1
1982 07 08 1.670000 1 1
1982 07 09 1.670000 1 1
1982 07 10 1.670000 1 1
1982 07 11 1.670000 1 1
1982 07 12 1.600000 1 1
1982 07 13 1.600000 1 1
1982 07 14 1.600000 1 1
1982 07 15 1.600000 1 1
1982 07 16 1.670000 1 1
1982 07 17 1.850000 1 1
1982 07 18 1.670000 1 1
1982 07 19 1.670000 1 1
1982 07 20 1.670000 1 1
1982 07 21 1.600000 1 1
1982 07 22 1.600000 1 1
1982 07 23 1.600000 1 1
1982 07 24 1.530000 1 1
1982 07 25 1.530000 1 1
1982 07 26 1.600000 1 1
1982 07 27 1.850000 1 1
1982 07 28 1.850000 1 1
1982 07 29 2.020000 1 1
1982 07 30 1.670000 1 1
1982 07 31 1.930000 1 1
1982 08 01 1.600000 1 1
1982 08 02 1.460000 1 1
1982 08 03 1.460000 1 1
1982 08 04 1.390000 1 1
1982 08 05 1.390000 1 1
1982 08 06 1.530000 1 1
1982 08 07 1.530000 1 1
1982 08 08 1.390000 1 1
1982 08 09 1.390000 1 1
1982 08 10 1.390000 1 1
1982 08 11 1.390000 1 1
1982 08 12 1.460000 1 1
1982 08 13 3.720000 1 1
1982 08 14 12.700000 1 1
1982 08 15 5.890000 1 1
1982 08 16 3.070000 1 1
1982 08 17 2.460000 1 1
1982 08 18 2.200000 1 1
1982 08 19 1.930000 1 1
1982 08 20 1.850000 1 1
1982 08 21 1.670000 1 1
1982 08 22 1.670000 1 1
1982 08 23 1.600000 1 1
1982 08 24 1.600000 1 1
1982 08 25 1.850000 1 1
1982 08 26 2.200000 1 1
1982 08 27 1.930000 1 1
1982 08 28 1.930000 1 1
1982 08 29 1.670000 1 1
1982 08 30 1.670000 1 1
1982 08 31 1.670000 1 1
1982 09 01 1.530000 1 1
1982 09 02 1.760000 1 1
1982 09 03 2.200000 1 1
1982 09 04 1.760000 1 1
1982 09 05 1.670000 1 1
1982 09 06 1.600000 1 1
1982 09 07 1.530000 1 1
1982 09 08 1.460000 1 1
1982 09 09 1.390000 1 1
1982 09 10 1.390000 1 1
1982 09 11 1.390000 1 1
1982 09 12 1.390000 1 1
1982 09 13 1.390000 1 1
1982 09 14 1.390000 1 1
1982 09 15 1.390000 1 1
1982 09 16 1.670000 1 1
1982 09 17 1.760000 1 1
1982 09 18 1.930000 1 1
1982 09 19 1.600000 1 1
1982 09 20 1.390000 1 1
1982 09 21 1.390000 1 1
1982 09 22 1.460000 1 1
1982 09 23 1.530000 1 1
1982 09 24 2.110000 1 1
1982 09 25 1.760000 1 1
1982 09 26 1.530000 1 1
1982 09 27 1.390000 1 1
1982 09 28 1.390000 1 1
1982 09 29 1.390000 1 1
1982 09 30 1.390000 1 1
1982 10 01 1.390000 1 1
1982 10 02 1.250000 1 1
1982 10 03 1.250000 1 1
1982 10 04 1.530000 1 1
1982 10 05 1.760000 1 1
1982 10 06 1.390000 1 1
1982 10 07 1.320000 1 1
1982 10 08 1.250000 1 1
1982 10 09 1.250000 1 1
1982 10 10 1.460000 1 1
1982 10 11 1.600000 1 1
1982 10 12 1.320000 1 1
1982 10 13 1.250000 1 1
1982 10 14 1.460000 1 1
1982 10 15 1.390000 1 1
1982 10 16 1.250000 1 1
1982 10 17 1.250000 1 1
1982 10 18 1.250000 1 1
1982 10 19 1.250000 1 1
1982 10 20 1.250000 1 1
1982 10 21 1.180000 1 1
1982 10 22 1.180000 1 1
1982 10 23 1.110000 1 1
1982 10 24 1.040000 1 1
1982 10 25 0.967000 1 1
1982 10 26 0.967000 1 1
1982 10 27 0.967000 1 1
1982 10 28 0.967000 1 1
1982 10 29 0.967000 1 1
1982 10 30 1.040000 1 1
1982 10 31 3.180000 1 1
1982 11 01 1.180000 1 1
1982 11 02 1.180000 1 1
1982 11 03 0.967000 1 1
1982 11 04 0.809000 1 1
1982 11 05 0.704000 1 1
1982 11 06 0.652000 1 1
1982 11 07 0.652000 1 1
1982 11 08 0.652000 1 1
1982 11 09 0.704000 1 1
1982 11 10 0.704000 1 1
1982 11 11 0.652000 1 1
1982 11 12 0.652000 1 1
1982 11 13 0.704000 1 1
1982 11 14 0.809000 1 1
1982 11 15 0.809000 1 1
1982 11 16 0.704000 1 1
1982 11 17 2.550000 1 1
1982 11 18 3.070000 1 1
1982 11 19 2.200000 1 1
1982 11 20 0.862000 1 1
1982 11 21 0.757000 1 1
1982 11 22 0.757000 1 1
1982 11 23 0.652000 1 1
1982 11 24 0.599000 1 1
1982 11 25 0.599000 1 1
1982 11 26 0.599000 1 1
1982 11 27 0.599000 1 1
1982 11 28 0.652000 1 1
1982 11 29 0.599000 1 1
1982 11 30 0.599000 1 1
