year month day streamflow_m3s qual_control_by_ana qual_flag
2013 10 01 nan nan 0
2013 10 02 nan nan 0
2013 10 03 nan nan 0
2013 10 04 nan nan 0
2013 10 05 nan nan 0
2013 10 06 nan nan 0
2013 10 07 nan nan 0
2013 10 08 nan nan 0
2013 10 09 nan nan 0
2013 10 10 nan nan 0
2013 10 11 nan nan 0
2013 10 12 nan nan 0
2013 10 13 nan nan 0
2013 10 14 nan nan 0
2013 10 15 nan nan 0
2013 10 16 nan nan 0
2013 10 17 nan nan 0
2013 10 18 nan nan 0
2013 10 19 nan nan 0
2013 10 20 nan nan 0
2013 10 21 nan nan 0
2013 10 22 nan nan 0
2013 10 23 nan nan 0
2013 10 24 nan nan 0
2013 10 25 nan nan 0
2013 10 26 nan nan 0
2013 10 27 nan nan 0
2013 10 28 nan nan 0
2013 10 29 nan nan 0
2013 10 30 nan nan 0
2013 10 31 nan nan 0
2013 11 01 nan nan 0
2013 11 02 nan nan 0
2013 11 03 nan nan 0
2013 11 04 nan nan 0
2013 11 05 nan nan 0
2013 11 06 nan nan 0
2013 11 07 10.162000 1 1
2013 11 08 19.239000 1 1
2013 11 09 17.927000 1 1
2013 11 10 13.135000 1 1
2013 11 11 10.582000 1 1
2013 11 12 9.304000 1 1
2013 11 13 8.637000 1 1
2013 11 14 7.997000 1 1
2013 11 15 7.770000 1 1
2013 11 16 7.217000 1 1
2013 11 17 7.750000 1 1
2013 11 18 7.770000 1 1
2013 11 19 8.288000 1 1
2013 11 20 8.685000 1 1
2013 11 21 10.310000 1 1
2013 11 22 9.090000 1 1
2013 11 23 12.845000 1 1
2013 11 24 17.718000 1 1
2013 11 25 17.325000 1 1
2013 11 26 23.851000 1 1
2013 11 27 27.561000 1 1
2013 11 28 21.897000 1 1
2013 11 29 16.851000 1 1
2013 11 30 17.953000 1 1
2013 12 01 44.902000 1 1
2013 12 02 83.982000 1 1
2013 12 03 96.495000 1 1
2013 12 04 68.775000 1 1
2013 12 05 34.235000 1 1
2013 12 06 24.399000 1 1
2013 12 07 20.329000 1 1
2013 12 08 17.489000 1 1
2013 12 09 17.948000 1 1
2013 12 10 16.709000 1 1
2013 12 11 15.438000 1 1
2013 12 12 20.741000 1 1
2013 12 13 20.741000 1 1
2013 12 14 17.901000 1 1
2013 12 15 17.247000 1 1
2013 12 16 26.256000 1 1
2013 12 17 20.765000 1 1
2013 12 18 17.352000 1 1
2013 12 19 15.083000 1 1
2013 12 20 13.205000 1 1
2013 12 21 15.057000 1 1
2013 12 22 13.683000 1 1
2013 12 23 34.065000 1 1
2013 12 24 54.201000 1 1
2013 12 25 53.832000 1 1
2013 12 26 37.790000 1 1
2013 12 27 26.492000 1 1
2013 12 28 20.990000 1 1
2013 12 29 18.652000 1 1
2013 12 30 17.250000 1 1
2013 12 31 15.865000 1 1
2014 01 01 14.423000 1 1
2014 01 02 14.715000 1 1
2014 01 03 18.670000 1 1
2014 01 04 19.739000 1 1
2014 01 05 15.319000 1 1
2014 01 06 13.091000 1 1
2014 01 07 12.669000 1 1
2014 01 08 12.701000 1 1
2014 01 09 11.824000 1 1
2014 01 10 11.472000 1 1
2014 01 11 11.157000 1 1
2014 01 12 11.530000 1 1
2014 01 13 10.927000 1 1
2014 01 14 10.621000 1 1
2014 01 15 10.702000 1 1
2014 01 16 10.325000 1 1
2014 01 17 13.364000 1 1
2014 01 18 21.296000 1 1
2014 01 19 18.707000 1 1
2014 01 20 14.173000 1 1
2014 01 21 14.252000 1 1
2014 01 22 14.591000 1 1
2014 01 23 13.173000 1 1
2014 01 24 15.366000 1 1
2014 01 25 17.603000 1 1
2014 01 26 14.484000 1 1
2014 01 27 12.599000 1 1
2014 01 28 11.414000 1 1
2014 01 29 10.745000 1 1
2014 01 30 9.974000 1 1
2014 01 31 9.298000 1 1
2014 02 01 9.058000 1 1
2014 02 02 8.734000 1 1
2014 02 03 8.696000 1 1
2014 02 04 8.184000 1 1
2014 02 05 8.341000 1 1
2014 02 06 8.069000 1 1
2014 02 07 7.873000 1 1
2014 02 08 7.694000 1 1
2014 02 09 7.496000 1 1
2014 02 10 7.281000 1 1
2014 02 11 7.207000 1 1
2014 02 12 7.112000 1 1
2014 02 13 7.203000 1 1
2014 02 14 6.902000 1 1
2014 02 15 10.862000 1 1
2014 02 16 18.626000 1 1
2014 02 17 15.883000 1 1
2014 02 18 13.396000 1 1
2014 02 19 12.768000 1 1
2014 02 20 11.522000 1 1
2014 02 21 9.675000 1 1
2014 02 22 8.568000 1 1
2014 02 23 8.220000 1 1
2014 02 24 7.775000 1 1
2014 02 25 7.633000 1 1
2014 02 26 7.281000 1 1
2014 02 27 7.508000 1 1
2014 02 28 7.416000 1 1
2014 03 01 7.264000 1 1
2014 03 02 9.156000 1 1
2014 03 03 9.784000 1 1
2014 03 04 9.370000 1 1
2014 03 05 9.149000 1 1
2014 03 06 8.355000 1 1
2014 03 07 12.603000 1 1
2014 03 08 14.996000 1 1
2014 03 09 12.445000 1 1
2014 03 10 12.977000 1 1
2014 03 11 10.722000 1 1
2014 03 12 10.865000 1 1
2014 03 13 9.502000 1 1
2014 03 14 8.642000 1 1
2014 03 15 7.931000 1 1
2014 03 16 7.791000 1 1
2014 03 17 7.472000 1 1
2014 03 18 7.053000 1 1
2014 03 19 7.316000 1 1
2014 03 20 7.486000 1 1
2014 03 21 7.391000 1 1
2014 03 22 7.659000 1 1
2014 03 23 8.759000 1 1
2014 03 24 8.432000 1 1
2014 03 25 8.257000 1 1
2014 03 26 8.084000 1 1
2014 03 27 8.012000 1 1
2014 03 28 7.878000 1 1
2014 03 29 7.765000 1 1
2014 03 30 7.643000 1 1
2014 03 31 8.955000 1 1
2014 04 01 12.531000 1 1
2014 04 02 13.453000 1 1
2014 04 03 18.958000 1 1
2014 04 04 18.589000 1 1
2014 04 05 14.523000 1 1
2014 04 06 13.583000 1 1
2014 04 07 11.049000 1 1
2014 04 08 9.030000 1 1
2014 04 09 8.846000 1 1
2014 04 10 8.653000 1 1
2014 04 11 8.605000 1 1
2014 04 12 8.044000 1 1
2014 04 13 8.146000 1 1
2014 04 14 10.008000 1 1
2014 04 15 9.293000 1 1
2014 04 16 9.448000 1 1
2014 04 17 11.503000 1 1
2014 04 18 11.668000 1 1
2014 04 19 9.777000 1 1
2014 04 20 9.282000 1 1
2014 04 21 9.968000 1 1
2014 04 22 8.883000 1 1
2014 04 23 9.501000 1 1
2014 04 24 9.042000 1 1
2014 04 25 8.655000 1 1
2014 04 26 8.841000 1 1
2014 04 27 8.589000 1 1
2014 04 28 8.194000 1 1
2014 04 29 7.792000 1 1
2014 04 30 7.643000 1 1
2014 05 01 7.701000 1 1
2014 05 02 7.893000 1 1
2014 05 03 7.587000 1 1
2014 05 04 7.361000 1 1
2014 05 05 7.177000 1 1
2014 05 06 6.844000 1 1
2014 05 07 6.976000 1 1
2014 05 08 6.719000 1 1
2014 05 09 6.575000 1 1
2014 05 10 6.897000 1 1
2014 05 11 6.990000 1 1
2014 05 12 7.083000 1 1
2014 05 13 6.876000 1 1
2014 05 14 6.699000 1 1
2014 05 15 6.656000 1 1
2014 05 16 6.509000 1 1
2014 05 17 6.401000 1 1
2014 05 18 6.446000 1 1
2014 05 19 6.563000 1 1
2014 05 20 6.026000 1 1
2014 05 21 6.428000 1 1
2014 05 22 6.342000 1 1
2014 05 23 6.012000 1 1
2014 05 24 6.231000 1 1
2014 05 25 6.512000 1 1
2014 05 26 6.942000 1 1
2014 05 27 7.878000 1 1
2014 05 28 8.092000 1 1
2014 05 29 7.401000 1 1
2014 05 30 7.187000 1 1
2014 05 31 7.123000 1 1
2014 06 01 6.584000 1 1
2014 06 02 6.805000 1 1
2014 06 03 7.153000 1 1
2014 06 04 6.985000 1 1
2014 06 05 6.714000 1 1
2014 06 06 6.525000 1 1
2014 06 07 6.254000 1 1
2014 06 08 6.165000 1 1
2014 06 09 6.104000 1 1
2014 06 10 6.109000 1 1
2014 06 11 6.272000 1 1
2014 06 12 6.437000 1 1
2014 06 13 6.637000 1 1
2014 06 14 6.201000 1 1
2014 06 15 6.026000 1 1
2014 06 16 6.105000 1 1
2014 06 17 6.128000 1 1
2014 06 18 5.991000 1 1
2014 06 19 5.981000 1 1
2014 06 20 6.226000 1 1
2014 06 21 5.917000 1 1
2014 06 22 5.605000 1 1
2014 06 23 5.588000 1 1
2014 06 24 5.481000 1 1
2014 06 25 5.046000 1 1
2014 06 26 4.935000 1 1
2014 06 27 5.186000 1 1
2014 06 28 5.144000 1 1
2014 06 29 4.718000 1 1
2014 06 30 4.864000 1 1
2014 07 01 4.790000 1 1
2014 07 02 4.801000 1 1
2014 07 03 4.607000 1 1
2014 07 04 4.793000 1 1
2014 07 05 4.488000 1 1
2014 07 06 4.703000 1 1
2014 07 07 4.569000 1 1
2014 07 08 4.864000 1 1
2014 07 09 4.681000 1 1
2014 07 10 4.741000 1 1
2014 07 11 5.457000 1 1
2014 07 12 5.468000 1 1
2014 07 13 5.517000 1 1
2014 07 14 5.467000 1 1
2014 07 15 5.193000 1 1
2014 07 16 5.201000 1 1
2014 07 17 4.893000 1 1
2014 07 18 4.902000 1 1
2014 07 19 4.793000 1 1
2014 07 20 4.589000 1 1
2014 07 21 4.781000 1 1
2014 07 22 4.814000 1 1
2014 07 23 4.730000 1 1
2014 07 24 4.609000 1 1
2014 07 25 4.680000 1 1
2014 07 26 5.162000 1 1
2014 07 27 5.851000 1 1
2014 07 28 6.179000 1 1
2014 07 29 5.933000 1 1
2014 07 30 5.732000 1 1
2014 07 31 5.384000 1 1
2014 08 01 5.258000 1 1
2014 08 02 5.098000 1 1
2014 08 03 4.772000 1 1
2014 08 04 4.885000 1 1
2014 08 05 4.479000 1 1
2014 08 06 4.574000 1 1
2014 08 07 4.507000 1 1
2014 08 08 4.561000 1 1
2014 08 09 4.139000 1 1
2014 08 10 4.336000 1 1
2014 08 11 4.512000 1 1
2014 08 12 4.383000 1 1
2014 08 13 4.198000 1 1
2014 08 14 4.399000 1 1
2014 08 15 4.462000 1 1
2014 08 16 4.313000 1 1
2014 08 17 4.729000 1 1
2014 08 18 4.710000 1 1
2014 08 19 4.902000 1 1
2014 08 20 4.663000 1 1
2014 08 21 4.643000 1 1
2014 08 22 4.153000 1 1
2014 08 23 4.210000 1 1
2014 08 24 4.126000 1 1
2014 08 25 4.035000 1 1
2014 08 26 3.922000 1 1
2014 08 27 3.759000 1 1
2014 08 28 4.365000 1 1
2014 08 29 4.488000 1 1
2014 08 30 4.382000 1 1
2014 08 31 4.305000 1 1
2014 09 01 4.281000 1 1
2014 09 02 4.258000 1 1
2014 09 03 3.958000 1 1
2014 09 04 4.158000 1 1
2014 09 05 4.492000 1 1
2014 09 06 4.270000 1 1
2014 09 07 4.129000 1 1
2014 09 08 4.029000 1 1
2014 09 09 3.948000 1 1
2014 09 10 3.854000 1 1
2014 09 11 3.741000 1 1
2014 09 12 3.632000 1 1
2014 09 13 3.579000 1 1
2014 09 14 3.536000 1 1
2014 09 15 3.407000 1 1
2014 09 16 3.245000 1 1
2014 09 17 3.430000 1 1
2014 09 18 3.503000 1 1
2014 09 19 3.580000 1 1
2014 09 20 3.440000 1 1
2014 09 21 3.602000 1 1
2014 09 22 3.543000 1 1
2014 09 23 3.677000 1 1
2014 09 24 3.408000 1 1
2014 09 25 3.303000 1 1
2014 09 26 3.171000 1 1
2014 09 27 3.101000 1 1
2014 09 28 3.182000 1 1
2014 09 29 3.655000 1 1
2014 09 30 4.139000 1 1
2014 10 01 4.423000 1 1
2014 10 02 5.095000 1 1
2014 10 03 4.701000 1 1
2014 10 04 4.219000 1 1
2014 10 05 3.607000 1 1
2014 10 06 3.695000 1 1
2014 10 07 3.584000 1 1
2014 10 08 3.496000 1 1
2014 10 09 3.200000 1 1
2014 10 10 3.172000 1 1
2014 10 11 3.042000 1 1
2014 10 12 2.997000 1 1
2014 10 13 2.773000 1 1
2014 10 14 2.714000 1 1
2014 10 15 2.451000 1 1
2014 10 16 2.470000 1 1
2014 10 17 2.537000 1 1
2014 10 18 2.408000 1 1
2014 10 19 2.514000 1 1
2014 10 20 2.770000 1 1
2014 10 21 3.289000 1 1
2014 10 22 3.242000 1 1
2014 10 23 3.057000 1 1
2014 10 24 3.090000 1 1
2014 10 25 3.204000 1 1
2014 10 26 3.723000 1 1
2014 10 27 4.111000 1 1
2014 10 28 5.068000 1 1
2014 10 29 4.725000 1 1
2014 10 30 3.715000 1 1
2014 10 31 4.917000 1 1
2014 11 01 5.411000 1 1
2014 11 02 6.096000 1 1
2014 11 03 7.765000 1 1
2014 11 04 5.543000 1 1
2014 11 05 4.490000 1 1
2014 11 06 4.048000 1 1
2014 11 07 4.426000 1 1
2014 11 08 6.343000 1 1
2014 11 09 8.278000 1 1
2014 11 10 6.719000 1 1
2014 11 11 5.880000 1 1
2014 11 12 5.384000 1 1
2014 11 13 12.612000 1 1
2014 11 14 18.707000 1 1
2014 11 15 14.200000 1 1
2014 11 16 9.123000 1 1
2014 11 17 7.376000 1 1
2014 11 18 6.249000 1 1
2014 11 19 5.458000 1 1
2014 11 20 4.914000 1 1
2014 11 21 4.536000 1 1
2014 11 22 4.254000 1 1
2014 11 23 4.738000 1 1
2014 11 24 8.069000 1 1
2014 11 25 10.454000 1 1
2014 11 26 10.334000 1 1
2014 11 27 14.867000 1 1
2014 11 28 24.802000 1 1
2014 11 29 22.140000 1 1
2014 11 30 14.258000 1 1
2014 12 01 10.531000 1 1
2014 12 02 9.288000 1 1
2014 12 03 8.235000 1 1
2014 12 04 7.128000 1 1
2014 12 05 6.404000 1 1
2014 12 06 6.560000 1 1
2014 12 07 6.437000 1 1
2014 12 08 5.967000 1 1
2014 12 09 5.521000 1 1
2014 12 10 5.110000 1 1
2014 12 11 4.826000 1 1
2014 12 12 4.577000 1 1
2014 12 13 4.507000 1 1
2014 12 14 6.489000 1 1
2014 12 15 9.441000 1 1
2014 12 16 8.121000 1 1
2014 12 17 6.160000 1 1
2014 12 18 5.332000 1 1
2014 12 19 5.029000 1 1
2014 12 20 5.102000 1 1
2014 12 21 6.860000 1 1
2014 12 22 8.108000 1 1
2014 12 23 9.298000 1 1
2014 12 24 10.319000 1 1
2014 12 25 9.361000 1 1
2014 12 26 9.779000 1 1
2014 12 27 7.824000 1 1
2014 12 28 6.454000 1 1
2014 12 29 5.234000 1 1
2014 12 30 4.649000 1 1
2014 12 31 4.473000 1 1
2015 01 01 4.425000 1 1
2015 01 02 6.769000 1 1
2015 01 03 6.426000 1 1
2015 01 04 5.653000 1 1
2015 01 05 6.539000 1 1
2015 01 06 8.854000 1 1
2015 01 07 8.854000 1 1
2015 01 08 6.313000 1 1
2015 01 09 5.439000 1 1
2015 01 10 4.720000 1 1
2015 01 11 3.950000 1 1
2015 01 12 4.043000 1 1
2015 01 13 3.858000 1 1
2015 01 14 3.587000 1 1
2015 01 15 3.498000 1 1
2015 01 16 3.238000 1 1
2015 01 17 3.238000 1 1
2015 01 18 3.153000 1 1
2015 01 19 2.904000 1 1
2015 01 20 2.743000 1 1
2015 01 21 2.743000 1 1
2015 01 22 2.823000 1 1
2015 01 23 3.766000 1 1
2015 01 24 5.979000 1 1
2015 01 25 5.979000 1 1
2015 01 26 8.217000 1 1
2015 01 27 11.309000 1 1
2015 01 28 10.050000 1 1
2015 01 29 8.217000 1 1
2015 01 30 5.761000 1 1
2015 01 31 5.334000 1 1
2015 02 01 7.600000 1 1
2015 02 02 10.187000 1 1
2015 02 03 12.777000 1 1
2015 02 04 19.017000 1 1
2015 02 05 21.756000 1 1
2015 02 06 16.265000 1 1
2015 02 07 12.928000 1 1
2015 02 08 10.463000 1 1
2015 02 09 11.309000 1 1
2015 02 10 12.329000 1 1
2015 02 11 14.637000 1 1
2015 02 12 13.849000 1 1
2015 02 13 9.779000 1 1
2015 02 14 8.092000 1 1
2015 02 15 8.343000 1 1
2015 02 16 12.928000 1 1
2015 02 17 20.276000 1 1
2015 02 18 20.459000 1 1
2015 02 19 19.552000 1 1
2015 02 20 15.934000 1 1
2015 02 21 13.849000 1 1
2015 02 22 10.882000 1 1
2015 02 23 9.115000 1 1
2015 02 24 8.092000 1 1
2015 02 25 7.239000 1 1
2015 02 26 7.003000 1 1
2015 02 27 10.187000 1 1
2015 02 28 9.645000 1 1
2015 03 01 8.854000 1 1
2015 03 02 7.600000 1 1
2015 03 03 6.654000 1 1
2015 03 04 5.761000 1 1
2015 03 05 6.426000 1 1
2015 03 06 6.769000 1 1
2015 03 07 8.725000 1 1
2015 03 08 19.195000 1 1
2015 03 09 19.552000 1 1
2015 03 10 16.768000 1 1
2015 03 11 15.605000 1 1
2015 03 12 13.232000 1 1
2015 03 13 11.452000 1 1
2015 03 14 12.329000 1 1
2015 03 15 9.378000 1 1
2015 03 16 8.092000 1 1
2015 03 17 7.359000 1 1
2015 03 18 7.239000 1 1
2015 03 19 7.239000 1 1
2015 03 20 6.769000 1 1
2015 03 21 6.426000 1 1
2015 03 22 9.645000 1 1
2015 03 23 12.181000 1 1
2015 03 24 13.080000 1 1
2015 03 25 12.034000 1 1
2015 03 26 9.246000 1 1
2015 03 27 7.845000 1 1
2015 03 28 6.769000 1 1
2015 03 29 9.779000 1 1
2015 03 30 16.600000 1 1
2015 03 31 36.480000 1 1
2015 04 01 29.361000 1 1
2015 04 02 14.797000 1 1
2015 04 03 11.887000 1 1
2015 04 04 10.050000 1 1
2015 04 05 8.854000 1 1
2015 04 06 8.217000 1 1
2015 04 07 7.968000 1 1
2015 04 08 7.600000 1 1
2015 04 09 7.120000 1 1
2015 04 10 7.239000 1 1
2015 04 11 6.886000 1 1
2015 04 12 7.120000 1 1
2015 04 13 7.239000 1 1
2015 04 14 6.886000 1 1
2015 04 15 6.654000 1 1
2015 04 16 6.426000 1 1
2015 04 17 6.201000 1 1
2015 04 18 6.579000 1 1
2015 04 19 6.810000 1 1
2015 04 20 6.694000 1 1
2015 04 21 7.401000 1 1
2015 04 22 9.559000 1 1
2015 04 23 8.900000 1 1
2015 04 24 8.642000 1 1
2015 04 25 8.012000 1 1
2015 04 26 8.642000 1 1
2015 04 27 8.262000 1 1
2015 04 28 7.162000 1 1
2015 04 29 7.162000 1 1
2015 04 30 7.521000 1 1
2015 05 01 7.162000 1 1
2015 05 02 6.579000 1 1
2015 05 03 6.352000 1 1
2015 05 04 6.240000 1 1
2015 05 05 6.694000 1 1
2015 05 06 7.281000 1 1
2015 05 07 7.044000 1 1
2015 05 08 6.694000 1 1
2015 05 09 6.352000 1 1
2015 05 10 6.128000 1 1
2015 05 11 6.926000 1 1
2015 05 12 8.771000 1 1
2015 05 13 8.900000 1 1
2015 05 14 7.401000 1 1
2015 05 15 6.810000 1 1
2015 05 16 6.465000 1 1
2015 05 17 6.352000 1 1
2015 05 18 6.465000 1 1
2015 05 19 6.465000 1 1
2015 05 20 6.465000 1 1
2015 05 21 6.352000 1 1
2015 05 22 6.240000 1 1
2015 05 23 6.128000 1 1
2015 05 24 6.017000 1 1
2015 05 25 5.907000 1 1
2015 05 26 5.690000 1 1
2015 05 27 5.583000 1 1
2015 05 28 5.476000 1 1
2015 05 29 5.371000 1 1
2015 05 30 5.371000 1 1
2015 05 31 5.266000 1 1
2015 06 01 5.690000 1 1
2015 06 02 6.352000 1 1
2015 06 03 6.128000 1 1
2015 06 04 5.799000 1 1
2015 06 05 5.690000 1 1
2015 06 06 5.476000 1 1
2015 06 07 5.371000 1 1
2015 06 08 5.266000 1 1
2015 06 09 5.162000 1 1
2015 06 10 5.059000 1 1
2015 06 11 4.957000 1 1
2015 06 12 4.855000 1 1
2015 06 13 4.855000 1 1
2015 06 14 4.855000 1 1
2015 06 15 4.755000 1 1
2015 06 16 4.855000 1 1
2015 06 17 5.266000 1 1
2015 06 18 5.371000 1 1
2015 06 19 5.059000 1 1
2015 06 20 5.059000 1 1
2015 06 21 5.059000 1 1
2015 06 22 5.162000 1 1
2015 06 23 5.059000 1 1
2015 06 24 4.957000 1 1
2015 06 25 4.855000 1 1
2015 06 26 4.957000 1 1
2015 06 27 5.059000 1 1
2015 06 28 4.957000 1 1
2015 06 29 4.957000 1 1
2015 06 30 4.855000 1 1
2015 07 01 4.655000 1 1
2015 07 02 4.655000 1 1
2015 07 03 4.655000 1 1
2015 07 04 4.655000 1 1
2015 07 05 4.655000 1 1
2015 07 06 4.655000 1 1
2015 07 07 4.655000 1 1
2015 07 08 4.655000 1 1
2015 07 09 4.655000 1 1
2015 07 10 4.655000 1 1
2015 07 11 4.458000 1 1
2015 07 12 4.361000 1 1
2015 07 13 4.361000 1 1
2015 07 14 4.265000 1 1
2015 07 15 4.170000 1 1
2015 07 16 4.170000 1 1
2015 07 17 4.076000 1 1
2015 07 18 4.076000 1 1
2015 07 19 4.076000 1 1
2015 07 20 3.982000 1 1
2015 07 21 3.982000 1 1
2015 07 22 3.982000 1 1
2015 07 23 3.982000 1 1
2015 07 24 4.076000 1 1
2015 07 25 4.076000 1 1
2015 07 26 4.265000 1 1
2015 07 27 4.655000 1 1
2015 07 28 4.361000 1 1
2015 07 29 4.170000 1 1
2015 07 30 3.982000 1 1
2015 07 31 3.982000 1 1
2015 08 01 3.889000 1 1
2015 08 02 3.798000 1 1
2015 08 03 3.707000 1 1
2015 08 04 3.617000 1 1
2015 08 05 3.528000 1 1
2015 08 06 3.528000 1 1
2015 08 07 3.440000 1 1
2015 08 08 3.440000 1 1
2015 08 09 3.440000 1 1
2015 08 10 3.440000 1 1
2015 08 11 3.440000 1 1
2015 08 12 3.440000 1 1
2015 08 13 3.440000 1 1
2015 08 14 3.440000 1 1
2015 08 15 3.353000 1 1
2015 08 16 3.353000 1 1
2015 08 17 3.353000 1 1
2015 08 18 3.267000 1 1
2015 08 19 3.267000 1 1
2015 08 20 3.267000 1 1
2015 08 21 3.353000 1 1
2015 08 22 3.353000 1 1
2015 08 23 3.353000 1 1
2015 08 24 3.440000 1 1
2015 08 25 3.528000 1 1
2015 08 26 4.361000 1 1
2015 08 27 4.855000 1 1
2015 08 28 4.655000 1 1
2015 08 29 4.170000 1 1
2015 08 30 3.889000 1 1
2015 08 31 3.707000 1 1
2015 09 01 3.440000 1 1
2015 09 02 3.267000 1 1
2015 09 03 3.267000 1 1
2015 09 04 3.267000 1 1
2015 09 05 3.267000 1 1
2015 09 06 3.440000 1 1
2015 09 07 3.982000 1 1
2015 09 08 5.266000 1 1
2015 09 09 6.579000 1 1
2015 09 10 7.401000 1 1
2015 09 11 7.162000 1 1
2015 09 12 7.765000 1 1
2015 09 13 9.030000 1 1
2015 09 14 9.559000 1 1
2015 09 15 8.388000 1 1
2015 09 16 6.926000 1 1
2015 09 17 6.128000 1 1
2015 09 18 5.371000 1 1
2015 09 19 4.855000 1 1
2015 09 20 4.458000 1 1
2015 09 21 4.170000 1 1
2015 09 22 3.889000 1 1
2015 09 23 3.707000 1 1
2015 09 24 3.528000 1 1
2015 09 25 3.440000 1 1
2015 09 26 3.353000 1 1
2015 09 27 3.267000 1 1
2015 09 28 3.528000 1 1
2015 09 29 3.440000 1 1
2015 09 30 3.440000 1 1
2015 10 01 3.617000 1 1
2015 10 02 6.465000 1 1
2015 10 03 7.401000 1 1
2015 10 04 6.352000 1 1
2015 10 05 5.371000 1 1
2015 10 06 4.556000 1 1
2015 10 07 4.170000 1 1
2015 10 08 3.982000 1 1
2015 10 09 3.798000 1 1
2015 10 10 3.528000 1 1
2015 10 11 3.353000 1 1
2015 10 12 3.267000 1 1
2015 10 13 3.098000 1 1
2015 10 14 3.014000 1 1
2015 10 15 2.932000 1 1
2015 10 16 2.850000 1 1
2015 10 17 2.770000 1 1
2015 10 18 2.690000 1 1
2015 10 19 2.690000 1 1
2015 10 20 2.690000 1 1
2015 10 21 2.770000 1 1
2015 10 22 2.850000 1 1
2015 10 23 4.170000 1 1
2015 10 24 4.855000 1 1
2015 10 25 4.458000 1 1
2015 10 26 3.707000 1 1
2015 10 27 3.440000 1 1
2015 10 28 4.170000 1 1
2015 10 29 7.643000 1 1
2015 10 30 9.693000 1 1
2015 10 31 7.281000 1 1
2015 11 01 5.690000 1 1
2015 11 02 4.655000 1 1
2015 11 03 4.458000 1 1
2015 11 04 5.162000 1 1
2015 11 05 6.240000 1 1
2015 11 06 5.371000 1 1
2015 11 07 6.128000 1 1
2015 11 08 8.642000 1 1
2015 11 09 25.116000 1 1
2015 11 10 25.316000 1 1
2015 11 11 16.160000 1 1
2015 11 12 10.652000 1 1
2015 11 13 8.515000 1 1
2015 11 14 7.765000 1 1
2015 11 15 8.262000 1 1
2015 11 16 8.262000 1 1
2015 11 17 8.597000 1 1
2015 11 18 11.309000 1 1
2015 11 19 18.138000 1 1
2015 11 20 14.478000 1 1
2015 11 21 15.605000 1 1
2015 11 22 17.619000 1 1
2015 11 23 14.478000 1 1
2015 11 24 14.957000 1 1
2015 11 25 15.118000 1 1
2015 11 26 12.181000 1 1
2015 11 27 10.187000 1 1
2015 11 28 9.246000 1 1
2015 11 29 11.024000 1 1
2015 11 30 19.552000 1 1
2015 12 01 24.448000 1 1
2015 12 02 20.459000 1 1
2015 12 03 28.727000 1 1
2015 12 04 54.210000 1 1
2015 12 05 63.551000 1 1
2015 12 06 56.975000 1 1
2015 12 07 31.956000 1 1
2015 12 08 24.252000 1 1
2015 12 09 23.472000 1 1
2015 12 10 21.382000 1 1
2015 12 11 17.106000 1 1
2015 12 12 42.479000 1 1
2015 12 13 92.062000 1 1
2015 12 14 71.032000 1 1
2015 12 15 37.414000 1 1
2015 12 16 23.472000 1 1
2015 12 17 20.094000 1 1
2015 12 18 19.913000 1 1
2015 12 19 23.666000 1 1
2015 12 20 25.441000 1 1
2015 12 21 25.042000 1 1
2015 12 22 21.196000 1 1
2015 12 23 15.769000 1 1
2015 12 24 14.005000 1 1
2015 12 25 13.849000 1 1
2015 12 26 13.849000 1 1
2015 12 27 17.447000 1 1
2015 12 28 16.099000 1 1
2015 12 29 12.777000 1 1
2015 12 30 11.741000 1 1
2015 12 31 11.309000 1 1
2016 01 01 10.742000 1 1
2016 01 02 11.024000 1 1
2016 01 03 14.162000 1 1
2016 01 04 17.276000 1 1
2016 01 05 16.432000 1 1
2016 01 06 13.849000 1 1
2016 01 07 11.887000 1 1
2016 01 08 10.742000 1 1
2016 01 09 10.187000 1 1
2016 01 10 10.050000 1 1
2016 01 11 9.915000 1 1
2016 01 12 11.452000 1 1
2016 01 13 16.768000 1 1
2016 01 14 24.252000 1 1
2016 01 15 33.287000 1 1
2016 01 16 39.312000 1 1
2016 01 17 58.098000 1 1
2016 01 18 67.998000 1 1
2016 01 19 37.414000 1 1
2016 01 20 32.841000 1 1
2016 01 21 38.359000 1 1
2016 01 22 34.868000 1 1
2016 01 23 26.654000 1 1
2016 01 24 21.569000 1 1
2016 01 25 19.195000 1 1
2016 01 26 19.195000 1 1
2016 01 27 18.663000 1 1
2016 01 28 19.195000 1 1
2016 01 29 50.966000 1 1
2016 01 30 71.952000 1 1
2016 01 31 49.376000 1 1
2016 02 01 25.042000 1 1
2016 02 02 20.276000 1 1
2016 02 03 18.138000 1 1
2016 02 04 16.768000 1 1
2016 02 05 15.769000 1 1
2016 02 06 14.957000 1 1
2016 02 07 14.478000 1 1
2016 02 08 14.797000 1 1
2016 02 09 14.478000 1 1
2016 02 10 13.540000 1 1
2016 02 11 12.928000 1 1
2016 02 12 14.478000 1 1
2016 02 13 16.600000 1 1
2016 02 14 14.957000 1 1
2016 02 15 14.957000 1 1
2016 02 16 23.666000 1 1
2016 02 17 22.132000 1 1
2016 02 18 21.382000 1 1
2016 02 19 25.241000 1 1
2016 02 20 24.252000 1 1
2016 02 21 24.252000 1 1
2016 02 22 28.517000 1 1
2016 02 23 25.241000 1 1
2016 02 24 19.017000 1 1
2016 02 25 16.265000 1 1
2016 02 26 15.605000 1 1
2016 02 27 16.937000 1 1
2016 02 28 19.017000 1 1
2016 02 29 17.619000 1 1
2016 03 01 17.791000 1 1
2016 03 02 16.600000 1 1
2016 03 03 14.162000 1 1
2016 03 04 13.386000 1 1
2016 03 05 14.320000 1 1
2016 03 06 14.005000 1 1
2016 03 07 12.928000 1 1
2016 03 08 16.099000 1 1
2016 03 09 15.769000 1 1
2016 03 10 12.777000 1 1
2016 03 11 13.080000 1 1
2016 03 12 14.797000 1 1
2016 03 13 23.472000 1 1
2016 03 14 18.840000 1 1
2016 03 15 17.106000 1 1
2016 03 16 18.663000 1 1
2016 03 17 13.694000 1 1
2016 03 18 13.080000 1 1
2016 03 19 14.797000 1 1
2016 03 20 13.080000 1 1
2016 03 21 11.596000 1 1
2016 03 22 11.024000 1 1
2016 03 23 10.602000 1 1
2016 03 24 15.442000 1 1
2016 03 25 28.938000 1 1
2016 03 26 26.045000 1 1
2016 03 27 15.605000 1 1
2016 03 28 14.162000 1 1
2016 03 29 13.080000 1 1
2016 03 30 12.627000 1 1
2016 03 31 11.741000 1 1
2016 04 01 11.309000 1 1
2016 04 02 13.080000 1 1
2016 04 03 11.452000 1 1
2016 04 04 11.452000 1 1
2016 04 05 10.602000 1 1
2016 04 06 10.050000 1 1
2016 04 07 9.779000 1 1
2016 04 08 9.645000 1 1
2016 04 09 9.378000 1 1
2016 04 10 9.115000 1 1
2016 04 11 8.984000 1 1
2016 04 12 8.854000 1 1
2016 04 13 8.597000 1 1
2016 04 14 8.470000 1 1
2016 04 15 8.343000 1 1
2016 04 16 8.343000 1 1
2016 04 17 8.217000 1 1
2016 04 18 8.217000 1 1
2016 04 19 8.092000 1 1
2016 04 20 7.968000 1 1
2016 04 21 7.968000 1 1
2016 04 22 8.092000 1 1
2016 04 23 8.217000 1 1
2016 04 24 7.968000 1 1
2016 04 25 7.845000 1 1
2016 04 26 7.845000 1 1
2016 04 27 7.600000 1 1
2016 04 28 7.600000 1 1
2016 04 29 7.845000 1 1
2016 04 30 8.217000 1 1
2016 05 01 8.597000 1 1
2016 05 02 8.217000 1 1
2016 05 03 7.845000 1 1
2016 05 04 7.722000 1 1
2016 05 05 7.600000 1 1
2016 05 06 7.600000 1 1
2016 05 07 7.722000 1 1
2016 05 08 7.600000 1 1
2016 05 09 7.600000 1 1
2016 05 10 7.600000 1 1
2016 05 11 7.600000 1 1
2016 05 12 7.479000 1 1
2016 05 13 7.479000 1 1
2016 05 14 7.479000 1 1
2016 05 15 7.479000 1 1
2016 05 16 7.479000 1 1
2016 05 17 7.359000 1 1
2016 05 18 7.359000 1 1
2016 05 19 7.359000 1 1
2016 05 20 7.968000 1 1
2016 05 21 7.968000 1 1
2016 05 22 7.845000 1 1
2016 05 23 7.479000 1 1
2016 05 24 7.359000 1 1
2016 05 25 7.120000 1 1
2016 05 26 7.003000 1 1
2016 05 27 7.120000 1 1
2016 05 28 7.120000 1 1
2016 05 29 7.120000 1 1
2016 05 30 7.003000 1 1
2016 05 31 6.886000 1 1
2016 06 01 7.003000 1 1
2016 06 02 7.359000 1 1
2016 06 03 8.092000 1 1
2016 06 04 9.246000 1 1
2016 06 05 9.645000 1 1
2016 06 06 8.984000 1 1
2016 06 07 8.725000 1 1
2016 06 08 10.050000 1 1
2016 06 09 11.166000 1 1
2016 06 10 10.050000 1 1
2016 06 11 8.725000 1 1
2016 06 12 8.092000 1 1
2016 06 13 7.722000 1 1
2016 06 14 7.479000 1 1
2016 06 15 7.359000 1 1
2016 06 16 7.239000 1 1
2016 06 17 7.120000 1 1
2016 06 18 7.003000 1 1
2016 06 19 7.003000 1 1
2016 06 20 7.003000 1 1
2016 06 21 7.003000 1 1
2016 06 22 7.003000 1 1
2016 06 23 7.003000 1 1
2016 06 24 6.886000 1 1
2016 06 25 6.769000 1 1
2016 06 26 6.769000 1 1
2016 06 27 6.654000 1 1
2016 06 28 6.654000 1 1
2016 06 29 6.769000 1 1
2016 06 30 6.769000 1 1
2016 07 01 6.654000 1 1
2016 07 02 6.769000 1 1
2016 07 03 6.769000 1 1
2016 07 04 6.654000 1 1
2016 07 05 6.426000 1 1
2016 07 06 6.313000 1 1
2016 07 07 6.313000 1 1
2016 07 08 6.201000 1 1
2016 07 09 6.089000 1 1
2016 07 10 5.979000 1 1
2016 07 11 5.979000 1 1
2016 07 12 5.979000 1 1
2016 07 13 5.869000 1 1
2016 07 14 5.869000 1 1
2016 07 15 5.653000 1 1
2016 07 16 5.653000 1 1
2016 07 17 5.546000 1 1
2016 07 18 5.334000 1 1
2016 07 19 5.334000 1 1
2016 07 20 5.439000 1 1
2016 07 21 5.653000 1 1
2016 07 22 5.653000 1 1
2016 07 23 5.653000 1 1
2016 07 24 5.761000 1 1
2016 07 25 5.761000 1 1
2016 07 26 5.546000 1 1
2016 07 27 5.334000 1 1
2016 07 28 5.230000 1 1
2016 07 29 5.230000 1 1
2016 07 30 5.230000 1 1
2016 07 31 5.334000 1 1
2016 08 01 5.334000 1 1
2016 08 02 5.230000 1 1
2016 08 03 5.126000 1 1
2016 08 04 5.126000 1 1
2016 08 05 5.126000 1 1
2016 08 06 5.126000 1 1
2016 08 07 5.126000 1 1
2016 08 08 4.921000 1 1
2016 08 09 4.820000 1 1
2016 08 10 4.820000 1 1
2016 08 11 4.820000 1 1
2016 08 12 4.820000 1 1
2016 08 13 4.720000 1 1
2016 08 14 4.621000 1 1
2016 08 15 4.621000 1 1
2016 08 16 4.621000 1 1
2016 08 17 4.921000 1 1
2016 08 18 4.921000 1 1
2016 08 19 4.820000 1 1
2016 08 20 4.621000 1 1
2016 08 21 4.720000 1 1
2016 08 22 4.820000 1 1
2016 08 23 4.921000 1 1
2016 08 24 4.820000 1 1
2016 08 25 4.820000 1 1
2016 08 26 4.720000 1 1
2016 08 27 4.621000 1 1
2016 08 28 4.522000 1 1
2016 08 29 4.425000 1 1
2016 08 30 4.232000 1 1
2016 08 31 4.232000 1 1
2016 09 01 5.979000 1 1
2016 09 02 9.511000 1 1
2016 09 03 7.968000 1 1
2016 09 04 6.089000 1 1
2016 09 05 5.334000 1 1
2016 09 06 5.023000 1 1
2016 09 07 4.820000 1 1
2016 09 08 4.621000 1 1
2016 09 09 4.621000 1 1
2016 09 10 4.522000 1 1
2016 09 11 4.425000 1 1
2016 09 12 4.328000 1 1
2016 09 13 4.232000 1 1
2016 09 14 4.137000 1 1
2016 09 15 4.043000 1 1
2016 09 16 3.950000 1 1
2016 09 17 4.137000 1 1
2016 09 18 4.425000 1 1
2016 09 19 5.230000 1 1
2016 09 20 6.769000 1 1
2016 09 21 5.546000 1 1
2016 09 22 4.921000 1 1
2016 09 23 4.425000 1 1
2016 09 24 4.232000 1 1
2016 09 25 4.232000 1 1
2016 09 26 4.820000 1 1
2016 09 27 5.230000 1 1
2016 09 28 5.023000 1 1
2016 09 29 4.720000 1 1
2016 09 30 4.425000 1 1
2016 10 01 4.328000 1 1
2016 10 02 4.425000 1 1
2016 10 03 4.720000 1 1
2016 10 04 6.769000 1 1
2016 10 05 13.232000 1 1
2016 10 06 14.162000 1 1
2016 10 07 9.915000 1 1
2016 10 08 8.343000 1 1
2016 10 09 7.003000 1 1
2016 10 10 6.089000 1 1
2016 10 11 5.653000 1 1
2016 10 12 5.653000 1 1
2016 10 13 5.546000 1 1
2016 10 14 5.334000 1 1
2016 10 15 5.126000 1 1
2016 10 16 5.334000 1 1
2016 10 17 6.886000 1 1
2016 10 18 6.201000 1 1
2016 10 19 5.126000 1 1
2016 10 20 4.720000 1 1
2016 10 21 4.522000 1 1
2016 10 22 4.328000 1 1
2016 10 23 4.328000 1 1
2016 10 24 4.328000 1 1
2016 10 25 4.328000 1 1
2016 10 26 4.232000 1 1
2016 10 27 4.328000 1 1
2016 10 28 4.621000 1 1
2016 10 29 4.425000 1 1
2016 10 30 4.232000 1 1
2016 10 31 4.137000 1 1
2016 11 01 4.137000 1 1
2016 11 02 4.043000 1 1
2016 11 03 3.766000 1 1
2016 11 04 4.137000 1 1
2016 11 05 4.720000 1 1
2016 11 06 7.359000 1 1
2016 11 07 8.217000 1 1
2016 11 08 7.003000 1 1
2016 11 09 7.359000 1 1
2016 11 10 9.115000 1 1
2016 11 11 14.005000 1 1
2016 11 12 19.017000 1 1
2016 11 13 29.574000 1 1
2016 11 14 42.232000 1 1
2016 11 15 65.611000 1 1
2016 11 16 76.313000 1 1
2016 11 17 35.326000 1 1
2016 11 18 15.118000 1 1
2016 11 19 11.887000 1 1
2016 11 20 8.984000 1 1
2016 11 21 6.426000 1 1
2016 11 22 5.230000 1 1
2016 11 23 4.820000 1 1
2016 11 24 4.921000 1 1
2016 11 25 4.328000 1 1
2016 11 26 3.587000 1 1
2016 11 27 3.069000 1 1
2016 11 28 2.823000 1 1
2016 11 29 2.904000 1 1
2016 11 30 6.539000 1 1
2016 12 01 6.654000 1 1
2016 12 02 4.621000 1 1
2016 12 03 3.676000 1 1
2016 12 04 4.621000 1 1
2016 12 05 7.845000 1 1
2016 12 06 7.120000 1 1
2016 12 07 5.023000 1 1
2016 12 08 3.676000 1 1
2016 12 09 5.869000 1 1
2016 12 10 9.511000 1 1
2016 12 11 9.378000 1 1
2016 12 12 14.957000 1 1
2016 12 13 9.915000 1 1
2016 12 14 22.702000 1 1
2016 12 15 40.034000 1 1
2016 12 16 39.552000 1 1
2016 12 17 30.864000 1 1
2016 12 18 21.382000 1 1
2016 12 19 13.849000 1 1
2016 12 20 9.115000 1 1
2016 12 21 7.003000 1 1
2016 12 22 5.869000 1 1
2016 12 23 5.439000 1 1
2016 12 24 5.869000 1 1
2016 12 25 5.334000 1 1
2016 12 26 5.979000 1 1
2016 12 27 5.230000 1 1
2016 12 28 8.470000 1 1
2016 12 29 5.230000 1 1
2016 12 30 3.676000 1 1
2016 12 31 3.153000 1 1
2017 01 01 4.655000 1 1
2017 01 02 4.655000 1 1
2017 01 03 4.655000 1 1
2017 01 04 4.655000 1 1
2017 01 05 4.655000 1 1
2017 01 06 8.388000 1 1
2017 01 07 13.288000 1 1
2017 01 08 15.501000 1 1
2017 01 09 26.935000 1 1
2017 01 10 22.583000 1 1
2017 01 11 15.829000 1 1
2017 01 12 14.219000 1 1
2017 01 13 19.799000 1 1
2017 01 14 28.596000 1 1
2017 01 15 28.806000 1 1
2017 01 16 31.600000 1 1
2017 01 17 25.717000 1 1
2017 01 18 19.980000 1 1
2017 01 19 15.665000 1 1
2017 01 20 21.451000 1 1
2017 01 21 22.773000 1 1
2017 01 22 15.994000 1 1
2017 01 23 13.595000 1 1
2017 01 24 12.234000 1 1
2017 01 25 17.854000 1 1
2017 01 26 20.343000 1 1
2017 01 27 29.868000 1 1
2017 01 28 19.439000 1 1
2017 01 29 14.062000 1 1
2017 01 30 12.382000 1 1
2017 01 31 11.503000 1 1
2017 02 01 10.792000 1 1
2017 02 02 10.792000 1 1
2017 02 03 19.082000 1 1
2017 02 04 23.544000 1 1
2017 02 05 26.526000 1 1
2017 02 06 27.553000 1 1
2017 02 07 23.157000 1 1
2017 02 08 18.552000 1 1
2017 02 09 15.829000 1 1
2017 02 10 13.595000 1 1
2017 02 11 12.382000 1 1
2017 02 12 11.648000 1 1
2017 02 13 10.933000 1 1
2017 02 14 10.374000 1 1
2017 02 15 9.963000 1 1
2017 02 16 9.693000 1 1
2017 02 17 9.559000 1 1
2017 02 18 9.693000 1 1
2017 02 19 9.425000 1 1
2017 02 20 9.161000 1 1
2017 02 21 9.030000 1 1
2017 02 22 8.642000 1 1
2017 02 23 8.642000 1 1
2017 02 24 8.515000 1 1
2017 02 25 9.030000 1 1
2017 02 26 10.933000 1 1
2017 02 27 11.939000 1 1
2017 02 28 14.219000 1 1
2017 03 01 17.510000 1 1
2017 03 02 15.339000 1 1
2017 03 03 17.854000 1 1
2017 03 04 17.168000 1 1
2017 03 05 19.799000 1 1
2017 03 06 18.905000 1 1
2017 03 07 18.376000 1 1
2017 03 08 14.377000 1 1
2017 03 09 13.595000 1 1
2017 03 10 13.750000 1 1
2017 03 11 12.681000 1 1
2017 03 12 11.648000 1 1
2017 03 13 10.652000 1 1
2017 03 14 10.099000 1 1
2017 03 15 14.377000 1 1
2017 03 16 14.694000 1 1
2017 03 17 12.086000 1 1
2017 03 18 11.503000 1 1
2017 03 19 19.618000 1 1
2017 03 20 29.017000 1 1
2017 03 21 30.083000 1 1
2017 03 22 23.544000 1 1
2017 03 23 17.339000 1 1
2017 03 24 14.535000 1 1
2017 03 25 13.135000 1 1
2017 03 26 12.382000 1 1
2017 03 27 11.939000 1 1
2017 03 28 11.503000 1 1
2017 03 29 11.217000 1 1
2017 03 30 10.933000 1 1
2017 03 31 10.652000 1 1
2017 04 01 10.236000 1 1
2017 04 02 9.963000 1 1
2017 04 03 9.693000 1 1
2017 04 04 9.559000 1 1
2017 04 05 9.425000 1 1
2017 04 06 9.293000 1 1
2017 04 07 9.293000 1 1
2017 04 08 12.086000 1 1
2017 04 09 15.339000 1 1
2017 04 10 17.510000 1 1
2017 04 11 16.326000 1 1
2017 04 12 12.983000 1 1
2017 04 13 14.062000 1 1
2017 04 14 14.694000 1 1
2017 04 15 12.531000 1 1
2017 04 16 11.503000 1 1
2017 04 17 10.933000 1 1
2017 04 18 11.939000 1 1
2017 04 19 12.382000 1 1
2017 04 20 11.648000 1 1
2017 04 21 10.652000 1 1
2017 04 22 10.236000 1 1
2017 04 23 9.963000 1 1
2017 04 24 9.693000 1 1
2017 04 25 9.559000 1 1
2017 04 26 9.425000 1 1
2017 04 27 9.425000 1 1
2017 04 28 9.425000 1 1
2017 04 29 9.293000 1 1
2017 04 30 9.293000 1 1
2017 05 01 9.425000 1 1
2017 05 02 9.693000 1 1
2017 05 03 9.693000 1 1
2017 05 04 9.293000 1 1
2017 05 05 9.161000 1 1
2017 05 06 9.161000 1 1
2017 05 07 9.963000 1 1
2017 05 08 9.693000 1 1
2017 05 09 8.642000 1 1
2017 05 10 8.262000 1 1
2017 05 11 8.136000 1 1
2017 05 12 8.012000 1 1
2017 05 13 7.888000 1 1
2017 05 14 7.765000 1 1
2017 05 15 7.643000 1 1
2017 05 16 7.643000 1 1
2017 05 17 7.521000 1 1
2017 05 18 7.643000 1 1
2017 05 19 7.888000 1 1
2017 05 20 12.382000 1 1
2017 05 21 15.665000 1 1
2017 05 22 12.681000 1 1
2017 05 23 11.503000 1 1
2017 05 24 12.086000 1 1
2017 05 25 10.933000 1 1
2017 05 26 9.827000 1 1
2017 05 27 9.293000 1 1
2017 05 28 8.900000 1 1
2017 05 29 8.642000 1 1
2017 05 30 8.388000 1 1
2017 05 31 8.136000 1 1
2017 06 01 8.012000 1 1
2017 06 02 7.888000 1 1
2017 06 03 7.643000 1 1
2017 06 04 7.521000 1 1
2017 06 05 7.521000 1 1
2017 06 06 7.521000 1 1
2017 06 07 7.521000 1 1
2017 06 08 7.401000 1 1
2017 06 09 7.162000 1 1
2017 06 10 7.044000 1 1
2017 06 11 7.044000 1 1
2017 06 12 6.926000 1 1
2017 06 13 7.162000 1 1
2017 06 14 9.293000 1 1
2017 06 15 12.531000 1 1
2017 06 16 10.652000 1 1
2017 06 17 8.900000 1 1
2017 06 18 8.262000 1 1
2017 06 19 7.888000 1 1
2017 06 20 7.521000 1 1
2017 06 21 7.401000 1 1
2017 06 22 7.281000 1 1
2017 06 23 7.401000 1 1
2017 06 24 7.281000 1 1
2017 06 25 7.162000 1 1
2017 06 26 7.044000 1 1
2017 06 27 6.926000 1 1
2017 06 28 6.926000 1 1
2017 06 29 6.810000 1 1
2017 06 30 6.810000 1 1
2017 07 01 6.579000 1 1
2017 07 02 6.465000 1 1
2017 07 03 6.465000 1 1
2017 07 04 6.465000 1 1
2017 07 05 6.579000 1 1
2017 07 06 6.465000 1 1
2017 07 07 6.579000 1 1
2017 07 08 6.579000 1 1
2017 07 09 6.579000 1 1
2017 07 10 6.579000 1 1
2017 07 11 6.465000 1 1
2017 07 12 6.352000 1 1
2017 07 13 6.352000 1 1
2017 07 14 6.240000 1 1
2017 07 15 6.128000 1 1
2017 07 16 6.128000 1 1
2017 07 17 6.017000 1 1
2017 07 18 5.907000 1 1
2017 07 19 5.799000 1 1
2017 07 20 5.799000 1 1
2017 07 21 5.907000 1 1
2017 07 22 5.907000 1 1
2017 07 23 5.907000 1 1
2017 07 24 5.799000 1 1
2017 07 25 5.690000 1 1
2017 07 26 5.690000 1 1
2017 07 27 5.583000 1 1
2017 07 28 5.583000 1 1
2017 07 29 5.583000 1 1
2017 07 30 5.690000 1 1
2017 07 31 6.017000 1 1
2017 08 01 6.017000 1 1
2017 08 02 5.690000 1 1
2017 08 03 5.583000 1 1
2017 08 04 5.476000 1 1
2017 08 05 5.371000 1 1
2017 08 06 5.266000 1 1
2017 08 07 5.266000 1 1
2017 08 08 5.266000 1 1
2017 08 09 5.266000 1 1
2017 08 10 5.266000 1 1
2017 08 11 5.059000 1 1
2017 08 12 5.059000 1 1
2017 08 13 5.059000 1 1
2017 08 14 5.162000 1 1
2017 08 15 5.059000 1 1
2017 08 16 5.059000 1 1
2017 08 17 5.162000 1 1
2017 08 18 5.371000 1 1
2017 08 19 6.017000 1 1
2017 08 20 6.465000 1 1
2017 08 21 6.128000 1 1
2017 08 22 5.907000 1 1
2017 08 23 6.017000 1 1
2017 08 24 5.799000 1 1
2017 08 25 5.690000 1 1
2017 08 26 5.583000 1 1
2017 08 27 5.266000 1 1
2017 08 28 5.162000 1 1
2017 08 29 4.957000 1 1
2017 08 30 4.855000 1 1
2017 08 31 4.755000 1 1
2017 09 01 4.655000 1 1
2017 09 02 4.655000 1 1
2017 09 03 4.655000 1 1
2017 09 04 4.655000 1 1
2017 09 05 4.556000 1 1
2017 09 06 4.458000 1 1
2017 09 07 4.361000 1 1
2017 09 08 4.265000 1 1
2017 09 09 4.265000 1 1
2017 09 10 4.170000 1 1
2017 09 11 4.170000 1 1
2017 09 12 4.170000 1 1
2017 09 13 4.076000 1 1
2017 09 14 3.982000 1 1
2017 09 15 3.982000 1 1
2017 09 16 3.889000 1 1
2017 09 17 3.798000 1 1
2017 09 18 3.798000 1 1
2017 09 19 3.707000 1 1
2017 09 20 3.707000 1 1
2017 09 21 3.707000 1 1
2017 09 22 3.617000 1 1
2017 09 23 3.617000 1 1
2017 09 24 3.528000 1 1
2017 09 25 3.528000 1 1
2017 09 26 3.528000 1 1
2017 09 27 3.528000 1 1
2017 09 28 3.528000 1 1
2017 09 29 3.707000 1 1
2017 09 30 3.982000 1 1
2017 10 01 5.690000 1 1
2017 10 02 6.465000 1 1
2017 10 03 7.888000 1 1
2017 10 04 10.933000 1 1
2017 10 05 10.792000 1 1
2017 10 06 7.521000 1 1
2017 10 07 6.352000 1 1
2017 10 08 5.583000 1 1
2017 10 09 5.162000 1 1
2017 10 10 4.855000 1 1
2017 10 11 4.655000 1 1
2017 10 12 4.458000 1 1
2017 10 13 4.170000 1 1
2017 10 14 4.076000 1 1
2017 10 15 3.889000 1 1
2017 10 16 3.707000 1 1
2017 10 17 3.798000 1 1
2017 10 18 3.889000 1 1
2017 10 19 3.889000 1 1
2017 10 20 3.707000 1 1
2017 10 21 3.617000 1 1
2017 10 22 3.617000 1 1
2017 10 23 5.371000 1 1
2017 10 24 8.388000 1 1
2017 10 25 7.401000 1 1
2017 10 26 5.907000 1 1
2017 10 27 5.266000 1 1
2017 10 28 4.957000 1 1
2017 10 29 4.855000 1 1
2017 10 30 5.371000 1 1
2017 10 31 4.957000 1 1
2017 11 01 5.162000 1 1
2017 11 02 5.371000 1 1
2017 11 03 4.755000 1 1
2017 11 04 4.556000 1 1
2017 11 05 4.361000 1 1
2017 11 06 4.170000 1 1
2017 11 07 4.076000 1 1
2017 11 08 4.076000 1 1
2017 11 09 4.076000 1 1
2017 11 10 4.076000 1 1
2017 11 11 4.265000 1 1
2017 11 12 5.476000 1 1
2017 11 13 6.579000 1 1
2017 11 14 6.240000 1 1
2017 11 15 4.957000 1 1
2017 11 16 4.458000 1 1
2017 11 17 4.076000 1 1
2017 11 18 4.556000 1 1
2017 11 19 5.059000 1 1
2017 11 20 8.388000 1 1
2017 11 21 15.015000 1 1
2017 11 22 16.661000 1 1
2017 11 23 13.750000 1 1
2017 11 24 12.382000 1 1
2017 11 25 11.793000 1 1
2017 11 26 9.827000 1 1
2017 11 27 9.425000 1 1
2017 11 28 12.832000 1 1
2017 11 29 16.661000 1 1
2017 11 30 13.906000 1 1
2017 12 01 11.217000 1 1
2017 12 02 13.750000 1 1
2017 12 03 15.665000 1 1
2017 12 04 19.439000 1 1
2017 12 05 26.730000 1 1
2017 12 06 29.229000 1 1
2017 12 07 23.544000 1 1
2017 12 08 16.998000 1 1
2017 12 09 14.219000 1 1
2017 12 10 14.062000 1 1
2017 12 11 15.501000 1 1
2017 12 12 14.219000 1 1
2017 12 13 12.234000 1 1
2017 12 14 10.512000 1 1
2017 12 15 9.425000 1 1
2017 12 16 9.963000 1 1
2017 12 17 11.793000 1 1
2017 12 18 11.939000 1 1
2017 12 19 10.236000 1 1
2017 12 20 8.900000 1 1
2017 12 21 7.888000 1 1
2017 12 22 8.012000 1 1
2017 12 23 8.771000 1 1
2017 12 24 9.693000 1 1
2017 12 25 8.515000 1 1
2017 12 26 7.643000 1 1
2017 12 27 7.401000 1 1
2017 12 28 7.765000 1 1
2017 12 29 9.030000 1 1
2017 12 30 10.236000 1 1
2017 12 31 11.074000 1 1
