year month day streamflow_m3s qual_control_by_ana qual_flag
1935 07 01 5.630000 1 1
1935 07 02 5.630000 1 1
1935 07 03 5.630000 1 1
1935 07 04 5.550000 1 1
1935 07 05 5.550000 1 1
1935 07 06 5.550000 1 1
1935 07 07 5.470000 1 1
1935 07 08 5.380000 1 1
1935 07 09 5.380000 1 1
1935 07 10 5.470000 1 1
1935 07 11 5.630000 1 1
1935 07 12 5.550000 1 1
1935 07 13 5.380000 1 1
1935 07 14 5.470000 1 1
1935 07 15 5.380000 1 1
1935 07 16 5.380000 1 1
1935 07 17 5.380000 1 1
1935 07 18 5.380000 1 1
1935 07 19 5.380000 1 1
1935 07 20 5.300000 1 1
1935 07 21 5.220000 1 1
1935 07 22 5.300000 1 1
1935 07 23 5.470000 1 1
1935 07 24 5.630000 1 1
1935 07 25 5.630000 1 1
1935 07 26 6.600000 1 1
1935 07 27 6.330000 1 1
1935 07 28 7.740000 1 1
1935 07 29 5.890000 1 1
1935 07 30 5.220000 1 1
1935 07 31 5.630000 1 1
1935 08 01 5.550000 1 1
1935 08 02 5.550000 1 1
1935 08 03 5.470000 1 1
1935 08 04 5.470000 1 1
1935 08 05 5.470000 1 1
1935 08 06 5.470000 1 1
1935 08 07 5.470000 1 1
1935 08 08 5.380000 1 1
1935 08 09 5.380000 1 1
1935 08 10 5.380000 1 1
1935 08 11 5.300000 1 1
1935 08 12 5.130000 1 1
1935 08 13 5.220000 1 1
1935 08 14 4.970000 1 1
1935 08 15 4.810000 1 1
1935 08 16 4.810000 1 1
1935 08 17 4.810000 1 1
1935 08 18 4.810000 1 1
1935 08 19 4.730000 1 1
1935 08 20 4.650000 1 1
1935 08 21 nan nan 0
1935 08 22 nan nan 0
1935 08 23 nan nan 0
1935 08 24 nan nan 0
1935 08 25 nan nan 0
1935 08 26 nan nan 0
1935 08 27 nan nan 0
1935 08 28 nan nan 0
1935 08 29 nan nan 0
1935 08 30 4.580000 1 1
1935 08 31 4.500000 1 1
1935 09 01 4.500000 1 1
1935 09 02 4.500000 1 1
1935 09 03 4.420000 1 1
1935 09 04 4.350000 1 1
1935 09 05 4.270000 1 1
1935 09 06 4.270000 1 1
1935 09 07 4.270000 1 1
1935 09 08 4.270000 1 1
1935 09 09 4.270000 1 1
1935 09 10 4.500000 1 1
1935 09 11 6.250000 1 1
1935 09 12 4.890000 1 1
1935 09 13 5.300000 1 1
1935 09 14 5.050000 1 1
1935 09 15 4.730000 1 1
1935 09 16 4.810000 1 1
1935 09 17 4.580000 1 1
1935 09 18 4.500000 1 1
1935 09 19 4.420000 1 1
1935 09 20 4.420000 1 1
1935 09 21 4.580000 1 1
1935 09 22 4.650000 1 1
1935 09 23 4.420000 1 1
1935 09 24 4.420000 1 1
1935 09 25 4.810000 1 1
1935 09 26 4.650000 1 1
1935 09 27 4.420000 1 1
1935 09 28 4.350000 1 1
1935 09 29 4.810000 1 1
1935 09 30 5.630000 1 1
1935 10 01 6.600000 1 1
1935 10 02 6.160000 1 1
1935 10 03 5.630000 1 1
1935 10 04 5.050000 1 1
1935 10 05 4.810000 1 1
1935 10 06 4.580000 1 1
1935 10 07 4.500000 1 1
1935 10 08 4.500000 1 1
1935 10 09 4.810000 1 1
1935 10 10 5.220000 1 1
1935 10 11 4.650000 1 1
1935 10 12 4.500000 1 1
1935 10 13 4.500000 1 1
1935 10 14 4.500000 1 1
1935 10 15 4.420000 1 1
1935 10 16 4.580000 1 1
1935 10 17 4.650000 1 1
1935 10 18 4.420000 1 1
1935 10 19 4.190000 1 1
1935 10 20 4.190000 1 1
1935 10 21 4.040000 1 1
1935 10 22 3.970000 1 1
1935 10 23 3.970000 1 1
1935 10 24 3.970000 1 1
1935 10 25 7.540000 1 1
1935 10 26 6.980000 1 1
1935 10 27 5.470000 1 1
1935 10 28 5.890000 1 1
1935 10 29 6.980000 1 1
1935 10 30 5.890000 1 1
1935 10 31 5.380000 1 1
1935 11 01 4.890000 1 1
1935 11 02 4.420000 1 1
1935 11 03 4.190000 1 1
1935 11 04 4.190000 1 1
1935 11 05 4.120000 1 1
1935 11 06 4.120000 1 1
1935 11 07 16.500000 1 1
1935 11 08 7.740000 1 1
1935 11 09 5.300000 1 1
1935 11 10 4.730000 1 1
1935 11 11 4.500000 1 1
1935 11 12 4.650000 1 1
1935 11 13 5.550000 1 1
1935 11 14 5.470000 1 1
1935 11 15 5.130000 1 1
1935 11 16 4.580000 1 1
1935 11 17 4.350000 1 1
1935 11 18 4.120000 1 1
1935 11 19 3.970000 1 1
1935 11 20 3.900000 1 1
1935 11 21 3.900000 1 1
1935 11 22 4.040000 1 1
1935 11 23 3.900000 1 1
1935 11 24 3.690000 1 1
1935 11 25 3.690000 1 1
1935 11 26 3.690000 1 1
1935 11 27 5.220000 1 1
1935 11 28 4.810000 1 1
1935 11 29 4.420000 1 1
1935 11 30 4.270000 1 1
1935 12 01 6.330000 1 1
1935 12 02 5.710000 1 1
1935 12 03 4.810000 1 1
1935 12 04 4.350000 1 1
1935 12 05 4.120000 1 1
1935 12 06 3.970000 1 1
1935 12 07 13.500000 1 1
1935 12 08 5.380000 1 1
1935 12 09 9.500000 1 1
1935 12 10 6.160000 1 1
1935 12 11 7.450000 1 1
1935 12 12 6.160000 1 1
1935 12 13 5.220000 1 1
1935 12 14 5.130000 1 1
1935 12 15 5.380000 1 1
1935 12 16 9.500000 1 1
1935 12 17 6.070000 1 1
1935 12 18 5.890000 1 1
1935 12 19 6.880000 1 1
1935 12 20 5.980000 1 1
1935 12 21 5.130000 1 1
1935 12 22 4.730000 1 1
1935 12 23 4.500000 1 1
1935 12 24 6.330000 1 1
1935 12 25 5.220000 1 1
1935 12 26 4.730000 1 1
1935 12 27 4.420000 1 1
1935 12 28 4.270000 1 1
1935 12 29 4.730000 1 1
1935 12 30 13.100000 1 1
1935 12 31 8.650000 1 1
1936 01 01 6.790000 1 1
1936 01 02 7.540000 1 1
1936 01 03 8.150000 1 1
1936 01 04 6.420000 1 1
1936 01 05 5.710000 1 1
1936 01 06 5.550000 1 1
1936 01 07 5.220000 1 1
1936 01 08 4.810000 1 1
1936 01 09 4.580000 1 1
1936 01 10 4.420000 1 1
1936 01 11 4.420000 1 1
1936 01 12 4.500000 1 1
1936 01 13 4.890000 1 1
1936 01 14 5.220000 1 1
1936 01 15 4.580000 1 1
1936 01 16 4.270000 1 1
1936 01 17 4.580000 1 1
1936 01 18 6.090000 1 1
1936 01 19 17.900000 1 1
1936 01 20 9.830000 1 1
1936 01 21 6.790000 1 1
1936 01 22 5.800000 1 1
1936 01 23 5.130000 1 1
1936 01 24 4.730000 1 1
1936 01 25 4.580000 1 1
1936 01 26 4.420000 1 1
1936 01 27 4.270000 1 1
1936 01 28 4.120000 1 1
1936 01 29 3.970000 1 1
1936 01 30 3.900000 1 1
1936 01 31 3.830000 1 1
1936 02 01 3.760000 1 1
1936 02 02 3.690000 1 1
1936 02 03 3.690000 1 1
1936 02 04 4.650000 1 1
1936 02 05 23.400000 1 1
1936 02 06 12.200000 1 1
1936 02 07 15.100000 1 1
1936 02 08 10.800000 1 1
1936 02 09 12.400000 1 1
1936 02 10 10.300000 1 1
1936 02 11 6.790000 1 1
1936 02 12 5.710000 1 1
1936 02 13 5.630000 1 1
1936 02 14 5.890000 1 1
1936 02 15 5.710000 1 1
1936 02 16 5.300000 1 1
1936 02 17 4.580000 1 1
1936 02 18 4.730000 1 1
1936 02 19 4.580000 1 1
1936 02 20 5.220000 1 1
1936 02 21 5.050000 1 1
1936 02 22 5.300000 1 1
1936 02 23 5.050000 1 1
1936 02 24 4.730000 1 1
1936 02 25 5.470000 1 1
1936 02 26 10.800000 1 1
1936 02 27 25.800000 1 1
1936 02 28 21.300000 1 1
1936 02 29 45.300000 1 1
1936 03 01 32.500000 1 1
1936 03 02 20.500000 1 1
1936 03 03 13.500000 1 1
1936 03 04 11.300000 1 1
1936 03 05 12.500000 1 1
1936 03 06 12.600000 1 1
1936 03 07 13.500000 1 1
1936 03 08 14.200000 1 1
1936 03 09 11.700000 1 1
1936 03 10 10.200000 1 1
1936 03 11 9.940000 1 1
1936 03 12 9.180000 1 1
1936 03 13 8.550000 1 1
1936 03 14 8.350000 1 1
1936 03 15 59.400000 1 1
1936 03 16 12.800000 1 1
1936 03 17 10.500000 1 1
1936 03 18 19.100000 1 1
1936 03 19 14.000000 1 1
1936 03 20 10.700000 1 1
1936 03 21 8.860000 1 1
1936 03 22 8.250000 1 1
1936 03 23 15.100000 1 1
1936 03 24 10.300000 1 1
1936 03 25 11.200000 1 1
1936 03 26 8.860000 1 1
1936 03 27 15.200000 1 1
1936 03 28 13.100000 1 1
1936 03 29 15.100000 1 1
1936 03 30 12.900000 1 1
1936 03 31 11.700000 1 1
1936 04 01 10.700000 1 1
1936 04 02 9.390000 1 1
1936 04 03 8.760000 1 1
1936 04 04 8.350000 1 1
1936 04 05 8.550000 1 1
1936 04 06 8.760000 1 1
1936 04 07 13.700000 1 1
1936 04 08 8.350000 1 1
1936 04 09 7.740000 1 1
1936 04 10 7.540000 1 1
1936 04 11 7.360000 1 1
1936 04 12 7.170000 1 1
1936 04 13 7.070000 1 1
1936 04 14 6.880000 1 1
1936 04 15 6.790000 1 1
1936 04 16 6.690000 1 1
1936 04 17 6.600000 1 1
1936 04 18 6.510000 1 1
1936 04 19 6.420000 1 1
1936 04 20 6.420000 1 1
1936 04 21 6.600000 1 1
1936 04 22 7.170000 1 1
1936 04 23 6.980000 1 1
1936 04 24 6.790000 1 1
1936 04 25 8.040000 1 1
1936 04 26 9.080000 1 1
1936 04 27 7.360000 1 1
1936 04 28 6.880000 1 1
1936 04 29 6.420000 1 1
1936 04 30 6.250000 1 1
1936 05 01 8.250000 1 1
1936 05 02 25.600000 1 1
1936 05 03 8.760000 1 1
1936 05 04 7.540000 1 1
1936 05 05 7.170000 1 1
1936 05 06 6.790000 1 1
1936 05 07 6.600000 1 1
1936 05 08 6.420000 1 1
1936 05 09 6.250000 1 1
1936 05 10 6.160000 1 1
1936 05 11 6.070000 1 1
1936 05 12 5.980000 1 1
1936 05 13 5.890000 1 1
1936 05 14 5.890000 1 1
1936 05 15 5.800000 1 1
1936 05 16 5.800000 1 1
1936 05 17 5.710000 1 1
1936 05 18 5.630000 1 1
1936 05 19 5.630000 1 1
1936 05 20 5.550000 1 1
1936 05 21 5.550000 1 1
1936 05 22 5.470000 1 1
1936 05 23 5.470000 1 1
1936 05 24 5.380000 1 1
1936 05 25 5.380000 1 1
1936 05 26 5.380000 1 1
1936 05 27 5.300000 1 1
1936 05 28 5.300000 1 1
1936 05 29 5.300000 1 1
1936 05 30 5.220000 1 1
1936 05 31 5.220000 1 1
1936 06 01 5.130000 1 1
1936 06 02 5.130000 1 1
1936 06 03 5.050000 1 1
1936 06 04 5.050000 1 1
1936 06 05 5.050000 1 1
1936 06 06 4.970000 1 1
1936 06 07 4.970000 1 1
1936 06 08 4.890000 1 1
1936 06 09 4.890000 1 1
1936 06 10 4.890000 1 1
1936 06 11 4.810000 1 1
1936 06 12 4.810000 1 1
1936 06 13 4.730000 1 1
1936 06 14 4.730000 1 1
1936 06 15 4.730000 1 1
1936 06 16 4.650000 1 1
1936 06 17 4.650000 1 1
1936 06 18 4.650000 1 1
1936 06 19 4.650000 1 1
1936 06 20 4.650000 1 1
1936 06 21 4.580000 1 1
1936 06 22 4.580000 1 1
1936 06 23 4.580000 1 1
1936 06 24 4.580000 1 1
1936 06 25 4.500000 1 1
1936 06 26 4.500000 1 1
1936 06 27 4.500000 1 1
1936 06 28 4.500000 1 1
1936 06 29 4.420000 1 1
1936 06 30 4.420000 1 1
1936 07 01 4.420000 1 1
1936 07 02 4.420000 1 1
1936 07 03 4.420000 1 1
1936 07 04 4.420000 1 1
1936 07 05 4.350000 1 1
1936 07 06 4.350000 1 1
1936 07 07 4.270000 1 1
1936 07 08 4.270000 1 1
1936 07 09 4.500000 1 1
1936 07 10 4.420000 1 1
1936 07 11 4.350000 1 1
1936 07 12 4.270000 1 1
1936 07 13 4.270000 1 1
1936 07 14 4.270000 1 1
1936 07 15 4.190000 1 1
1936 07 16 4.190000 1 1
1936 07 17 4.190000 1 1
1936 07 18 4.120000 1 1
1936 07 19 4.120000 1 1
1936 07 20 4.120000 1 1
1936 07 21 4.040000 1 1
1936 07 22 4.040000 1 1
1936 07 23 4.040000 1 1
1936 07 24 4.040000 1 1
1936 07 25 4.040000 1 1
1936 07 26 3.970000 1 1
1936 07 27 3.970000 1 1
1936 07 28 3.970000 1 1
1936 07 29 3.900000 1 1
1936 07 30 3.900000 1 1
1936 07 31 3.900000 1 1
1936 08 01 3.900000 1 1
1936 08 02 3.830000 1 1
1936 08 03 3.830000 1 1
1936 08 04 3.830000 1 1
1936 08 05 3.830000 1 1
1936 08 06 3.830000 1 1
1936 08 07 3.830000 1 1
1936 08 08 3.830000 1 1
1936 08 09 3.830000 1 1
1936 08 10 3.830000 1 1
1936 08 11 3.830000 1 1
1936 08 12 3.830000 1 1
1936 08 13 3.830000 1 1
1936 08 14 3.830000 1 1
1936 08 15 3.830000 1 1
1936 08 16 3.760000 1 1
1936 08 17 3.760000 1 1
1936 08 18 3.760000 1 1
1936 08 19 3.760000 1 1
1936 08 20 3.690000 1 1
1936 08 21 3.690000 1 1
1936 08 22 3.690000 1 1
1936 08 23 3.900000 1 1
1936 08 24 4.120000 1 1
1936 08 25 3.970000 1 1
1936 08 26 6.420000 1 1
1936 08 27 10.200000 1 1
1936 08 28 5.130000 1 1
1936 08 29 5.380000 1 1
1936 08 30 4.890000 1 1
1936 08 31 4.580000 1 1
1936 09 01 4.270000 1 1
1936 09 02 4.040000 1 1
1936 09 03 3.970000 1 1
1936 09 04 3.900000 1 1
1936 09 05 3.900000 1 1
1936 09 06 3.830000 1 1
1936 09 07 3.830000 1 1
1936 09 08 3.830000 1 1
1936 09 09 3.760000 1 1
1936 09 10 3.760000 1 1
1936 09 11 4.970000 1 1
1936 09 12 7.540000 1 1
1936 09 13 6.880000 1 1
1936 09 14 4.890000 1 1
1936 09 15 4.500000 1 1
1936 09 16 4.120000 1 1
1936 09 17 7.170000 1 1
1936 09 18 5.890000 1 1
1936 09 19 4.890000 1 1
1936 09 20 4.730000 1 1
1936 09 21 6.790000 1 1
1936 09 22 4.490000 1 1
1936 09 23 4.500000 1 1
1936 09 24 4.350000 1 1
1936 09 25 4.270000 1 1
1936 09 26 4.190000 1 1
1936 09 27 4.040000 1 1
1936 09 28 3.970000 1 1
1936 09 29 3.970000 1 1
1936 09 30 3.900000 1 1
1936 10 01 3.830000 1 1
1936 10 02 3.760000 1 1
1936 10 03 3.760000 1 1
1936 10 04 3.690000 1 1
1936 10 05 3.690000 1 1
1936 10 06 3.620000 1 1
1936 10 07 3.620000 1 1
1936 10 08 3.620000 1 1
1936 10 09 3.620000 1 1
1936 10 10 5.130000 1 1
1936 10 11 5.050000 1 1
1936 10 12 4.190000 1 1
1936 10 13 4.040000 1 1
1936 10 14 3.900000 1 1
1936 10 15 3.760000 1 1
1936 10 16 3.690000 1 1
1936 10 17 3.620000 1 1
1936 10 18 3.550000 1 1
1936 10 19 3.550000 1 1
1936 10 20 3.620000 1 1
1936 10 21 3.690000 1 1
1936 10 22 9.940000 1 1
1936 10 23 5.380000 1 1
1936 10 24 4.420000 1 1
1936 10 25 5.050000 1 1
1936 10 26 4.270000 1 1
1936 10 27 3.900000 1 1
1936 10 28 3.760000 1 1
1936 10 29 3.690000 1 1
1936 10 30 3.620000 1 1
1936 10 31 3.690000 1 1
1936 11 01 3.550000 1 1
1936 11 02 3.550000 1 1
1936 11 03 3.760000 1 1
1936 11 04 3.900000 1 1
1936 11 05 6.980000 1 1
1936 11 06 7.360000 1 1
1936 11 07 6.070000 1 1
1936 11 08 5.050000 1 1
1936 11 09 4.120000 1 1
1936 11 10 4.270000 1 1
1936 11 11 4.730000 1 1
1936 11 12 5.130000 1 1
1936 11 13 7.640000 1 1
1936 11 14 4.420000 1 1
1936 11 15 4.040000 1 1
1936 11 16 3.760000 1 1
1936 11 17 3.550000 1 1
1936 11 18 5.630000 1 1
1936 11 19 5.380000 1 1
1936 11 20 12.600000 1 1
1936 11 21 13.500000 1 1
1936 11 22 7.640000 1 1
1936 11 23 25.600000 1 1
1936 11 24 16.600000 1 1
1936 11 25 10.900000 1 1
1936 11 26 10.300000 1 1
1936 11 27 8.760000 1 1
1936 11 28 7.070000 1 1
1936 11 29 5.300000 1 1
1936 11 30 5.470000 1 1
1936 12 01 5.130000 1 1
1936 12 02 5.380000 1 1
1936 12 03 5.050000 1 1
1936 12 04 4.890000 1 1
1936 12 05 4.730000 1 1
1936 12 06 15.900000 1 1
1936 12 07 17.000000 1 1
1936 12 08 10.100000 1 1
1936 12 09 15.100000 1 1
1936 12 10 37.600000 1 1
1936 12 11 15.600000 1 1
1936 12 12 8.970000 1 1
1936 12 13 8.040000 1 1
1936 12 14 21.300000 1 1
1936 12 15 26.600000 1 1
1936 12 16 21.900000 1 1
1936 12 17 23.400000 1 1
1936 12 18 47.800000 1 1
1936 12 19 29.400000 1 1
1936 12 20 19.300000 1 1
1936 12 21 13.300000 1 1
1936 12 22 11.100000 1 1
1936 12 23 9.940000 1 1
1936 12 24 9.080000 1 1
1936 12 25 8.450000 1 1
1936 12 26 8.040000 1 1
1936 12 27 10.600000 1 1
1936 12 28 58.300000 1 1
1936 12 29 56.200000 1 1
1936 12 30 45.500000 1 1
1936 12 31 50.500000 1 1
1937 01 01 41.200000 1 1
1937 01 02 21.400000 1 1
1937 01 03 18.600000 1 1
1937 01 04 17.000000 1 1
1937 01 05 16.300000 1 1
1937 01 06 12.900000 1 1
1937 01 07 37.100000 1 1
1937 01 08 nan nan 0
1937 01 09 62.300000 1 1
1937 01 10 30.500000 1 1
1937 01 11 18.200000 1 1
1937 01 12 25.400000 1 1
1937 01 13 17.300000 1 1
1937 01 14 nan nan 0
1937 01 15 48.100000 1 1
1937 01 16 39.000000 1 1
1937 01 17 25.400000 1 1
1937 01 18 nan nan 0
1937 01 19 25.400000 1 1
1937 01 20 25.400000 1 1
1937 01 21 29.800000 1 1
1937 01 22 23.700000 1 1
1937 01 23 21.000000 1 1
1937 01 24 26.700000 1 1
1937 01 25 37.800000 1 1
1937 01 26 29.400000 1 1
1937 01 27 26.300000 1 1
1937 01 28 53.200000 1 1
1937 01 29 26.100000 1 1
1937 01 30 19.700000 1 1
1937 01 31 17.800000 1 1
1937 02 01 16.900000 1 1
1937 02 02 16.900000 1 1
1937 02 03 15.500000 1 1
1937 02 04 14.800000 1 1
1937 02 05 14.300000 1 1
1937 02 06 20.700000 1 1
1937 02 07 19.700000 1 1
1937 02 08 23.200000 1 1
1937 02 09 14.700000 1 1
1937 02 10 14.200000 1 1
1937 02 11 16.800000 1 1
1937 02 12 19.700000 1 1
1937 02 13 16.800000 1 1
1937 02 14 23.900000 1 1
1937 02 15 16.600000 1 1
1937 02 16 30.500000 1 1
1937 02 17 22.100000 1 1
1937 02 18 15.600000 1 1
1937 02 19 14.400000 1 1
1937 02 20 13.100000 1 1
1937 02 21 12.400000 1 1
1937 02 22 21.000000 1 1
1937 02 23 12.800000 1 1
1937 02 24 11.800000 1 1
1937 02 25 11.300000 1 1
1937 02 26 11.000000 1 1
1937 02 27 10.700000 1 1
1937 02 28 10.500000 1 1
1937 03 01 10.500000 1 1
1937 03 02 12.200000 1 1
1937 03 03 25.100000 1 1
1937 03 04 14.800000 1 1
1937 03 05 11.700000 1 1
1937 03 06 10.800000 1 1
1937 03 07 10.300000 1 1
1937 03 08 9.830000 1 1
1937 03 09 9.720000 1 1
1937 03 10 9.610000 1 1
1937 03 11 10.300000 1 1
1937 03 12 9.830000 1 1
1937 03 13 9.290000 1 1
1937 03 14 8.860000 1 1
1937 03 15 8.650000 1 1
1937 03 16 8.760000 1 1
1937 03 17 8.650000 1 1
1937 03 18 9.290000 1 1
1937 03 19 9.940000 1 1
1937 03 20 11.000000 1 1
1937 03 21 9.500000 1 1
1937 03 22 11.200000 1 1
1937 03 23 9.940000 1 1
1937 03 24 9.080000 1 1
1937 03 25 8.650000 1 1
1937 03 26 12.400000 1 1
1937 03 27 10.100000 1 1
1937 03 28 9.080000 1 1
1937 03 29 8.610000 1 1
1937 03 30 8.350000 1 1
1937 03 31 8.130000 1 1
1937 04 01 8.040000 1 1
1937 04 02 7.940000 1 1
1937 04 03 7.840000 1 1
1937 04 04 7.740000 1 1
1937 04 05 7.740000 1 1
1937 04 06 7.740000 1 1
1937 04 07 7.640000 1 1
1937 04 08 7.740000 1 1
1937 04 09 10.300000 1 1
1937 04 10 8.150000 1 1
1937 04 11 7.740000 1 1
1937 04 12 7.600000 1 1
1937 04 13 7.540000 1 1
1937 04 14 7.450000 1 1
1937 04 15 7.360000 1 1
1937 04 16 14.400000 1 1
1937 04 17 9.830000 1 1
1937 04 18 8.760000 1 1
1937 04 19 8.150000 1 1
1937 04 20 7.740000 1 1
1937 04 21 7.640000 1 1
1937 04 22 7.540000 1 1
1937 04 23 8.760000 1 1
1937 04 24 8.450000 1 1
1937 04 25 7.360000 1 1
1937 04 26 7.260000 1 1
1937 04 27 7.260000 1 1
1937 04 28 7.360000 1 1
1937 04 29 7.360000 1 1
1937 04 30 7.170000 1 1
1937 05 01 9.830000 1 1
1937 05 02 23.100000 1 1
1937 05 03 11.000000 1 1
1937 05 04 8.760000 1 1
1937 05 05 8.150000 1 1
1937 05 06 7.740000 1 1
1937 05 07 7.360000 1 1
1937 05 08 7.170000 1 1
1937 05 09 7.070000 1 1
1937 05 10 7.070000 1 1
1937 05 11 6.980000 1 1
1937 05 12 6.980000 1 1
1937 05 13 6.880000 1 1
1937 05 14 6.880000 1 1
1937 05 15 6.790000 1 1
1937 05 16 14.400000 1 1
1937 05 17 12.200000 1 1
1937 05 18 8.760000 1 1
1937 05 19 7.840000 1 1
1937 05 20 7.540000 1 1
1937 05 21 7.360000 1 1
1937 05 22 7.260000 1 1
1937 05 23 7.170000 1 1
1937 05 24 7.170000 1 1
1937 05 25 6.980000 1 1
1937 05 26 6.880000 1 1
1937 05 27 6.790000 1 1
1937 05 28 6.690000 1 1
1937 05 29 6.600000 1 1
1937 05 30 6.600000 1 1
1937 05 31 6.510000 1 1
1937 06 01 6.690000 1 1
1937 06 02 8.970000 1 1
1937 06 03 7.360000 1 1
1937 06 04 6.790000 1 1
1937 06 05 6.510000 1 1
1937 06 06 6.690000 1 1
1937 06 07 7.740000 1 1
1937 06 08 7.360000 1 1
1937 06 09 6.980000 1 1
1937 06 10 6.600000 1 1
1937 06 11 6.510000 1 1
1937 06 12 6.420000 1 1
1937 06 13 6.330000 1 1
1937 06 14 6.250000 1 1
1937 06 15 6.250000 1 1
1937 06 16 6.160000 1 1
1937 06 17 6.790000 1 1
1937 06 18 6.420000 1 1
1937 06 19 6.250000 1 1
1937 06 20 6.160000 1 1
1937 06 21 6.160000 1 1
1937 06 22 6.070000 1 1
1937 06 23 6.070000 1 1
1937 06 24 5.980000 1 1
1937 06 25 5.980000 1 1
1937 06 26 5.890000 1 1
1937 06 27 5.890000 1 1
1937 06 28 5.800000 1 1
1937 06 29 5.800000 1 1
1937 06 30 5.800000 1 1
1937 07 01 5.710000 1 1
1937 07 02 5.710000 1 1
1937 07 03 5.630000 1 1
1937 07 04 5.630000 1 1
1937 07 05 5.550000 1 1
1937 07 06 5.550000 1 1
1937 07 07 5.550000 1 1
1937 07 08 5.550000 1 1
1937 07 09 5.470000 1 1
1937 07 10 5.470000 1 1
1937 07 11 5.380000 1 1
1937 07 12 5.380000 1 1
1937 07 13 5.300000 1 1
1937 07 14 5.300000 1 1
1937 07 15 5.300000 1 1
1937 07 16 5.220000 1 1
1937 07 17 5.220000 1 1
1937 07 18 5.220000 1 1
1937 07 19 5.220000 1 1
1937 07 20 5.220000 1 1
1937 07 21 5.220000 1 1
1937 07 22 5.130000 1 1
1937 07 23 5.130000 1 1
1937 07 24 5.130000 1 1
1937 07 25 5.130000 1 1
1937 07 26 5.050000 1 1
1937 07 27 5.050000 1 1
1937 07 28 4.970000 1 1
1937 07 29 4.970000 1 1
1937 07 30 4.970000 1 1
1937 07 31 4.970000 1 1
1937 08 01 4.970000 1 1
1937 08 02 4.890000 1 1
1937 08 03 4.890000 1 1
1937 08 04 4.890000 1 1
1937 08 05 4.810000 1 1
1937 08 06 4.810000 1 1
1937 08 07 4.810000 1 1
1937 08 08 4.810000 1 1
1937 08 09 4.730000 1 1
1937 08 10 4.730000 1 1
1937 08 11 4.730000 1 1
1937 08 12 4.730000 1 1
1937 08 13 4.760000 1 1
1937 08 14 4.650000 1 1
1937 08 15 4.650000 1 1
1937 08 16 4.580000 1 1
1937 08 17 4.580000 1 1
1937 08 18 4.500000 1 1
1937 08 19 4.500000 1 1
1937 08 20 4.420000 1 1
1937 08 21 4.420000 1 1
1937 08 22 4.500000 1 1
1937 08 23 4.500000 1 1
1937 08 24 4.420000 1 1
1937 08 25 4.420000 1 1
1937 08 26 4.350000 1 1
1937 08 27 4.350000 1 1
1937 08 28 4.420000 1 1
1937 08 29 4.420000 1 1
1937 08 30 4.580000 1 1
1937 08 31 4.580000 1 1
1937 09 01 4.350000 1 1
1937 09 02 4.350000 1 1
1937 09 03 4.270000 1 1
1937 09 04 4.270000 1 1
1937 09 05 4.190000 1 1
1937 09 06 4.190000 1 1
1937 09 07 4.190000 1 1
1937 09 08 4.190000 1 1
1937 09 09 4.120000 1 1
1937 09 10 4.120000 1 1
1937 09 11 4.120000 1 1
1937 09 12 4.120000 1 1
1937 09 13 4.270000 1 1
1937 09 14 4.350000 1 1
1937 09 15 4.270000 1 1
1937 09 16 4.270000 1 1
1937 09 17 4.120000 1 1
1937 09 18 3.970000 1 1
1937 09 19 3.970000 1 1
1937 09 20 3.900000 1 1
1937 09 21 3.900000 1 1
1937 09 22 3.900000 1 1
1937 09 23 3.900000 1 1
1937 09 24 3.900000 1 1
1937 09 25 3.900000 1 1
1937 09 26 3.900000 1 1
1937 09 27 3.830000 1 1
1937 09 28 3.830000 1 1
1937 09 29 3.830000 1 1
1937 09 30 3.830000 1 1
1937 10 01 6.880000 1 1
1937 10 02 5.220000 1 1
1937 10 03 5.050000 1 1
1937 10 04 10.300000 1 1
1937 10 05 8.860000 1 1
1937 10 06 14.700000 1 1
1937 10 07 14.400000 1 1
1937 10 08 14.200000 1 1
1937 10 09 6.420000 1 1
1937 10 10 5.630000 1 1
1937 10 11 5.710000 1 1
1937 10 12 8.970000 1 1
1937 10 13 23.400000 1 1
1937 10 14 7.640000 1 1
1937 10 15 6.510000 1 1
1937 10 16 8.150000 1 1
1937 10 17 6.690000 1 1
1937 10 18 11.000000 1 1
1937 10 19 8.650000 1 1
1937 10 20 19.400000 1 1
1937 10 21 13.500000 1 1
1937 10 22 9.500000 1 1
1937 10 23 7.840000 1 1
1937 10 24 7.070000 1 1
1937 10 25 7.540000 1 1
1937 10 26 7.540000 1 1
1937 10 27 6.510000 1 1
1937 10 28 6.160000 1 1
1937 10 29 5.800000 1 1
1937 10 30 5.710000 1 1
1937 10 31 5.630000 1 1
1937 11 01 5.550000 1 1
1937 11 02 16.800000 1 1
1937 11 03 21.900000 1 1
1937 11 04 14.600000 1 1
1937 11 05 9.390000 1 1
1937 11 06 8.040000 1 1
1937 11 07 7.170000 1 1
1937 11 08 6.980000 1 1
1937 11 09 6.600000 1 1
1937 11 10 6.790000 1 1
1937 11 11 6.510000 1 1
1937 11 12 6.160000 1 1
1937 11 13 9.290000 1 1
1937 11 14 6.980000 1 1
1937 11 15 6.250000 1 1
1937 11 16 5.980000 1 1
1937 11 17 6.250000 1 1
1937 11 18 8.550000 1 1
1937 11 19 8.450000 1 1
1937 11 20 7.360000 1 1
1937 11 21 6.510000 1 1
1937 11 22 6.160000 1 1
1937 11 23 5.800000 1 1
1937 11 24 14.800000 1 1
1937 11 25 13.300000 1 1
1937 11 26 13.300000 1 1
1937 11 27 19.300000 1 1
1937 11 28 8.970000 1 1
1937 11 29 7.450000 1 1
1937 11 30 8.250000 1 1
1937 12 01 7.360000 1 1
1937 12 02 10.200000 1 1
1937 12 03 28.900000 1 1
1937 12 04 30.200000 1 1
1937 12 05 18.500000 1 1
1937 12 06 26.900000 1 1
1937 12 07 22.700000 1 1
1937 12 08 47.600000 1 1
1937 12 09 40.800000 1 1
1937 12 10 19.600000 1 1
1937 12 11 39.700000 1 1
1937 12 12 36.100000 1 1
1937 12 13 22.100000 1 1
1937 12 14 15.400000 1 1
1937 12 15 13.500000 1 1
1937 12 16 21.100000 1 1
1937 12 17 18.100000 1 1
1937 12 18 22.600000 1 1
1937 12 19 20.700000 1 1
1937 12 20 14.400000 1 1
1937 12 21 13.300000 1 1
1937 12 22 12.300000 1 1
1937 12 23 12.400000 1 1
1937 12 24 12.000000 1 1
1937 12 25 11.200000 1 1
1937 12 26 11.100000 1 1
1937 12 27 12.000000 1 1
1937 12 28 24.400000 1 1
1937 12 29 13.000000 1 1
1937 12 30 15.100000 1 1
1937 12 31 17.300000 1 1
1938 01 01 36.500000 1 1
1938 01 02 16.800000 1 1
1938 01 03 15.000000 1 1
1938 01 04 19.700000 1 1
1938 01 05 22.100000 1 1
1938 01 06 25.600000 1 1
1938 01 07 16.600000 1 1
1938 01 08 13.900000 1 1
1938 01 09 12.500000 1 1
1938 01 10 11.300000 1 1
1938 01 11 11.000000 1 1
1938 01 12 10.500000 1 1
1938 01 13 10.300000 1 1
1938 01 14 9.940000 1 1
1938 01 15 10.500000 1 1
1938 01 16 20.500000 1 1
1938 01 17 17.800000 1 1
1938 01 18 12.500000 1 1
1938 01 19 13.100000 1 1
1938 01 20 10.500000 1 1
1938 01 21 9.720000 1 1
1938 01 22 9.080000 1 1
1938 01 23 8.970000 1 1
1938 01 24 8.760000 1 1
1938 01 25 8.650000 1 1
1938 01 26 8.550000 1 1
1938 01 27 8.350000 1 1
1938 01 28 7.740000 1 1
1938 01 29 7.740000 1 1
1938 01 30 7.640000 1 1
1938 01 31 7.540000 1 1
1938 02 01 7.360000 1 1
1938 02 02 7.640000 1 1
1938 02 03 7.640000 1 1
1938 02 04 13.500000 1 1
1938 02 05 9.610000 1 1
1938 02 06 10.100000 1 1
1938 02 07 39.500000 1 1
1938 02 08 22.100000 1 1
1938 02 09 12.500000 1 1
1938 02 10 11.300000 1 1
1938 02 11 10.600000 1 1
1938 02 12 57.000000 1 1
1938 02 13 16.500000 1 1
1938 02 14 15.800000 1 1
1938 02 15 24.600000 1 1
1938 02 16 15.400000 1 1
1938 02 17 15.800000 1 1
1938 02 18 32.100000 1 1
1938 02 19 26.300000 1 1
1938 02 20 16.900000 1 1
1938 02 21 14.000000 1 1
1938 02 22 12.500000 1 1
1938 02 23 16.600000 1 1
1938 02 24 15.200000 1 1
1938 02 25 13.800000 1 1
1938 02 26 14.800000 1 1
1938 02 27 14.000000 1 1
1938 02 28 12.300000 1 1
1938 03 01 11.700000 1 1
1938 03 02 69.800000 1 1
1938 03 03 47.600000 1 1
1938 03 04 22.900000 1 1
1938 03 05 18.100000 1 1
1938 03 06 14.600000 1 1
1938 03 07 13.500000 1 1
1938 03 08 12.400000 1 1
1938 03 09 11.800000 1 1
1938 03 10 11.300000 1 1
1938 03 11 11.000000 1 1
1938 03 12 10.700000 1 1
1938 03 13 10.600000 1 1
1938 03 14 14.200000 1 1
1938 03 15 11.200000 1 1
1938 03 16 12.300000 1 1
1938 03 17 13.300000 1 1
1938 03 18 12.100000 1 1
1938 03 19 11.700000 1 1
1938 03 20 13.500000 1 1
1938 03 21 11.200000 1 1
1938 03 22 10.400000 1 1
1938 03 23 9.830000 1 1
1938 03 24 9.940000 1 1
1938 03 25 18.100000 1 1
1938 03 26 11.200000 1 1
1938 03 27 10.600000 1 1
1938 03 28 9.720000 1 1
1938 03 29 9.500000 1 1
1938 03 30 9.180000 1 1
1938 03 31 8.760000 1 1
1938 04 01 8.650000 1 1
1938 04 02 8.550000 1 1
1938 04 03 8.550000 1 1
1938 04 04 8.550000 1 1
1938 04 05 12.200000 1 1
1938 04 06 8.760000 1 1
1938 04 07 9.290000 1 1
1938 04 08 9.500000 1 1
1938 04 09 8.550000 1 1
1938 04 10 12.800000 1 1
1938 04 11 8.970000 1 1
1938 04 12 8.650000 1 1
1938 04 13 8.450000 1 1
1938 04 14 8.150000 1 1
1938 04 15 8.040000 1 1
1938 04 16 7.940000 1 1
1938 04 17 7.940000 1 1
1938 04 18 7.740000 1 1
1938 04 19 7.740000 1 1
1938 04 20 7.940000 1 1
1938 04 21 7.740000 1 1
1938 04 22 9.500000 1 1
1938 04 23 9.290000 1 1
1938 04 24 8.450000 1 1
1938 04 25 7.840000 1 1
1938 04 26 7.640000 1 1
1938 04 27 7.540000 1 1
1938 04 28 7.450000 1 1
1938 04 29 7.360000 1 1
1938 04 30 7.360000 1 1
1938 05 01 7.260000 1 1
1938 05 02 7.170000 1 1
1938 05 03 7.070000 1 1
1938 05 04 7.070000 1 1
1938 05 05 6.980000 1 1
1938 05 06 6.980000 1 1
1938 05 07 6.790000 1 1
1938 05 08 6.790000 1 1
1938 05 09 6.790000 1 1
1938 05 10 6.790000 1 1
1938 05 11 6.880000 1 1
1938 05 12 6.790000 1 1
1938 05 13 6.690000 1 1
1938 05 14 6.690000 1 1
1938 05 15 7.540000 1 1
1938 05 16 7.070000 1 1
1938 05 17 6.980000 1 1
1938 05 18 7.450000 1 1
1938 05 19 7.070000 1 1
1938 05 20 21.800000 1 1
1938 05 21 15.500000 1 1
1938 05 22 9.830000 1 1
1938 05 23 9.180000 1 1
1938 05 24 8.970000 1 1
1938 05 25 8.350000 1 1
1938 05 26 7.540000 1 1
1938 05 27 7.450000 1 1
1938 05 28 7.360000 1 1
1938 05 29 7.070000 1 1
1938 05 30 6.880000 1 1
1938 05 31 6.790000 1 1
1938 06 01 6.790000 1 1
1938 06 02 6.690000 1 1
1938 06 03 6.690000 1 1
1938 06 04 6.600000 1 1
1938 06 05 6.600000 1 1
1938 06 06 6.600000 1 1
1938 06 07 6.600000 1 1
1938 06 08 6.510000 1 1
1938 06 09 6.420000 1 1
1938 06 10 6.420000 1 1
1938 06 11 6.420000 1 1
1938 06 12 6.330000 1 1
1938 06 13 6.330000 1 1
1938 06 14 6.250000 1 1
1938 06 15 6.250000 1 1
1938 06 16 6.250000 1 1
1938 06 17 6.160000 1 1
1938 06 18 6.160000 1 1
1938 06 19 6.160000 1 1
1938 06 20 6.160000 1 1
1938 06 21 6.070000 1 1
1938 06 22 6.070000 1 1
1938 06 23 5.980000 1 1
1938 06 24 5.890000 1 1
1938 06 25 5.890000 1 1
1938 06 26 5.800000 1 1
1938 06 27 5.800000 1 1
1938 06 28 5.800000 1 1
1938 06 29 5.710000 1 1
1938 06 30 5.710000 1 1
1938 07 01 5.800000 1 1
1938 07 02 5.710000 1 1
1938 07 03 5.630000 1 1
1938 07 04 5.550000 1 1
1938 07 05 5.550000 1 1
1938 07 06 5.550000 1 1
1938 07 07 5.470000 1 1
1938 07 08 5.470000 1 1
1938 07 09 5.470000 1 1
1938 07 10 5.380000 1 1
1938 07 11 5.380000 1 1
1938 07 12 5.380000 1 1
1938 07 13 5.380000 1 1
1938 07 14 5.300000 1 1
1938 07 15 5.300000 1 1
1938 07 16 5.300000 1 1
1938 07 17 5.220000 1 1
1938 07 18 5.220000 1 1
1938 07 19 5.220000 1 1
1938 07 20 5.130000 1 1
1938 07 21 5.300000 1 1
1938 07 22 5.300000 1 1
1938 07 23 5.300000 1 1
1938 07 24 5.220000 1 1
1938 07 25 5.220000 1 1
1938 07 26 5.220000 1 1
1938 07 27 5.130000 1 1
1938 07 28 5.050000 1 1
1938 07 29 5.050000 1 1
1938 07 30 5.050000 1 1
1938 07 31 4.890000 1 1
1938 08 01 4.890000 1 1
1938 08 02 4.890000 1 1
1938 08 03 5.050000 1 1
1938 08 04 5.050000 1 1
1938 08 05 5.050000 1 1
1938 08 06 5.050000 1 1
1938 08 07 4.970000 1 1
1938 08 08 4.890000 1 1
1938 08 09 5.050000 1 1
1938 08 10 5.130000 1 1
1938 08 11 4.970000 1 1
1938 08 12 4.970000 1 1
1938 08 13 4.890000 1 1
1938 08 14 4.890000 1 1
1938 08 15 4.890000 1 1
1938 08 16 4.890000 1 1
1938 08 17 4.810000 1 1
1938 08 18 4.810000 1 1
1938 08 19 4.730000 1 1
1938 08 20 4.730000 1 1
1938 08 21 4.730000 1 1
1938 08 22 4.730000 1 1
1938 08 23 4.650000 1 1
1938 08 24 4.580000 1 1
1938 08 25 4.580000 1 1
1938 08 26 4.420000 1 1
1938 08 27 4.420000 1 1
1938 08 28 4.420000 1 1
1938 08 29 4.420000 1 1
1938 08 30 4.420000 1 1
1938 08 31 4.350000 1 1
1938 09 01 4.350000 1 1
1938 09 02 4.270000 1 1
1938 09 03 4.270000 1 1
1938 09 04 4.190000 1 1
1938 09 05 4.190000 1 1
1938 09 06 4.190000 1 1
1938 09 07 4.420000 1 1
1938 09 08 7.360000 1 1
1938 09 09 14.400000 1 1
1938 09 10 9.610000 1 1
1938 09 11 6.790000 1 1
1938 09 12 6.160000 1 1
1938 09 13 6.070000 1 1
1938 09 14 5.550000 1 1
1938 09 15 5.300000 1 1
1938 09 16 5.220000 1 1
1938 09 17 5.130000 1 1
1938 09 18 5.150000 1 1
1938 09 19 4.730000 1 1
1938 09 20 4.580000 1 1
1938 09 21 4.500000 1 1
1938 09 22 4.500000 1 1
1938 09 23 4.500000 1 1
1938 09 24 4.420000 1 1
1938 09 25 4.420000 1 1
1938 09 26 4.350000 1 1
1938 09 27 4.270000 1 1
1938 09 28 4.420000 1 1
1938 09 29 4.350000 1 1
1938 09 30 4.350000 1 1
1938 10 01 4.420000 1 1
1938 10 02 4.420000 1 1
1938 10 03 4.500000 1 1
1938 10 04 4.730000 1 1
1938 10 05 15.000000 1 1
1938 10 06 5.300000 1 1
1938 10 07 4.730000 1 1
1938 10 08 4.500000 1 1
1938 10 09 4.420000 1 1
1938 10 10 4.270000 1 1
1938 10 11 4.120000 1 1
1938 10 12 4.120000 1 1
1938 10 13 4.120000 1 1
1938 10 14 6.880000 1 1
1938 10 15 8.150000 1 1
1938 10 16 8.350000 1 1
1938 10 17 6.420000 1 1
1938 10 18 10.500000 1 1
1938 10 19 8.760000 1 1
1938 10 20 13.100000 1 1
1938 10 21 13.100000 1 1
1938 10 22 8.150000 1 1
1938 10 23 7.360000 1 1
1938 10 24 11.700000 1 1
1938 10 25 7.940000 1 1
1938 10 26 6.880000 1 1
1938 10 27 42.100000 1 1
1938 10 28 19.600000 1 1
1938 10 29 9.390000 1 1
1938 10 30 8.350000 1 1
1938 10 31 7.540000 1 1
1938 11 01 6.980000 1 1
1938 11 02 6.600000 1 1
1938 11 03 6.330000 1 1
1938 11 04 6.160000 1 1
1938 11 05 5.800000 1 1
1938 11 06 6.070000 1 1
1938 11 07 6.070000 1 1
1938 11 08 5.980000 1 1
1938 11 09 22.600000 1 1
1938 11 10 8.760000 1 1
1938 11 11 7.840000 1 1
1938 11 12 15.800000 1 1
1938 11 13 19.400000 1 1
1938 11 14 51.700000 1 1
1938 11 15 10.000000 1 1
1938 11 16 7.540000 1 1
1938 11 17 25.600000 1 1
1938 11 18 12.300000 1 1
1938 11 19 10.600000 1 1
1938 11 20 10.400000 1 1
1938 11 21 7.540000 1 1
1938 11 22 7.360000 1 1
1938 11 23 7.170000 1 1
1938 11 24 11.200000 1 1
1938 11 25 12.300000 1 1
1938 11 26 10.500000 1 1
1938 11 27 7.740000 1 1
1938 11 28 19.400000 1 1
1938 11 29 10.800000 1 1
1938 11 30 11.400000 1 1
1938 12 01 26.900000 1 1
1938 12 02 74.100000 1 1
1938 12 03 47.600000 1 1
1938 12 04 26.900000 1 1
1938 12 05 12.800000 1 1
1938 12 06 12.200000 1 1
1938 12 07 11.300000 1 1
1938 12 08 16.100000 1 1
1938 12 09 15.100000 1 1
1938 12 10 19.100000 1 1
1938 12 11 12.500000 1 1
1938 12 12 10.500000 1 1
1938 12 13 9.390000 1 1
1938 12 14 15.800000 1 1
1938 12 15 13.500000 1 1
1938 12 16 15.000000 1 1
1938 12 17 11.000000 1 1
1938 12 18 10.700000 1 1
1938 12 19 10.100000 1 1
1938 12 20 9.180000 1 1
1938 12 21 11.900000 1 1
1938 12 22 47.600000 1 1
1938 12 23 24.900000 1 1
1938 12 24 11.300000 1 1
1938 12 25 24.800000 1 1
1938 12 26 65.600000 1 1
1938 12 27 nan nan 0
1938 12 28 nan nan 0
1938 12 29 nan nan 0
1938 12 30 nan nan 0
1938 12 31 nan nan 0
1939 01 01 nan nan nan
1939 01 02 nan nan nan
1939 01 03 nan nan nan
1939 01 04 nan nan nan
1939 01 05 nan nan nan
1939 01 06 nan nan nan
1939 01 07 nan nan nan
1939 01 08 nan nan nan
1939 01 09 nan nan nan
1939 01 10 nan nan nan
1939 01 11 nan nan nan
1939 01 12 nan nan nan
1939 01 13 nan nan nan
1939 01 14 nan nan nan
1939 01 15 nan nan nan
1939 01 16 nan nan nan
1939 01 17 nan nan nan
1939 01 18 nan nan nan
1939 01 19 nan nan nan
1939 01 20 nan nan nan
1939 01 21 nan nan nan
1939 01 22 nan nan nan
1939 01 23 nan nan nan
1939 01 24 nan nan nan
1939 01 25 nan nan nan
1939 01 26 nan nan nan
1939 01 27 nan nan nan
1939 01 28 nan nan nan
1939 01 29 nan nan nan
1939 01 30 nan nan nan
1939 01 31 nan nan nan
1939 02 01 nan nan nan
1939 02 02 nan nan nan
1939 02 03 nan nan nan
1939 02 04 nan nan nan
1939 02 05 nan nan nan
1939 02 06 nan nan nan
1939 02 07 nan nan nan
1939 02 08 nan nan nan
1939 02 09 nan nan nan
1939 02 10 nan nan nan
1939 02 11 nan nan nan
1939 02 12 nan nan nan
1939 02 13 nan nan nan
1939 02 14 nan nan nan
1939 02 15 nan nan nan
1939 02 16 nan nan nan
1939 02 17 nan nan nan
1939 02 18 nan nan nan
1939 02 19 nan nan nan
1939 02 20 nan nan nan
1939 02 21 nan nan nan
1939 02 22 nan nan nan
1939 02 23 nan nan nan
1939 02 24 nan nan nan
1939 02 25 nan nan nan
1939 02 26 nan nan nan
1939 02 27 nan nan nan
1939 02 28 nan nan nan
1939 03 01 nan nan 0
1939 03 02 nan nan 0
1939 03 03 nan nan 0
1939 03 04 9.190000 1 1
1939 03 05 8.930000 1 1
1939 03 06 8.840000 1 1
1939 03 07 8.670000 1 1
1939 03 08 8.580000 1 1
1939 03 09 8.580000 1 1
1939 03 10 8.490000 1 1
1939 03 11 8.320000 1 1
1939 03 12 8.070000 1 1
1939 03 13 7.990000 1 1
1939 03 14 7.990000 1 1
1939 03 15 7.820000 1 1
1939 03 16 7.570000 1 1
1939 03 17 7.330000 1 1
1939 03 18 7.330000 1 1
1939 03 19 7.330000 1 1
1939 03 20 7.650000 1 1
1939 03 21 7.900000 1 1
1939 03 22 7.650000 1 1
1939 03 23 9.280000 1 1
1939 03 24 7.900000 1 1
1939 03 25 nan nan 0
1939 03 26 nan nan 0
1939 03 27 9.110000 1 1
1939 03 28 nan nan 0
1939 03 29 nan nan 0
1939 03 30 9.190000 1 1
1939 03 31 nan nan 0
1939 04 01 8.930000 1 1
1939 04 02 8.410000 1 1
1939 04 03 8.320000 1 1
1939 04 04 8.240000 1 1
1939 04 05 8.930000 1 1
1939 04 06 7.990000 1 1
1939 04 07 7.820000 1 1
1939 04 08 7.570000 1 1
1939 04 09 7.330000 1 1
1939 04 10 7.170000 1 1
1939 04 11 7.090000 1 1
1939 04 12 6.850000 1 1
1939 04 13 6.700000 1 1
1939 04 14 7.010000 1 1
1939 04 15 7.250000 1 1
1939 04 16 7.170000 1 1
1939 04 17 7.090000 1 1
1939 04 18 9.280000 1 1
1939 04 19 8.840000 1 1
1939 04 20 7.820000 1 1
1939 04 21 7.250000 1 1
1939 04 22 7.170000 1 1
1939 04 23 7.010000 1 1
1939 04 24 6.850000 1 1
1939 04 25 6.700000 1 1
1939 04 26 6.550000 1 1
1939 04 27 6.550000 1 1
1939 04 28 6.930000 1 1
1939 04 29 6.700000 1 1
1939 04 30 6.550000 1 1
1939 05 01 6.390000 1 1
1939 05 02 8.150000 1 1
1939 05 03 6.700000 1 1
1939 05 04 6.550000 1 1
1939 05 05 6.550000 1 1
1939 05 06 6.470000 1 1
1939 05 07 6.470000 1 1
1939 05 08 6.390000 1 1
1939 05 09 11.100000 1 1
1939 05 10 11.100000 1 1
1939 05 11 8.320000 1 1
1939 05 12 6.700000 1 1
1939 05 13 6.550000 1 1
1939 05 14 6.550000 1 1
1939 05 15 6.470000 1 1
1939 05 16 6.390000 1 1
1939 05 17 6.390000 1 1
1939 05 18 6.320000 1 1
1939 05 19 6.240000 1 1
1939 05 20 6.240000 1 1
1939 05 21 6.240000 1 1
1939 05 22 5.800000 1 1
1939 05 23 5.730000 1 1
1939 05 24 5.660000 1 1
1939 05 25 5.590000 1 1
1939 05 26 5.510000 1 1
1939 05 27 5.510000 1 1
1939 05 28 5.440000 1 1
1939 05 29 5.440000 1 1
1939 05 30 5.440000 1 1
1939 05 31 5.370000 1 1
1939 06 01 5.370000 1 1
1939 06 02 5.370000 1 1
1939 06 03 5.300000 1 1
1939 06 04 5.230000 1 1
1939 06 05 5.230000 1 1
1939 06 06 5.230000 1 1
1939 06 07 5.370000 1 1
1939 06 08 5.370000 1 1
1939 06 09 5.370000 1 1
1939 06 10 5.440000 1 1
1939 06 11 5.440000 1 1
1939 06 12 5.370000 1 1
1939 06 13 5.370000 1 1
1939 06 14 5.300000 1 1
1939 06 15 5.230000 1 1
1939 06 16 5.230000 1 1
1939 06 17 5.170000 1 1
1939 06 18 5.100000 1 1
1939 06 19 5.030000 1 1
1939 06 20 4.890000 1 1
1939 06 21 4.830000 1 1
1939 06 22 4.830000 1 1
1939 06 23 4.760000 1 1
1939 06 24 4.760000 1 1
1939 06 25 4.690000 1 1
1939 06 26 4.690000 1 1
1939 06 27 4.690000 1 1
1939 06 28 4.690000 1 1
1939 06 29 4.690000 1 1
1939 06 30 4.830000 1 1
1939 07 01 4.830000 1 1
1939 07 02 4.690000 1 1
1939 07 03 4.690000 1 1
1939 07 04 4.690000 1 1
1939 07 05 4.630000 1 1
1939 07 06 4.560000 1 1
1939 07 07 4.500000 1 1
1939 07 08 4.500000 1 1
1939 07 09 4.430000 1 1
1939 07 10 4.430000 1 1
1939 07 11 4.370000 1 1
1939 07 12 4.370000 1 1
1939 07 13 4.430000 1 1
1939 07 14 4.630000 1 1
1939 07 15 4.500000 1 1
1939 07 16 4.430000 1 1
1939 07 17 4.310000 1 1
1939 07 18 4.240000 1 1
1939 07 19 4.310000 1 1
1939 07 20 4.240000 1 1
1939 07 21 4.370000 1 1
1939 07 22 4.370000 1 1
1939 07 23 4.430000 1 1
1939 07 24 4.830000 1 1
1939 07 25 4.690000 1 1
1939 07 26 5.730000 1 1
1939 07 27 5.170000 1 1
1939 07 28 5.100000 1 1
1939 07 29 4.430000 1 1
1939 07 30 4.370000 1 1
1939 07 31 4.370000 1 1
1939 08 01 4.310000 1 1
1939 08 02 4.310000 1 1
1939 08 03 4.240000 1 1
1939 08 04 4.240000 1 1
1939 08 05 4.240000 1 1
1939 08 06 4.180000 1 1
1939 08 07 4.110000 1 1
1939 08 08 4.050000 1 1
1939 08 09 4.050000 1 1
1939 08 10 3.990000 1 1
1939 08 11 3.930000 1 1
1939 08 12 3.930000 1 1
1939 08 13 3.990000 1 1
1939 08 14 3.990000 1 1
1939 08 15 3.930000 1 1
1939 08 16 3.930000 1 1
1939 08 17 3.930000 1 1
1939 08 18 3.930000 1 1
1939 08 19 3.930000 1 1
1939 08 20 3.930000 1 1
1939 08 21 3.870000 1 1
1939 08 22 3.870000 1 1
1939 08 23 3.870000 1 1
1939 08 24 3.810000 1 1
1939 08 25 3.810000 1 1
1939 08 26 3.810000 1 1
1939 08 27 3.810000 1 1
1939 08 28 3.750000 1 1
1939 08 29 3.750000 1 1
1939 08 30 3.750000 1 1
1939 08 31 3.750000 1 1
1939 09 01 3.750000 1 1
1939 09 02 3.750000 1 1
1939 09 03 3.870000 1 1
1939 09 04 3.810000 1 1
1939 09 05 3.810000 1 1
1939 09 06 3.810000 1 1
1939 09 07 3.810000 1 1
1939 09 08 3.750000 1 1
1939 09 09 3.750000 1 1
1939 09 10 3.690000 1 1
1939 09 11 3.630000 1 1
1939 09 12 3.630000 1 1
1939 09 13 3.630000 1 1
1939 09 14 3.630000 1 1
1939 09 15 3.630000 1 1
1939 09 16 3.570000 1 1
1939 09 17 3.570000 1 1
1939 09 18 9.110000 1 1
1939 09 19 6.620000 1 1
1939 09 20 4.050000 1 1
1939 09 21 3.930000 1 1
1939 09 22 3.690000 1 1
1939 09 23 3.690000 1 1
1939 09 24 3.570000 1 1
1939 09 25 3.450000 1 1
1939 09 26 3.450000 1 1
1939 09 27 3.450000 1 1
1939 09 28 3.390000 1 1
1939 09 29 3.450000 1 1
1939 09 30 3.750000 1 1
1939 10 01 7.490000 1 1
1939 10 02 5.730000 1 1
1939 10 03 5.730000 1 1
1939 10 04 5.370000 1 1
1939 10 05 5.370000 1 1
1939 10 06 6.240000 1 1
1939 10 07 5.230000 1 1
1939 10 08 4.690000 1 1
1939 10 09 4.560000 1 1
1939 10 10 4.310000 1 1
1939 10 11 4.180000 1 1
1939 10 12 4.180000 1 1
1939 10 13 4.110000 1 1
1939 10 14 4.050000 1 1
1939 10 15 nan nan 0
1939 10 16 6.700000 1 1
1939 10 17 4.430000 1 1
1939 10 18 4.180000 1 1
1939 10 19 3.810000 1 1
1939 10 20 3.690000 1 1
1939 10 21 3.570000 1 1
1939 10 22 3.570000 1 1
1939 10 23 3.810000 1 1
1939 10 24 3.810000 1 1
1939 10 25 3.690000 1 1
1939 10 26 3.570000 1 1
1939 10 27 3.570000 1 1
1939 10 28 351.000000 1 1
1939 10 29 351.000000 1 1
1939 10 30 328.000000 1 1
1939 10 31 323.000000 1 1
1939 11 01 3.230000 1 1
1939 11 02 3.110000 1 1
1939 11 03 3.000000 1 1
1939 11 04 3.000000 1 1
1939 11 05 3.060000 1 1
1939 11 06 3.340000 1 1
1939 11 07 3.390000 1 1
1939 11 08 5.730000 1 1
1939 11 09 4.960000 1 1
1939 11 10 3.990000 1 1
1939 11 11 3.930000 1 1
1939 11 12 3.450000 1 1
1939 11 13 4.560000 1 1
1939 11 14 nan nan 0
1939 11 15 5.440000 1 1
1939 11 16 4.760000 1 1
1939 11 17 3.930000 1 1
1939 11 18 3.630000 1 1
1939 11 19 7.170000 1 1
1939 11 20 5.100000 1 1
1939 11 21 5.030000 1 1
1939 11 22 4.560000 1 1
1939 11 23 4.180000 1 1
1939 11 24 4.180000 1 1
1939 11 25 4.110000 1 1
1939 11 26 6.770000 1 1
1939 11 27 nan nan 0
1939 11 28 nan nan 0
1939 11 29 5.950000 1 1
1939 11 30 4.830000 1 1
1939 12 01 4.430000 1 1
1939 12 02 5.800000 1 1
1939 12 03 5.170000 1 1
1939 12 04 4.430000 1 1
1939 12 05 4.310000 1 1
1939 12 06 4.240000 1 1
1939 12 07 6.470000 1 1
1939 12 08 5.800000 1 1
1939 12 09 5.590000 1 1
1939 12 10 4.370000 1 1
1939 12 11 4.690000 1 1
1939 12 12 4.630000 1 1
1939 12 13 5.170000 1 1
1939 12 14 4.760000 1 1
1939 12 15 4.690000 1 1
1939 12 16 4.560000 1 1
1939 12 17 3.810000 1 1
1939 12 18 4.560000 1 1
1939 12 19 5.100000 1 1
1939 12 20 nan nan 0
1939 12 21 nan nan 0
1939 12 22 nan nan 0
1939 12 23 nan nan 0
1939 12 24 nan nan 0
1939 12 25 nan nan 0
1939 12 26 nan nan 0
1939 12 27 nan nan 0
1939 12 28 nan nan 0
1939 12 29 nan nan 0
1939 12 30 nan nan 0
1939 12 31 nan nan 0
1940 01 01 nan nan nan
1940 01 02 nan nan nan
1940 01 03 nan nan nan
1940 01 04 nan nan nan
1940 01 05 nan nan nan
1940 01 06 nan nan nan
1940 01 07 nan nan nan
1940 01 08 nan nan nan
1940 01 09 nan nan nan
1940 01 10 nan nan nan
1940 01 11 nan nan nan
1940 01 12 nan nan nan
1940 01 13 nan nan nan
1940 01 14 nan nan nan
1940 01 15 nan nan nan
1940 01 16 nan nan nan
1940 01 17 nan nan nan
1940 01 18 nan nan nan
1940 01 19 nan nan nan
1940 01 20 nan nan nan
1940 01 21 nan nan nan
1940 01 22 nan nan nan
1940 01 23 nan nan nan
1940 01 24 nan nan nan
1940 01 25 nan nan nan
1940 01 26 nan nan nan
1940 01 27 nan nan nan
1940 01 28 nan nan nan
1940 01 29 nan nan nan
1940 01 30 nan nan nan
1940 01 31 nan nan nan
1940 02 01 nan nan nan
1940 02 02 nan nan nan
1940 02 03 nan nan nan
1940 02 04 nan nan nan
1940 02 05 nan nan nan
1940 02 06 nan nan nan
1940 02 07 nan nan nan
1940 02 08 nan nan nan
1940 02 09 nan nan nan
1940 02 10 nan nan nan
1940 02 11 nan nan nan
1940 02 12 nan nan nan
1940 02 13 nan nan nan
1940 02 14 nan nan nan
1940 02 15 nan nan nan
1940 02 16 nan nan nan
1940 02 17 nan nan nan
1940 02 18 nan nan nan
1940 02 19 nan nan nan
1940 02 20 nan nan nan
1940 02 21 nan nan nan
1940 02 22 nan nan nan
1940 02 23 nan nan nan
1940 02 24 nan nan nan
1940 02 25 nan nan nan
1940 02 26 nan nan nan
1940 02 27 nan nan nan
1940 02 28 nan nan nan
1940 02 29 nan nan nan
1940 03 01 nan nan nan
1940 03 02 nan nan nan
1940 03 03 nan nan nan
1940 03 04 nan nan nan
1940 03 05 nan nan nan
1940 03 06 nan nan nan
1940 03 07 nan nan nan
1940 03 08 nan nan nan
1940 03 09 nan nan nan
1940 03 10 nan nan nan
1940 03 11 nan nan nan
1940 03 12 nan nan nan
1940 03 13 nan nan nan
1940 03 14 nan nan nan
1940 03 15 nan nan nan
1940 03 16 nan nan nan
1940 03 17 nan nan nan
1940 03 18 nan nan nan
1940 03 19 nan nan nan
1940 03 20 nan nan nan
1940 03 21 nan nan nan
1940 03 22 nan nan nan
1940 03 23 nan nan nan
1940 03 24 nan nan nan
1940 03 25 nan nan nan
1940 03 26 nan nan nan
1940 03 27 nan nan nan
1940 03 28 nan nan nan
1940 03 29 nan nan nan
1940 03 30 nan nan nan
1940 03 31 nan nan nan
1940 04 01 nan nan nan
1940 04 02 nan nan nan
1940 04 03 nan nan nan
1940 04 04 nan nan nan
1940 04 05 nan nan nan
1940 04 06 nan nan nan
1940 04 07 nan nan nan
1940 04 08 nan nan nan
1940 04 09 nan nan nan
1940 04 10 nan nan nan
1940 04 11 nan nan nan
1940 04 12 nan nan nan
1940 04 13 nan nan nan
1940 04 14 nan nan nan
1940 04 15 nan nan nan
1940 04 16 nan nan nan
1940 04 17 nan nan nan
1940 04 18 nan nan nan
1940 04 19 nan nan nan
1940 04 20 nan nan nan
1940 04 21 nan nan nan
1940 04 22 nan nan nan
1940 04 23 nan nan nan
1940 04 24 nan nan nan
1940 04 25 nan nan nan
1940 04 26 nan nan nan
1940 04 27 nan nan nan
1940 04 28 nan nan nan
1940 04 29 nan nan nan
1940 04 30 nan nan nan
1940 05 01 nan nan nan
1940 05 02 nan nan nan
1940 05 03 nan nan nan
1940 05 04 nan nan nan
1940 05 05 nan nan nan
1940 05 06 nan nan nan
1940 05 07 nan nan nan
1940 05 08 nan nan nan
1940 05 09 nan nan nan
1940 05 10 nan nan nan
1940 05 11 nan nan nan
1940 05 12 nan nan nan
1940 05 13 nan nan nan
1940 05 14 nan nan nan
1940 05 15 nan nan nan
1940 05 16 nan nan nan
1940 05 17 nan nan nan
1940 05 18 nan nan nan
1940 05 19 nan nan nan
1940 05 20 nan nan nan
1940 05 21 nan nan nan
1940 05 22 nan nan nan
1940 05 23 nan nan nan
1940 05 24 nan nan nan
1940 05 25 nan nan nan
1940 05 26 nan nan nan
1940 05 27 nan nan nan
1940 05 28 nan nan nan
1940 05 29 nan nan nan
1940 05 30 nan nan nan
1940 05 31 nan nan nan
1940 06 01 nan nan nan
1940 06 02 nan nan nan
1940 06 03 nan nan nan
1940 06 04 nan nan nan
1940 06 05 nan nan nan
1940 06 06 nan nan nan
1940 06 07 nan nan nan
1940 06 08 nan nan nan
1940 06 09 nan nan nan
1940 06 10 nan nan nan
1940 06 11 nan nan nan
1940 06 12 nan nan nan
1940 06 13 nan nan nan
1940 06 14 nan nan nan
1940 06 15 nan nan nan
1940 06 16 nan nan nan
1940 06 17 nan nan nan
1940 06 18 nan nan nan
1940 06 19 nan nan nan
1940 06 20 nan nan nan
1940 06 21 nan nan nan
1940 06 22 nan nan nan
1940 06 23 nan nan nan
1940 06 24 nan nan nan
1940 06 25 nan nan nan
1940 06 26 nan nan nan
1940 06 27 nan nan nan
1940 06 28 nan nan nan
1940 06 29 nan nan nan
1940 06 30 nan nan nan
1940 07 01 6.200000 1 1
1940 07 02 6.110000 1 1
1940 07 03 6.020000 1 1
1940 07 04 6.020000 1 1
1940 07 05 6.020000 1 1
1940 07 06 5.940000 1 1
1940 07 07 5.940000 1 1
1940 07 08 5.850000 1 1
1940 07 09 5.850000 1 1
1940 07 10 5.760000 1 1
1940 07 11 5.670000 1 1
1940 07 12 5.670000 1 1
1940 07 13 5.670000 1 1
1940 07 14 5.670000 1 1
1940 07 15 5.590000 1 1
1940 07 16 5.590000 1 1
1940 07 17 5.590000 1 1
1940 07 18 5.500000 1 1
1940 07 19 5.500000 1 1
1940 07 20 5.410000 1 1
1940 07 21 5.410000 1 1
1940 07 22 5.410000 1 1
1940 07 23 5.320000 1 1
1940 07 24 5.320000 1 1
1940 07 25 5.320000 1 1
1940 07 26 5.240000 1 1
1940 07 27 5.240000 1 1
1940 07 28 5.110000 1 1
1940 07 29 5.110000 1 1
1940 07 30 5.060000 1 1
1940 07 31 5.060000 1 1
1940 08 01 4.980000 1 1
1940 08 02 4.980000 1 1
1940 08 03 4.890000 1 1
1940 08 04 4.890000 1 1
1940 08 05 4.890000 1 1
1940 08 06 4.890000 1 1
1940 08 07 4.890000 1 1
1940 08 08 4.810000 1 1
1940 08 09 4.810000 1 1
1940 08 10 4.810000 1 1
1940 08 11 4.720000 1 1
1940 08 12 4.720000 1 1
1940 08 13 4.720000 1 1
1940 08 14 4.640000 1 1
1940 08 15 4.640000 1 1
1940 08 16 4.640000 1 1
1940 08 17 4.550000 1 1
1940 08 18 4.550000 1 1
1940 08 19 4.550000 1 1
1940 08 20 4.550000 1 1
1940 08 21 4.470000 1 1
1940 08 22 4.470000 1 1
1940 08 23 4.470000 1 1
1940 08 24 4.390000 1 1
1940 08 25 4.390000 1 1
1940 08 26 4.390000 1 1
1940 08 27 4.300000 1 1
1940 08 28 4.300000 1 1
1940 08 29 4.300000 1 1
1940 08 30 4.220000 1 1
1940 08 31 4.220000 1 1
1940 09 01 4.220000 1 1
1940 09 02 4.220000 1 1
1940 09 03 4.220000 1 1
1940 09 04 4.130000 1 1
1940 09 05 4.050000 1 1
1940 09 06 4.050000 1 1
1940 09 07 4.050000 1 1
1940 09 08 3.970000 1 1
1940 09 09 3.970000 1 1
1940 09 10 3.970000 1 1
1940 09 11 3.970000 1 1
1940 09 12 3.890000 1 1
1940 09 13 4.130000 1 1
1940 09 14 4.220000 1 1
1940 09 15 4.130000 1 1
1940 09 16 3.890000 1 1
1940 09 17 3.890000 1 1
1940 09 18 3.890000 1 1
1940 09 19 3.890000 1 1
1940 09 20 3.890000 1 1
1940 09 21 3.800000 1 1
1940 09 22 4.050000 1 1
1940 09 23 4.720000 1 1
1940 09 24 5.940000 1 1
1940 09 25 6.460000 1 1
1940 09 26 6.110000 1 1
1940 09 27 5.410000 1 1
1940 09 28 5.240000 1 1
1940 09 29 4.550000 1 1
1940 09 30 4.390000 1 1
1940 10 01 4.220000 1 1
1940 10 02 4.130000 1 1
1940 10 03 3.970000 1 1
1940 10 04 3.890000 1 1
1940 10 05 3.890000 1 1
1940 10 06 3.800000 1 1
1940 10 07 3.720000 1 1
1940 10 08 3.720000 1 1
1940 10 09 3.640000 1 1
1940 10 10 4.810000 1 1
1940 10 11 4.050000 1 1
1940 10 12 10.200000 1 1
1940 10 13 7.640000 1 1
1940 10 14 4.890000 1 1
1940 10 15 4.390000 1 1
1940 10 16 4.130000 1 1
1940 10 17 4.050000 1 1
1940 10 18 3.970000 1 1
1940 10 19 3.890000 1 1
1940 10 20 4.130000 1 1
1940 10 21 4.050000 1 1
1940 10 22 4.890000 1 1
1940 10 23 5.410000 1 1
1940 10 24 5.150000 1 1
1940 10 25 4.300000 1 1
1940 10 26 7.090000 1 1
1940 10 27 5.760000 1 1
1940 10 28 5.150000 1 1
1940 10 29 7.090000 1 1
1940 10 30 6.460000 1 1
1940 10 31 5.150000 1 1
1940 11 01 4.550000 1 1
1940 11 02 4.300000 1 1
1940 11 03 6.380000 1 1
1940 11 04 4.640000 1 1
1940 11 05 5.150000 1 1
1940 11 06 5.500000 1 1
1940 11 07 4.890000 1 1
1940 11 08 4.470000 1 1
1940 11 09 4.300000 1 1
1940 11 10 4.130000 1 1
1940 11 11 4.470000 1 1
1940 11 12 7.920000 1 1
1940 11 13 8.010000 1 1
1940 11 14 nan nan 0
1940 11 15 nan nan 0
1940 11 16 nan nan 0
1940 11 17 nan nan 0
1940 11 18 10.900000 1 1
1940 11 19 9.340000 1 1
1940 11 20 8.770000 1 1
1940 11 21 7.090000 1 1
1940 11 22 6.380000 1 1
1940 11 23 6.110000 1 1
1940 11 24 5.670000 1 1
1940 11 25 8.390000 1 1
1940 11 26 8.010000 1 1
1940 11 27 11.800000 1 1
1940 11 28 nan nan 0
1940 11 29 nan nan 0
1940 11 30 nan nan 0
1940 12 01 13.100000 1 1
1940 12 02 11.100000 1 1
1940 12 03 8.670000 1 1
1940 12 04 7.640000 1 1
1940 12 05 7.090000 1 1
1940 12 06 6.730000 1 1
1940 12 07 6.380000 1 1
1940 12 08 6.020000 1 1
1940 12 09 7.090000 1 1
1940 12 10 6.730000 1 1
1940 12 11 6.020000 1 1
1940 12 12 7.920000 1 1
1940 12 13 8.010000 1 1
1940 12 14 7.000000 1 1
1940 12 15 6.110000 1 1
1940 12 16 5.410000 1 1
1940 12 17 5.590000 1 1
1940 12 18 7.640000 1 1
1940 12 19 7.280000 1 1
1940 12 20 nan nan 0
1940 12 21 nan nan 0
1940 12 22 nan nan 0
1940 12 23 nan nan 0
1940 12 24 nan nan 0
1940 12 25 nan nan 0
1940 12 26 nan nan 0
1940 12 27 nan nan 0
1940 12 28 nan nan 0
1940 12 29 14.400000 1 1
1940 12 30 13.300000 1 1
1940 12 31 12.900000 1 1
1941 01 01 14.500000 1 1
1941 01 02 nan nan 0
1941 01 03 nan nan 0
1941 01 04 nan nan 0
1941 01 05 20.200000 1 1
1941 01 06 17.000000 1 1
1941 01 07 15.800000 1 1
1941 01 08 13.700000 1 1
1941 01 09 13.100000 1 1
1941 01 10 13.700000 1 1
1941 01 11 21.300000 1 1
1941 01 12 nan nan 0
1941 01 13 17.900000 1 1
1941 01 14 17.900000 1 1
1941 01 15 14.600000 1 1
1941 01 16 15.000000 1 1
1941 01 17 14.200000 1 1
1941 01 18 13.600000 1 1
1941 01 19 21.900000 1 1
1941 01 20 18.600000 1 1
1941 01 21 16.500000 1 1
1941 01 22 14.200000 1 1
1941 01 23 14.900000 1 1
1941 01 24 nan nan 0
1941 01 25 nan nan 0
1941 01 26 nan nan 0
1941 01 27 16.600000 1 1
1941 01 28 14.900000 1 1
1941 01 29 14.000000 1 1
1941 01 30 13.100000 1 1
1941 01 31 12.200000 1 1
1941 02 01 11.400000 1 1
1941 02 02 11.300000 1 1
1941 02 03 17.700000 1 1
1941 02 04 18.400000 1 1
1941 02 05 14.000000 1 1
1941 02 06 11.800000 1 1
1941 02 07 11.300000 1 1
1941 02 08 10.500000 1 1
1941 02 09 10.000000 1 1
1941 02 10 9.660000 1 1
1941 02 11 9.440000 1 1
1941 02 12 9.110000 1 1
1941 02 13 9.000000 1 1
1941 02 14 8.670000 1 1
1941 02 15 8.450000 1 1
1941 02 16 8.240000 1 1
1941 02 17 8.670000 1 1
1941 02 18 13.600000 1 1
1941 02 19 15.200000 1 1
1941 02 20 17.800000 1 1
1941 02 21 10.600000 1 1
1941 02 22 10.200000 1 1
1941 02 23 10.100000 1 1
1941 02 24 10.300000 1 1
1941 02 25 11.300000 1 1
1941 02 26 10.600000 1 1
1941 02 27 11.800000 1 1
1941 02 28 11.600000 1 1
1941 03 01 10.000000 1 1
1941 03 02 9.000000 1 1
1941 03 03 8.450000 1 1
1941 03 04 8.240000 1 1
1941 03 05 8.140000 1 1
1941 03 06 8.240000 1 1
1941 03 07 8.140000 1 1
1941 03 08 7.920000 1 1
1941 03 09 7.610000 1 1
1941 03 10 7.400000 1 1
1941 03 11 7.190000 1 1
1941 03 12 7.090000 1 1
1941 03 13 7.920000 1 1
1941 03 14 17.900000 1 1
1941 03 15 15.800000 1 1
1941 03 16 10.200000 1 1
1941 03 17 9.440000 1 1
1941 03 18 9.000000 1 1
1941 03 19 8.350000 1 1
1941 03 20 7.710000 1 1
1941 03 21 8.670000 1 1
1941 03 22 8.350000 1 1
1941 03 23 8.350000 1 1
1941 03 24 12.800000 1 1
1941 03 25 9.330000 1 1
1941 03 26 24.300000 1 1
1941 03 27 11.400000 1 1
1941 03 28 9.330000 1 1
1941 03 29 8.450000 1 1
1941 03 30 8.240000 1 1
1941 03 31 8.140000 1 1
1941 04 01 7.820000 1 1
1941 04 02 9.770000 1 1
1941 04 03 10.800000 1 1
1941 04 04 11.800000 1 1
1941 04 05 9.550000 1 1
1941 04 06 8.240000 1 1
1941 04 07 8.030000 1 1
1941 04 08 7.610000 1 1
1941 04 09 8.030000 1 1
1941 04 10 8.140000 1 1
1941 04 11 7.920000 1 1
1941 04 12 7.610000 1 1
1941 04 13 7.920000 1 1
1941 04 14 7.500000 1 1
1941 04 15 7.300000 1 1
1941 04 16 7.090000 1 1
1941 04 17 6.990000 1 1
1941 04 18 6.890000 1 1
1941 04 19 6.790000 1 1
1941 04 20 6.680000 1 1
1941 04 21 6.580000 1 1
1941 04 22 6.580000 1 1
1941 04 23 6.480000 1 1
1941 04 24 6.480000 1 1
1941 04 25 6.380000 1 1
1941 04 26 6.280000 1 1
1941 04 27 6.280000 1 1
1941 04 28 6.190000 1 1
1941 04 29 6.090000 1 1
1941 04 30 6.090000 1 1
1941 05 01 6.090000 1 1
1941 05 02 6.090000 1 1
1941 05 03 5.990000 1 1
1941 05 04 5.990000 1 1
1941 05 05 5.890000 1 1
1941 05 06 5.790000 1 1
1941 05 07 5.790000 1 1
1941 05 08 5.700000 1 1
1941 05 09 5.700000 1 1
1941 05 10 5.700000 1 1
1941 05 11 5.600000 1 1
1941 05 12 5.600000 1 1
1941 05 13 5.600000 1 1
1941 05 14 5.500000 1 1
1941 05 15 5.500000 1 1
1941 05 16 5.410000 1 1
1941 05 17 5.410000 1 1
1941 05 18 5.500000 1 1
1941 05 19 5.600000 1 1
1941 05 20 5.600000 1 1
1941 05 21 5.500000 1 1
1941 05 22 5.410000 1 1
1941 05 23 5.410000 1 1
1941 05 24 5.310000 1 1
1941 05 25 5.310000 1 1
1941 05 26 5.220000 1 1
1941 05 27 5.220000 1 1
1941 05 28 5.120000 1 1
1941 05 29 5.410000 1 1
1941 05 30 5.410000 1 1
1941 05 31 5.310000 1 1
1941 06 01 5.310000 1 1
1941 06 02 6.500000 1 1
1941 06 03 5.410000 1 1
1941 06 04 5.310000 1 1
1941 06 05 5.310000 1 1
1941 06 06 5.220000 1 1
1941 06 07 5.220000 1 1
1941 06 08 5.120000 1 1
1941 06 09 5.030000 1 1
1941 06 10 4.940000 1 1
1941 06 11 4.940000 1 1
1941 06 12 4.840000 1 1
1941 06 13 4.840000 1 1
1941 06 14 5.310000 1 1
1941 06 15 5.310000 1 1
1941 06 16 5.120000 1 1
1941 06 17 5.030000 1 1
1941 06 18 4.940000 1 1
1941 06 19 4.940000 1 1
1941 06 20 4.840000 1 1
1941 06 21 4.840000 1 1
1941 06 22 4.750000 1 1
1941 06 23 4.750000 1 1
1941 06 24 4.650000 1 1
1941 06 25 4.650000 1 1
1941 06 26 4.560000 1 1
1941 06 27 4.840000 1 1
1941 06 28 6.480000 1 1
1941 06 29 5.700000 1 1
1941 06 30 5.120000 1 1
1941 07 01 4.840000 1 1
1941 07 02 4.750000 1 1
1941 07 03 4.750000 1 1
1941 07 04 4.650000 1 1
1941 07 05 4.650000 1 1
1941 07 06 4.560000 1 1
1941 07 07 4.560000 1 1
1941 07 08 4.650000 1 1
1941 07 09 4.750000 1 1
1941 07 10 6.990000 1 1
1941 07 11 7.920000 1 1
1941 07 12 6.280000 1 1
1941 07 13 5.120000 1 1
1941 07 14 5.030000 1 1
1941 07 15 4.940000 1 1
1941 07 16 4.750000 1 1
1941 07 17 4.750000 1 1
1941 07 18 4.940000 1 1
1941 07 19 4.840000 1 1
1941 07 20 5.500000 1 1
1941 07 21 5.310000 1 1
1941 07 22 5.120000 1 1
1941 07 23 4.940000 1 1
1941 07 24 4.840000 1 1
1941 07 25 4.750000 1 1
1941 07 26 4.750000 1 1
1941 07 27 4.560000 1 1
1941 07 28 4.560000 1 1
1941 07 29 4.470000 1 1
1941 07 30 4.380000 1 1
1941 07 31 4.380000 1 1
1941 08 01 4.290000 1 1
1941 08 02 4.290000 1 1
1941 08 03 4.200000 1 1
1941 08 04 4.200000 1 1
1941 08 05 4.110000 1 1
1941 08 06 4.110000 1 1
1941 08 07 4.110000 1 1
1941 08 08 4.110000 1 1
1941 08 09 4.020000 1 1
1941 08 10 4.020000 1 1
1941 08 11 3.930000 1 1
1941 08 12 3.930000 1 1
1941 08 13 3.930000 1 1
1941 08 14 3.840000 1 1
1941 08 15 3.840000 1 1
1941 08 16 3.840000 1 1
1941 08 17 3.840000 1 1
1941 08 18 3.840000 1 1
1941 08 19 5.310000 1 1
1941 08 20 5.120000 1 1
1941 08 21 3.840000 1 1
1941 08 22 3.840000 1 1
1941 08 23 3.750000 1 1
1941 08 24 3.750000 1 1
1941 08 25 3.660000 1 1
1941 08 26 3.660000 1 1
1941 08 27 3.600000 1 1
1941 08 28 3.660000 1 1
1941 08 29 3.660000 1 1
1941 08 30 3.660000 1 1
1941 08 31 3.570000 1 1
1941 09 01 3.570000 1 1
1941 09 02 3.570000 1 1
1941 09 03 3.930000 1 1
1941 09 04 6.280000 1 1
1941 09 05 9.660000 1 1
1941 09 06 4.940000 1 1
1941 09 07 9.890000 1 1
1941 09 08 8.560000 1 1
1941 09 09 5.700000 1 1
1941 09 10 4.940000 1 1
1941 09 11 8.030000 1 1
1941 09 12 9.890000 1 1
1941 09 13 7.920000 1 1
1941 09 14 6.680000 1 1
1941 09 15 5.790000 1 1
1941 09 16 5.990000 1 1
1941 09 17 5.990000 1 1
1941 09 18 6.380000 1 1
1941 09 19 6.280000 1 1
1941 09 20 5.600000 1 1
1941 09 21 3.750000 1 1
1941 09 22 4.940000 1 1
1941 09 23 4.840000 1 1
1941 09 24 5.120000 1 1
1941 09 25 8.350000 1 1
1941 09 26 6.580000 1 1
1941 09 27 6.280000 1 1
1941 09 28 14.000000 1 1
1941 09 29 8.140000 1 1
1941 09 30 6.280000 1 1
1941 10 01 19.900000 1 1
1941 10 02 15.300000 1 1
1941 10 03 9.890000 1 1
1941 10 04 7.820000 1 1
1941 10 05 6.280000 1 1
1941 10 06 6.280000 1 1
1941 10 07 5.890000 1 1
1941 10 08 5.700000 1 1
1941 10 09 6.580000 1 1
1941 10 10 6.380000 1 1
1941 10 11 5.500000 1 1
1941 10 12 5.310000 1 1
1941 10 13 5.120000 1 1
1941 10 14 4.940000 1 1
1941 10 15 5.220000 1 1
1941 10 16 4.840000 1 1
1941 10 17 13.900000 1 1
1941 10 18 15.400000 1 1
1941 10 19 7.710000 1 1
1941 10 20 6.480000 1 1
1941 10 21 5.700000 1 1
1941 10 22 5.310000 1 1
1941 10 23 4.940000 1 1
1941 10 24 4.750000 1 1
1941 10 25 4.650000 1 1
1941 10 26 4.650000 1 1
1941 10 27 4.560000 1 1
1941 10 28 4.470000 1 1
1941 10 29 4.470000 1 1
1941 10 30 4.380000 1 1
1941 10 31 5.120000 1 1
1941 11 01 5.600000 1 1
1941 11 02 5.700000 1 1
1941 11 03 5.220000 1 1
1941 11 04 4.840000 1 1
1941 11 05 4.650000 1 1
1941 11 06 11.600000 1 1
1941 11 07 11.600000 1 1
1941 11 08 7.820000 1 1
1941 11 09 7.090000 1 1
1941 11 10 8.350000 1 1
1941 11 11 5.790000 1 1
1941 11 12 5.220000 1 1
1941 11 13 4.840000 1 1
1941 11 14 4.650000 1 1
1941 11 15 4.470000 1 1
1941 11 16 4.380000 1 1
1941 11 17 4.290000 1 1
1941 11 18 4.470000 1 1
1941 11 19 5.410000 1 1
1941 11 20 4.470000 1 1
1941 11 21 4.380000 1 1
1941 11 22 4.290000 1 1
1941 11 23 4.470000 1 1
1941 11 24 4.560000 1 1
1941 11 25 4.290000 1 1
1941 11 26 4.200000 1 1
1941 11 27 11.000000 1 1
1941 11 28 7.610000 1 1
1941 11 29 6.990000 1 1
1941 11 30 7.710000 1 1
1941 12 01 6.890000 1 1
1941 12 02 nan nan 0
1941 12 03 15.200000 1 1
1941 12 04 8.450000 1 1
1941 12 05 7.500000 1 1
1941 12 06 6.890000 1 1
1941 12 07 6.480000 1 1
1941 12 08 9.220000 1 1
1941 12 09 9.770000 1 1
1941 12 10 8.890000 1 1
1941 12 11 13.100000 1 1
1941 12 12 21.300000 1 1
1941 12 13 10.500000 1 1
1941 12 14 8.030000 1 1
1941 12 15 9.440000 1 1
1941 12 16 8.090000 1 1
1941 12 17 6.680000 1 1
1941 12 18 9.660000 1 1
1941 12 19 8.450000 1 1
1941 12 20 7.190000 1 1
1941 12 21 13.100000 1 1
1941 12 22 24.300000 1 1
1941 12 23 13.300000 1 1
1941 12 24 11.300000 1 1
1941 12 25 12.500000 1 1
1941 12 26 9.110000 1 1
1941 12 27 8.450000 1 1
1941 12 28 8.450000 1 1
1941 12 29 7.400000 1 1
1941 12 30 7.090000 1 1
1941 12 31 7.190000 1 1
1942 01 01 nan nan nan
1942 01 02 nan nan nan
1942 01 03 nan nan nan
1942 01 04 nan nan nan
1942 01 05 nan nan nan
1942 01 06 nan nan nan
1942 01 07 nan nan nan
1942 01 08 nan nan nan
1942 01 09 nan nan nan
1942 01 10 nan nan nan
1942 01 11 nan nan nan
1942 01 12 nan nan nan
1942 01 13 nan nan nan
1942 01 14 nan nan nan
1942 01 15 nan nan nan
1942 01 16 nan nan nan
1942 01 17 nan nan nan
1942 01 18 nan nan nan
1942 01 19 nan nan nan
1942 01 20 nan nan nan
1942 01 21 nan nan nan
1942 01 22 nan nan nan
1942 01 23 nan nan nan
1942 01 24 nan nan nan
1942 01 25 nan nan nan
1942 01 26 nan nan nan
1942 01 27 nan nan nan
1942 01 28 nan nan nan
1942 01 29 nan nan nan
1942 01 30 nan nan nan
1942 01 31 nan nan nan
1942 02 01 nan nan nan
1942 02 02 nan nan nan
1942 02 03 nan nan nan
1942 02 04 nan nan nan
1942 02 05 nan nan nan
1942 02 06 nan nan nan
1942 02 07 nan nan nan
1942 02 08 nan nan nan
1942 02 09 nan nan nan
1942 02 10 nan nan nan
1942 02 11 nan nan nan
1942 02 12 nan nan nan
1942 02 13 nan nan nan
1942 02 14 nan nan nan
1942 02 15 nan nan nan
1942 02 16 nan nan nan
1942 02 17 nan nan nan
1942 02 18 nan nan nan
1942 02 19 nan nan nan
1942 02 20 nan nan nan
1942 02 21 nan nan nan
1942 02 22 nan nan nan
1942 02 23 nan nan nan
1942 02 24 nan nan nan
1942 02 25 nan nan nan
1942 02 26 nan nan nan
1942 02 27 nan nan nan
1942 02 28 nan nan nan
1942 03 01 nan nan nan
1942 03 02 nan nan nan
1942 03 03 nan nan nan
1942 03 04 nan nan nan
1942 03 05 nan nan nan
1942 03 06 nan nan nan
1942 03 07 nan nan nan
1942 03 08 nan nan nan
1942 03 09 nan nan nan
1942 03 10 nan nan nan
1942 03 11 nan nan nan
1942 03 12 nan nan nan
1942 03 13 nan nan nan
1942 03 14 nan nan nan
1942 03 15 nan nan nan
1942 03 16 nan nan nan
1942 03 17 nan nan nan
1942 03 18 nan nan nan
1942 03 19 nan nan nan
1942 03 20 nan nan nan
1942 03 21 nan nan nan
1942 03 22 nan nan nan
1942 03 23 nan nan nan
1942 03 24 nan nan nan
1942 03 25 nan nan nan
1942 03 26 nan nan nan
1942 03 27 nan nan nan
1942 03 28 nan nan nan
1942 03 29 nan nan nan
1942 03 30 nan nan nan
1942 03 31 nan nan nan
1942 04 01 nan nan nan
1942 04 02 nan nan nan
1942 04 03 nan nan nan
1942 04 04 nan nan nan
1942 04 05 nan nan nan
1942 04 06 nan nan nan
1942 04 07 nan nan nan
1942 04 08 nan nan nan
1942 04 09 nan nan nan
1942 04 10 nan nan nan
1942 04 11 nan nan nan
1942 04 12 nan nan nan
1942 04 13 nan nan nan
1942 04 14 nan nan nan
1942 04 15 nan nan nan
1942 04 16 nan nan nan
1942 04 17 nan nan nan
1942 04 18 nan nan nan
1942 04 19 nan nan nan
1942 04 20 nan nan nan
1942 04 21 nan nan nan
1942 04 22 nan nan nan
1942 04 23 nan nan nan
1942 04 24 nan nan nan
1942 04 25 nan nan nan
1942 04 26 nan nan nan
1942 04 27 nan nan nan
1942 04 28 nan nan nan
1942 04 29 nan nan nan
1942 04 30 nan nan nan
1942 05 01 nan nan nan
1942 05 02 nan nan nan
1942 05 03 nan nan nan
1942 05 04 nan nan nan
1942 05 05 nan nan nan
1942 05 06 nan nan nan
1942 05 07 nan nan nan
1942 05 08 nan nan nan
1942 05 09 nan nan nan
1942 05 10 nan nan nan
1942 05 11 nan nan nan
1942 05 12 nan nan nan
1942 05 13 nan nan nan
1942 05 14 nan nan nan
1942 05 15 nan nan nan
1942 05 16 nan nan nan
1942 05 17 nan nan nan
1942 05 18 nan nan nan
1942 05 19 nan nan nan
1942 05 20 nan nan nan
1942 05 21 nan nan nan
1942 05 22 nan nan nan
1942 05 23 nan nan nan
1942 05 24 nan nan nan
1942 05 25 nan nan nan
1942 05 26 nan nan nan
1942 05 27 nan nan nan
1942 05 28 nan nan nan
1942 05 29 nan nan nan
1942 05 30 nan nan nan
1942 05 31 nan nan nan
1942 06 01 nan nan nan
1942 06 02 nan nan nan
1942 06 03 nan nan nan
1942 06 04 nan nan nan
1942 06 05 nan nan nan
1942 06 06 nan nan nan
1942 06 07 nan nan nan
1942 06 08 nan nan nan
1942 06 09 nan nan nan
1942 06 10 nan nan nan
1942 06 11 nan nan nan
1942 06 12 nan nan nan
1942 06 13 nan nan nan
1942 06 14 nan nan nan
1942 06 15 nan nan nan
1942 06 16 nan nan nan
1942 06 17 nan nan nan
1942 06 18 nan nan nan
1942 06 19 nan nan nan
1942 06 20 nan nan nan
1942 06 21 nan nan nan
1942 06 22 nan nan nan
1942 06 23 nan nan nan
1942 06 24 nan nan nan
1942 06 25 nan nan nan
1942 06 26 nan nan nan
1942 06 27 nan nan nan
1942 06 28 nan nan nan
1942 06 29 nan nan nan
1942 06 30 nan nan nan
1942 07 01 5.540000 1 1
1942 07 02 5.540000 1 1
1942 07 03 5.440000 1 1
1942 07 04 5.440000 1 1
1942 07 05 5.440000 1 1
1942 07 06 5.440000 1 1
1942 07 07 5.350000 1 1
1942 07 08 5.440000 1 1
1942 07 09 5.350000 1 1
1942 07 10 7.390000 1 1
1942 07 11 6.790000 1 1
1942 07 12 6.690000 1 1
1942 07 13 6.300000 1 1
1942 07 14 5.910000 1 1
1942 07 15 5.720000 1 1
1942 07 16 5.630000 1 1
1942 07 17 5.630000 1 1
1942 07 18 5.540000 1 1
1942 07 19 5.440000 1 1
1942 07 20 5.440000 1 1
1942 07 21 5.250000 1 1
1942 07 22 5.250000 1 1
1942 07 23 5.160000 1 1
1942 07 24 5.070000 1 1
1942 07 25 5.070000 1 1
1942 07 26 5.070000 1 1
1942 07 27 5.070000 1 1
1942 07 28 5.070000 1 1
1942 07 29 4.980000 1 1
1942 07 30 4.980000 1 1
1942 07 31 4.980000 1 1
1942 08 01 4.980000 1 1
1942 08 02 4.980000 1 1
1942 08 03 4.980000 1 1
1942 08 04 4.800000 1 1
1942 08 05 4.800000 1 1
1942 08 06 4.800000 1 1
1942 08 07 4.710000 1 1
1942 08 08 4.710000 1 1
1942 08 09 4.710000 1 1
1942 08 10 4.620000 1 1
1942 08 11 4.620000 1 1
1942 08 12 4.620000 1 1
1942 08 13 4.530000 1 1
1942 08 14 4.530000 1 1
1942 08 15 4.440000 1 1
1942 08 16 4.440000 1 1
1942 08 17 4.440000 1 1
1942 08 18 4.350000 1 1
1942 08 19 4.350000 1 1
1942 08 20 4.350000 1 1
1942 08 21 4.350000 1 1
1942 08 22 4.350000 1 1
1942 08 23 4.260000 1 1
1942 08 24 4.260000 1 1
1942 08 25 4.260000 1 1
1942 08 26 4.260000 1 1
1942 08 27 4.260000 1 1
1942 08 28 4.260000 1 1
1942 08 29 4.260000 1 1
1942 08 30 4.170000 1 1
1942 08 31 4.170000 1 1
1942 09 01 4.170000 1 1
1942 09 02 4.170000 1 1
1942 09 03 4.090000 1 1
1942 09 04 4.090000 1 1
1942 09 05 4.090000 1 1
1942 09 06 4.090000 1 1
1942 09 07 4.000000 1 1
1942 09 08 4.170000 1 1
1942 09 09 4.350000 1 1
1942 09 10 4.170000 1 1
1942 09 11 4.000000 1 1
1942 09 12 4.000000 1 1
1942 09 13 4.000000 1 1
1942 09 14 4.000000 1 1
1942 09 15 4.000000 1 1
1942 09 16 3.920000 1 1
1942 09 17 4.260000 1 1
1942 09 18 4.350000 1 1
1942 09 19 4.440000 1 1
1942 09 20 4.710000 1 1
1942 09 21 4.350000 1 1
1942 09 22 4.090000 1 1
1942 09 23 4.170000 1 1
1942 09 24 4.000000 1 1
1942 09 25 11.400000 1 1
1942 09 26 8.100000 1 1
1942 09 27 5.540000 1 1
1942 09 28 4.710000 1 1
1942 09 29 4.350000 1 1
1942 09 30 4.170000 1 1
1942 10 01 4.260000 1 1
1942 10 02 4.170000 1 1
1942 10 03 5.440000 1 1
1942 10 04 4.260000 1 1
1942 10 05 7.790000 1 1
1942 10 06 5.910000 1 1
1942 10 07 4.890000 1 1
1942 10 08 4.440000 1 1
1942 10 09 17.700000 1 1
1942 10 10 8.310000 1 1
1942 10 11 6.390000 1 1
1942 10 12 6.300000 1 1
1942 10 13 4.710000 1 1
1942 10 14 4.980000 1 1
1942 10 15 6.690000 1 1
1942 10 16 7.280000 1 1
1942 10 17 6.790000 1 1
1942 10 18 5.350000 1 1
1942 10 19 4.620000 1 1
1942 10 20 4.440000 1 1
1942 10 21 4.350000 1 1
1942 10 22 4.090000 1 1
1942 10 23 3.920000 1 1
1942 10 24 3.920000 1 1
1942 10 25 6.100000 1 1
1942 10 26 13.800000 1 1
1942 10 27 8.740000 1 1
1942 10 28 9.160000 1 1
1942 10 29 9.960000 1 1
1942 10 30 7.900000 1 1
1942 10 31 6.200000 1 1
1942 11 01 5.720000 1 1
1942 11 02 15.200000 1 1
1942 11 03 7.590000 1 1
1942 11 04 6.200000 1 1
1942 11 05 5.630000 1 1
1942 11 06 5.160000 1 1
1942 11 07 4.980000 1 1
1942 11 08 4.800000 1 1
1942 11 09 4.980000 1 1
1942 11 10 5.300000 1 1
1942 11 11 6.440000 1 1
1942 11 12 4.800000 1 1
1942 11 13 4.350000 1 1
1942 11 14 5.070000 1 1
1942 11 15 nan nan 0
1942 11 16 16.000000 1 1
1942 11 17 11.000000 1 1
1942 11 18 8.100000 1 1
1942 11 19 8.740000 1 1
1942 11 20 8.420000 1 1
1942 11 21 8.310000 1 1
1942 11 22 11.400000 1 1
1942 11 23 6.980000 1 1
1942 11 24 6.200000 1 1
1942 11 25 5.820000 1 1
1942 11 26 5.630000 1 1
1942 11 27 nan nan 0
1942 11 28 13.600000 1 1
1942 11 29 16.100000 1 1
1942 11 30 8.420000 1 1
1942 12 01 14.500000 1 1
1942 12 02 9.500000 1 1
1942 12 03 10.400000 1 1
1942 12 04 9.390000 1 1
1942 12 05 7.790000 1 1
1942 12 06 6.980000 1 1
1942 12 07 6.590000 1 1
1942 12 08 6.490000 1 1
1942 12 09 6.490000 1 1
1942 12 10 6.390000 1 1
1942 12 11 12.100000 1 1
1942 12 12 10.900000 1 1
1942 12 13 14.200000 1 1
1942 12 14 8.100000 1 1
1942 12 15 9.390000 1 1
1942 12 16 9.620000 1 1
1942 12 17 12.000000 1 1
1942 12 18 19.700000 1 1
1942 12 19 19.200000 1 1
1942 12 20 13.100000 1 1
1942 12 21 10.100000 1 1
1942 12 22 9.390000 1 1
1942 12 23 8.630000 1 1
1942 12 24 8.210000 1 1
1942 12 25 8.620000 1 1
1942 12 26 12.200000 1 1
1942 12 27 11.000000 1 1
1942 12 28 12.500000 1 1
1942 12 29 11.200000 1 1
1942 12 30 9.840000 1 1
1942 12 31 nan nan 0
1943 01 01 24.300000 1 1
1943 01 02 10.500000 1 1
1943 01 03 9.890000 1 1
1943 01 04 17.700000 1 1
1943 01 05 nan nan 0
1943 01 06 nan nan 0
1943 01 07 nan nan 0
1943 01 08 nan nan 0
1943 01 09 nan nan 0
1943 01 10 20.100000 1 1
1943 01 11 17.500000 1 1
1943 01 12 14.800000 1 1
1943 01 13 12.800000 1 1
1943 01 14 14.500000 1 1
1943 01 15 nan nan 0
1943 01 16 21.400000 1 1
1943 01 17 nan nan 0
1943 01 18 18.600000 1 1
1943 01 19 nan nan 0
1943 01 20 nan nan 0
1943 01 21 nan nan 0
1943 01 22 nan nan 0
1943 01 23 nan nan 0
1943 01 24 nan nan 0
1943 01 25 23.500000 1 1
1943 01 26 nan nan 0
1943 01 27 24.100000 1 1
1943 01 28 23.500000 1 1
1943 01 29 23.400000 1 1
1943 01 30 22.500000 1 1
1943 01 31 20.800000 1 1
1943 02 01 19.500000 1 1
1943 02 02 nan nan 0
1943 02 03 nan nan 0
1943 02 04 21.900000 1 1
1943 02 05 21.900000 1 1
1943 02 06 20.100000 1 1
1943 02 07 17.800000 1 1
1943 02 08 15.800000 1 1
1943 02 09 14.100000 1 1
1943 02 10 13.100000 1 1
1943 02 11 12.400000 1 1
1943 02 12 11.300000 1 1
1943 02 13 15.400000 1 1
1943 02 14 14.400000 1 1
1943 02 15 14.900000 1 1
1943 02 16 22.900000 1 1
1943 02 17 nan nan 0
1943 02 18 17.100000 1 1
1943 02 19 14.100000 1 1
1943 02 20 13.900000 1 1
1943 02 21 12.200000 1 1
1943 02 22 12.200000 1 1
1943 02 23 11.900000 1 1
1943 02 24 11.200000 1 1
1943 02 25 11.500000 1 1
1943 02 26 19.300000 1 1
1943 02 27 17.000000 1 1
1943 02 28 15.200000 1 1
1943 03 01 12.100000 1 1
1943 03 02 11.600000 1 1
1943 03 03 11.000000 1 1
1943 03 04 10.600000 1 1
1943 03 05 10.300000 1 1
1943 03 06 10.500000 1 1
1943 03 07 16.300000 1 1
1943 03 08 nan nan 0
1943 03 09 nan nan 0
1943 03 10 nan nan 0
1943 03 11 22.200000 1 1
1943 03 12 18.600000 1 1
1943 03 13 23.500000 1 1
1943 03 14 19.800000 1 1
1943 03 15 nan nan 0
1943 03 16 nan nan 0
1943 03 17 20.700000 1 1
1943 03 18 18.400000 1 1
1943 03 19 15.400000 1 1
1943 03 20 14.000000 1 1
1943 03 21 12.800000 1 1
1943 03 22 12.400000 1 1
1943 03 23 12.100000 1 1
1943 03 24 11.800000 1 1
1943 03 25 11.600000 1 1
1943 03 26 10.900000 1 1
1943 03 27 11.900000 1 1
1943 03 28 12.500000 1 1
1943 03 29 12.100000 1 1
1943 03 30 11.400000 1 1
1943 03 31 10.800000 1 1
1943 04 01 10.700000 1 1
1943 04 02 10.500000 1 1
1943 04 03 10.100000 1 1
1943 04 04 10.000000 1 1
1943 04 05 9.890000 1 1
1943 04 06 9.770000 1 1
1943 04 07 9.550000 1 1
1943 04 08 9.440000 1 1
1943 04 09 9.330000 1 1
1943 04 10 9.000000 1 1
1943 04 11 8.670000 1 1
1943 04 12 9.000000 1 1
1943 04 13 8.890000 1 1
1943 04 14 8.780000 1 1
1943 04 15 8.780000 1 1
1943 04 16 10.600000 1 1
1943 04 17 9.330000 1 1
1943 04 18 9.000000 1 1
1943 04 19 8.670000 1 1
1943 04 20 8.670000 1 1
1943 04 21 8.560000 1 1
1943 04 22 8.450000 1 1
1943 04 23 8.350000 1 1
1943 04 24 8.350000 1 1
1943 04 25 8.240000 1 1
1943 04 26 8.140000 1 1
1943 04 27 8.030000 1 1
1943 04 28 8.030000 1 1
1943 04 29 7.920000 1 1
1943 04 30 7.740000 1 1
1943 05 01 7.710000 1 1
1943 05 02 7.710000 1 1
1943 05 03 7.610000 1 1
1943 05 04 7.610000 1 1
1943 05 05 7.500000 1 1
1943 05 06 7.400000 1 1
1943 05 07 7.300000 1 1
1943 05 08 7.300000 1 1
1943 05 09 7.300000 1 1
1943 05 10 7.500000 1 1
1943 05 11 7.400000 1 1
1943 05 12 7.190000 1 1
1943 05 13 7.090000 1 1
1943 05 14 7.090000 1 1
1943 05 15 7.090000 1 1
1943 05 16 7.090000 1 1
1943 05 17 6.990000 1 1
1943 05 18 6.990000 1 1
1943 05 19 6.890000 1 1
1943 05 20 6.890000 1 1
1943 05 21 6.790000 1 1
1943 05 22 6.790000 1 1
1943 05 23 6.680000 1 1
1943 05 24 6.680000 1 1
1943 05 25 6.680000 1 1
1943 05 26 6.580000 1 1
1943 05 27 6.580000 1 1
1943 05 28 6.580000 1 1
1943 05 29 6.480000 1 1
1943 05 30 6.480000 1 1
1943 05 31 6.380000 1 1
1943 06 01 6.380000 1 1
1943 06 02 6.380000 1 1
1943 06 03 6.280000 1 1
1943 06 04 6.280000 1 1
1943 06 05 6.280000 1 1
1943 06 06 6.190000 1 1
1943 06 07 6.280000 1 1
1943 06 08 6.380000 1 1
1943 06 09 6.380000 1 1
1943 06 10 6.280000 1 1
1943 06 11 6.280000 1 1
1943 06 12 6.190000 1 1
1943 06 13 6.190000 1 1
1943 06 14 6.190000 1 1
1943 06 15 6.090000 1 1
1943 06 16 6.090000 1 1
1943 06 17 6.090000 1 1
1943 06 18 5.990000 1 1
1943 06 19 5.990000 1 1
1943 06 20 5.990000 1 1
1943 06 21 5.890000 1 1
1943 06 22 5.890000 1 1
1943 06 23 5.790000 1 1
1943 06 24 5.790000 1 1
1943 06 25 5.700000 1 1
1943 06 26 5.700000 1 1
1943 06 27 5.600000 1 1
1943 06 28 5.600000 1 1
1943 06 29 5.600000 1 1
1943 06 30 5.500000 1 1
1943 07 01 5.500000 1 1
1943 07 02 5.500000 1 1
1943 07 03 5.500000 1 1
1943 07 04 5.410000 1 1
1943 07 05 5.410000 1 1
1943 07 06 5.410000 1 1
1943 07 07 5.310000 1 1
1943 07 08 5.220000 1 1
1943 07 09 5.220000 1 1
1943 07 10 5.220000 1 1
1943 07 11 5.120000 1 1
1943 07 12 5.120000 1 1
1943 07 13 5.120000 1 1
1943 07 14 5.030000 1 1
1943 07 15 5.030000 1 1
1943 07 16 5.030000 1 1
1943 07 17 4.940000 1 1
1943 07 18 4.940000 1 1
1943 07 19 4.840000 1 1
1943 07 20 4.840000 1 1
1943 07 21 4.840000 1 1
1943 07 22 4.840000 1 1
1943 07 23 4.840000 1 1
1943 07 24 4.840000 1 1
1943 07 25 4.750000 1 1
1943 07 26 4.750000 1 1
1943 07 27 4.750000 1 1
1943 07 28 4.750000 1 1
1943 07 29 4.750000 1 1
1943 07 30 4.750000 1 1
1943 07 31 4.750000 1 1
1943 08 01 4.750000 1 1
1943 08 02 4.750000 1 1
1943 08 03 4.650000 1 1
1943 08 04 4.650000 1 1
1943 08 05 4.650000 1 1
1943 08 06 6.680000 1 1
1943 08 07 5.600000 1 1
1943 08 08 5.220000 1 1
1943 08 09 4.940000 1 1
1943 08 10 4.840000 1 1
1943 08 11 4.750000 1 1
1943 08 12 4.750000 1 1
1943 08 13 4.750000 1 1
1943 08 14 4.750000 1 1
1943 08 15 4.650000 1 1
1943 08 16 4.650000 1 1
1943 08 17 4.560000 1 1
1943 08 18 4.560000 1 1
1943 08 19 4.470000 1 1
1943 08 20 4.380000 1 1
1943 08 21 4.380000 1 1
1943 08 22 4.290000 1 1
1943 08 23 4.290000 1 1
1943 08 24 4.200000 1 1
1943 08 25 4.380000 1 1
1943 08 26 4.380000 1 1
1943 08 27 4.290000 1 1
1943 08 28 4.200000 1 1
1943 08 29 4.200000 1 1
1943 08 30 4.110000 1 1
1943 08 31 4.200000 1 1
1943 09 01 4.110000 1 1
1943 09 02 4.110000 1 1
1943 09 03 4.110000 1 1
1943 09 04 4.020000 1 1
1943 09 05 4.020000 1 1
1943 09 06 4.020000 1 1
1943 09 07 4.020000 1 1
1943 09 08 4.020000 1 1
1943 09 09 4.020000 1 1
1943 09 10 4.020000 1 1
1943 09 11 4.020000 1 1
1943 09 12 5.120000 1 1
1943 09 13 4.940000 1 1
1943 09 14 4.650000 1 1
1943 09 15 4.650000 1 1
1943 09 16 4.380000 1 1
1943 09 17 4.380000 1 1
1943 09 18 4.290000 1 1
1943 09 19 4.290000 1 1
1943 09 20 4.290000 1 1
1943 09 21 4.200000 1 1
1943 09 22 4.110000 1 1
1943 09 23 4.110000 1 1
1943 09 24 4.020000 1 1
1943 09 25 9.890000 1 1
1943 09 26 6.480000 1 1
1943 09 27 5.700000 1 1
1943 09 28 4.940000 1 1
1943 09 29 4.560000 1 1
1943 09 30 4.380000 1 1
1943 10 01 4.200000 1 1
1943 10 02 4.200000 1 1
1943 10 03 4.200000 1 1
1943 10 04 4.110000 1 1
1943 10 05 4.380000 1 1
1943 10 06 4.750000 1 1
1943 10 07 4.650000 1 1
1943 10 08 4.470000 1 1
1943 10 09 4.470000 1 1
1943 10 10 4.290000 1 1
1943 10 11 4.380000 1 1
1943 10 12 4.470000 1 1
1943 10 13 4.560000 1 1
1943 10 14 4.560000 1 1
1943 10 15 14.000000 1 1
1943 10 16 11.600000 1 1
1943 10 17 8.780000 1 1
1943 10 18 6.380000 1 1
1943 10 19 5.410000 1 1
1943 10 20 4.840000 1 1
1943 10 21 4.560000 1 1
1943 10 22 4.560000 1 1
1943 10 23 4.470000 1 1
1943 10 24 12.000000 1 1
1943 10 25 6.280000 1 1
1943 10 26 4.470000 1 1
1943 10 27 4.470000 1 1
1943 10 28 5.890000 1 1
1943 10 29 5.700000 1 1
1943 10 30 6.280000 1 1
1943 10 31 5.310000 1 1
1943 11 01 4.940000 1 1
1943 11 02 4.650000 1 1
1943 11 03 7.090000 1 1
1943 11 04 9.330000 1 1
1943 11 05 13.300000 1 1
1943 11 06 9.770000 1 1
1943 11 07 6.580000 1 1
1943 11 08 5.500000 1 1
1943 11 09 5.310000 1 1
1943 11 10 6.580000 1 1
1943 11 11 5.890000 1 1
1943 11 12 5.410000 1 1
1943 11 13 5.220000 1 1
1943 11 14 4.840000 1 1
1943 11 15 4.560000 1 1
1943 11 16 4.380000 1 1
1943 11 17 4.110000 1 1
1943 11 18 3.930000 1 1
1943 11 19 4.200000 1 1
1943 11 20 4.110000 1 1
1943 11 21 4.020000 1 1
1943 11 22 4.020000 1 1
1943 11 23 4.020000 1 1
1943 11 24 19.800000 1 1
1943 11 25 8.890000 1 1
1943 11 26 5.700000 1 1
1943 11 27 4.650000 1 1
1943 11 28 4.290000 1 1
1943 11 29 4.380000 1 1
1943 11 30 4.380000 1 1
1943 12 01 5.990000 1 1
1943 12 02 15.400000 1 1
1943 12 03 12.000000 1 1
1943 12 04 9.000000 1 1
1943 12 05 5.890000 1 1
1943 12 06 5.890000 1 1
1943 12 07 5.600000 1 1
1943 12 08 4.940000 1 1
1943 12 09 4.750000 1 1
1943 12 10 4.560000 1 1
1943 12 11 5.120000 1 1
1943 12 12 6.190000 1 1
1943 12 13 8.780000 1 1
1943 12 14 16.500000 1 1
1943 12 15 7.300000 1 1
1943 12 16 6.190000 1 1
1943 12 17 5.790000 1 1
1943 12 18 14.800000 1 1
1943 12 19 14.000000 1 1
1943 12 20 12.200000 1 1
1943 12 21 14.600000 1 1
1943 12 22 15.700000 1 1
1943 12 23 11.800000 1 1
1943 12 24 9.330000 1 1
1943 12 25 10.300000 1 1
1943 12 26 13.300000 1 1
1943 12 27 11.800000 1 1
1943 12 28 nan nan 0
1943 12 29 15.800000 1 1
1943 12 30 9.000000 1 1
1943 12 31 7.710000 1 1
1944 01 01 7.400000 1 1
1944 01 02 6.790000 1 1
1944 01 03 6.990000 1 1
1944 01 04 8.240000 1 1
1944 01 05 15.200000 1 1
1944 01 06 14.500000 1 1
1944 01 07 6.480000 1 1
1944 01 08 8.140000 1 1
1944 01 09 7.190000 1 1
1944 01 10 6.480000 1 1
1944 01 11 11.200000 1 1
1944 01 12 6.890000 1 1
1944 01 13 6.190000 1 1
1944 01 14 5.700000 1 1
1944 01 15 5.500000 1 1
1944 01 16 5.310000 1 1
1944 01 17 5.030000 1 1
1944 01 18 7.820000 1 1
1944 01 19 9.440000 1 1
1944 01 20 5.600000 1 1
1944 01 21 5.600000 1 1
1944 01 22 5.410000 1 1
1944 01 23 5.310000 1 1
1944 01 24 6.790000 1 1
1944 01 25 6.990000 1 1
1944 01 26 13.300000 1 1
1944 01 27 14.400000 1 1
1944 01 28 16.600000 1 1
1944 01 29 15.400000 1 1
1944 01 30 nan nan 0
1944 01 31 14.000000 1 1
1944 02 01 9.000000 1 1
1944 02 02 8.030000 1 1
1944 02 03 8.140000 1 1
1944 02 04 8.670000 1 1
1944 02 05 10.600000 1 1
1944 02 06 9.110000 1 1
1944 02 07 10.900000 1 1
1944 02 08 11.800000 1 1
1944 02 09 16.700000 1 1
1944 02 10 nan nan 0
1944 02 11 11.500000 1 1
1944 02 12 10.100000 1 1
1944 02 13 8.890000 1 1
1944 02 14 8.030000 1 1
1944 02 15 8.350000 1 1
1944 02 16 16.800000 1 1
1944 02 17 11.900000 1 1
1944 02 18 nan nan 0
1944 02 19 24.400000 1 1
1944 02 20 22.000000 1 1
1944 02 21 nan nan 0
1944 02 22 nan nan 0
1944 02 23 nan nan 0
1944 02 24 19.800000 1 1
1944 02 25 12.800000 1 1
1944 02 26 12.500000 1 1
1944 02 27 12.400000 1 1
1944 02 28 11.500000 1 1
1944 02 29 nan nan 0
1944 03 01 22.200000 1 1
1944 03 02 16.700000 1 1
1944 03 03 15.800000 1 1
1944 03 04 13.900000 1 1
1944 03 05 nan nan 0
1944 03 06 nan nan 0
1944 03 07 nan nan 0
1944 03 08 nan nan 0
1944 03 09 17.500000 1 1
1944 03 10 15.200000 1 1
1944 03 11 13.300000 1 1
1944 03 12 12.600000 1 1
1944 03 13 11.800000 1 1
1944 03 14 13.300000 1 1
1944 03 15 14.600000 1 1
1944 03 16 12.200000 1 1
1944 03 17 12.500000 1 1
1944 03 18 11.800000 1 1
1944 03 19 11.900000 1 1
1944 03 20 nan nan 0
1944 03 21 11.900000 1 1
1944 03 22 11.300000 1 1
1944 03 23 9.770000 1 1
1944 03 24 9.330000 1 1
1944 03 25 9.220000 1 1
1944 03 26 9.000000 1 1
1944 03 27 8.890000 1 1
1944 03 28 8.780000 1 1
1944 03 29 9.000000 1 1
1944 03 30 8.450000 1 1
1944 03 31 8.240000 1 1
1944 04 01 8.140000 1 1
1944 04 02 11.800000 1 1
1944 04 03 8.140000 1 1
1944 04 04 8.030000 1 1
1944 04 05 7.920000 1 1
1944 04 06 7.820000 1 1
1944 04 07 7.710000 1 1
1944 04 08 7.610000 1 1
1944 04 09 7.610000 1 1
1944 04 10 7.400000 1 1
1944 04 11 7.300000 1 1
1944 04 12 7.400000 1 1
1944 04 13 7.300000 1 1
1944 04 14 7.300000 1 1
1944 04 15 7.090000 1 1
1944 04 16 6.990000 1 1
1944 04 17 7.090000 1 1
1944 04 18 7.710000 1 1
1944 04 19 7.400000 1 1
1944 04 20 7.190000 1 1
1944 04 21 7.610000 1 1
1944 04 22 8.140000 1 1
1944 04 23 7.400000 1 1
1944 04 24 7.090000 1 1
1944 04 25 6.990000 1 1
1944 04 26 6.890000 1 1
1944 04 27 6.580000 1 1
1944 04 28 6.480000 1 1
1944 04 29 6.480000 1 1
1944 04 30 6.380000 1 1
1944 05 01 6.190000 1 1
1944 05 02 6.090000 1 1
1944 05 03 6.190000 1 1
1944 05 04 6.090000 1 1
1944 05 05 6.090000 1 1
1944 05 06 6.090000 1 1
1944 05 07 5.990000 1 1
1944 05 08 5.990000 1 1
1944 05 09 5.890000 1 1
1944 05 10 5.890000 1 1
1944 05 11 5.790000 1 1
1944 05 12 6.990000 1 1
1944 05 13 6.890000 1 1
1944 05 14 5.990000 1 1
1944 05 15 5.890000 1 1
1944 05 16 5.890000 1 1
1944 05 17 5.790000 1 1
1944 05 18 5.790000 1 1
1944 05 19 5.790000 1 1
1944 05 20 5.600000 1 1
1944 05 21 5.600000 1 1
1944 05 22 5.500000 1 1
1944 05 23 5.500000 1 1
1944 05 24 5.410000 1 1
1944 05 25 5.410000 1 1
1944 05 26 5.500000 1 1
1944 05 27 5.410000 1 1
1944 05 28 5.410000 1 1
1944 05 29 5.310000 1 1
1944 05 30 5.310000 1 1
1944 05 31 5.310000 1 1
1944 06 01 5.310000 1 1
1944 06 02 5.120000 1 1
1944 06 03 5.120000 1 1
1944 06 04 5.120000 1 1
1944 06 05 5.220000 1 1
1944 06 06 5.220000 1 1
1944 06 07 5.030000 1 1
1944 06 08 5.030000 1 1
1944 06 09 5.030000 1 1
1944 06 10 5.030000 1 1
1944 06 11 4.940000 1 1
1944 06 12 4.840000 1 1
1944 06 13 4.840000 1 1
1944 06 14 4.840000 1 1
1944 06 15 4.840000 1 1
1944 06 16 4.840000 1 1
1944 06 17 4.840000 1 1
1944 06 18 4.840000 1 1
1944 06 19 4.750000 1 1
1944 06 20 4.750000 1 1
1944 06 21 4.650000 1 1
1944 06 22 4.650000 1 1
1944 06 23 4.650000 1 1
1944 06 24 4.560000 1 1
1944 06 25 4.560000 1 1
1944 06 26 4.560000 1 1
1944 06 27 4.560000 1 1
1944 06 28 4.470000 1 1
1944 06 29 4.470000 1 1
1944 06 30 4.470000 1 1
1944 07 01 4.380000 1 1
1944 07 02 4.380000 1 1
1944 07 03 4.380000 1 1
1944 07 04 4.380000 1 1
1944 07 05 4.380000 1 1
1944 07 06 4.380000 1 1
1944 07 07 4.380000 1 1
1944 07 08 4.290000 1 1
1944 07 09 4.290000 1 1
1944 07 10 4.200000 1 1
1944 07 11 4.200000 1 1
1944 07 12 4.200000 1 1
1944 07 13 4.200000 1 1
1944 07 14 4.200000 1 1
1944 07 15 4.200000 1 1
1944 07 16 4.200000 1 1
1944 07 17 4.200000 1 1
1944 07 18 4.200000 1 1
1944 07 19 4.200000 1 1
1944 07 20 4.110000 1 1
1944 07 21 4.110000 1 1
1944 07 22 4.110000 1 1
1944 07 23 4.110000 1 1
1944 07 24 4.020000 1 1
1944 07 25 4.020000 1 1
1944 07 26 3.840000 1 1
1944 07 27 3.840000 1 1
1944 07 28 3.840000 1 1
1944 07 29 3.840000 1 1
1944 07 30 3.840000 1 1
1944 07 31 3.840000 1 1
1944 08 01 3.840000 1 1
1944 08 02 3.840000 1 1
1944 08 03 3.840000 1 1
1944 08 04 3.750000 1 1
1944 08 05 3.750000 1 1
1944 08 06 3.750000 1 1
1944 08 07 3.750000 1 1
1944 08 08 3.750000 1 1
1944 08 09 3.750000 1 1
1944 08 10 3.660000 1 1
1944 08 11 3.660000 1 1
1944 08 12 3.660000 1 1
1944 08 13 3.660000 1 1
1944 08 14 3.660000 1 1
1944 08 15 3.570000 1 1
1944 08 16 3.570000 1 1
1944 08 17 3.570000 1 1
1944 08 18 3.490000 1 1
1944 08 19 3.490000 1 1
1944 08 20 3.490000 1 1
1944 08 21 3.490000 1 1
1944 08 22 3.490000 1 1
1944 08 23 3.490000 1 1
1944 08 24 3.490000 1 1
1944 08 25 3.490000 1 1
1944 08 26 3.400000 1 1
1944 08 27 3.400000 1 1
1944 08 28 3.400000 1 1
1944 08 29 3.320000 1 1
1944 08 30 3.320000 1 1
1944 08 31 3.320000 1 1
1944 09 01 3.320000 1 1
1944 09 02 3.320000 1 1
1944 09 03 3.320000 1 1
1944 09 04 3.570000 1 1
1944 09 05 3.320000 1 1
1944 09 06 3.320000 1 1
1944 09 07 3.320000 1 1
1944 09 08 3.400000 1 1
1944 09 09 3.230000 1 1
1944 09 10 3.230000 1 1
1944 09 11 3.230000 1 1
1944 09 12 3.140000 1 1
1944 09 13 3.140000 1 1
1944 09 14 3.140000 1 1
1944 09 15 3.140000 1 1
1944 09 16 2.970000 1 1
1944 09 17 2.970000 1 1
1944 09 18 2.970000 1 1
1944 09 19 2.970000 1 1
1944 09 20 2.970000 1 1
1944 09 21 2.970000 1 1
1944 09 22 2.970000 1 1
1944 09 23 2.970000 1 1
1944 09 24 2.970000 1 1
1944 09 25 2.890000 1 1
1944 09 26 2.890000 1 1
1944 09 27 2.720000 1 1
1944 09 28 2.720000 1 1
1944 09 29 2.720000 1 1
1944 09 30 2.800000 1 1
1944 10 01 2.800000 1 1
1944 10 02 2.800000 1 1
1944 10 03 2.800000 1 1
1944 10 04 2.800000 1 1
1944 10 05 2.800000 1 1
1944 10 06 2.640000 1 1
1944 10 07 2.640000 1 1
1944 10 08 2.640000 1 1
1944 10 09 2.640000 1 1
1944 10 10 2.640000 1 1
1944 10 11 2.640000 1 1
1944 10 12 2.800000 1 1
1944 10 13 2.640000 1 1
1944 10 14 7.300000 1 1
1944 10 15 7.300000 1 1
1944 10 16 4.380000 1 1
1944 10 17 4.020000 1 1
1944 10 18 3.320000 1 1
1944 10 19 3.140000 1 1
1944 10 20 3.320000 1 1
1944 10 21 3.060000 1 1
1944 10 22 2.970000 1 1
1944 10 23 2.970000 1 1
1944 10 24 2.720000 1 1
1944 10 25 2.640000 1 1
1944 10 26 2.640000 1 1
1944 10 27 2.800000 1 1
1944 10 28 2.720000 1 1
1944 10 29 6.680000 1 1
1944 10 30 9.440000 1 1
1944 10 31 8.890000 1 1
1944 11 01 4.470000 1 1
1944 11 02 3.750000 1 1
1944 11 03 3.400000 1 1
1944 11 04 3.230000 1 1
1944 11 05 3.060000 1 1
1944 11 06 2.970000 1 1
1944 11 07 2.890000 1 1
1944 11 08 4.200000 1 1
1944 11 09 8.780000 1 1
1944 11 10 4.290000 1 1
1944 11 11 3.490000 1 1
1944 11 12 3.140000 1 1
1944 11 13 2.970000 1 1
1944 11 14 2.970000 1 1
1944 11 15 3.060000 1 1
1944 11 16 3.400000 1 1
1944 11 17 3.490000 1 1
1944 11 18 3.320000 1 1
1944 11 19 2.970000 1 1
1944 11 20 2.800000 1 1
1944 11 21 3.400000 1 1
1944 11 22 3.400000 1 1
1944 11 23 2.890000 1 1
1944 11 24 5.120000 1 1
1944 11 25 7.190000 1 1
1944 11 26 8.350000 1 1
1944 11 27 4.560000 1 1
1944 11 28 3.660000 1 1
1944 11 29 2.800000 1 1
1944 11 30 4.110000 1 1
1944 12 01 5.600000 1 1
1944 12 02 5.410000 1 1
1944 12 03 6.480000 1 1
1944 12 04 9.550000 1 1
1944 12 05 9.220000 1 1
1944 12 06 6.380000 1 1
1944 12 07 4.750000 1 1
1944 12 08 4.470000 1 1
1944 12 09 4.200000 1 1
1944 12 10 4.020000 1 1
1944 12 11 4.110000 1 1
1944 12 12 3.930000 1 1
1944 12 13 3.660000 1 1
1944 12 14 3.400000 1 1
1944 12 15 3.140000 1 1
1944 12 16 3.060000 1 1
1944 12 17 2.970000 1 1
1944 12 18 2.890000 1 1
1944 12 19 5.500000 1 1
1944 12 20 3.840000 1 1
1944 12 21 3.060000 1 1
1944 12 22 2.890000 1 1
1944 12 23 2.890000 1 1
1944 12 24 4.940000 1 1
1944 12 25 5.030000 1 1
1944 12 26 4.200000 1 1
1944 12 27 3.750000 1 1
1944 12 28 5.310000 1 1
1944 12 29 4.380000 1 1
1944 12 30 3.570000 1 1
1944 12 31 3.140000 1 1
1945 01 01 2.800000 1 1
1945 01 02 2.640000 1 1
1945 01 03 2.800000 1 1
1945 01 04 3.400000 1 1
1945 01 05 3.930000 1 1
1945 01 06 16.200000 1 1
1945 01 07 15.300000 1 1
1945 01 08 nan nan 0
1945 01 09 20.700000 1 1
1945 01 10 14.800000 1 1
1945 01 11 4.840000 1 1
1945 01 12 4.380000 1 1
1945 01 13 4.290000 1 1
1945 01 14 4.750000 1 1
1945 01 15 4.290000 1 1
1945 01 16 4.560000 1 1
1945 01 17 5.700000 1 1
1945 01 18 5.220000 1 1
1945 01 19 4.290000 1 1
1945 01 20 14.200000 1 1
1945 01 21 10.700000 1 1
1945 01 22 7.300000 1 1
1945 01 23 5.600000 1 1
1945 01 24 5.030000 1 1
1945 01 25 4.470000 1 1
1945 01 26 4.290000 1 1
1945 01 27 5.600000 1 1
1945 01 28 13.100000 1 1
1945 01 29 8.670000 1 1
1945 01 30 15.400000 1 1
1945 01 31 13.000000 1 1
1945 02 01 nan nan 0
1945 02 02 nan nan 0
1945 02 03 nan nan 0
1945 02 04 nan nan 0
1945 02 05 nan nan 0
1945 02 06 nan nan 0
1945 02 07 nan nan 0
1945 02 08 nan nan 0
1945 02 09 nan nan 0
1945 02 10 16.600000 1 1
1945 02 11 13.700000 1 1
1945 02 12 12.800000 1 1
1945 02 13 11.200000 1 1
1945 02 14 10.500000 1 1
1945 02 15 11.200000 1 1
1945 02 16 16.500000 1 1
1945 02 17 14.900000 1 1
1945 02 18 15.700000 1 1
1945 02 19 22.600000 1 1
1945 02 20 17.900000 1 1
1945 02 21 nan nan 0
1945 02 22 22.300000 1 1
1945 02 23 12.600000 1 1
1945 02 24 11.300000 1 1
1945 02 25 10.600000 1 1
1945 02 26 9.770000 1 1
1945 02 27 8.780000 1 1
1945 02 28 8.240000 1 1
1945 03 01 8.560000 1 1
1945 03 02 8.240000 1 1
1945 03 03 9.330000 1 1
1945 03 04 14.800000 1 1
1945 03 05 11.300000 1 1
1945 03 06 10.700000 1 1
1945 03 07 10.700000 1 1
1945 03 08 10.900000 1 1
1945 03 09 12.800000 1 1
1945 03 10 15.400000 1 1
1945 03 11 13.700000 1 1
1945 03 12 11.000000 1 1
1945 03 13 10.300000 1 1
1945 03 14 9.660000 1 1
1945 03 15 8.890000 1 1
1945 03 16 8.140000 1 1
1945 03 17 7.400000 1 1
1945 03 18 6.890000 1 1
1945 03 19 6.680000 1 1
1945 03 20 6.480000 1 1
1945 03 21 11.200000 1 1
1945 03 22 10.600000 1 1
1945 03 23 9.330000 1 1
1945 03 24 8.030000 1 1
1945 03 25 7.500000 1 1
1945 03 26 7.300000 1 1
1945 03 27 14.200000 1 1
1945 03 28 13.200000 1 1
1945 03 29 10.800000 1 1
1945 03 30 8.380000 1 1
1945 03 31 7.190000 1 1
1945 04 01 15.500000 1 1
1945 04 02 nan nan 0
1945 04 03 18.500000 1 1
1945 04 04 nan nan 0
1945 04 05 11.800000 1 1
1945 04 06 9.030000 1 1
1945 04 07 6.990000 1 1
1945 04 08 6.580000 1 1
1945 04 09 6.270000 1 1
1945 04 10 6.090000 1 1
1945 04 11 5.890000 1 1
1945 04 12 6.380000 1 1
1945 04 13 7.190000 1 1
1945 04 14 6.890000 1 1
1945 04 15 6.580000 1 1
1945 04 16 6.280000 1 1
1945 04 17 6.090000 1 1
1945 04 18 6.480000 1 1
1945 04 19 6.380000 1 1
1945 04 20 7.190000 1 1
1945 04 21 6.790000 1 1
1945 04 22 6.280000 1 1
1945 04 23 6.090000 1 1
1945 04 24 5.990000 1 1
1945 04 25 5.790000 1 1
1945 04 26 6.500000 1 1
1945 04 27 5.500000 1 1
1945 04 28 5.410000 1 1
1945 04 29 5.410000 1 1
1945 04 30 5.890000 1 1
1945 05 01 5.890000 1 1
1945 05 02 5.700000 1 1
1945 05 03 5.500000 1 1
1945 05 04 5.500000 1 1
1945 05 05 5.410000 1 1
1945 05 06 5.410000 1 1
1945 05 07 5.410000 1 1
1945 05 08 5.310000 1 1
1945 05 09 5.310000 1 1
1945 05 10 5.310000 1 1
1945 05 11 5.310000 1 1
1945 05 12 5.220000 1 1
1945 05 13 5.220000 1 1
1945 05 14 5.120000 1 1
1945 05 15 5.790000 1 1
1945 05 16 5.310000 1 1
1945 05 17 5.120000 1 1
1945 05 18 5.030000 1 1
1945 05 19 5.220000 1 1
1945 05 20 5.120000 1 1
1945 05 21 5.120000 1 1
1945 05 22 5.120000 1 1
1945 05 23 4.940000 1 1
1945 05 24 4.940000 1 1
1945 05 25 4.940000 1 1
1945 05 26 4.840000 1 1
1945 05 27 4.840000 1 1
1945 05 28 4.940000 1 1
1945 05 29 5.120000 1 1
1945 05 30 5.220000 1 1
1945 05 31 5.030000 1 1
1945 06 01 5.030000 1 1
1945 06 02 4.940000 1 1
1945 06 03 4.750000 1 1
1945 06 04 4.750000 1 1
1945 06 05 4.750000 1 1
1945 06 06 4.650000 1 1
1945 06 07 6.480000 1 1
1945 06 08 6.380000 1 1
1945 06 09 5.700000 1 1
1945 06 10 5.220000 1 1
1945 06 11 6.120000 1 1
1945 06 12 5.030000 1 1
1945 06 13 5.030000 1 1
1945 06 14 4.650000 1 1
1945 06 15 4.650000 1 1
1945 06 16 3.560000 1 1
1945 06 17 4.560000 1 1
1945 06 18 4.470000 1 1
1945 06 19 4.470000 1 1
1945 06 20 4.470000 1 1
1945 06 21 4.560000 1 1
1945 06 22 4.560000 1 1
1945 06 23 4.470000 1 1
1945 06 24 5.030000 1 1
1945 06 25 4.940000 1 1
1945 06 26 4.940000 1 1
1945 06 27 4.750000 1 1
1945 06 28 4.750000 1 1
1945 06 29 4.650000 1 1
1945 06 30 4.560000 1 1
1945 07 01 4.470000 1 1
1945 07 02 4.470000 1 1
1945 07 03 4.380000 1 1
1945 07 04 4.380000 1 1
1945 07 05 4.290000 1 1
1945 07 06 4.290000 1 1
1945 07 07 4.290000 1 1
1945 07 08 4.200000 1 1
1945 07 09 4.290000 1 1
1945 07 10 4.020000 1 1
1945 07 11 4.380000 1 1
1945 07 12 4.110000 1 1
1945 07 13 4.110000 1 1
1945 07 14 3.930000 1 1
1945 07 15 3.840000 1 1
1945 07 16 3.840000 1 1
1945 07 17 3.840000 1 1
1945 07 18 3.750000 1 1
1945 07 19 3.750000 1 1
1945 07 20 3.750000 1 1
1945 07 21 3.660000 1 1
1945 07 22 3.660000 1 1
1945 07 23 3.660000 1 1
1945 07 24 3.660000 1 1
1945 07 25 3.660000 1 1
1945 07 26 3.570000 1 1
1945 07 27 3.570000 1 1
1945 07 28 3.570000 1 1
1945 07 29 3.570000 1 1
1945 07 30 3.490000 1 1
1945 07 31 3.490000 1 1
1945 08 01 3.490000 1 1
1945 08 02 3.490000 1 1
1945 08 03 3.490000 1 1
1945 08 04 3.490000 1 1
1945 08 05 3.400000 1 1
1945 08 06 3.400000 1 1
1945 08 07 3.400000 1 1
1945 08 08 3.400000 1 1
1945 08 09 3.320000 1 1
1945 08 10 3.320000 1 1
1945 08 11 3.320000 1 1
1945 08 12 3.320000 1 1
1945 08 13 3.320000 1 1
1945 08 14 3.320000 1 1
1945 08 15 3.320000 1 1
1945 08 16 3.230000 1 1
1945 08 17 3.320000 1 1
1945 08 18 3.320000 1 1
1945 08 19 3.320000 1 1
1945 08 20 3.230000 1 1
1945 08 21 3.230000 1 1
1945 08 22 3.230000 1 1
1945 08 23 3.230000 1 1
1945 08 24 3.230000 1 1
1945 08 25 3.230000 1 1
1945 08 26 3.230000 1 1
1945 08 27 3.230000 1 1
1945 08 28 3.230000 1 1
1945 08 29 2.890000 1 1
1945 08 30 3.140000 1 1
1945 08 31 3.140000 1 1
1945 09 01 3.320000 1 1
1945 09 02 3.490000 1 1
1945 09 03 3.490000 1 1
1945 09 04 3.400000 1 1
1945 09 05 3.400000 1 1
1945 09 06 3.320000 1 1
1945 09 07 3.230000 1 1
1945 09 08 3.230000 1 1
1945 09 09 3.230000 1 1
1945 09 10 3.230000 1 1
1945 09 11 2.970000 1 1
1945 09 12 2.970000 1 1
1945 09 13 2.970000 1 1
1945 09 14 2.970000 1 1
1945 09 15 2.800000 1 1
1945 09 16 3.060000 1 1
1945 09 17 2.890000 1 1
1945 09 18 2.890000 1 1
1945 09 19 2.970000 1 1
1945 09 20 2.800000 1 1
1945 09 21 2.800000 1 1
1945 09 22 2.720000 1 1
1945 09 23 2.720000 1 1
1945 09 24 2.640000 1 1
1945 09 25 3.060000 1 1
1945 09 26 2.970000 1 1
1945 09 27 2.890000 1 1
1945 09 28 2.720000 1 1
1945 09 29 2.720000 1 1
1945 09 30 2.640000 1 1
1945 10 01 2.800000 1 1
1945 10 02 2.800000 1 1
1945 10 03 3.140000 1 1
1945 10 04 2.800000 1 1
1945 10 05 2.800000 1 1
1945 10 06 2.800000 1 1
1945 10 07 2.720000 1 1
1945 10 08 2.720000 1 1
1945 10 09 2.720000 1 1
1945 10 10 2.970000 1 1
1945 10 11 3.060000 1 1
1945 10 12 3.060000 1 1
1945 10 13 2.970000 1 1
1945 10 14 2.800000 1 1
1945 10 15 2.640000 1 1
1945 10 16 2.550000 1 1
1945 10 17 2.550000 1 1
1945 10 18 2.550000 1 1
1945 10 19 2.550000 1 1
1945 10 20 2.470000 1 1
1945 10 21 2.470000 1 1
1945 10 22 2.470000 1 1
1945 10 23 2.470000 1 1
1945 10 24 2.470000 1 1
1945 10 25 2.470000 1 1
1945 10 26 11.800000 1 1
1945 10 27 6.280000 1 1
1945 10 28 3.400000 1 1
1945 10 29 5.990000 1 1
1945 10 30 4.840000 1 1
1945 10 31 3.840000 1 1
1945 11 01 3.750000 1 1
1945 11 02 3.660000 1 1
1945 11 03 4.940000 1 1
1945 11 04 4.110000 1 1
1945 11 05 4.110000 1 1
1945 11 06 4.110000 1 1
1945 11 07 3.930000 1 1
1945 11 08 3.660000 1 1
1945 11 09 5.500000 1 1
1945 11 10 5.890000 1 1
1945 11 11 5.410000 1 1
1945 11 12 3.660000 1 1
1945 11 13 nan nan 0
1945 11 14 nan nan 0
1945 11 15 nan nan 0
1945 11 16 10.900000 1 1
1945 11 17 7.610000 1 1
1945 11 18 5.990000 1 1
1945 11 19 5.410000 1 1
1945 11 20 5.410000 1 1
1945 11 21 5.310000 1 1
1945 11 22 5.790000 1 1
1945 11 23 9.890000 1 1
1945 11 24 6.790000 1 1
1945 11 25 7.710000 1 1
1945 11 26 10.300000 1 1
1945 11 27 18.400000 1 1
1945 11 28 14.600000 1 1
1945 11 29 10.700000 1 1
1945 11 30 7.820000 1 1
