year month day streamflow_m3s qual_control_by_ana qual_flag
2006 08 01 nan nan nan
2006 08 02 nan nan nan
2006 08 03 nan nan nan
2006 08 04 nan nan nan
2006 08 05 nan nan nan
2006 08 06 nan nan nan
2006 08 07 nan nan nan
2006 08 08 nan nan nan
2006 08 09 nan nan nan
2006 08 10 nan nan nan
2006 08 11 nan nan nan
2006 08 12 nan nan nan
2006 08 13 nan nan nan
2006 08 14 nan nan nan
2006 08 15 25.408000 0 0
2006 08 16 25.408000 0 0
2006 08 17 25.408000 0 0
2006 08 18 25.408000 0 0
2006 08 19 25.408000 0 0
2006 08 20 25.408000 0 0
2006 08 21 24.935000 0 0
2006 08 22 23.993000 0 0
2006 08 23 24.463000 0 0
2006 08 24 24.463000 0 0
2006 08 25 23.526000 0 0
2006 08 26 23.526000 0 0
2006 08 27 24.463000 0 0
2006 08 28 27.321000 0 0
2006 08 29 25.408000 0 0
2006 08 30 24.463000 0 0
2006 08 31 26.361000 0 0
2006 09 01 24.463000 0 0
2006 09 02 26.840000 0 0
2006 09 03 31.233000 0 0
2006 09 04 28.289000 0 0
2006 09 05 28.289000 0 0
2006 09 06 32.228000 0 0
2006 09 07 29.753000 0 0
2006 09 08 27.804000 0 0
2006 09 09 25.408000 0 0
2006 09 10 24.935000 0 0
2006 09 11 24.463000 0 0
2006 09 12 24.463000 0 0
2006 09 13 23.993000 0 0
2006 09 14 24.463000 0 0
2006 09 15 27.321000 0 0
2006 09 16 24.935000 0 0
2006 09 17 24.463000 0 0
2006 09 18 26.840000 0 0
2006 09 19 31.730000 0 0
2006 09 20 26.840000 0 0
2006 09 21 30.245000 0 0
2006 09 22 35.252000 0 0
2006 09 23 39.371000 0 0
2006 09 24 38.851000 0 0
2006 09 25 37.299000 0 0
2006 09 26 28.775000 0 0
2006 09 27 31.730000 0 0
2006 09 28 33.230000 0 0
2006 09 29 27.804000 0 0
2006 09 30 24.935000 0 0
2006 10 01 25.408000 0 0
2006 10 02 25.408000 0 0
2006 10 03 31.730000 0 0
2006 10 04 30.245000 0 0
2006 10 05 30.738000 0 0
2006 10 06 50.117000 0 0
2006 10 07 58.385000 0 0
2006 10 08 68.715000 0 0
2006 10 09 65.646000 0 0
2006 10 10 57.787000 0 0
2006 10 11 47.221000 0 0
2006 10 12 46.071000 0 0
2006 10 13 53.044000 0 0
2006 10 14 51.870000 0 0
2006 10 15 51.870000 0 0
2006 10 16 48.376000 0 0
2006 10 17 56.595000 0 0
2006 10 18 56.595000 0 0
2006 10 19 50.117000 0 0
2006 10 20 43.788000 0 0
2006 10 21 39.893000 0 0
2006 10 22 35.762000 0 0
2006 10 23 34.238000 0 0
2006 10 24 31.730000 0 0
2006 10 25 27.804000 0 0
2006 10 26 29.263000 0 0
2006 10 27 25.408000 0 0
2006 10 28 23.993000 0 0
2006 10 29 26.840000 0 0
2006 10 30 23.993000 0 0
2006 10 31 23.060000 0 0
2006 11 01 22.596000 0 0
2006 11 02 29.753000 0 0
2006 11 03 35.252000 0 0
2006 11 04 67.484000 0 0
2006 11 05 67.484000 0 0
2006 11 06 71.189000 0 0
2006 11 07 60.788000 0 0
2006 11 08 52.456000 0 0
2006 11 09 39.893000 0 0
2006 11 10 33.733000 0 0
2006 11 11 31.730000 0 0
2006 11 12 27.804000 0 0
2006 11 13 31.730000 0 0
2006 11 14 30.738000 0 0
2006 11 15 29.753000 0 0
2006 11 16 26.361000 0 0
2006 11 17 24.935000 0 0
2006 11 18 26.840000 0 0
2006 11 19 28.289000 0 0
2006 11 20 28.289000 0 0
2006 11 21 73.678000 0 0
2006 11 22 88.923000 0 0
2006 11 23 88.278000 0 0
2006 11 24 78.702000 0 0
2006 11 25 61.392000 0 0
2006 11 26 43.788000 0 0
2006 11 27 54.814000 0 0
2006 11 28 72.432000 0 0
2006 11 29 69.332000 0 0
2006 11 30 59.585000 0 0
2006 12 01 53.633000 0 0
2006 12 02 44.927000 0 0
2006 12 03 40.416000 0 0
2006 12 04 47.798000 0 0
2006 12 05 71.189000 0 0
2006 12 06 72.432000 0 0
2006 12 07 82.508000 0 0
2006 12 08 72.432000 0 0
2006 12 09 58.984000 0 0
2006 12 10 54.814000 0 0
2006 12 11 46.646000 0 0
2006 12 12 55.406000 0 0
2006 12 13 48.376000 0 0
2006 12 14 43.788000 0 0
2006 12 15 45.499000 0 0
2006 12 16 66.258000 0 0
2006 12 17 56.595000 0 0
2006 12 18 68.715000 0 0
2006 12 19 73.678000 0 0
2006 12 20 57.787000 0 0
2006 12 21 53.633000 0 0
2006 12 22 67.484000 0 0
2006 12 23 73.054000 0 0
2006 12 24 75.555000 0 0
2006 12 25 73.054000 0 0
2006 12 26 104.656000 0 0
2006 12 27 116.746000 0 0
2006 12 28 105.987000 0 0
2006 12 29 108.659000 0 0
2006 12 30 78.071000 0 0
2006 12 31 76.183000 0 0
2007 01 01 137.402000 0 0
2007 01 02 116.746000 0 0
2007 01 03 155.773000 0 0
2007 01 04 173.086000 0 0
2007 01 05 195.173000 0 0
2007 01 06 220.760000 0 0
2007 01 07 320.074000 0 0
2007 01 08 357.051000 0 0
2007 01 09 386.301000 0 0
2007 01 10 354.564000 0 0
2007 01 11 217.720000 0 0
2007 01 12 173.086000 0 0
2007 01 13 168.727000 0 0
2007 01 14 209.401000 0 0
2007 01 15 228.391000 0 0
2007 01 16 187.019000 0 0
2007 01 17 167.278000 0 0
2007 01 18 159.352000 0 0
2007 01 19 251.560000 0 0
2007 01 20 344.645000 0 0
2007 01 21 358.711000 0 0
2007 01 22 284.649000 0 0
2007 01 23 211.664000 0 0
2007 01 24 179.661000 0 0
2007 01 25 178.929000 0 0
2007 01 26 167.278000 0 0
2007 01 27 168.727000 0 0
2007 01 28 187.758000 0 0
2007 01 29 198.153000 0 0
2007 01 30 219.999000 0 0
2007 01 31 219.239000 0 0
2007 02 01 205.640000 0 0
2007 02 02 183.334000 0 0
2007 02 03 165.110000 0 0
2007 02 04 162.227000 0 0
2007 02 05 152.920000 0 0
2007 02 06 144.419000 0 0
2007 02 07 152.920000 0 0
2007 02 08 147.950000 0 0
2007 02 09 220.760000 0 0
2007 02 10 233.761000 0 0
2007 02 11 198.153000 0 0
2007 02 12 165.832000 0 0
2007 02 13 156.488000 0 0
2007 02 14 143.010000 0 0
2007 02 15 129.067000 0 0
2007 02 16 126.310000 0 0
2007 02 17 108.659000 0 0
2007 02 18 105.321000 0 0
2007 02 19 105.321000 0 0
2007 02 20 107.322000 0 0
2007 02 21 112.016000 0 0
2007 02 22 118.104000 0 0
2007 02 23 103.327000 0 0
2007 02 24 92.162000 0 0
2007 02 25 86.347000 0 0
2007 02 26 82.508000 0 0
2007 02 27 118.104000 0 0
2007 02 28 120.146000 0 0
2007 03 01 116.746000 0 0
2007 03 02 100.680000 0 0
2007 03 03 92.162000 0 0
2007 03 04 86.347000 0 0
2007 03 05 79.967000 0 0
2007 03 06 78.071000 0 0
2007 03 07 77.440000 0 0
2007 03 08 67.484000 0 0
2007 03 09 71.189000 0 0
2007 03 10 68.715000 0 0
2007 03 11 68.099000 0 0
2007 03 12 68.715000 0 0
2007 03 13 88.923000 0 0
2007 03 14 86.989000 0 0
2007 03 15 72.432000 0 0
2007 03 16 85.064000 0 0
2007 03 17 85.705000 0 0
2007 03 18 81.236000 0 0
2007 03 19 100.680000 0 0
2007 03 20 164.388000 0 0
2007 03 21 207.143000 0 0
2007 03 22 195.173000 0 0
2007 03 23 161.507000 0 0
2007 03 24 133.223000 0 0
2007 03 25 133.223000 0 0
2007 03 26 112.690000 0 0
2007 03 27 104.656000 0 0
2007 03 28 98.044000 0 0
2007 03 29 87.633000 0 0
2007 03 30 76.183000 0 0
2007 03 31 71.189000 0 0
2007 04 01 67.484000 0 0
2007 04 02 66.258000 0 0
2007 04 03 65.035000 0 0
2007 04 04 60.186000 0 0
2007 04 05 56.595000 0 0
2007 04 06 53.044000 0 0
2007 04 07 50.117000 0 0
2007 04 08 51.870000 0 0
2007 04 09 69.950000 0 0
2007 04 10 134.614000 0 0
2007 04 11 118.784000 0 0
2007 04 12 96.732000 0 0
2007 04 13 79.967000 0 0
2007 04 14 74.303000 0 0
2007 04 15 68.099000 0 0
2007 04 16 71.189000 0 0
2007 04 17 65.035000 0 0
2007 04 18 63.816000 0 0
2007 04 19 65.035000 0 0
2007 04 20 65.035000 0 0
2007 04 21 58.984000 0 0
2007 04 22 63.816000 0 0
2007 04 23 63.816000 0 0
2007 04 24 60.788000 0 0
2007 04 25 56.595000 0 0
2007 04 26 53.044000 0 0
2007 04 27 55.406000 0 0
2007 04 28 63.209000 0 0
2007 04 29 63.816000 0 0
2007 04 30 63.816000 0 0
2007 05 01 59.585000 0 0
2007 05 02 56.595000 0 0
2007 05 03 56.595000 0 0
2007 05 04 52.456000 0 0
2007 05 05 50.700000 0 0
2007 05 06 53.633000 0 0
2007 05 07 57.190000 0 0
2007 05 08 47.798000 0 0
2007 05 09 56.595000 0 0
2007 05 10 50.700000 0 0
2007 05 11 49.536000 0 0
2007 05 12 50.117000 0 0
2007 05 13 49.536000 0 0
2007 05 14 46.646000 0 0
2007 05 15 48.376000 0 0
2007 05 16 47.798000 0 0
2007 05 17 48.376000 0 0
2007 05 18 49.536000 0 0
2007 05 19 47.798000 0 0
2007 05 20 46.071000 0 0
2007 05 21 46.646000 0 0
2007 05 22 49.536000 0 0
2007 05 23 57.787000 0 0
2007 05 24 79.967000 0 0
2007 05 25 85.064000 0 0
2007 05 26 82.508000 0 0
2007 05 27 63.816000 0 0
2007 05 28 58.984000 0 0
2007 05 29 61.392000 0 0
2007 05 30 57.190000 0 0
2007 05 31 55.406000 0 0
2007 06 01 55.406000 0 0
2007 06 02 53.633000 0 0
2007 06 03 52.456000 0 0
2007 06 04 69.950000 0 0
2007 06 05 83.784000 0 0
2007 06 06 73.678000 0 0
2007 06 07 69.950000 0 0
2007 06 08 57.787000 0 0
2007 06 09 54.814000 0 0
2007 06 10 50.700000 0 0
2007 06 11 53.633000 0 0
2007 06 12 50.700000 0 0
2007 06 13 47.798000 0 0
2007 06 14 48.376000 0 0
2007 06 15 48.376000 0 0
2007 06 16 48.955000 0 0
2007 06 17 46.071000 0 0
2007 06 18 43.788000 0 0
2007 06 19 47.798000 0 0
2007 06 20 46.071000 0 0
2007 06 21 42.654000 0 0
2007 06 22 42.654000 0 0
2007 06 23 41.466000 0 0
2007 06 24 42.089000 0 0
2007 06 25 46.646000 0 0
2007 06 26 44.357000 0 0
2007 06 27 42.654000 0 0
2007 06 28 36.785000 0 0
2007 06 29 45.499000 0 0
2007 06 30 43.220000 0 0
2007 07 01 42.089000 0 0
2007 07 02 40.416000 0 0
2007 07 03 44.357000 0 0
2007 07 04 35.762000 0 0
2007 07 05 41.466000 0 0
2007 07 06 39.371000 0 0
2007 07 07 38.851000 0 0
2007 07 08 37.815000 0 0
2007 07 09 42.089000 0 0
2007 07 10 35.252000 0 0
2007 07 11 35.762000 0 0
2007 07 12 40.416000 0 0
2007 07 13 66.871000 0 0
2007 07 14 40.416000 0 0
2007 07 15 31.730000 0 0
2007 07 16 43.220000 0 0
2007 07 17 43.220000 0 0
2007 07 18 58.385000 0 0
2007 07 19 78.702000 0 0
2007 07 20 78.071000 0 0
2007 07 21 69.950000 0 0
2007 07 22 52.456000 0 0
2007 07 23 47.798000 0 0
2007 07 24 49.536000 0 0
2007 07 25 73.678000 0 0
2007 07 26 161.507000 0 0
2007 07 27 196.662000 0 0
2007 07 28 180.395000 0 0
2007 07 29 128.377000 0 0
2007 07 30 91.513000 0 0
2007 07 31 72.432000 0 0
2007 08 01 69.950000 0 0
2007 08 02 63.816000 0 0
2007 08 03 60.788000 0 0
2007 08 04 55.406000 0 0
2007 08 05 53.633000 0 0
2007 08 06 54.814000 0 0
2007 08 07 50.117000 0 0
2007 08 08 53.044000 0 0
2007 08 09 47.798000 0 0
2007 08 10 44.927000 0 0
2007 08 11 47.798000 0 0
2007 08 12 44.357000 0 0
2007 08 13 46.071000 0 0
2007 08 14 46.646000 0 0
2007 08 15 43.788000 0 0
2007 08 16 46.646000 0 0
2007 08 17 39.371000 0 0
2007 08 18 40.416000 0 0
2007 08 19 41.466000 0 0
2007 08 20 39.893000 0 0
2007 08 21 40.416000 0 0
2007 08 22 39.893000 0 0
2007 08 23 39.371000 0 0
2007 08 24 36.785000 0 0
2007 08 25 36.785000 0 0
2007 08 26 34.744000 0 0
2007 08 27 34.744000 0 0
2007 08 28 34.238000 0 0
2007 08 29 34.238000 0 0
2007 08 30 34.744000 0 0
2007 08 31 34.238000 0 0
2007 09 01 33.733000 0 0
2007 09 02 33.733000 0 0
2007 09 03 33.733000 0 0
2007 09 04 34.744000 0 0
2007 09 05 51.284000 0 0
2007 09 06 38.851000 0 0
2007 09 07 36.273000 0 0
2007 09 08 35.762000 0 0
2007 09 09 33.230000 0 0
2007 09 10 32.728000 0 0
2007 09 11 28.775000 0 0
2007 09 12 28.775000 0 0
2007 09 13 28.775000 0 0
2007 09 14 28.775000 0 0
2007 09 15 28.289000 0 0
2007 09 16 26.840000 0 0
2007 09 17 26.361000 0 0
2007 09 18 27.321000 0 0
2007 09 19 28.775000 0 0
2007 09 20 28.775000 0 0
2007 09 21 29.753000 0 0
2007 09 22 26.840000 0 0
2007 09 23 25.408000 0 0
2007 09 24 25.408000 0 0
2007 09 25 26.361000 0 0
2007 09 26 29.753000 0 0
2007 09 27 30.738000 0 0
2007 09 28 30.738000 0 0
2007 09 29 30.245000 0 0
2007 09 30 30.738000 0 0
2007 10 01 28.289000 0 0
2007 10 02 23.993000 0 0
2007 10 03 23.526000 0 0
2007 10 04 23.060000 0 0
2007 10 05 22.596000 0 0
2007 10 06 23.526000 0 0
2007 10 07 23.526000 0 0
2007 10 08 22.596000 0 0
2007 10 09 23.060000 0 0
2007 10 10 23.060000 0 0
2007 10 11 22.134000 0 0
2007 10 12 20.761000 0 0
2007 10 13 21.217000 0 0
2007 10 14 21.217000 0 0
2007 10 15 22.596000 0 0
2007 10 16 26.361000 0 0
2007 10 17 26.361000 0 0
2007 10 18 23.526000 0 0
2007 10 19 23.060000 0 0
2007 10 20 22.596000 0 0
2007 10 21 22.596000 0 0
2007 10 22 20.761000 0 0
2007 10 23 21.674000 0 0
2007 10 24 22.134000 0 0
2007 10 25 41.466000 0 0
2007 10 26 65.646000 0 0
2007 10 27 68.715000 0 0
2007 10 28 54.223000 0 0
2007 10 29 48.376000 0 0
2007 10 30 36.273000 0 0
2007 10 31 46.071000 0 0
2007 11 01 44.927000 0 0
2007 11 02 38.851000 0 0
2007 11 03 48.376000 0 0
2007 11 04 72.432000 0 0
2007 11 05 100.680000 0 0
2007 11 06 102.002000 0 0
2007 11 07 94.116000 0 0
2007 11 08 82.508000 0 0
2007 11 09 71.189000 0 0
2007 11 10 79.967000 0 0
2007 11 11 82.508000 0 0
2007 11 12 98.044000 0 0
2007 11 13 96.732000 0 0
2007 11 14 78.702000 0 0
2007 11 15 72.432000 0 0
2007 11 16 68.099000 0 0
2007 11 17 94.768000 0 0
2007 11 18 91.513000 0 0
2007 11 19 96.732000 0 0
2007 11 20 71.189000 0 0
2007 11 21 71.189000 0 0
2007 11 22 68.715000 0 0
2007 11 23 60.186000 0 0
2007 11 24 48.376000 0 0
2007 11 25 44.927000 0 0
2007 11 26 43.788000 0 0
2007 11 27 41.466000 0 0
2007 11 28 40.416000 0 0
2007 11 29 45.499000 0 0
2007 11 30 36.273000 0 0
2007 12 01 32.728000 0 0
2007 12 02 31.730000 0 0
2007 12 03 31.233000 0 0
2007 12 04 31.233000 0 0
2007 12 05 35.252000 0 0
2007 12 06 39.893000 0 0
2007 12 07 46.071000 0 0
2007 12 08 66.258000 0 0
2007 12 09 90.216000 0 0
2007 12 10 88.923000 0 0
2007 12 11 67.484000 0 0
2007 12 12 68.715000 0 0
2007 12 13 76.183000 0 0
2007 12 14 115.391000 0 0
2007 12 15 100.680000 0 0
2007 12 16 88.923000 0 0
2007 12 17 81.872000 0 0
2007 12 18 76.183000 0 0
2007 12 19 69.950000 0 0
2007 12 20 87.633000 0 0
2007 12 21 119.465000 0 0
2007 12 22 130.450000 0 0
2007 12 23 123.564000 0 0
2007 12 24 118.104000 0 0
2007 12 25 94.116000 0 0
2007 12 26 87.633000 0 0
2007 12 27 78.702000 0 0
2007 12 28 68.715000 0 0
2007 12 29 58.984000 0 0
2007 12 30 53.633000 0 0
2007 12 31 55.406000 0 0
2008 01 01 49.536000 0 0
2008 01 02 47.221000 0 0
2008 01 03 48.376000 0 0
2008 01 04 63.816000 0 0
2008 01 05 55.406000 0 0
2008 01 06 66.258000 0 0
2008 01 07 114.039000 0 0
2008 01 08 120.829000 0 0
2008 01 09 104.656000 0 0
2008 01 10 88.923000 0 0
2008 01 11 68.715000 0 0
2008 01 12 62.602000 0 0
2008 01 13 67.484000 0 0
2008 01 14 87.633000 0 0
2008 01 15 126.310000 0 0
2008 01 16 129.067000 0 0
2008 01 17 123.564000 0 0
2008 01 18 108.659000 0 0
2008 01 19 109.329000 0 0
2008 01 20 161.507000 0 0
2008 01 21 222.282000 0 0
2008 01 22 226.861000 0 0
2008 01 23 193.686000 0 0
2008 01 24 174.543000 0 0
2008 01 25 137.402000 0 0
2008 01 26 127.688000 0 0
2008 01 27 138.800000 0 0
2008 01 28 147.243000 0 0
2008 01 29 132.529000 0 0
2008 01 30 143.010000 0 0
2008 01 31 190.717000 0 0
2008 02 01 180.395000 0 0
2008 02 02 161.507000 0 0
2008 02 03 157.919000 0 0
2008 02 04 185.543000 0 0
2008 02 05 213.176000 0 0
2008 02 06 187.758000 0 0
2008 02 07 157.203000 0 0
2008 02 08 146.536000 0 0
2008 02 09 143.010000 0 0
2008 02 10 135.310000 0 0
2008 02 11 136.007000 0 0
2008 02 12 120.829000 0 0
2008 02 13 118.104000 0 0
2008 02 14 138.800000 0 0
2008 02 15 153.632000 0 0
2008 02 16 161.507000 0 0
2008 02 17 145.829000 0 0
2008 02 18 130.450000 0 0
2008 02 19 118.104000 0 0
2008 02 20 122.195000 0 0
2008 02 21 116.746000 0 0
2008 02 22 138.101000 0 0
2008 02 23 161.507000 0 0
2008 02 24 180.395000 0 0
2008 02 25 181.863000 0 0
2008 02 26 192.200000 0 0
2008 02 27 158.635000 0 0
2008 02 28 136.007000 0 0
2008 02 29 116.746000 0 0
2008 03 01 115.391000 0 0
2008 03 02 123.564000 0 0
2008 03 03 124.936000 0 0
2008 03 04 123.564000 0 0
2008 03 05 116.746000 0 0
2008 03 06 105.987000 0 0
2008 03 07 96.732000 0 0
2008 03 08 95.422000 0 0
2008 03 09 104.656000 0 0
2008 03 10 107.322000 0 0
2008 03 11 107.322000 0 0
2008 03 12 123.564000 0 0
2008 03 13 115.391000 0 0
2008 03 14 126.310000 0 0
2008 03 15 161.507000 0 0
2008 03 16 154.345000 0 0
2008 03 17 155.773000 0 0
2008 03 18 294.236000 0 0
2008 03 19 387.985000 0 0
2008 03 20 391.356000 0 0
2008 03 21 393.044000 0 0
2008 03 22 222.282000 0 0
2008 03 23 205.640000 0 0
2008 03 24 143.010000 0 0
2008 03 25 131.835000 0 0
2008 03 26 123.564000 0 0
2008 03 27 118.784000 0 0
2008 03 28 116.746000 0 0
2008 03 29 111.343000 0 0
2008 03 30 107.322000 0 0
2008 03 31 102.002000 0 0
2008 04 01 96.732000 0 0
2008 04 02 92.162000 0 0
2008 04 03 92.812000 0 0
2008 04 04 99.361000 0 0
2008 04 05 114.039000 0 0
2008 04 06 115.391000 0 0
2008 04 07 120.829000 0 0
2008 04 08 120.146000 0 0
2008 04 09 123.564000 0 0
2008 04 10 137.402000 0 0
2008 04 11 160.070000 0 0
2008 04 12 187.758000 0 0
2008 04 13 165.832000 0 0
2008 04 14 150.076000 0 0
2008 04 15 161.507000 0 0
2008 04 16 176.734000 0 0
2008 04 17 164.388000 0 0
2008 04 18 147.243000 0 0
2008 04 19 155.773000 0 0
2008 04 20 123.564000 0 0
2008 04 21 123.564000 0 0
2008 04 22 141.604000 0 0
2008 04 23 171.631000 0 0
2008 04 24 178.929000 0 0
2008 04 25 154.345000 0 0
2008 04 26 127.688000 0 0
2008 04 27 115.391000 0 0
2008 04 28 100.680000 0 0
2008 04 29 102.002000 0 0
2008 04 30 92.812000 0 0
2008 05 01 100.680000 0 0
2008 05 02 110.000000 0 0
2008 05 03 127.688000 0 0
2008 05 04 151.497000 0 0
2008 05 05 141.604000 0 0
2008 05 06 127.688000 0 0
2008 05 07 112.690000 0 0
2008 05 08 108.659000 0 0
2008 05 09 107.322000 0 0
2008 05 10 96.732000 0 0
2008 05 11 92.812000 0 0
2008 05 12 91.513000 0 0
2008 05 13 92.162000 0 0
2008 05 14 91.513000 0 0
2008 05 15 89.569000 0 0
2008 05 16 91.513000 0 0
2008 05 17 82.508000 0 0
2008 05 18 95.422000 0 0
2008 05 19 82.508000 0 0
2008 05 20 83.784000 0 0
2008 05 21 88.923000 0 0
2008 05 22 83.784000 0 0
2008 05 23 83.784000 0 0
2008 05 24 77.440000 0 0
2008 05 25 81.236000 0 0
2008 05 26 83.784000 0 0
2008 05 27 76.183000 0 0
2008 05 28 81.236000 0 0
2008 05 29 73.678000 0 0
2008 05 30 73.678000 0 0
2008 05 31 76.183000 0 0
2008 06 01 82.508000 0 0
2008 06 02 92.162000 0 0
2008 06 03 99.361000 0 0
2008 06 04 92.812000 0 0
2008 06 05 105.987000 0 0
2008 06 06 118.104000 0 0
2008 06 07 99.361000 0 0
2008 06 08 88.923000 0 0
2008 06 09 85.705000 0 0
2008 06 10 79.967000 0 0
2008 06 11 74.303000 0 0
2008 06 12 78.071000 0 0
2008 06 13 87.633000 0 0
2008 06 14 74.928000 0 0
2008 06 15 73.678000 0 0
2008 06 16 67.484000 0 0
2008 06 17 68.715000 0 0
2008 06 18 76.183000 0 0
2008 06 19 74.928000 0 0
2008 06 20 67.484000 0 0
2008 06 21 68.715000 0 0
2008 06 22 69.332000 0 0
2008 06 23 66.871000 0 0
2008 06 24 69.950000 0 0
2008 06 25 66.258000 0 0
2008 06 26 66.871000 0 0
2008 06 27 76.183000 0 0
2008 06 28 71.189000 0 0
2008 06 29 66.871000 0 0
2008 06 30 65.035000 0 0
2008 07 01 61.392000 0 0
2008 07 02 63.816000 0 0
2008 07 03 63.209000 0 0
2008 07 04 57.787000 0 0
2008 07 05 69.332000 0 0
2008 07 06 56.595000 0 0
2008 07 07 55.406000 0 0
2008 07 08 60.186000 0 0
2008 07 09 60.788000 0 0
2008 07 10 56.595000 0 0
2008 07 11 54.223000 0 0
2008 07 12 54.814000 0 0
2008 07 13 58.984000 0 0
2008 07 14 55.406000 0 0
2008 07 15 54.814000 0 0
2008 07 16 56.000000 0 0
2008 07 17 53.044000 0 0
2008 07 18 53.633000 0 0
2008 07 19 53.044000 0 0
2008 07 20 54.814000 0 0
2008 07 21 54.223000 0 0
2008 07 22 53.633000 0 0
2008 07 23 50.117000 0 0
2008 07 24 53.044000 0 0
2008 07 25 53.044000 0 0
2008 07 26 50.117000 0 0
2008 07 27 48.376000 0 0
2008 07 28 49.536000 0 0
2008 07 29 48.376000 0 0
2008 07 30 47.798000 0 0
2008 07 31 47.798000 0 0
2008 08 01 50.700000 0 0
2008 08 02 42.654000 0 0
2008 08 03 44.357000 0 0
2008 08 04 44.357000 0 0
2008 08 05 55.406000 0 0
2008 08 06 59.585000 0 0
2008 08 07 66.871000 0 0
2008 08 08 65.035000 0 0
2008 08 09 74.928000 0 0
2008 08 10 75.555000 0 0
2008 08 11 74.928000 0 0
2008 08 12 68.715000 0 0
2008 08 13 64.425000 0 0
2008 08 14 60.186000 0 0
2008 08 15 57.787000 0 0
2008 08 16 52.456000 0 0
2008 08 17 48.955000 0 0
2008 08 18 46.071000 0 0
2008 08 19 44.357000 0 0
2008 08 20 51.284000 0 0
2008 08 21 37.299000 0 0
2008 08 22 42.089000 0 0
2008 08 23 44.927000 0 0
2008 08 24 39.371000 0 0
2008 08 25 39.371000 0 0
2008 08 26 47.221000 0 0
2008 08 27 38.851000 0 0
2008 08 28 33.733000 0 0
2008 08 29 36.273000 0 0
2008 08 30 35.252000 0 0
2008 08 31 40.416000 0 0
2008 09 01 42.654000 0 0
2008 09 02 39.371000 0 0
2008 09 03 37.815000 0 0
2008 09 04 36.785000 0 0
2008 09 05 34.744000 0 0
2008 09 06 34.744000 0 0
2008 09 07 35.252000 0 0
2008 09 08 34.238000 0 0
2008 09 09 38.851000 0 0
2008 09 10 37.815000 0 0
2008 09 11 34.744000 0 0
2008 09 12 37.815000 0 0
2008 09 13 42.654000 0 0
2008 09 14 36.785000 0 0
2008 09 15 33.733000 0 0
2008 09 16 33.733000 0 0
2008 09 17 33.230000 0 0
2008 09 18 35.252000 0 0
2008 09 19 36.273000 0 0
2008 09 20 34.744000 0 0
2008 09 21 32.728000 0 0
2008 09 22 40.416000 0 0
2008 09 23 54.223000 0 0
2008 09 24 47.798000 0 0
2008 09 25 47.221000 0 0
2008 09 26 42.654000 0 0
2008 09 27 44.357000 0 0
2008 09 28 44.927000 0 0
2008 09 29 48.955000 0 0
2008 09 30 40.416000 0 0
2008 10 01 37.815000 0 0
2008 10 02 41.466000 0 0
2008 10 03 47.221000 0 0
2008 10 04 46.646000 0 0
2008 10 05 48.376000 0 0
2008 10 06 43.220000 0 0
2008 10 07 44.927000 0 0
2008 10 08 60.186000 0 0
2008 10 09 54.814000 0 0
2008 10 10 45.499000 0 0
2008 10 11 47.798000 0 0
2008 10 12 47.221000 0 0
2008 10 13 45.499000 0 0
2008 10 14 43.220000 0 0
2008 10 15 41.466000 0 0
2008 10 16 40.416000 0 0
2008 10 17 38.332000 0 0
2008 10 18 33.230000 0 0
2008 10 19 35.762000 0 0
2008 10 20 37.299000 0 0
2008 10 21 44.927000 0 0
2008 10 22 41.466000 0 0
2008 10 23 42.654000 0 0
2008 10 24 42.654000 0 0
2008 10 25 38.332000 0 0
2008 10 26 33.230000 0 0
2008 10 27 34.744000 0 0
2008 10 28 32.228000 0 0
2008 10 29 30.738000 0 0
2008 10 30 35.762000 0 0
2008 10 31 69.950000 0 0
2008 11 01 nan nan nan
2008 11 02 nan nan nan
2008 11 03 nan nan nan
2008 11 04 nan nan nan
2008 11 05 nan nan nan
2008 11 06 53.633000 0 0
2008 11 07 47.798000 0 0
2008 11 08 45.499000 0 0
2008 11 09 48.955000 0 0
2008 11 10 48.376000 0 0
2008 11 11 43.220000 0 0
2008 11 12 43.788000 0 0
2008 11 13 73.678000 0 0
2008 11 14 77.440000 0 0
2008 11 15 79.967000 0 0
2008 11 16 94.116000 0 0
2008 11 17 85.064000 0 0
2008 11 18 63.816000 0 0
2008 11 19 54.223000 0 0
2008 11 20 48.955000 0 0
2008 11 21 51.870000 0 0
2008 11 22 43.788000 0 0
2008 11 23 44.357000 0 0
2008 11 24 55.406000 0 0
2008 11 25 53.044000 0 0
2008 11 26 74.928000 0 0
2008 11 27 60.788000 0 0
2008 11 28 62.602000 0 0
2008 11 29 61.996000 0 0
2008 11 30 54.814000 0 0
2008 12 01 58.984000 0 0
2008 12 02 49.536000 0 0
2008 12 03 51.870000 0 0
2008 12 04 42.654000 0 0
2008 12 05 47.221000 0 0
2008 12 06 46.646000 0 0
2008 12 07 43.220000 0 0
2008 12 08 35.252000 0 0
2008 12 09 33.230000 0 0
2008 12 10 32.228000 0 0
2008 12 11 35.762000 0 0
2008 12 12 40.416000 0 0
2008 12 13 45.499000 0 0
2008 12 14 49.536000 0 0
2008 12 15 42.089000 0 0
2008 12 16 56.595000 0 0
2008 12 17 48.955000 0 0
2008 12 18 77.440000 0 0
2008 12 19 70.569000 0 0
2008 12 20 74.303000 0 0
2008 12 21 85.064000 0 0
2008 12 22 106.654000 0 0
2008 12 23 98.044000 0 0
2008 12 24 95.422000 0 0
2008 12 25 72.432000 0 0
2008 12 26 122.879000 0 0
2008 12 27 141.604000 0 0
2008 12 28 119.465000 0 0
2008 12 29 103.327000 0 0
2008 12 30 87.633000 0 0
2008 12 31 76.183000 0 0
2009 01 01 74.928000 0 0
2009 01 02 146.536000 0 0
2009 01 03 144.419000 0 0
2009 01 04 120.829000 0 0
2009 01 05 141.604000 0 0
2009 01 06 154.345000 0 0
2009 01 07 118.104000 0 0
2009 01 08 94.116000 0 0
2009 01 09 85.064000 0 0
2009 01 10 75.555000 0 0
2009 01 11 109.329000 0 0
2009 01 12 144.419000 0 0
2009 01 13 116.746000 0 0
2009 01 14 92.812000 0 0
2009 01 15 75.555000 0 0
2009 01 16 80.601000 0 0
2009 01 17 92.162000 0 0
2009 01 18 104.656000 0 0
2009 01 19 100.680000 0 0
2009 01 20 110.671000 0 0
2009 01 21 109.329000 0 0
2009 01 22 127.688000 0 0
2009 01 23 116.069000 0 0
2009 01 24 109.329000 0 0
2009 01 25 95.422000 0 0
2009 01 26 84.424000 0 0
2009 01 27 103.991000 0 0
2009 01 28 122.879000 0 0
2009 01 29 131.142000 0 0
2009 01 30 167.278000 0 0
2009 01 31 236.069000 0 0
2009 02 01 271.957000 0 0
2009 02 02 239.153000 0 0
2009 02 03 202.639000 0 0
2009 02 04 213.176000 0 0
2009 02 05 217.720000 0 0
2009 02 06 270.378000 0 0
2009 02 07 243.018000 0 0
2009 02 08 197.407000 0 0
2009 02 09 181.863000 0 0
2009 02 10 193.686000 0 0
2009 02 11 190.717000 0 0
2009 02 12 192.943000 0 0
2009 02 13 239.153000 0 0
2009 02 14 267.225000 0 0
2009 02 15 286.243000 0 0
2009 02 16 371.206000 0 0
2009 02 17 398.115000 0 0
2009 02 18 378.740000 0 0
2009 02 19 295.839000 0 0
2009 02 20 208.648000 0 0
2009 02 21 170.178000 0 0
2009 02 22 152.920000 0 0
2009 02 23 153.632000 0 0
2009 02 24 144.419000 0 0
2009 02 25 185.543000 0 0
2009 02 26 180.395000 0 0
2009 02 27 163.667000 0 0
2009 02 28 160.070000 0 0
2009 03 01 152.208000 0 0
2009 03 02 127.688000 0 0
2009 03 03 116.069000 0 0
2009 03 04 116.746000 0 0
2009 03 05 112.016000 0 0
2009 03 06 103.991000 0 0
2009 03 07 102.002000 0 0
2009 03 08 103.991000 0 0
2009 03 09 107.322000 0 0
2009 03 10 146.536000 0 0
2009 03 11 198.900000 0 0
2009 03 12 167.278000 0 0
2009 03 13 156.488000 0 0
2009 03 14 173.086000 0 0
2009 03 15 178.929000 0 0
2009 03 16 170.178000 0 0
2009 03 17 153.632000 0 0
2009 03 18 136.007000 0 0
2009 03 19 118.104000 0 0
2009 03 20 123.564000 0 0
2009 03 21 130.450000 0 0
2009 03 22 122.195000 0 0
2009 03 23 128.377000 0 0
2009 03 24 136.007000 0 0
2009 03 25 133.223000 0 0
2009 03 26 118.104000 0 0
2009 03 27 114.715000 0 0
2009 03 28 110.671000 0 0
2009 03 29 136.704000 0 0
2009 03 30 145.829000 0 0
2009 03 31 154.345000 0 0
2009 04 01 145.829000 0 0
2009 04 02 136.704000 0 0
2009 04 03 116.746000 0 0
2009 04 04 105.987000 0 0
2009 04 05 97.388000 0 0
2009 04 06 98.702000 0 0
2009 04 07 119.465000 0 0
2009 04 08 129.758000 0 0
2009 04 09 143.010000 0 0
2009 04 10 120.146000 0 0
2009 04 11 106.654000 0 0
2009 04 12 96.732000 0 0
2009 04 13 90.864000 0 0
2009 04 14 104.656000 0 0
2009 04 15 137.402000 0 0
2009 04 16 131.835000 0 0
2009 04 17 118.784000 0 0
2009 04 18 101.340000 0 0
2009 04 19 96.076000 0 0
2009 04 20 89.569000 0 0
2009 04 21 85.064000 0 0
2009 04 22 82.508000 0 0
2009 04 23 78.071000 0 0
2009 04 24 84.424000 0 0
2009 04 25 78.702000 0 0
2009 04 26 82.508000 0 0
2009 04 27 77.440000 0 0
2009 04 28 74.303000 0 0
2009 04 29 75.555000 0 0
2009 04 30 74.303000 0 0
2009 05 01 73.678000 0 0
2009 05 02 71.189000 0 0
2009 05 03 61.392000 0 0
2009 05 04 65.646000 0 0
2009 05 05 76.183000 0 0
2009 05 06 73.678000 0 0
2009 05 07 75.555000 0 0
2009 05 08 78.702000 0 0
2009 05 09 53.633000 0 0
2009 05 10 48.955000 0 0
2009 05 11 43.788000 0 0
2009 05 12 42.089000 0 0
2009 05 13 64.425000 0 0
2009 05 14 62.602000 0 0
2009 05 15 69.332000 0 0
2009 05 16 94.768000 0 0
2009 05 17 94.116000 0 0
2009 05 18 92.812000 0 0
2009 05 19 78.702000 0 0
2009 05 20 69.950000 0 0
2009 05 21 65.035000 0 0
2009 05 22 66.871000 0 0
2009 05 23 66.871000 0 0
2009 05 24 65.035000 0 0
2009 05 25 63.209000 0 0
2009 05 26 65.646000 0 0
2009 05 27 66.258000 0 0
2009 05 28 71.810000 0 0
2009 05 29 73.054000 0 0
2009 05 30 69.332000 0 0
2009 05 31 65.646000 0 0
2009 06 01 64.425000 0 0
2009 06 02 65.646000 0 0
2009 06 03 71.810000 0 0
2009 06 04 71.810000 0 0
2009 06 05 66.258000 0 0
2009 06 06 61.392000 0 0
2009 06 07 67.484000 0 0
2009 06 08 59.585000 0 0
2009 06 09 62.602000 0 0
2009 06 10 60.788000 0 0
2009 06 11 58.984000 0 0
2009 06 12 60.186000 0 0
2009 06 13 65.646000 0 0
2009 06 14 73.054000 0 0
2009 06 15 69.332000 0 0
2009 06 16 65.646000 0 0
2009 06 17 59.585000 0 0
2009 06 18 55.406000 0 0
2009 06 19 57.190000 0 0
2009 06 20 57.787000 0 0
2009 06 21 56.000000 0 0
2009 06 22 57.190000 0 0
2009 06 23 54.223000 0 0
2009 06 24 53.044000 0 0
2009 06 25 52.456000 0 0
2009 06 26 56.000000 0 0
2009 06 27 63.816000 0 0
2009 06 28 75.555000 0 0
2009 06 29 94.768000 0 0
2009 06 30 92.162000 0 0
2009 07 01 86.989000 0 0
2009 07 02 59.585000 0 0
2009 07 03 64.425000 0 0
2009 07 04 62.602000 0 0
2009 07 05 57.190000 0 0
2009 07 06 54.814000 0 0
2009 07 07 54.814000 0 0
2009 07 08 54.814000 0 0
2009 07 09 53.633000 0 0
2009 07 10 53.633000 0 0
2009 07 11 52.456000 0 0
2009 07 12 55.406000 0 0
2009 07 13 59.585000 0 0
2009 07 14 74.303000 0 0
2009 07 15 67.484000 0 0
2009 07 16 56.000000 0 0
2009 07 17 54.223000 0 0
2009 07 18 50.117000 0 0
2009 07 19 50.117000 0 0
2009 07 20 49.536000 0 0
2009 07 21 49.536000 0 0
2009 07 22 48.955000 0 0
2009 07 23 48.955000 0 0
2009 07 24 51.870000 0 0
2009 07 25 60.788000 0 0
2009 07 26 84.424000 0 0
2009 07 27 94.768000 0 0
2009 07 28 90.216000 0 0
2009 07 29 70.569000 0 0
2009 07 30 68.715000 0 0
2009 07 31 65.035000 0 0
2009 08 01 66.258000 0 0
2009 08 02 60.186000 0 0
2009 08 03 51.284000 0 0
2009 08 04 54.223000 0 0
2009 08 05 48.955000 0 0
2009 08 06 47.798000 0 0
2009 08 07 51.870000 0 0
2009 08 08 44.357000 0 0
2009 08 09 46.071000 0 0
2009 08 10 43.220000 0 0
2009 08 11 44.927000 0 0
2009 08 12 37.815000 0 0
2009 08 13 43.220000 0 0
2009 08 14 42.089000 0 0
2009 08 15 37.299000 0 0
2009 08 16 36.785000 0 0
2009 08 17 36.273000 0 0
2009 08 18 35.762000 0 0
2009 08 19 43.220000 0 0
2009 08 20 67.484000 0 0
2009 08 21 104.656000 0 0
2009 08 22 129.067000 0 0
2009 08 23 116.069000 0 0
2009 08 24 101.340000 0 0
2009 08 25 89.569000 0 0
2009 08 26 79.967000 0 0
2009 08 27 74.303000 0 0
2009 08 28 66.258000 0 0
2009 08 29 59.585000 0 0
2009 08 30 52.456000 0 0
2009 08 31 52.456000 0 0
2009 09 01 51.284000 0 0
2009 09 02 47.798000 0 0
2009 09 03 44.357000 0 0
2009 09 04 43.788000 0 0
2009 09 05 42.654000 0 0
2009 09 06 43.788000 0 0
2009 09 07 46.071000 0 0
2009 09 08 51.870000 0 0
2009 09 09 86.347000 0 0
2009 09 10 144.419000 0 0
2009 09 11 141.604000 0 0
2009 09 12 111.343000 0 0
2009 09 13 99.361000 0 0
2009 09 14 82.508000 0 0
2009 09 15 68.099000 0 0
2009 09 16 58.385000 0 0
2009 09 17 54.223000 0 0
2009 09 18 47.798000 0 0
2009 09 19 50.700000 0 0
2009 09 20 53.044000 0 0
2009 09 21 46.646000 0 0
2009 09 22 51.284000 0 0
2009 09 23 78.702000 0 0
2009 09 24 101.340000 0 0
2009 09 25 105.321000 0 0
2009 09 26 87.633000 0 0
2009 09 27 79.334000 0 0
2009 09 28 66.258000 0 0
2009 09 29 71.810000 0 0
2009 09 30 76.183000 0 0
2009 10 01 81.236000 0 0
2009 10 02 81.236000 0 0
2009 10 03 69.950000 0 0
2009 10 04 73.054000 0 0
2009 10 05 79.967000 0 0
2009 10 06 74.303000 0 0
2009 10 07 74.928000 0 0
2009 10 08 93.464000 0 0
2009 10 09 81.872000 0 0
2009 10 10 80.601000 0 0
2009 10 11 71.189000 0 0
2009 10 12 67.484000 0 0
2009 10 13 68.715000 0 0
2009 10 14 68.715000 0 0
2009 10 15 63.209000 0 0
2009 10 16 63.816000 0 0
2009 10 17 66.258000 0 0
2009 10 18 68.715000 0 0
2009 10 19 62.602000 0 0
2009 10 20 92.812000 0 0
2009 10 21 125.623000 0 0
2009 10 22 113.364000 0 0
2009 10 23 107.322000 0 0
2009 10 24 92.162000 0 0
2009 10 25 73.054000 0 0
2009 10 26 69.332000 0 0
2009 10 27 70.569000 0 0
2009 10 28 99.361000 0 0
2009 10 29 85.064000 0 0
2009 10 30 74.303000 0 0
2009 10 31 67.484000 0 0
2009 11 01 59.585000 0 0
2009 11 02 58.984000 0 0
2009 11 03 51.870000 0 0
2009 11 04 60.788000 0 0
2009 11 05 50.700000 0 0
2009 11 06 51.284000 0 0
2009 11 07 53.633000 0 0
2009 11 08 59.585000 0 0
2009 11 09 62.602000 0 0
2009 11 10 76.183000 0 0
2009 11 11 81.236000 0 0
2009 11 12 87.633000 0 0
2009 11 13 96.076000 0 0
2009 11 14 74.303000 0 0
2009 11 15 65.035000 0 0
2009 11 16 74.303000 0 0
2009 11 17 107.990000 0 0
2009 11 18 100.020000 0 0
2009 11 19 87.633000 0 0
2009 11 20 69.950000 0 0
2009 11 21 60.186000 0 0
2009 11 22 67.484000 0 0
2009 11 23 72.432000 0 0
2009 11 24 68.099000 0 0
2009 11 25 90.864000 0 0
2009 11 26 86.347000 0 0
2009 11 27 76.811000 0 0
2009 11 28 83.784000 0 0
2009 11 29 115.391000 0 0
2009 11 30 127.688000 0 0
2009 12 01 162.227000 0 0
2009 12 02 150.786000 0 0
2009 12 03 144.419000 0 0
2009 12 04 253.119000 0 0
2009 12 05 266.437000 0 0
2009 12 06 200.394000 0 0
2009 12 07 140.201000 0 0
2009 12 08 136.007000 0 0
2009 12 09 147.243000 0 0
2009 12 10 187.019000 0 0
2009 12 11 238.381000 0 0
2009 12 12 274.329000 0 0
2009 12 13 299.050000 0 0
2009 12 14 295.839000 0 0
2009 12 15 272.747000 0 0
2009 12 16 293.435000 0 0
2009 12 17 232.993000 0 0
2009 12 18 184.806000 0 0
2009 12 19 181.863000 0 0
2009 12 20 172.358000 0 0
2009 12 21 152.920000 0 0
2009 12 22 128.377000 0 0
2009 12 23 116.746000 0 0
2009 12 24 107.322000 0 0
2009 12 25 108.659000 0 0
2009 12 26 119.465000 0 0
2009 12 27 144.419000 0 0
2009 12 28 168.727000 0 0
2009 12 29 213.176000 0 0
2009 12 30 348.771000 0 0
2009 12 31 398.961000 0 0
2010 01 01 422.789000 0 0
2010 01 02 389.670000 0 0
2010 01 03 233.761000 0 0
2010 01 04 173.086000 0 0
2010 01 05 153.632000 0 0
2010 01 06 152.920000 0 0
2010 01 07 204.889000 0 0
2010 01 08 246.118000 0 0
2010 01 09 268.800000 0 0
2010 01 10 214.689000 0 0
2010 01 11 176.003000 0 0
2010 01 12 155.059000 0 0
2010 01 13 157.203000 0 0
2010 01 14 155.059000 0 0
2010 01 15 172.358000 0 0
2010 01 16 212.420000 0 0
2010 01 17 223.044000 0 0
2010 01 18 243.792000 0 0
2010 01 19 243.792000 0 0
2010 01 20 269.589000 0 0
2010 01 21 242.244000 0 0
2010 01 22 257.805000 0 0
2010 01 23 315.200000 0 0
2010 01 24 349.598000 0 0
2010 01 25 355.392000 0 0
2010 01 26 347.945000 0 0
2010 01 27 378.740000 0 0
2010 01 28 413.398000 0 0
2010 01 29 421.933000 0 0
2010 01 30 435.654000 0 0
2010 01 31 450.319000 0 0
2010 02 01 473.787000 0 0
2010 02 02 486.916000 0 0
2010 02 03 367.033000 0 0
2010 02 04 251.560000 0 0
2010 02 05 229.157000 0 0
2010 02 06 207.143000 0 0
2010 02 07 184.806000 0 0
2010 02 08 169.452000 0 0
2010 02 09 158.635000 0 0
2010 02 10 152.920000 0 0
2010 02 11 173.086000 0 0
2010 02 12 177.465000 0 0
2010 02 13 165.832000 0 0
2010 02 14 151.497000 0 0
2010 02 15 140.201000 0 0
2010 02 16 138.800000 0 0
2010 02 17 134.614000 0 0
2010 02 18 155.059000 0 0
2010 02 19 165.832000 0 0
2010 02 20 157.203000 0 0
2010 02 21 155.773000 0 0
2010 02 22 171.631000 0 0
2010 02 23 151.497000 0 0
2010 02 24 138.800000 0 0
2010 02 25 141.604000 0 0
2010 02 26 184.070000 0 0
2010 02 27 160.070000 0 0
2010 02 28 150.076000 0 0
2010 03 01 152.920000 0 0
2010 03 02 192.943000 0 0
2010 03 03 209.401000 0 0
2010 03 04 192.943000 0 0
2010 03 05 169.452000 0 0
2010 03 06 156.488000 0 0
2010 03 07 152.208000 0 0
2010 03 08 155.059000 0 0
2010 03 09 152.208000 0 0
2010 03 10 143.010000 0 0
2010 03 11 134.614000 0 0
2010 03 12 122.879000 0 0
2010 03 13 112.690000 0 0
2010 03 14 113.364000 0 0
2010 03 15 151.497000 0 0
2010 03 16 253.899000 0 0
2010 03 17 250.003000 0 0
2010 03 18 198.153000 0 0
2010 03 19 163.667000 0 0
2010 03 20 143.010000 0 0
2010 03 21 133.918000 0 0
2010 03 22 145.829000 0 0
2010 03 23 160.070000 0 0
2010 03 24 156.488000 0 0
2010 03 25 162.227000 0 0
2010 03 26 161.507000 0 0
2010 03 27 147.950000 0 0
2010 03 28 134.614000 0 0
2010 03 29 124.936000 0 0
2010 03 30 118.784000 0 0
2010 03 31 120.829000 0 0
2010 04 01 132.529000 0 0
2010 04 02 133.223000 0 0
2010 04 03 146.536000 0 0
2010 04 04 131.835000 0 0
2010 04 05 137.402000 0 0
2010 04 06 143.010000 0 0
2010 04 07 153.632000 0 0
2010 04 08 145.829000 0 0
2010 04 09 138.101000 0 0
2010 04 10 125.623000 0 0
2010 04 11 121.511000 0 0
2010 04 12 107.990000 0 0
2010 04 13 98.044000 0 0
2010 04 14 105.987000 0 0
2010 04 15 98.044000 0 0
2010 04 16 98.044000 0 0
2010 04 17 99.361000 0 0
2010 04 18 98.044000 0 0
2010 04 19 93.464000 0 0
2010 04 20 92.162000 0 0
2010 04 21 84.424000 0 0
2010 04 22 91.513000 0 0
2010 04 23 86.989000 0 0
2010 04 24 86.347000 0 0
2010 04 25 95.422000 0 0
2010 04 26 96.076000 0 0
2010 04 27 93.464000 0 0
2010 04 28 88.923000 0 0
2010 04 29 88.923000 0 0
2010 04 30 87.633000 0 0
2010 05 01 80.601000 0 0
2010 05 02 68.099000 0 0
2010 05 03 62.602000 0 0
2010 05 04 63.209000 0 0
2010 05 05 76.183000 0 0
2010 05 06 81.872000 0 0
2010 05 07 75.555000 0 0
2010 05 08 76.183000 0 0
2010 05 09 79.334000 0 0
2010 05 10 83.146000 0 0
2010 05 11 79.967000 0 0
2010 05 12 85.705000 0 0
2010 05 13 79.334000 0 0
2010 05 14 78.071000 0 0
2010 05 15 77.440000 0 0
2010 05 16 74.303000 0 0
2010 05 17 73.678000 0 0
2010 05 18 78.071000 0 0
2010 05 19 71.189000 0 0
2010 05 20 75.555000 0 0
2010 05 21 78.071000 0 0
2010 05 22 80.601000 0 0
2010 05 23 84.424000 0 0
2010 05 24 73.054000 0 0
2010 05 25 68.715000 0 0
2010 05 26 79.334000 0 0
2010 05 27 72.432000 0 0
2010 05 28 71.810000 0 0
2010 05 29 74.928000 0 0
2010 05 30 68.715000 0 0
2010 05 31 65.646000 0 0
2010 06 01 77.440000 0 0
2010 06 02 66.871000 0 0
2010 06 03 66.871000 0 0
2010 06 04 67.484000 0 0
2010 06 05 69.332000 0 0
2010 06 06 85.064000 0 0
2010 06 07 86.347000 0 0
2010 06 08 86.347000 0 0
2010 06 09 75.555000 0 0
2010 06 10 65.646000 0 0
2010 06 11 74.928000 0 0
2010 06 12 66.871000 0 0
2010 06 13 69.950000 0 0
2010 06 14 70.569000 0 0
2010 06 15 71.810000 0 0
2010 06 16 58.385000 0 0
2010 06 17 63.209000 0 0
2010 06 18 68.715000 0 0
2010 06 19 63.816000 0 0
2010 06 20 59.585000 0 0
2010 06 21 58.984000 0 0
2010 06 22 61.392000 0 0
2010 06 23 66.258000 0 0
2010 06 24 67.484000 0 0
2010 06 25 56.000000 0 0
2010 06 26 61.996000 0 0
2010 06 27 58.984000 0 0
2010 06 28 58.385000 0 0
2010 06 29 59.585000 0 0
2010 06 30 56.595000 0 0
2010 07 01 51.870000 0 0
2010 07 02 53.633000 0 0
2010 07 03 59.585000 0 0
2010 07 04 54.814000 0 0
2010 07 05 52.456000 0 0
2010 07 06 53.044000 0 0
2010 07 07 51.870000 0 0
2010 07 08 53.044000 0 0
2010 07 09 56.000000 0 0
2010 07 10 50.117000 0 0
2010 07 11 50.700000 0 0
2010 07 12 48.955000 0 0
2010 07 13 51.870000 0 0
2010 07 14 65.646000 0 0
2010 07 15 103.991000 0 0
2010 07 16 95.422000 0 0
2010 07 17 92.162000 0 0
2010 07 18 68.099000 0 0
2010 07 19 65.035000 0 0
2010 07 20 65.035000 0 0
2010 07 21 56.000000 0 0
2010 07 22 54.814000 0 0
2010 07 23 56.000000 0 0
2010 07 24 50.117000 0 0
2010 07 25 47.798000 0 0
2010 07 26 50.117000 0 0
2010 07 27 51.870000 0 0
2010 07 28 48.376000 0 0
2010 07 29 45.499000 0 0
2010 07 30 44.927000 0 0
2010 07 31 49.536000 0 0
2010 08 01 46.646000 0 0
2010 08 02 43.788000 0 0
2010 08 03 44.357000 0 0
2010 08 04 42.654000 0 0
2010 08 05 42.654000 0 0
2010 08 06 42.089000 0 0
2010 08 07 42.654000 0 0
2010 08 08 43.220000 0 0
2010 08 09 42.654000 0 0
2010 08 10 42.089000 0 0
2010 08 11 40.940000 0 0
2010 08 12 39.893000 0 0
2010 08 13 38.851000 0 0
2010 08 14 38.332000 0 0
2010 08 15 38.851000 0 0
2010 08 16 38.851000 0 0
2010 08 17 38.332000 0 0
2010 08 18 37.815000 0 0
2010 08 19 38.332000 0 0
2010 08 20 36.785000 0 0
2010 08 21 35.252000 0 0
2010 08 22 35.252000 0 0
2010 08 23 35.762000 0 0
2010 08 24 35.252000 0 0
2010 08 25 35.252000 0 0
2010 08 26 35.252000 0 0
2010 08 27 34.744000 0 0
2010 08 28 31.233000 0 0
2010 08 29 32.228000 0 0
2010 08 30 31.233000 0 0
2010 08 31 31.233000 0 0
2010 09 01 30.738000 0 0
2010 09 02 30.245000 0 0
2010 09 03 30.245000 0 0
2010 09 04 29.753000 0 0
2010 09 05 29.263000 0 0
2010 09 06 28.775000 0 0
2010 09 07 29.753000 0 0
2010 09 08 30.738000 0 0
2010 09 09 31.233000 0 0
2010 09 10 30.738000 0 0
2010 09 11 34.744000 0 0
2010 09 12 38.851000 0 0
2010 09 13 30.245000 0 0
2010 09 14 29.263000 0 0
2010 09 15 28.289000 0 0
2010 09 16 28.289000 0 0
2010 09 17 28.289000 0 0
2010 09 18 28.289000 0 0
2010 09 19 27.804000 0 0
2010 09 20 27.321000 0 0
2010 09 21 28.289000 0 0
2010 09 22 28.289000 0 0
2010 09 23 27.804000 0 0
2010 09 24 27.321000 0 0
2010 09 25 34.744000 0 0
2010 09 26 35.762000 0 0
2010 09 27 44.927000 0 0
2010 09 28 58.385000 0 0
2010 09 29 74.928000 0 0
2010 09 30 71.810000 0 0
2010 10 01 62.602000 0 0
2010 10 02 69.950000 0 0
2010 10 03 73.054000 0 0
2010 10 04 66.258000 0 0
2010 10 05 61.392000 0 0
2010 10 06 51.870000 0 0
2010 10 07 46.071000 0 0
2010 10 08 45.499000 0 0
2010 10 09 46.646000 0 0
2010 10 10 43.788000 0 0
2010 10 11 39.893000 0 0
2010 10 12 38.332000 0 0
2010 10 13 37.299000 0 0
2010 10 14 40.416000 0 0
2010 10 15 31.730000 0 0
2010 10 16 32.228000 0 0
2010 10 17 27.804000 0 0
2010 10 18 27.804000 0 0
2010 10 19 32.228000 0 0
2010 10 20 38.332000 0 0
2010 10 21 40.940000 0 0
2010 10 22 29.753000 0 0
2010 10 23 28.775000 0 0
2010 10 24 27.321000 0 0
2010 10 25 27.804000 0 0
2010 10 26 29.263000 0 0
2010 10 27 31.233000 0 0
2010 10 28 36.785000 0 0
2010 10 29 43.220000 0 0
2010 10 30 46.071000 0 0
2010 10 31 35.252000 0 0
2010 11 01 40.416000 0 0
2010 11 02 44.357000 0 0
2010 11 03 48.955000 0 0
2010 11 04 34.744000 0 0
2010 11 05 30.738000 0 0
2010 11 06 28.775000 0 0
2010 11 07 35.762000 0 0
2010 11 08 54.814000 0 0
2010 11 09 40.940000 0 0
2010 11 10 51.870000 0 0
2010 11 11 67.484000 0 0
2010 11 12 51.870000 0 0
2010 11 13 41.466000 0 0
2010 11 14 46.071000 0 0
2010 11 15 42.089000 0 0
2010 11 16 41.466000 0 0
2010 11 17 48.376000 0 0
2010 11 18 75.555000 0 0
2010 11 19 66.871000 0 0
2010 11 20 52.456000 0 0
2010 11 21 43.788000 0 0
2010 11 22 34.238000 0 0
2010 11 23 35.762000 0 0
2010 11 24 43.220000 0 0
2010 11 25 41.466000 0 0
2010 11 26 44.357000 0 0
2010 11 27 49.536000 0 0
2010 11 28 44.357000 0 0
2010 11 29 38.851000 0 0
2010 11 30 41.466000 0 0
2010 12 01 42.654000 0 0
2010 12 02 47.798000 0 0
2010 12 03 59.585000 0 0
2010 12 04 73.054000 0 0
2010 12 05 73.054000 0 0
2010 12 06 86.989000 0 0
2010 12 07 100.680000 0 0
2010 12 08 100.680000 0 0
2010 12 09 100.680000 0 0
2010 12 10 74.303000 0 0
2010 12 11 61.996000 0 0
2010 12 12 46.071000 0 0
2010 12 13 52.456000 0 0
2010 12 14 68.715000 0 0
2010 12 15 81.872000 0 0
2010 12 16 82.508000 0 0
2010 12 17 96.076000 0 0
2010 12 18 99.361000 0 0
2010 12 19 85.064000 0 0
2010 12 20 78.071000 0 0
2010 12 21 68.715000 0 0
2010 12 22 61.996000 0 0
2010 12 23 81.872000 0 0
2010 12 24 102.664000 0 0
2010 12 25 103.327000 0 0
2010 12 26 94.116000 0 0
2010 12 27 92.812000 0 0
2010 12 28 83.146000 0 0
2010 12 29 103.327000 0 0
2010 12 30 96.076000 0 0
2010 12 31 71.810000 0 0
2011 01 01 71.189000 0 0
2011 01 02 65.035000 0 0
2011 01 03 114.715000 0 0
2011 01 04 325.778000 0 0
2011 01 05 383.777000 0 0
2011 01 06 424.500000 0 0
2011 01 07 467.682000 0 0
2011 01 08 476.407000 0 0
2011 01 09 433.935000 0 0
2011 01 10 361.204000 0 0
2011 01 11 261.723000 0 0
2011 01 12 235.299000 0 0
2011 01 13 230.690000 0 0
2011 01 14 271.957000 0 0
2011 01 15 320.074000 0 0
2011 01 16 322.516000 0 0
2011 01 17 275.120000 0 0
2011 01 18 267.225000 0 0
2011 01 19 303.073000 0 0
2011 01 20 303.073000 0 0
2011 01 21 270.378000 0 0
2011 01 22 223.807000 0 0
2011 01 23 178.929000 0 0
2011 01 24 157.203000 0 0
2011 01 25 138.800000 0 0
2011 01 26 136.007000 0 0
2011 01 27 131.142000 0 0
2011 01 28 124.250000 0 0
2011 01 29 120.829000 0 0
2011 01 30 136.007000 0 0
2011 01 31 122.879000 0 0
2011 02 01 134.614000 0 0
2011 02 02 129.758000 0 0
2011 02 03 129.067000 0 0
2011 02 04 138.101000 0 0
2011 02 05 138.101000 0 0
2011 02 06 123.564000 0 0
2011 02 07 113.364000 0 0
2011 02 08 106.654000 0 0
2011 02 09 100.020000 0 0
2011 02 10 102.002000 0 0
2011 02 11 90.864000 0 0
2011 02 12 87.633000 0 0
2011 02 13 89.569000 0 0
2011 02 14 103.991000 0 0
2011 02 15 92.162000 0 0
2011 02 16 100.680000 0 0
2011 02 17 111.343000 0 0
2011 02 18 139.500000 0 0
2011 02 19 156.488000 0 0
2011 02 20 120.829000 0 0
2011 02 21 104.656000 0 0
2011 02 22 92.812000 0 0
2011 02 23 92.162000 0 0
2011 02 24 100.680000 0 0
2011 02 25 97.388000 0 0
2011 02 26 100.680000 0 0
2011 02 27 104.656000 0 0
2011 02 28 102.002000 0 0
2011 03 01 117.425000 0 0
2011 03 02 120.829000 0 0
2011 03 03 149.367000 0 0
2011 03 04 151.497000 0 0
2011 03 05 162.227000 0 0
2011 03 06 167.278000 0 0
2011 03 07 170.904000 0 0
2011 03 08 210.155000 0 0
2011 03 09 219.239000 0 0
2011 03 10 215.446000 0 0
2011 03 11 173.814000 0 0
2011 03 12 161.507000 0 0
2011 03 13 160.788000 0 0
2011 03 14 135.310000 0 0
2011 03 15 127.688000 0 0
2011 03 16 124.936000 0 0
2011 03 17 118.784000 0 0
2011 03 18 114.039000 0 0
2011 03 19 123.564000 0 0
2011 03 20 143.010000 0 0
2011 03 21 118.104000 0 0
2011 03 22 111.343000 0 0
2011 03 23 104.656000 0 0
2011 03 24 100.020000 0 0
2011 03 25 103.991000 0 0
2011 03 26 102.664000 0 0
2011 03 27 102.002000 0 0
2011 03 28 98.702000 0 0
2011 03 29 98.702000 0 0
2011 03 30 106.654000 0 0
2011 03 31 120.829000 0 0
2011 04 01 114.715000 0 0
2011 04 02 101.340000 0 0
2011 04 03 98.044000 0 0
2011 04 04 107.322000 0 0
2011 04 05 110.000000 0 0
2011 04 06 109.329000 0 0
2011 04 07 102.664000 0 0
2011 04 08 91.513000 0 0
2011 04 09 91.513000 0 0
2011 04 10 83.784000 0 0
2011 04 11 107.322000 0 0
2011 04 12 143.010000 0 0
2011 04 13 155.773000 0 0
2011 04 14 185.543000 0 0
2011 04 15 197.407000 0 0
2011 04 16 156.488000 0 0
2011 04 17 112.016000 0 0
2011 04 18 100.020000 0 0
2011 04 19 97.388000 0 0
2011 04 20 88.923000 0 0
2011 04 21 95.422000 0 0
2011 04 22 97.388000 0 0
2011 04 23 85.064000 0 0
2011 04 24 81.236000 0 0
2011 04 25 84.424000 0 0
2011 04 26 74.928000 0 0
2011 04 27 77.440000 0 0
2011 04 28 84.424000 0 0
2011 04 29 96.076000 0 0
2011 04 30 83.146000 0 0
2011 05 01 81.236000 0 0
2011 05 02 76.183000 0 0
2011 05 03 76.183000 0 0
2011 05 04 72.432000 0 0
2011 05 05 69.332000 0 0
2011 05 06 66.258000 0 0
2011 05 07 71.189000 0 0
2011 05 08 74.928000 0 0
2011 05 09 69.332000 0 0
2011 05 10 71.810000 0 0
2011 05 11 73.678000 0 0
2011 05 12 68.099000 0 0
2011 05 13 68.715000 0 0
2011 05 14 68.099000 0 0
2011 05 15 65.646000 0 0
2011 05 16 68.099000 0 0
2011 05 17 71.189000 0 0
2011 05 18 69.950000 0 0
2011 05 19 65.646000 0 0
2011 05 20 69.950000 0 0
2011 05 21 63.209000 0 0
2011 05 22 62.602000 0 0
2011 05 23 63.816000 0 0
2011 05 24 65.035000 0 0
2011 05 25 60.186000 0 0
2011 05 26 59.585000 0 0
2011 05 27 61.996000 0 0
2011 05 28 57.190000 0 0
2011 05 29 60.186000 0 0
2011 05 30 61.392000 0 0
2011 05 31 65.646000 0 0
2011 06 01 55.406000 0 0
2011 06 02 61.392000 0 0
2011 06 03 59.585000 0 0
2011 06 04 55.406000 0 0
2011 06 05 55.406000 0 0
2011 06 06 55.406000 0 0
2011 06 07 56.000000 0 0
2011 06 08 59.585000 0 0
2011 06 09 78.702000 0 0
2011 06 10 93.464000 0 0
2011 06 11 107.322000 0 0
2011 06 12 85.705000 0 0
2011 06 13 73.054000 0 0
2011 06 14 68.099000 0 0
2011 06 15 65.646000 0 0
2011 06 16 61.996000 0 0
2011 06 17 57.787000 0 0
2011 06 18 60.788000 0 0
2011 06 19 58.385000 0 0
2011 06 20 56.000000 0 0
2011 06 21 54.223000 0 0
2011 06 22 53.044000 0 0
2011 06 23 54.814000 0 0
2011 06 24 57.190000 0 0
2011 06 25 53.633000 0 0
2011 06 26 51.870000 0 0
2011 06 27 54.223000 0 0
2011 06 28 55.406000 0 0
2011 06 29 56.000000 0 0
2011 06 30 65.646000 0 0
2011 07 01 53.633000 0 0
2011 07 02 54.223000 0 0
2011 07 03 52.456000 0 0
2011 07 04 54.223000 0 0
2011 07 05 54.814000 0 0
2011 07 06 54.814000 0 0
2011 07 07 49.536000 0 0
2011 07 08 48.376000 0 0
2011 07 09 53.633000 0 0
2011 07 10 53.044000 0 0
2011 07 11 52.456000 0 0
2011 07 12 51.284000 0 0
2011 07 13 48.376000 0 0
2011 07 14 46.071000 0 0
2011 07 15 46.646000 0 0
2011 07 16 42.654000 0 0
2011 07 17 44.357000 0 0
2011 07 18 44.927000 0 0
2011 07 19 43.788000 0 0
2011 07 20 45.499000 0 0
2011 07 21 44.357000 0 0
2011 07 22 46.071000 0 0
2011 07 23 40.940000 0 0
2011 07 24 42.654000 0 0
2011 07 25 45.499000 0 0
2011 07 26 41.466000 0 0
2011 07 27 41.466000 0 0
2011 07 28 43.220000 0 0
2011 07 29 46.646000 0 0
2011 07 30 42.089000 0 0
2011 07 31 34.744000 0 0
2011 08 01 37.815000 0 0
2011 08 02 40.416000 0 0
2011 08 03 37.299000 0 0
2011 08 04 42.654000 0 0
2011 08 05 51.284000 0 0
2011 08 06 54.814000 0 0
2011 08 07 44.927000 0 0
2011 08 08 42.654000 0 0
2011 08 09 42.654000 0 0
2011 08 10 42.089000 0 0
2011 08 11 39.893000 0 0
2011 08 12 39.893000 0 0
2011 08 13 38.851000 0 0
2011 08 14 38.851000 0 0
2011 08 15 37.299000 0 0
2011 08 16 37.299000 0 0
2011 08 17 34.744000 0 0
2011 08 18 33.733000 0 0
2011 08 19 33.230000 0 0
2011 08 20 32.228000 0 0
2011 08 21 34.744000 0 0
2011 08 22 36.273000 0 0
2011 08 23 39.371000 0 0
2011 08 24 39.893000 0 0
2011 08 25 38.851000 0 0
2011 08 26 38.851000 0 0
2011 08 27 41.466000 0 0
2011 08 28 35.762000 0 0
2011 08 29 33.733000 0 0
2011 08 30 33.733000 0 0
2011 08 31 33.733000 0 0
2011 09 01 36.785000 0 0
2011 09 02 35.762000 0 0
2011 09 03 39.893000 0 0
2011 09 04 37.815000 0 0
2011 09 05 37.815000 0 0
2011 09 06 33.733000 0 0
2011 09 07 31.730000 0 0
2011 09 08 29.263000 0 0
2011 09 09 27.804000 0 0
2011 09 10 27.804000 0 0
2011 09 11 27.804000 0 0
2011 09 12 28.775000 0 0
2011 09 13 29.753000 0 0
2011 09 14 28.775000 0 0
2011 09 15 28.775000 0 0
2011 09 16 27.321000 0 0
2011 09 17 27.321000 0 0
2011 09 18 26.840000 0 0
2011 09 19 27.321000 0 0
2011 09 20 26.840000 0 0
2011 09 21 38.332000 0 0
2011 09 22 28.289000 0 0
2011 09 23 26.840000 0 0
2011 09 24 26.361000 0 0
2011 09 25 26.840000 0 0
2011 09 26 26.840000 0 0
2011 09 27 26.840000 0 0
2011 09 28 26.840000 0 0
2011 09 29 26.840000 0 0
2011 09 30 26.361000 0 0
2011 10 01 26.840000 0 0
2011 10 02 26.840000 0 0
2011 10 03 28.289000 0 0
2011 10 04 28.775000 0 0
2011 10 05 28.289000 0 0
2011 10 06 27.321000 0 0
2011 10 07 27.321000 0 0
2011 10 08 27.321000 0 0
2011 10 09 25.408000 0 0
2011 10 10 17.194000 0 0
2011 10 11 18.515000 0 0
2011 10 12 25.408000 0 0
2011 10 13 30.245000 0 0
2011 10 14 39.893000 0 0
2011 10 15 71.810000 0 0
2011 10 16 110.671000 0 0
2011 10 17 127.688000 0 0
2011 10 18 141.604000 0 0
2011 10 19 114.715000 0 0
2011 10 20 81.236000 0 0
2011 10 21 55.406000 0 0
2011 10 22 51.870000 0 0
2011 10 23 53.633000 0 0
2011 10 24 43.220000 0 0
2011 10 25 39.371000 0 0
2011 10 26 44.927000 0 0
2011 10 27 54.814000 0 0
2011 10 28 50.700000 0 0
2011 10 29 42.089000 0 0
2011 10 30 46.071000 0 0
2011 10 31 63.816000 0 0
2011 11 01 63.816000 0 0
2011 11 02 53.044000 0 0
2011 11 03 43.220000 0 0
2011 11 04 39.893000 0 0
2011 11 05 37.299000 0 0
2011 11 06 30.738000 0 0
2011 11 07 29.753000 0 0
2011 11 08 34.238000 0 0
2011 11 09 35.252000 0 0
2011 11 10 35.762000 0 0
2011 11 11 33.733000 0 0
2011 11 12 31.730000 0 0
2011 11 13 36.785000 0 0
2011 11 14 42.089000 0 0
2011 11 15 71.810000 0 0
2011 11 16 141.604000 0 0
2011 11 17 196.662000 0 0
2011 11 18 171.631000 0 0
2011 11 19 114.715000 0 0
2011 11 20 92.812000 0 0
2011 11 21 70.569000 0 0
2011 11 22 68.099000 0 0
2011 11 23 72.432000 0 0
2011 11 24 102.002000 0 0
2011 11 25 103.991000 0 0
2011 11 26 79.967000 0 0
2011 11 27 92.162000 0 0
2011 11 28 92.812000 0 0
2011 11 29 78.071000 0 0
2011 11 30 71.189000 0 0
2011 12 01 88.278000 0 0
2011 12 02 126.310000 0 0
2011 12 03 113.364000 0 0
2011 12 04 94.116000 0 0
2011 12 05 81.872000 0 0
2011 12 06 74.928000 0 0
2011 12 07 64.425000 0 0
2011 12 08 73.054000 0 0
2011 12 09 90.216000 0 0
2011 12 10 120.146000 0 0
2011 12 11 160.070000 0 0
2011 12 12 155.059000 0 0
2011 12 13 122.879000 0 0
2011 12 14 94.768000 0 0
2011 12 15 84.424000 0 0
2011 12 16 77.440000 0 0
2011 12 17 73.054000 0 0
2011 12 18 70.569000 0 0
2011 12 19 65.035000 0 0
2011 12 20 65.646000 0 0
2011 12 21 79.334000 0 0
2011 12 22 66.871000 0 0
2011 12 23 65.035000 0 0
2011 12 24 60.186000 0 0
2011 12 25 62.602000 0 0
2011 12 26 62.602000 0 0
2011 12 27 60.186000 0 0
2011 12 28 58.385000 0 0
2011 12 29 66.871000 0 0
2011 12 30 60.788000 0 0
2011 12 31 57.787000 0 0
2012 01 01 78.071000 0 0
2012 01 02 124.936000 0 0
2012 01 03 151.497000 0 0
2012 01 04 129.067000 0 0
2012 01 05 112.016000 0 0
2012 01 06 93.464000 0 0
2012 01 07 83.784000 0 0
2012 01 08 100.680000 0 0
2012 01 09 113.364000 0 0
2012 01 10 115.391000 0 0
2012 01 11 114.715000 0 0
2012 01 12 112.016000 0 0
2012 01 13 110.671000 0 0
2012 01 14 119.465000 0 0
2012 01 15 117.425000 0 0
2012 01 16 140.201000 0 0
2012 01 17 243.792000 0 0
2012 01 18 297.444000 0 0
2012 01 19 367.033000 0 0
2012 01 20 352.907000 0 0
2012 01 21 244.567000 0 0
2012 01 22 193.686000 0 0
2012 01 23 184.070000 0 0
2012 01 24 178.196000 0 0
2012 01 25 175.273000 0 0
2012 01 26 167.278000 0 0
2012 01 27 164.388000 0 0
2012 01 28 162.947000 0 0
2012 01 29 180.395000 0 0
2012 01 30 187.019000 0 0
2012 01 31 156.488000 0 0
2012 02 01 135.310000 0 0
2012 02 02 120.829000 0 0
2012 02 03 123.564000 0 0
2012 02 04 112.016000 0 0
2012 02 05 102.002000 0 0
2012 02 06 94.116000 0 0
2012 02 07 90.864000 0 0
2012 02 08 94.768000 0 0
2012 02 09 83.784000 0 0
2012 02 10 81.236000 0 0
2012 02 11 88.278000 0 0
2012 02 12 137.402000 0 0
2012 02 13 220.760000 0 0
2012 02 14 268.012000 0 0
2012 02 15 207.895000 0 0
2012 02 16 154.345000 0 0
2012 02 17 126.999000 0 0
2012 02 18 107.990000 0 0
2012 02 19 108.659000 0 0
2012 02 20 96.076000 0 0
2012 02 21 94.116000 0 0
2012 02 22 96.076000 0 0
2012 02 23 109.329000 0 0
2012 02 24 114.715000 0 0
2012 02 25 105.321000 0 0
2012 02 26 110.671000 0 0
2012 02 27 112.016000 0 0
2012 02 28 105.987000 0 0
2012 02 29 112.016000 0 0
2012 03 01 105.987000 0 0
2012 03 02 88.923000 0 0
2012 03 03 83.146000 0 0
2012 03 04 96.076000 0 0
2012 03 05 104.656000 0 0
2012 03 06 114.039000 0 0
2012 03 07 101.340000 0 0
2012 03 08 81.872000 0 0
2012 03 09 79.334000 0 0
2012 03 10 74.928000 0 0
2012 03 11 73.678000 0 0
2012 03 12 97.388000 0 0
2012 03 13 86.347000 0 0
2012 03 14 95.422000 0 0
2012 03 15 100.020000 0 0
2012 03 16 96.732000 0 0
2012 03 17 131.142000 0 0
2012 03 18 107.990000 0 0
2012 03 19 105.321000 0 0
2012 03 20 89.569000 0 0
2012 03 21 77.440000 0 0
2012 03 22 79.334000 0 0
2012 03 23 76.183000 0 0
2012 03 24 89.569000 0 0
2012 03 25 105.987000 0 0
2012 03 26 109.329000 0 0
2012 03 27 100.020000 0 0
2012 03 28 94.768000 0 0
2012 03 29 92.162000 0 0
2012 03 30 88.923000 0 0
2012 03 31 84.424000 0 0
2012 04 01 88.923000 0 0
2012 04 02 92.162000 0 0
2012 04 03 81.872000 0 0
2012 04 04 73.054000 0 0
2012 04 05 70.569000 0 0
2012 04 06 73.054000 0 0
2012 04 07 75.555000 0 0
2012 04 08 66.871000 0 0
2012 04 09 61.392000 0 0
2012 04 10 79.334000 0 0
2012 04 11 81.236000 0 0
2012 04 12 69.332000 0 0
2012 04 13 66.871000 0 0
2012 04 14 69.950000 0 0
2012 04 15 65.035000 0 0
2012 04 16 81.236000 0 0
2012 04 17 88.923000 0 0
2012 04 18 74.303000 0 0
2012 04 19 68.715000 0 0
2012 04 20 65.646000 0 0
2012 04 21 76.183000 0 0
2012 04 22 90.864000 0 0
2012 04 23 86.347000 0 0
2012 04 24 81.872000 0 0
2012 04 25 78.071000 0 0
2012 04 26 75.555000 0 0
2012 04 27 73.054000 0 0
2012 04 28 73.054000 0 0
2012 04 29 83.784000 0 0
2012 04 30 102.664000 0 0
2012 05 01 149.367000 0 0
2012 05 02 155.059000 0 0
2012 05 03 139.500000 0 0
2012 05 04 121.511000 0 0
2012 05 05 99.361000 0 0
2012 05 06 87.633000 0 0
2012 05 07 80.601000 0 0
2012 05 08 78.071000 0 0
2012 05 09 74.303000 0 0
2012 05 10 72.432000 0 0
2012 05 11 72.432000 0 0
2012 05 12 69.950000 0 0
2012 05 13 80.601000 0 0
2012 05 14 74.928000 0 0
2012 05 15 81.872000 0 0
2012 05 16 76.811000 0 0
2012 05 17 81.872000 0 0
2012 05 18 77.440000 0 0
2012 05 19 69.332000 0 0
2012 05 20 71.810000 0 0
2012 05 21 66.258000 0 0
2012 05 22 64.425000 0 0
2012 05 23 65.646000 0 0
2012 05 24 65.035000 0 0
2012 05 25 61.996000 0 0
2012 05 26 78.702000 0 0
2012 05 27 80.601000 0 0
2012 05 28 76.811000 0 0
2012 05 29 73.054000 0 0
2012 05 30 64.425000 0 0
2012 05 31 68.099000 0 0
2012 06 01 62.602000 0 0
2012 06 02 71.810000 0 0
2012 06 03 58.385000 0 0
2012 06 04 56.595000 0 0
2012 06 05 56.000000 0 0
2012 06 06 83.784000 0 0
2012 06 07 109.329000 0 0
2012 06 08 101.340000 0 0
2012 06 09 103.327000 0 0
2012 06 10 91.513000 0 0
2012 06 11 83.784000 0 0
2012 06 12 78.071000 0 0
2012 06 13 97.388000 0 0
2012 06 14 86.989000 0 0
2012 06 15 76.183000 0 0
2012 06 16 76.811000 0 0
2012 06 17 66.258000 0 0
2012 06 18 69.950000 0 0
2012 06 19 60.788000 0 0
2012 06 20 65.646000 0 0
2012 06 21 102.002000 0 0
2012 06 22 140.201000 0 0
2012 06 23 208.648000 0 0
2012 06 24 215.446000 0 0
2012 06 25 154.345000 0 0
2012 06 26 129.067000 0 0
2012 06 27 102.664000 0 0
2012 06 28 100.020000 0 0
2012 06 29 89.569000 0 0
2012 06 30 91.513000 0 0
2012 07 01 82.508000 0 0
2012 07 02 78.702000 0 0
2012 07 03 78.702000 0 0
2012 07 04 78.702000 0 0
2012 07 05 73.054000 0 0
2012 07 06 77.440000 0 0
2012 07 07 69.332000 0 0
2012 07 08 69.950000 0 0
2012 07 09 75.555000 0 0
2012 07 10 74.928000 0 0
2012 07 11 69.332000 0 0
2012 07 12 68.715000 0 0
2012 07 13 74.303000 0 0
2012 07 14 85.064000 0 0
2012 07 15 83.784000 0 0
2012 07 16 74.303000 0 0
2012 07 17 74.303000 0 0
2012 07 18 90.216000 0 0
2012 07 19 165.832000 0 0
2012 07 20 143.010000 0 0
2012 07 21 114.039000 0 0
2012 07 22 96.076000 0 0
2012 07 23 92.162000 0 0
2012 07 24 78.071000 0 0
2012 07 25 69.950000 0 0
2012 07 26 77.440000 0 0
2012 07 27 71.189000 0 0
2012 07 28 68.715000 0 0
2012 07 29 74.303000 0 0
2012 07 30 69.332000 0 0
2012 07 31 65.646000 0 0
2012 08 01 62.602000 0 0
2012 08 02 61.392000 0 0
2012 08 03 59.585000 0 0
2012 08 04 59.585000 0 0
2012 08 05 60.186000 0 0
2012 08 06 58.385000 0 0
2012 08 07 58.984000 0 0
2012 08 08 56.000000 0 0
2012 08 09 54.223000 0 0
2012 08 10 53.044000 0 0
2012 08 11 53.633000 0 0
2012 08 12 53.633000 0 0
2012 08 13 52.456000 0 0
2012 08 14 53.044000 0 0
2012 08 15 51.870000 0 0
2012 08 16 51.284000 0 0
2012 08 17 51.870000 0 0
2012 08 18 50.117000 0 0
2012 08 19 48.376000 0 0
2012 08 20 49.536000 0 0
2012 08 21 47.798000 0 0
2012 08 22 44.927000 0 0
2012 08 23 42.654000 0 0
2012 08 24 53.044000 0 0
2012 08 25 43.788000 0 0
2012 08 26 43.220000 0 0
2012 08 27 42.089000 0 0
2012 08 28 41.466000 0 0
2012 08 29 42.089000 0 0
2012 08 30 44.927000 0 0
2012 08 31 42.654000 0 0
2012 09 01 42.089000 0 0
2012 09 02 40.940000 0 0
2012 09 03 39.893000 0 0
2012 09 04 39.893000 0 0
2012 09 05 39.893000 0 0
2012 09 06 38.332000 0 0
2012 09 07 37.815000 0 0
2012 09 08 37.815000 0 0
2012 09 09 36.785000 0 0
2012 09 10 36.273000 0 0
2012 09 11 35.252000 0 0
2012 09 12 34.744000 0 0
2012 09 13 36.273000 0 0
2012 09 14 35.252000 0 0
2012 09 15 34.744000 0 0
2012 09 16 34.238000 0 0
2012 09 17 33.733000 0 0
2012 09 18 33.230000 0 0
2012 09 19 32.728000 0 0
2012 09 20 31.730000 0 0
2012 09 21 31.730000 0 0
2012 09 22 47.221000 0 0
2012 09 23 60.186000 0 0
2012 09 24 64.425000 0 0
2012 09 25 54.223000 0 0
2012 09 26 42.089000 0 0
2012 09 27 40.940000 0 0
2012 09 28 42.089000 0 0
2012 09 29 43.220000 0 0
2012 09 30 39.893000 0 0
2012 10 01 37.815000 0 0
2012 10 02 35.762000 0 0
2012 10 03 33.733000 0 0
2012 10 04 32.228000 0 0
2012 10 05 31.730000 0 0
2012 10 06 35.762000 0 0
2012 10 07 36.785000 0 0
2012 10 08 34.238000 0 0
2012 10 09 40.416000 0 0
2012 10 10 37.815000 0 0
2012 10 11 31.730000 0 0
2012 10 12 31.233000 0 0
2012 10 13 30.738000 0 0
2012 10 14 32.728000 0 0
2012 10 15 32.728000 0 0
2012 10 16 40.416000 0 0
2012 10 17 42.089000 0 0
2012 10 18 40.940000 0 0
2012 10 19 46.071000 0 0
2012 10 20 40.940000 0 0
2012 10 21 45.499000 0 0
2012 10 22 40.940000 0 0
2012 10 23 36.785000 0 0
2012 10 24 60.788000 0 0
2012 10 25 57.787000 0 0
2012 10 26 66.871000 0 0
2012 10 27 56.000000 0 0
2012 10 28 60.186000 0 0
2012 10 29 54.223000 0 0
2012 10 30 50.700000 0 0
2012 10 31 49.536000 0 0
2012 11 01 66.258000 0 0
2012 11 02 73.054000 0 0
2012 11 03 66.871000 0 0
2012 11 04 47.798000 0 0
2012 11 05 51.870000 0 0
2012 11 06 50.117000 0 0
2012 11 07 47.221000 0 0
2012 11 08 36.273000 0 0
2012 11 09 34.238000 0 0
2012 11 10 37.815000 0 0
2012 11 11 51.870000 0 0
2012 11 12 39.893000 0 0
2012 11 13 46.071000 0 0
2012 11 14 55.406000 0 0
2012 11 15 66.871000 0 0
2012 11 16 66.871000 0 0
2012 11 17 63.209000 0 0
2012 11 18 51.870000 0 0
2012 11 19 36.273000 0 0
2012 11 20 34.744000 0 0
2012 11 21 34.744000 0 0
2012 11 22 33.733000 0 0
2012 11 23 31.730000 0 0
2012 11 24 29.263000 0 0
2012 11 25 32.228000 0 0
2012 11 26 36.785000 0 0
2012 11 27 46.071000 0 0
2012 11 28 42.089000 0 0
2012 11 29 41.466000 0 0
2012 11 30 41.466000 0 0
2012 12 01 31.730000 0 0
2012 12 02 29.753000 0 0
2012 12 03 42.654000 0 0
2012 12 04 60.186000 0 0
2012 12 05 59.585000 0 0
2012 12 06 71.189000 0 0
2012 12 07 51.284000 0 0
2012 12 08 54.814000 0 0
2012 12 09 53.633000 0 0
2012 12 10 52.456000 0 0
2012 12 11 50.117000 0 0
2012 12 12 62.602000 0 0
2012 12 13 74.303000 0 0
2012 12 14 74.928000 0 0
2012 12 15 74.928000 0 0
2012 12 16 126.310000 0 0
2012 12 17 138.101000 0 0
2012 12 18 128.377000 0 0
2012 12 19 110.671000 0 0
2012 12 20 92.812000 0 0
2012 12 21 79.967000 0 0
2012 12 22 79.334000 0 0
2012 12 23 79.967000 0 0
2012 12 24 75.555000 0 0
2012 12 25 62.602000 0 0
2012 12 26 59.585000 0 0
2012 12 27 61.996000 0 0
2012 12 28 60.788000 0 0
2012 12 29 76.183000 0 0
2012 12 30 74.303000 0 0
2012 12 31 83.784000 0 0
2013 01 01 118.104000 0 0
2013 01 02 101.340000 0 0
2013 01 03 88.278000 0 0
2013 01 04 83.784000 0 0
2013 01 05 113.364000 0 0
2013 01 06 110.671000 0 0
2013 01 07 100.020000 0 0
2013 01 08 110.000000 0 0
2013 01 09 90.216000 0 0
2013 01 10 93.464000 0 0
2013 01 11 123.564000 0 0
2013 01 12 133.223000 0 0
2013 01 13 171.631000 0 0
2013 01 14 285.446000 0 0
2013 01 15 340.527000 0 0
2013 01 16 373.714000 0 0
2013 01 17 345.469000 0 0
2013 01 18 299.854000 0 0
2013 01 19 223.044000 0 0
2013 01 20 180.395000 0 0
2013 01 21 156.488000 0 0
2013 01 22 134.614000 0 0
2013 01 23 110.671000 0 0
2013 01 24 106.654000 0 0
2013 01 25 100.020000 0 0
2013 01 26 116.069000 0 0
2013 01 27 213.176000 0 0
2013 01 28 207.143000 0 0
2013 01 29 191.459000 0 0
2013 01 30 167.278000 0 0
2013 01 31 155.059000 0 0
2013 02 01 nan nan nan
2013 02 02 nan nan nan
2013 02 03 nan nan nan
2013 02 04 nan nan nan
2013 02 05 nan nan nan
2013 02 06 nan nan nan
2013 02 07 nan nan nan
2013 02 08 nan nan nan
2013 02 09 nan nan nan
2013 02 10 nan nan nan
2013 02 11 nan nan nan
2013 02 12 nan nan nan
2013 02 13 nan nan nan
2013 02 14 nan nan nan
2013 02 15 nan nan nan
2013 02 16 nan nan nan
2013 02 17 nan nan nan
2013 02 18 nan nan nan
2013 02 19 nan nan nan
2013 02 20 nan nan nan
2013 02 21 nan nan nan
2013 02 22 nan nan nan
2013 02 23 nan nan nan
2013 02 24 nan nan nan
2013 02 25 nan nan nan
2013 02 26 nan nan nan
2013 02 27 nan nan nan
2013 02 28 nan nan nan
2013 03 01 138.800000 0 0
2013 03 02 127.688000 0 0
2013 03 03 152.920000 0 0
2013 03 04 143.010000 0 0
2013 03 05 107.990000 0 0
2013 03 06 98.702000 0 0
2013 03 07 98.702000 0 0
2013 03 08 98.702000 0 0
2013 03 09 118.104000 0 0
2013 03 10 135.310000 0 0
2013 03 11 155.059000 0 0
2013 03 12 172.358000 0 0
2013 03 13 200.394000 0 0
2013 03 14 206.391000 0 0
2013 03 15 195.173000 0 0
2013 03 16 193.686000 0 0
2013 03 17 179.661000 0 0
2013 03 18 158.635000 0 0
2013 03 19 169.452000 0 0
2013 03 20 164.388000 0 0
2013 03 21 154.345000 0 0
2013 03 22 165.110000 0 0
2013 03 23 169.452000 0 0
2013 03 24 163.667000 0 0
2013 03 25 153.632000 0 0
2013 03 26 210.155000 0 0
2013 03 27 184.070000 0 0
2013 03 28 157.919000 0 0
2013 03 29 146.536000 0 0
2013 03 30 138.800000 0 0
2013 03 31 120.146000 0 0
2013 04 01 110.671000 0 0
2013 04 02 101.340000 0 0
2013 04 03 137.402000 0 0
2013 04 04 143.714000 0 0
2013 04 05 126.999000 0 0
2013 04 06 161.507000 0 0
2013 04 07 185.543000 0 0
2013 04 08 164.388000 0 0
2013 04 09 144.419000 0 0
2013 04 10 151.497000 0 0
2013 04 11 145.829000 0 0
2013 04 12 125.623000 0 0
2013 04 13 114.715000 0 0
2013 04 14 120.146000 0 0
2013 04 15 140.201000 0 0
2013 04 16 133.223000 0 0
2013 04 17 121.511000 0 0
2013 04 18 107.990000 0 0
2013 04 19 94.768000 0 0
2013 04 20 94.768000 0 0
2013 04 21 96.076000 0 0
2013 04 22 93.464000 0 0
2013 04 23 89.569000 0 0
2013 04 24 85.064000 0 0
2013 04 25 83.146000 0 0
2013 04 26 79.967000 0 0
2013 04 27 88.923000 0 0
2013 04 28 80.601000 0 0
2013 04 29 78.702000 0 0
2013 04 30 79.967000 0 0
2013 05 01 77.440000 0 0
2013 05 02 70.569000 0 0
2013 05 03 69.950000 0 0
2013 05 04 68.099000 0 0
2013 05 05 66.258000 0 0
2013 05 06 66.871000 0 0
2013 05 07 68.715000 0 0
2013 05 08 66.258000 0 0
2013 05 09 65.646000 0 0
2013 05 10 66.258000 0 0
2013 05 11 63.816000 0 0
2013 05 12 74.928000 0 0
2013 05 13 63.209000 0 0
2013 05 14 69.332000 0 0
2013 05 15 69.950000 0 0
2013 05 16 69.332000 0 0
2013 05 17 73.054000 0 0
2013 05 18 63.209000 0 0
2013 05 19 61.996000 0 0
2013 05 20 61.996000 0 0
2013 05 21 67.484000 0 0
2013 05 22 69.950000 0 0
2013 05 23 65.646000 0 0
2013 05 24 66.871000 0 0
2013 05 25 69.332000 0 0
2013 05 26 70.569000 0 0
2013 05 27 69.950000 0 0
2013 05 28 103.327000 0 0
2013 05 29 140.201000 0 0
2013 05 30 193.686000 0 0
2013 05 31 180.395000 0 0
2013 06 01 nan nan nan
2013 06 02 nan nan nan
2013 06 03 nan nan nan
2013 06 04 nan nan nan
2013 06 05 nan nan nan
2013 06 06 nan nan nan
2013 06 07 nan nan nan
2013 06 08 nan nan nan
2013 06 09 nan nan nan
2013 06 10 nan nan nan
2013 06 11 nan nan nan
2013 06 12 nan nan nan
2013 06 13 nan nan nan
2013 06 14 nan nan nan
2013 06 15 nan nan nan
2013 06 16 nan nan nan
2013 06 17 nan nan nan
2013 06 18 nan nan nan
2013 06 19 nan nan nan
2013 06 20 nan nan nan
2013 06 21 nan nan nan
2013 06 22 nan nan nan
2013 06 23 nan nan nan
2013 06 24 nan nan nan
2013 06 25 nan nan nan
2013 06 26 nan nan nan
2013 06 27 nan nan nan
2013 06 28 nan nan nan
2013 06 29 nan nan nan
2013 06 30 nan nan nan
2013 07 01 66.871000 0 0
2013 07 02 66.258000 0 0
2013 07 03 66.871000 0 0
2013 07 04 78.071000 0 0
2013 07 05 74.928000 0 0
2013 07 06 58.385000 0 0
2013 07 07 68.715000 0 0
2013 07 08 66.871000 0 0
2013 07 09 58.385000 0 0
2013 07 10 58.385000 0 0
2013 07 11 56.595000 0 0
2013 07 12 54.814000 0 0
2013 07 13 52.456000 0 0
2013 07 14 56.595000 0 0
2013 07 15 66.258000 0 0
2013 07 16 64.425000 0 0
2013 07 17 61.996000 0 0
2013 07 18 54.223000 0 0
2013 07 19 54.814000 0 0
2013 07 20 54.814000 0 0
2013 07 21 51.284000 0 0
2013 07 22 49.536000 0 0
2013 07 23 52.456000 0 0
2013 07 24 nan nan nan
2013 07 25 nan nan nan
2013 07 26 nan nan nan
2013 07 27 nan nan nan
2013 07 28 nan nan nan
2013 07 29 nan nan nan
2013 07 30 nan nan nan
2013 07 31 nan nan nan
2013 08 01 nan nan nan
2013 08 02 nan nan nan
2013 08 03 nan nan nan
2013 08 04 nan nan nan
2013 08 05 nan nan nan
2013 08 06 nan nan nan
2013 08 07 nan nan nan
2013 08 08 nan nan nan
2013 08 09 nan nan nan
2013 08 10 nan nan nan
2013 08 11 nan nan nan
2013 08 12 nan nan nan
2013 08 13 nan nan nan
2013 08 14 nan nan nan
2013 08 15 43.788000 0 0
2013 08 16 43.788000 0 0
2013 08 17 43.788000 0 0
2013 08 18 43.788000 0 0
2013 08 19 43.788000 0 0
2013 08 20 43.788000 0 0
2013 08 21 42.654000 0 0
2013 08 22 42.654000 0 0
2013 08 23 42.654000 0 0
2013 08 24 42.654000 0 0
2013 08 25 42.654000 0 0
2013 08 26 42.654000 0 0
2013 08 27 42.654000 0 0
2013 08 28 41.466000 0 0
2013 08 29 41.466000 0 0
2013 08 30 40.416000 0 0
2013 08 31 40.416000 0 0
2013 09 01 40.416000 0 0
2013 09 02 40.416000 0 0
2013 09 03 39.371000 0 0
2013 09 04 39.371000 0 0
2013 09 05 39.371000 0 0
2013 09 06 39.371000 0 0
2013 09 07 38.332000 0 0
2013 09 08 38.332000 0 0
2013 09 09 38.332000 0 0
2013 09 10 38.332000 0 0
2013 09 11 38.332000 0 0
2013 09 12 37.299000 0 0
2013 09 13 37.299000 0 0
2013 09 14 37.299000 0 0
2013 09 15 37.299000 0 0
2013 09 16 38.332000 0 0
2013 09 17 38.332000 0 0
2013 09 18 57.787000 0 0
2013 09 19 60.186000 0 0
2013 09 20 60.186000 0 0
2013 09 21 58.984000 0 0
2013 09 22 56.595000 0 0
2013 09 23 55.406000 0 0
2013 09 24 55.406000 0 0
2013 09 25 55.406000 0 0
2013 09 26 54.223000 0 0
2013 09 27 53.044000 0 0
2013 09 28 50.700000 0 0
2013 09 29 50.700000 0 0
2013 09 30 48.376000 0 0
2013 10 01 99.361000 0 0
2013 10 02 99.361000 0 0
2013 10 03 100.680000 0 0
2013 10 04 105.987000 0 0
2013 10 05 108.659000 0 0
2013 10 06 107.322000 0 0
2013 10 07 105.987000 0 0
2013 10 08 104.656000 0 0
2013 10 09 103.327000 0 0
2013 10 10 100.680000 0 0
2013 10 11 98.044000 0 0
2013 10 12 95.422000 0 0
2013 10 13 94.116000 0 0
2013 10 14 91.513000 0 0
2013 10 15 90.216000 0 0
2013 10 16 87.633000 0 0
2013 10 17 83.784000 0 0
2013 10 18 81.236000 0 0
2013 10 19 77.440000 0 0
2013 10 20 73.678000 0 0
2013 10 21 69.950000 0 0
2013 10 22 65.035000 0 0
2013 10 23 61.392000 0 0
2013 10 24 56.595000 0 0
2013 10 25 51.870000 0 0
2013 10 26 49.536000 0 0
2013 10 27 49.536000 0 0
2013 10 28 48.376000 0 0
2013 10 29 48.376000 0 0
2013 10 30 48.376000 0 0
2013 10 31 47.221000 0 0
