year month day streamflow_m3s qual_control_by_ana qual_flag
2009 01 01 10.590000 0 0
2009 01 02 14.870000 0 0
2009 01 03 19.120000 0 0
2009 01 04 19.190000 0 0
2009 01 05 17.100000 0 0
2009 01 06 12.610000 0 0
2009 01 07 8.800000 0 0
2009 01 08 6.970000 0 0
2009 01 09 6.820000 0 0
2009 01 10 10.570000 0 0
2009 01 11 11.040000 0 0
2009 01 12 9.840000 0 0
2009 01 13 7.580000 0 0
2009 01 14 6.490000 0 0
2009 01 15 10.710000 0 0
2009 01 16 11.720000 0 0
2009 01 17 10.990000 0 0
2009 01 18 10.070000 0 0
2009 01 19 10.090000 0 0
2009 01 20 9.690000 0 0
2009 01 21 10.020000 0 0
2009 01 22 8.370000 0 0
2009 01 23 7.040000 0 0
2009 01 24 6.530000 0 0
2009 01 25 6.610000 0 0
2009 01 26 12.090000 0 0
2009 01 27 17.460000 0 0
2009 01 28 19.960000 0 0
2009 01 29 19.330000 0 0
2009 01 30 20.400000 0 0
2009 01 31 22.500000 0 0
2009 02 01 21.870000 0 0
2009 02 02 18.300000 0 0
2009 02 03 13.820000 0 0
2009 02 04 13.100000 0 0
2009 02 05 13.410000 0 0
2009 02 06 12.950000 0 0
2009 02 07 10.370000 0 0
2009 02 08 10.610000 0 0
2009 02 09 21.220000 0 0
2009 02 10 21.050000 0 0
2009 02 11 19.380000 0 0
2009 02 12 18.050000 0 0
2009 02 13 18.050000 0 0
2009 02 14 17.090000 0 0
2009 02 15 24.280000 0 0
2009 02 16 32.230000 0 0
2009 02 17 32.940000 0 0
2009 02 18 31.680000 0 0
2009 02 19 28.440000 0 0
2009 02 20 23.230000 0 0
2009 02 21 16.900000 0 0
2009 02 22 11.270000 0 0
2009 02 23 9.120000 0 0
2009 02 24 9.630000 0 0
2009 02 25 13.150000 0 0
2009 02 26 16.390000 0 0
2009 02 27 19.970000 0 0
2009 02 28 18.290000 0 0
2009 03 01 17.200000 0 0
2009 03 02 14.830000 0 0
2009 03 03 11.610000 0 0
2009 03 04 9.720000 0 0
2009 03 05 8.520000 0 0
2009 03 06 7.480000 0 0
2009 03 07 6.960000 0 0
2009 03 08 6.360000 0 0
2009 03 09 8.210000 0 0
2009 03 10 13.030000 0 0
2009 03 11 16.810000 0 0
2009 03 12 16.470000 0 0
2009 03 13 17.180000 0 0
2009 03 14 19.120000 0 0
2009 03 15 20.140000 0 0
2009 03 16 18.780000 0 0
2009 03 17 16.700000 0 0
2009 03 18 17.940000 0 0
2009 03 19 16.450000 0 0
2009 03 20 15.310000 0 0
2009 03 21 14.980000 0 0
2009 03 22 13.150000 0 0
2009 03 23 10.950000 0 0
2009 03 24 9.050000 0 0
2009 03 25 8.350000 0 0
2009 03 26 7.780000 0 0
2009 03 27 6.890000 0 0
2009 03 28 6.920000 0 0
2009 03 29 6.820000 0 0
2009 03 30 8.050000 0 0
2009 03 31 7.700000 0 0
2009 04 01 7.000000 0 0
2009 04 02 6.560000 0 0
2009 04 03 6.580000 0 0
2009 04 04 6.390000 0 0
2009 04 05 6.060000 0 0
2009 04 06 8.800000 0 0
2009 04 07 9.070000 0 0
2009 04 08 8.670000 0 0
2009 04 09 8.170000 0 0
2009 04 10 7.590000 0 0
2009 04 11 7.180000 0 0
2009 04 12 6.800000 0 0
2009 04 13 7.040000 0 0
2009 04 14 11.050000 0 0
2009 04 15 10.880000 0 0
2009 04 16 9.410000 0 0
2009 04 17 8.280000 0 0
2009 04 18 7.750000 0 0
2009 04 19 7.350000 0 0
2009 04 20 7.230000 0 0
2009 04 21 7.540000 0 0
2009 04 22 7.380000 0 0
2009 04 23 7.270000 0 0
2009 04 24 8.050000 0 0
2009 04 25 7.620000 0 0
2009 04 26 7.480000 0 0
2009 04 27 8.400000 0 0
2009 04 28 8.890000 0 0
2009 04 29 8.380000 0 0
2009 04 30 8.140000 0 0
2009 05 01 8.050000 0 0
2009 05 02 7.900000 0 0
2009 05 03 8.010000 0 0
2009 05 04 8.280000 0 0
2009 05 05 10.090000 0 0
2009 05 06 10.780000 0 0
2009 05 07 10.740000 0 0
2009 05 08 9.910000 0 0
2009 05 09 8.870000 0 0
2009 05 10 10.580000 0 0
2009 05 11 11.840000 0 0
2009 05 12 10.580000 0 0
2009 05 13 9.470000 0 0
2009 05 14 9.520000 0 0
2009 05 15 10.260000 0 0
2009 05 16 11.060000 0 0
2009 05 17 10.420000 0 0
2009 05 18 8.990000 0 0
2009 05 19 7.740000 0 0
2009 05 20 7.290000 0 0
2009 05 21 7.350000 0 0
2009 05 22 7.260000 0 0
2009 05 23 6.730000 0 0
2009 05 24 nan nan nan
2009 05 25 6.190000 0 0
2009 05 26 6.200000 0 0
2009 05 27 8.080000 0 0
2009 05 28 6.840000 0 0
2009 05 29 6.810000 0 0
2009 05 30 6.680000 0 0
2009 05 31 6.540000 0 0
2009 06 01 6.660000 0 0
2009 06 02 6.720000 0 0
2009 06 03 6.650000 0 0
2009 06 04 6.460000 0 0
2009 06 05 6.870000 0 0
2009 06 06 6.070000 0 0
2009 06 07 6.160000 0 0
2009 06 08 6.560000 0 0
2009 06 09 6.790000 0 0
2009 06 10 7.130000 0 0
2009 06 11 11.080000 0 0
2009 06 12 11.800000 0 0
2009 06 13 10.900000 0 0
2009 06 14 8.910000 0 0
2009 06 15 7.570000 0 0
2009 06 16 7.150000 0 0
2009 06 17 6.850000 0 0
2009 06 18 6.580000 0 0
2009 06 19 6.570000 0 0
2009 06 20 6.550000 0 0
2009 06 21 6.350000 0 0
2009 06 22 6.330000 0 0
2009 06 23 6.310000 0 0
2009 06 24 6.270000 0 0
2009 06 25 8.310000 0 0
2009 06 26 8.540000 0 0
2009 06 27 8.480000 0 0
2009 06 28 8.910000 0 0
2009 06 29 8.130000 0 0
2009 06 30 7.780000 0 0
2009 07 01 7.250000 0 0
2009 07 02 7.340000 0 0
2009 07 03 8.020000 0 0
2009 07 04 8.600000 0 0
2009 07 05 8.230000 0 0
2009 07 06 7.950000 0 0
2009 07 07 7.950000 0 0
2009 07 08 7.720000 0 0
2009 07 09 7.750000 0 0
2009 07 10 7.510000 0 0
2009 07 11 8.490000 0 0
2009 07 12 12.590000 0 0
2009 07 13 12.680000 0 0
2009 07 14 11.630000 0 0
2009 07 15 10.270000 0 0
2009 07 16 9.000000 0 0
2009 07 17 8.260000 0 0
2009 07 18 7.870000 0 0
2009 07 19 7.940000 0 0
2009 07 20 7.830000 0 0
2009 07 21 7.800000 0 0
2009 07 22 7.480000 0 0
2009 07 23 7.490000 0 0
2009 07 24 8.670000 0 0
2009 07 25 15.200000 0 0
2009 07 26 15.880000 0 0
2009 07 27 16.450000 0 0
2009 07 28 15.530000 0 0
2009 07 29 17.380000 0 0
2009 07 30 19.620000 0 0
2009 07 31 18.380000 0 0
2009 08 01 15.880000 0 0
2009 08 02 13.200000 0 0
2009 08 03 10.830000 0 0
2009 08 04 8.710000 0 0
2009 08 05 7.900000 0 0
2009 08 06 7.390000 0 0
2009 08 07 6.940000 0 0
2009 08 08 7.140000 0 0
2009 08 09 7.250000 0 0
2009 08 10 7.370000 0 0
2009 08 11 7.600000 0 0
2009 08 12 7.360000 0 0
2009 08 13 7.100000 0 0
2009 08 14 6.940000 0 0
2009 08 15 6.820000 0 0
2009 08 16 6.700000 0 0
2009 08 17 6.680000 0 0
2009 08 18 6.930000 0 0
2009 08 19 8.160000 0 0
2009 08 20 8.770000 0 0
2009 08 21 9.950000 0 0
2009 08 22 10.680000 0 0
2009 08 23 10.360000 0 0
2009 08 24 10.090000 0 0
2009 08 25 9.640000 0 0
2009 08 26 9.170000 0 0
2009 08 27 8.490000 0 0
2009 08 28 7.950000 0 0
2009 08 29 7.580000 0 0
2009 08 30 7.270000 0 0
2009 08 31 6.980000 0 0
2009 09 01 6.820000 0 0
2009 09 02 6.670000 0 0
2009 09 03 6.630000 0 0
2009 09 04 8.880000 0 0
2009 09 05 9.240000 0 0
2009 09 06 10.050000 0 0
2009 09 07 12.670000 0 0
2009 09 08 14.250000 0 0
2009 09 09 22.190000 0 0
2009 09 10 23.680000 0 0
2009 09 11 21.880000 0 0
2009 09 12 18.130000 0 0
2009 09 13 12.870000 0 0
2009 09 14 9.470000 0 0
2009 09 15 8.280000 0 0
2009 09 16 7.520000 0 0
2009 09 17 6.990000 0 0
2009 09 18 6.510000 0 0
2009 09 19 6.490000 0 0
2009 09 20 6.970000 0 0
2009 09 21 7.280000 0 0
2009 09 22 7.730000 0 0
2009 09 23 8.520000 0 0
2009 09 24 9.260000 0 0
2009 09 25 9.070000 0 0
2009 09 26 8.780000 0 0
2009 09 27 8.350000 0 0
2009 09 28 8.280000 0 0
2009 09 29 11.490000 0 0
2009 09 30 12.120000 0 0
2009 10 01 11.370000 0 0
2009 10 02 9.940000 0 0
2009 10 03 8.790000 0 0
2009 10 04 8.780000 0 0
2009 10 05 8.640000 0 0
2009 10 06 7.980000 0 0
2009 10 07 8.460000 0 0
2009 10 08 9.650000 0 0
2009 10 09 10.000000 0 0
2009 10 10 9.770000 0 0
2009 10 11 9.050000 0 0
2009 10 12 8.600000 0 0
2009 10 13 8.720000 0 0
2009 10 14 8.350000 0 0
2009 10 15 9.790000 0 0
2009 10 16 10.850000 0 0
2009 10 17 10.160000 0 0
2009 10 18 10.150000 0 0
2009 10 19 10.890000 0 0
2009 10 20 16.300000 0 0
2009 10 21 19.230000 0 0
2009 10 22 20.460000 0 0
2009 10 23 20.150000 0 0
2009 10 24 18.040000 0 0
2009 10 25 13.620000 0 0
2009 10 26 10.060000 0 0
2009 10 27 10.480000 0 0
2009 10 28 10.720000 0 0
2009 10 29 11.250000 0 0
2009 10 30 10.910000 0 0
2009 10 31 9.670000 0 0
2009 11 01 8.310000 0 0
2009 11 02 7.570000 0 0
2009 11 03 7.150000 0 0
2009 11 04 6.730000 0 0
2009 11 05 6.750000 0 0
2009 11 06 7.470000 0 0
2009 11 07 7.710000 0 0
2009 11 08 7.980000 0 0
2009 11 09 10.780000 0 0
2009 11 10 11.220000 0 0
2009 11 11 10.750000 0 0
2009 11 12 13.030000 0 0
2009 11 13 15.590000 0 0
2009 11 14 15.720000 0 0
2009 11 15 13.600000 0 0
2009 11 16 13.230000 0 0
2009 11 17 13.370000 0 0
2009 11 18 12.400000 0 0
2009 11 19 11.000000 0 0
2009 11 20 10.670000 0 0
2009 11 21 19.020000 0 0
2009 11 22 22.030000 0 0
2009 11 23 22.630000 0 0
2009 11 24 22.550000 0 0
2009 11 25 24.310000 0 0
2009 11 26 23.170000 0 0
2009 11 27 19.760000 0 0
2009 11 28 17.860000 0 0
2009 11 29 16.960000 0 0
2009 11 30 17.430000 0 0
2009 12 01 15.960000 0 0
2009 12 02 14.580000 0 0
2009 12 03 23.450000 0 0
2009 12 04 24.860000 0 0
2009 12 05 25.860000 0 0
2009 12 06 25.560000 0 0
2009 12 07 23.450000 0 0
2009 12 08 23.210000 0 0
2009 12 09 30.450000 0 0
2009 12 10 33.580000 0 0
2009 12 11 40.720000 0 0
2009 12 12 43.220000 0 0
2009 12 13 44.220000 0 0
2009 12 14 44.520000 0 0
2009 12 15 40.180000 0 0
2009 12 16 36.040000 0 0
2009 12 17 34.040000 0 0
2009 12 18 32.130000 0 0
2009 12 19 31.980000 0 0
2009 12 20 31.220000 0 0
2009 12 21 29.100000 0 0
2009 12 22 26.270000 0 0
2009 12 23 24.820000 0 0
2009 12 24 24.050000 0 0
2009 12 25 23.900000 0 0
2009 12 26 24.630000 0 0
2009 12 27 25.040000 0 0
2009 12 28 27.560000 0 0
2009 12 29 31.850000 0 0
2009 12 30 32.020000 0 0
2009 12 31 32.060000 0 0
2010 01 01 33.490000 0 0
2010 01 02 40.500000 0 0
2010 01 03 45.040000 0 0
2010 01 04 49.090000 0 0
2010 01 05 46.760000 0 0
2010 01 06 45.820000 0 0
2010 01 07 45.360000 0 0
2010 01 08 44.250000 0 0
2010 01 09 42.270000 0 0
2010 01 10 37.610000 0 0
2010 01 11 34.170000 0 0
2010 01 12 33.110000 0 0
2010 01 13 32.830000 0 0
2010 01 14 33.140000 0 0
2010 01 15 31.900000 0 0
2010 01 16 30.330000 0 0
2010 01 17 35.010000 0 0
2010 01 18 40.790000 0 0
2010 01 19 45.890000 0 0
2010 01 20 43.090000 0 0
2010 01 21 41.450000 0 0
2010 01 22 42.920000 0 0
2010 01 23 44.150000 0 0
2010 01 24 49.520000 0 0
2010 01 25 57.870000 0 0
2010 01 26 61.630000 0 0
2010 01 27 63.970000 0 0
2010 01 28 59.910000 0 0
2010 01 29 55.350000 0 0
2010 01 30 59.560000 0 0
2010 01 31 58.690000 0 0
2010 02 01 50.480000 0 0
2010 02 02 44.350000 0 0
2010 02 03 39.870000 0 0
2010 02 04 36.850000 0 0
2010 02 05 34.630000 0 0
2010 02 06 33.830000 0 0
2010 02 07 33.480000 0 0
2010 02 08 31.540000 0 0
2010 02 09 29.400000 0 0
2010 02 10 28.560000 0 0
2010 02 11 29.670000 0 0
2010 02 12 31.490000 0 0
2010 02 13 31.030000 0 0
2010 02 14 29.040000 0 0
2010 02 15 26.790000 0 0
2010 02 16 25.210000 0 0
2010 02 17 24.900000 0 0
2010 02 18 26.650000 0 0
2010 02 19 27.890000 0 0
2010 02 20 28.950000 0 0
2010 02 21 nan nan nan
2010 02 22 nan nan nan
2010 02 23 29.230000 0 0
2010 02 24 28.250000 0 0
2010 02 25 30.500000 0 0
2010 02 26 32.140000 0 0
2010 02 27 30.170000 0 0
2010 02 28 28.730000 0 0
2010 03 01 30.270000 0 0
2010 03 02 32.760000 0 0
2010 03 03 33.030000 0 0
2010 03 04 31.630000 0 0
2010 03 05 30.550000 0 0
2010 03 06 28.840000 0 0
2010 03 07 28.360000 0 0
2010 03 08 27.950000 0 0
2010 03 09 28.310000 0 0
2010 03 10 27.610000 0 0
2010 03 11 26.160000 0 0
2010 03 12 25.130000 0 0
2010 03 13 24.430000 0 0
2010 03 14 23.880000 0 0
2010 03 15 28.730000 0 0
2010 03 16 29.400000 0 0
2010 03 17 29.270000 0 0
2010 03 18 27.430000 0 0
2010 03 19 24.010000 0 0
2010 03 20 20.040000 0 0
2010 03 21 16.820000 0 0
2010 03 22 16.670000 0 0
2010 03 23 19.720000 0 0
2010 03 24 20.280000 0 0
2010 03 25 18.650000 0 0
2010 03 26 16.030000 0 0
2010 03 27 16.580000 0 0
2010 03 28 19.790000 0 0
2010 03 29 18.530000 0 0
2010 03 30 20.290000 0 0
2010 03 31 23.710000 0 0
2010 04 01 21.720000 0 0
2010 04 02 18.300000 0 0
2010 04 03 15.560000 0 0
2010 04 04 18.350000 0 0
2010 04 05 20.690000 0 0
2010 04 06 20.910000 0 0
2010 04 07 22.340000 0 0
2010 04 08 22.700000 0 0
2010 04 09 20.960000 0 0
2010 04 10 18.920000 0 0
2010 04 11 17.030000 0 0
2010 04 12 15.510000 0 0
2010 04 13 15.040000 0 0
2010 04 14 13.650000 0 0
2010 04 15 13.220000 0 0
2010 04 16 12.760000 0 0
2010 04 17 13.560000 0 0
2010 04 18 12.210000 0 0
2010 04 19 14.020000 0 0
2010 04 20 10.680000 0 0
2010 04 21 11.640000 0 0
2010 04 22 11.100000 0 0
2010 04 23 10.980000 0 0
2010 04 24 11.030000 0 0
2010 04 25 14.260000 0 0
2010 04 26 11.420000 0 0
2010 04 27 11.060000 0 0
2010 04 28 10.970000 0 0
2010 04 29 10.840000 0 0
2010 04 30 10.700000 0 0
2010 05 01 11.560000 0 0
2010 05 02 10.240000 0 0
2010 05 03 9.790000 0 0
2010 05 04 9.290000 0 0
2010 05 05 9.050000 0 0
2010 05 06 9.000000 0 0
2010 05 07 8.860000 0 0
2010 05 08 10.100000 0 0
2010 05 09 10.770000 0 0
2010 05 10 11.820000 0 0
2010 05 11 11.000000 0 0
2010 05 12 10.050000 0 0
2010 05 13 9.460000 0 0
2010 05 14 9.180000 0 0
2010 05 15 10.680000 0 0
2010 05 16 9.480000 0 0
2010 05 17 8.980000 0 0
2010 05 18 12.340000 0 0
2010 05 19 22.390000 0 0
2010 05 20 13.950000 0 0
2010 05 21 30.010000 0 0
2010 05 22 22.230000 0 0
2010 05 23 21.160000 0 0
2010 05 24 17.950000 0 0
2010 05 25 8.390000 0 0
2010 05 26 14.060000 0 0
2010 05 27 14.670000 0 0
2010 05 28 18.230000 0 0
2010 05 29 13.790000 0 0
2010 05 30 8.280000 0 0
2010 05 31 9.410000 0 0
2010 06 01 15.720000 0 0
2010 06 02 29.220000 0 0
2010 06 03 11.750000 0 0
2010 06 04 22.010000 0 0
2010 06 05 12.830000 0 0
2010 06 06 9.260000 0 0
2010 06 07 13.240000 0 0
2010 06 08 27.500000 0 0
2010 06 09 20.820000 0 0
2010 06 10 16.310000 0 0
2010 06 11 20.200000 0 0
2010 06 12 31.430000 0 0
2010 06 13 14.970000 0 0
2010 06 14 20.880000 0 0
2010 06 15 10.650000 0 0
2010 06 16 7.450000 0 0
2010 06 17 15.910000 0 0
2010 06 18 22.130000 0 0
2010 06 19 18.360000 0 0
2010 06 20 7.060000 0 0
2010 06 21 8.230000 0 0
2010 06 22 24.130000 0 0
2010 06 23 18.990000 0 0
2010 06 24 9.270000 0 0
2010 06 25 7.810000 0 0
2010 06 26 10.950000 0 0
2010 06 27 11.320000 0 0
2010 06 28 7.930000 0 0
2010 06 29 6.750000 0 0
2010 06 30 6.720000 0 0
2010 07 01 6.700000 0 0
2010 07 02 6.610000 0 0
2010 07 03 7.710000 0 0
2010 07 04 7.840000 0 0
2010 07 05 6.630000 0 0
2010 07 06 6.500000 0 0
2010 07 07 6.450000 0 0
2010 07 08 6.370000 0 0
2010 07 09 7.540000 0 0
2010 07 10 10.390000 0 0
2010 07 11 7.050000 0 0
2010 07 12 7.200000 0 0
2010 07 13 16.130000 0 0
2010 07 14 19.030000 0 0
2010 07 15 17.350000 0 0
2010 07 16 20.940000 0 0
2010 07 17 20.700000 0 0
2010 07 18 15.540000 0 0
2010 07 19 10.040000 0 0
2010 07 20 7.920000 0 0
2010 07 21 7.100000 0 0
2010 07 22 6.550000 0 0
2010 07 23 6.400000 0 0
2010 07 24 8.110000 0 0
2010 07 25 6.260000 0 0
2010 07 26 6.240000 0 0
2010 07 27 6.110000 0 0
2010 07 28 8.530000 0 0
2010 07 29 5.930000 0 0
2010 07 30 5.840000 0 0
2010 07 31 5.690000 0 0
2010 08 01 5.770000 0 0
2010 08 02 5.990000 0 0
2010 08 03 6.060000 0 0
2010 08 04 6.170000 0 0
2010 08 05 7.680000 0 0
2010 08 06 6.030000 0 0
2010 08 07 5.960000 0 0
2010 08 08 5.780000 0 0
2010 08 09 5.810000 0 0
2010 08 10 5.780000 0 0
2010 08 11 6.810000 0 0
2010 08 12 6.030000 0 0
2010 08 13 5.910000 0 0
2010 08 14 5.840000 0 0
2010 08 15 6.100000 0 0
2010 08 16 6.620000 0 0
2010 08 17 6.820000 0 0
2010 08 18 6.800000 0 0
2010 08 19 6.660000 0 0
2010 08 20 6.600000 0 0
2010 08 21 7.720000 0 0
2010 08 22 6.540000 0 0
2010 08 23 6.550000 0 0
2010 08 24 6.410000 0 0
2010 08 25 6.450000 0 0
2010 08 26 6.260000 0 0
2010 08 27 6.210000 0 0
2010 08 28 6.190000 0 0
2010 08 29 6.170000 0 0
2010 08 30 6.080000 0 0
2010 08 31 6.170000 0 0
2010 09 01 5.950000 0 0
2010 09 02 5.840000 0 0
2010 09 03 6.340000 0 0
2010 09 04 6.940000 0 0
2010 09 05 7.090000 0 0
2010 09 06 7.470000 0 0
2010 09 07 9.020000 0 0
2010 09 08 8.860000 0 0
2010 09 09 8.730000 0 0
2010 09 10 8.430000 0 0
2010 09 11 8.050000 0 0
2010 09 12 7.730000 0 0
2010 09 13 7.590000 0 0
2010 09 14 7.440000 0 0
2010 09 15 7.390000 0 0
2010 09 16 7.530000 0 0
2010 09 17 7.510000 0 0
2010 09 18 8.570000 0 0
2010 09 19 10.350000 0 0
2010 09 20 9.340000 0 0
2010 09 21 9.820000 0 0
2010 09 22 11.410000 0 0
2010 09 23 9.290000 0 0
2010 09 24 9.360000 0 0
2010 09 25 9.740000 0 0
2010 09 26 10.150000 0 0
2010 09 27 11.650000 0 0
2010 09 28 12.180000 0 0
2010 09 29 11.650000 0 0
2010 09 30 10.910000 0 0
2010 10 01 10.790000 0 0
2010 10 02 12.120000 0 0
2010 10 03 12.220000 0 0
2010 10 04 11.700000 0 0
2010 10 05 10.930000 0 0
2010 10 06 10.300000 0 0
2010 10 07 9.910000 0 0
2010 10 08 11.120000 0 0
2010 10 09 10.380000 0 0
2010 10 10 9.790000 0 0
2010 10 11 9.450000 0 0
2010 10 12 9.230000 0 0
2010 10 13 9.010000 0 0
2010 10 14 8.760000 0 0
2010 10 15 8.510000 0 0
2010 10 16 8.660000 0 0
2010 10 17 8.410000 0 0
2010 10 18 8.610000 0 0
2010 10 19 9.230000 0 0
2010 10 20 9.010000 0 0
2010 10 21 8.600000 0 0
2010 10 22 8.210000 0 0
2010 10 23 8.420000 0 0
2010 10 24 8.900000 0 0
2010 10 25 9.880000 0 0
2010 10 26 8.970000 0 0
2010 10 27 9.500000 0 0
2010 10 28 9.050000 0 0
2010 10 29 8.280000 0 0
2010 10 30 8.620000 0 0
2010 10 31 10.040000 0 0
2010 11 01 10.630000 0 0
2010 11 02 9.740000 0 0
2010 11 03 8.930000 0 0
2010 11 04 8.700000 0 0
2010 11 05 8.060000 0 0
2010 11 06 8.520000 0 0
2010 11 07 9.190000 0 0
2010 11 08 9.060000 0 0
2010 11 09 8.390000 0 0
2010 11 10 11.300000 0 0
2010 11 11 12.970000 0 0
2010 11 12 12.480000 0 0
2010 11 13 10.910000 0 0
2010 11 14 9.860000 0 0
2010 11 15 9.420000 0 0
2010 11 16 9.880000 0 0
2010 11 17 12.680000 0 0
2010 11 18 14.530000 0 0
2010 11 19 13.990000 0 0
2010 11 20 12.290000 0 0
2010 11 21 10.670000 0 0
2010 11 22 9.710000 0 0
2010 11 23 10.590000 0 0
2010 11 24 10.630000 0 0
2010 11 25 10.260000 0 0
2010 11 26 11.880000 0 0
2010 11 27 12.310000 0 0
2010 11 28 10.970000 0 0
2010 11 29 9.890000 0 0
2010 11 30 11.840000 0 0
2010 12 01 12.020000 0 0
2010 12 02 12.160000 0 0
2010 12 03 12.380000 0 0
2010 12 04 12.010000 0 0
2010 12 05 12.140000 0 0
2010 12 06 15.750000 0 0
2010 12 07 15.920000 0 0
2010 12 08 14.220000 0 0
2010 12 09 10.710000 0 0
2010 12 10 7.940000 0 0
2010 12 11 10.000000 0 0
2010 12 12 6.640000 0 0
2010 12 13 10.080000 0 0
2010 12 14 16.040000 0 0
2010 12 15 15.490000 0 0
2010 12 16 14.060000 0 0
2010 12 17 18.240000 0 0
2010 12 18 19.150000 0 0
2010 12 19 17.130000 0 0
2010 12 20 13.690000 0 0
2010 12 21 13.340000 0 0
2010 12 22 8.890000 0 0
2010 12 23 12.700000 0 0
2010 12 24 14.240000 0 0
2010 12 25 13.180000 0 0
2010 12 26 10.090000 0 0
2010 12 27 10.280000 0 0
2010 12 28 15.140000 0 0
2010 12 29 16.800000 0 0
2010 12 30 10.720000 0 0
2010 12 31 6.780000 0 0
2011 01 01 5.700000 0 0
2011 01 02 11.160000 0 0
2011 01 03 31.430000 0 0
2011 01 04 51.710000 0 0
2011 01 05 58.910000 0 0
2011 01 06 53.120000 0 0
2011 01 07 42.070000 0 0
2011 01 08 32.930000 0 0
2011 01 09 28.440000 0 0
2011 01 10 25.590000 0 0
2011 01 11 47.870000 0 0
2011 01 12 55.430000 0 0
2011 01 13 60.020000 0 0
2011 01 14 67.110000 0 0
2011 01 15 66.810000 0 0
2011 01 16 56.950000 0 0
2011 01 17 50.520000 0 0
2011 01 18 48.960000 0 0
2011 01 19 46.460000 0 0
2011 01 20 41.860000 0 0
2011 01 21 36.220000 0 0
2011 01 22 30.570000 0 0
2011 01 23 25.290000 0 0
2011 01 24 22.830000 0 0
2011 01 25 19.730000 0 0
2011 01 26 16.780000 0 0
2011 01 27 15.090000 0 0
2011 01 28 13.660000 0 0
2011 01 29 12.670000 0 0
2011 01 30 11.790000 0 0
2011 01 31 10.400000 0 0
2011 02 01 9.880000 0 0
2011 02 02 9.750000 0 0
2011 02 03 9.660000 0 0
2011 02 04 11.010000 0 0
2011 02 05 10.780000 0 0
2011 02 06 9.510000 0 0
2011 02 07 8.700000 0 0
2011 02 08 8.830000 0 0
2011 02 09 9.850000 0 0
2011 02 10 10.240000 0 0
2011 02 11 10.600000 0 0
2011 02 12 15.380000 0 0
2011 02 13 16.340000 0 0
2011 02 14 14.010000 0 0
2011 02 15 15.530000 0 0
2011 02 16 21.160000 0 0
2011 02 17 23.840000 0 0
2011 02 18 23.280000 0 0
2011 02 19 22.490000 0 0
2011 02 20 18.370000 0 0
2011 02 21 13.960000 0 0
2011 02 22 11.650000 0 0
2011 02 23 13.480000 0 0
2011 02 24 13.620000 0 0
2011 02 25 12.590000 0 0
2011 02 26 9.680000 0 0
2011 02 27 8.390000 0 0
2011 02 28 11.660000 0 0
2011 03 01 24.700000 0 0
2011 03 02 32.300000 0 0
2011 03 03 38.050000 0 0
2011 03 04 35.670000 0 0
2011 03 05 30.830000 0 0
2011 03 06 26.710000 0 0
2011 03 07 23.820000 0 0
2011 03 08 21.590000 0 0
2011 03 09 18.790000 0 0
2011 03 10 16.150000 0 0
2011 03 11 13.960000 0 0
2011 03 12 12.600000 0 0
2011 03 13 12.000000 0 0
2011 03 14 11.370000 0 0
2011 03 15 10.920000 0 0
2011 03 16 10.540000 0 0
2011 03 17 10.330000 0 0
2011 03 18 9.910000 0 0
2011 03 19 12.220000 0 0
2011 03 20 12.150000 0 0
2011 03 21 11.260000 0 0
2011 03 22 11.110000 0 0
2011 03 23 10.590000 0 0
2011 03 24 10.160000 0 0
2011 03 25 9.860000 0 0
2011 03 26 9.580000 0 0
2011 03 27 9.190000 0 0
2011 03 28 8.910000 0 0
2011 03 29 17.790000 0 0
2011 03 30 98.980000 0 0
2011 03 31 18.720000 0 0
2011 04 01 14.720000 0 0
2011 04 02 12.550000 0 0
2011 04 03 14.340000 0 0
2011 04 04 16.910000 0 0
2011 04 05 19.470000 0 0
2011 04 06 17.160000 0 0
2011 04 07 14.590000 0 0
2011 04 08 12.810000 0 0
2011 04 09 11.420000 0 0
2011 04 10 12.310000 0 0
2011 04 11 18.960000 0 0
2011 04 12 18.510000 0 0
2011 04 13 18.660000 0 0
2011 04 14 19.220000 0 0
2011 04 15 16.780000 0 0
2011 04 16 13.580000 0 0
2011 04 17 11.520000 0 0
2011 04 18 10.420000 0 0
2011 04 19 9.930000 0 0
2011 04 20 9.570000 0 0
2011 04 21 9.080000 0 0
2011 04 22 8.970000 0 0
2011 04 23 9.810000 0 0
2011 04 24 10.170000 0 0
2011 04 25 10.330000 0 0
2011 04 26 10.350000 0 0
2011 04 27 15.890000 0 0
2011 04 28 12.690000 0 0
2011 04 29 79.420000 0 0
2011 04 30 16.250000 0 0
2011 05 01 17.730000 0 0
2011 05 02 112.250000 0 0
2011 05 03 78.980000 0 0
2011 05 04 14.450000 0 0
2011 05 05 13.420000 0 0
2011 05 06 11.090000 0 0
2011 05 07 11.250000 0 0
2011 05 08 12.060000 0 0
2011 05 09 12.980000 0 0
2011 05 10 14.560000 0 0
2011 05 11 nan nan nan
2011 05 12 nan nan nan
2011 05 13 nan nan nan
2011 05 14 nan nan nan
2011 05 15 nan nan nan
2011 05 16 nan nan nan
2011 05 17 nan nan nan
2011 05 18 nan nan nan
2011 05 19 nan nan nan
2011 05 20 nan nan nan
2011 05 21 nan nan nan
2011 05 22 nan nan nan
2011 05 23 nan nan nan
2011 05 24 nan nan nan
2011 05 25 nan nan nan
2011 05 26 nan nan nan
2011 05 27 8.590000 0 0
2011 05 28 8.620000 0 0
2011 05 29 8.570000 0 0
2011 05 30 8.540000 0 0
2011 05 31 8.380000 0 0
2011 06 01 8.320000 0 0
2011 06 02 8.310000 0 0
2011 06 03 8.360000 0 0
2011 06 04 8.380000 0 0
2011 06 05 8.310000 0 0
2011 06 06 8.280000 0 0
2011 06 07 8.540000 0 0
2011 06 08 12.590000 0 0
2011 06 09 14.020000 0 0
2011 06 10 17.180000 0 0
2011 06 11 15.940000 0 0
2011 06 12 12.430000 0 0
2011 06 13 9.950000 0 0
2011 06 14 8.430000 0 0
2011 06 15 7.840000 0 0
2011 06 16 7.520000 0 0
2011 06 17 7.460000 0 0
2011 06 18 7.700000 0 0
2011 06 19 7.930000 0 0
2011 06 20 8.100000 0 0
2011 06 21 8.260000 0 0
2011 06 22 8.260000 0 0
2011 06 23 8.320000 0 0
2011 06 24 8.220000 0 0
2011 06 25 8.330000 0 0
2011 06 26 8.210000 0 0
2011 06 27 8.550000 0 0
2011 06 28 8.700000 0 0
2011 06 29 8.670000 0 0
2011 06 30 8.600000 0 0
2011 07 01 8.350000 0 0
2011 07 02 8.250000 0 0
2011 07 03 8.230000 0 0
2011 07 04 8.170000 0 0
2011 07 05 8.090000 0 0
2011 07 06 8.020000 0 0
2011 07 07 7.990000 0 0
2011 07 08 7.970000 0 0
2011 07 09 7.770000 0 0
2011 07 10 7.770000 0 0
2011 07 11 7.740000 0 0
2011 07 12 7.630000 0 0
2011 07 13 7.540000 0 0
2011 07 14 7.510000 0 0
2011 07 15 7.430000 0 0
2011 07 16 7.490000 0 0
2011 07 17 7.350000 0 0
2011 07 18 7.460000 0 0
2011 07 19 7.660000 0 0
2011 07 20 8.340000 0 0
2011 07 21 8.650000 0 0
2011 07 22 8.740000 0 0
2011 07 23 8.910000 0 0
2011 07 24 9.010000 0 0
2011 07 25 9.050000 0 0
2011 07 26 8.810000 0 0
2011 07 27 8.620000 0 0
2011 07 28 8.550000 0 0
2011 07 29 8.440000 0 0
2011 07 30 8.410000 0 0
2011 07 31 8.600000 0 0
2011 08 01 8.790000 0 0
2011 08 02 8.810000 0 0
2011 08 03 8.740000 0 0
2011 08 04 8.580000 0 0
2011 08 05 8.480000 0 0
2011 08 06 8.410000 0 0
2011 08 07 8.310000 0 0
2011 08 08 8.240000 0 0
2011 08 09 8.150000 0 0
2011 08 10 8.210000 0 0
2011 08 11 8.330000 0 0
2011 08 12 8.260000 0 0
2011 08 13 8.090000 0 0
2011 08 14 8.000000 0 0
2011 08 15 8.040000 0 0
2011 08 16 7.900000 0 0
2011 08 17 7.740000 0 0
2011 08 18 7.700000 0 0
2011 08 19 7.600000 0 0
2011 08 20 8.680000 0 0
2011 08 21 10.880000 0 0
2011 08 22 10.820000 0 0
2011 08 23 9.940000 0 0
2011 08 24 9.640000 0 0
2011 08 25 9.360000 0 0
2011 08 26 8.990000 0 0
2011 08 27 8.770000 0 0
2011 08 28 8.450000 0 0
2011 08 29 8.190000 0 0
2011 08 30 7.990000 0 0
2011 08 31 9.730000 0 0
2011 09 01 11.180000 0 0
2011 09 02 10.880000 0 0
2011 09 03 9.610000 0 0
2011 09 04 8.900000 0 0
2011 09 05 8.560000 0 0
2011 09 06 8.220000 0 0
2011 09 07 8.090000 0 0
2011 09 08 7.920000 0 0
2011 09 09 7.720000 0 0
2011 09 10 7.690000 0 0
2011 09 11 7.960000 0 0
2011 09 12 8.360000 0 0
2011 09 13 8.450000 0 0
2011 09 14 8.510000 0 0
2011 09 15 8.630000 0 0
2011 09 16 8.710000 0 0
2011 09 17 8.710000 0 0
2011 09 18 8.690000 0 0
2011 09 19 8.570000 0 0
2011 09 20 8.480000 0 0
2011 09 21 8.370000 0 0
2011 09 22 8.470000 0 0
2011 09 23 8.440000 0 0
2011 09 24 8.410000 0 0
2011 09 25 8.380000 0 0
2011 09 26 8.350000 0 0
2011 09 27 8.300000 0 0
2011 09 28 8.140000 0 0
2011 09 29 8.120000 0 0
2011 09 30 8.010000 0 0
2011 10 01 7.900000 0 0
2011 10 02 7.910000 0 0
2011 10 03 9.240000 0 0
2011 10 04 9.260000 0 0
2011 10 05 8.900000 0 0
2011 10 06 8.760000 0 0
2011 10 07 8.630000 0 0
2011 10 08 8.400000 0 0
2011 10 09 8.650000 0 0
2011 10 10 9.160000 0 0
2011 10 11 9.480000 0 0
2011 10 12 9.360000 0 0
2011 10 13 9.440000 0 0
2011 10 14 10.540000 0 0
2011 10 15 13.050000 0 0
2011 10 16 18.120000 0 0
2011 10 17 19.310000 0 0
2011 10 18 18.120000 0 0
2011 10 19 14.630000 0 0
2011 10 20 10.540000 0 0
2011 10 21 7.690000 0 0
2011 10 22 6.740000 0 0
2011 10 23 7.190000 0 0
2011 10 24 8.710000 0 0
2011 10 25 9.680000 0 0
2011 10 26 10.130000 0 0
2011 10 27 9.830000 0 0
2011 10 28 9.660000 0 0
2011 10 29 9.480000 0 0
2011 10 30 10.830000 0 0
2011 10 31 11.660000 0 0
2011 11 01 11.500000 0 0
2011 11 02 10.690000 0 0
2011 11 03 10.000000 0 0
2011 11 04 9.140000 0 0
2011 11 05 8.530000 0 0
2011 11 06 8.070000 0 0
2011 11 07 7.810000 0 0
2011 11 08 7.610000 0 0
2011 11 09 7.430000 0 0
2011 11 10 7.340000 0 0
2011 11 11 7.270000 0 0
2011 11 12 7.510000 0 0
2011 11 13 8.600000 0 0
2011 11 14 13.970000 0 0
2011 11 15 19.050000 0 0
2011 11 16 27.120000 0 0
2011 11 17 28.350000 0 0
2011 11 18 24.660000 0 0
2011 11 19 17.370000 0 0
2011 11 20 10.150000 0 0
2011 11 21 7.010000 0 0
2011 11 22 7.140000 0 0
2011 11 23 9.360000 0 0
2011 11 24 8.940000 0 0
2011 11 25 8.270000 0 0
2011 11 26 7.810000 0 0
2011 11 27 9.990000 0 0
2011 11 28 12.690000 0 0
2011 11 29 11.850000 0 0
2011 11 30 11.230000 0 0
2011 12 01 10.310000 0 0
2011 12 02 13.410000 0 0
2011 12 03 9.930000 0 0
2011 12 04 8.350000 0 0
2011 12 05 8.950000 0 0
2011 12 06 9.540000 0 0
2011 12 07 8.760000 0 0
2011 12 08 8.210000 0 0
2011 12 09 8.910000 0 0
2011 12 10 17.740000 0 0
2011 12 11 20.080000 0 0
2011 12 12 18.500000 0 0
2011 12 13 14.990000 0 0
2011 12 14 11.580000 0 0
2011 12 15 8.960000 0 0
2011 12 16 7.510000 0 0
2011 12 17 6.560000 0 0
2011 12 18 6.330000 0 0
2011 12 19 6.210000 0 0
2011 12 20 5.900000 0 0
2011 12 21 5.470000 0 0
2011 12 22 5.310000 0 0
2011 12 23 6.060000 0 0
2011 12 24 5.460000 0 0
2011 12 25 5.960000 0 0
2011 12 26 6.280000 0 0
2011 12 27 6.080000 0 0
2011 12 28 5.950000 0 0
2011 12 29 6.250000 0 0
2011 12 30 6.400000 0 0
2011 12 31 7.640000 0 0
2012 01 01 12.620000 0 0
2012 01 02 20.700000 0 0
2012 01 03 18.770000 0 0
2012 01 04 15.210000 0 0
2012 01 05 12.690000 0 0
2012 01 06 13.770000 0 0
2012 01 07 12.460000 0 0
2012 01 08 9.470000 0 0
2012 01 09 8.180000 0 0
2012 01 10 12.280000 0 0
2012 01 11 14.850000 0 0
2012 01 12 14.340000 0 0
2012 01 13 12.820000 0 0
2012 01 14 13.060000 0 0
2012 01 15 11.490000 0 0
2012 01 16 15.910000 0 0
2012 01 17 18.540000 0 0
2012 01 18 29.320000 0 0
2012 01 19 35.150000 0 0
2012 01 20 35.110000 0 0
2012 01 21 34.030000 0 0
2012 01 22 33.280000 0 0
2012 01 23 28.750000 0 0
2012 01 24 22.370000 0 0
2012 01 25 16.610000 0 0
2012 01 26 14.670000 0 0
2012 01 27 15.670000 0 0
2012 01 28 17.240000 0 0
2012 01 29 17.690000 0 0
2012 01 30 17.120000 0 0
2012 01 31 14.900000 0 0
2012 02 01 12.610000 0 0
2012 02 02 11.590000 0 0
2012 02 03 9.770000 0 0
2012 02 04 8.680000 0 0
2012 02 05 8.200000 0 0
2012 02 06 7.670000 0 0
2012 02 07 7.120000 0 0
2012 02 08 6.910000 0 0
2012 02 09 6.540000 0 0
2012 02 10 6.290000 0 0
2012 02 11 7.350000 0 0
2012 02 12 10.940000 0 0
2012 02 13 13.500000 0 0
2012 02 14 12.330000 0 0
2012 02 15 9.490000 0 0
2012 02 16 7.960000 0 0
2012 02 17 7.040000 0 0
2012 02 18 6.710000 0 0
2012 02 19 6.480000 0 0
2012 02 20 6.330000 0 0
2012 02 21 8.890000 0 0
2012 02 22 10.140000 0 0
2012 02 23 8.720000 0 0
2012 02 24 9.530000 0 0
2012 02 25 10.580000 0 0
2012 02 26 10.610000 0 0
2012 02 27 13.500000 0 0
2012 02 28 12.000000 0 0
2012 02 29 9.520000 0 0
2012 03 01 8.080000 0 0
2012 03 02 7.000000 0 0
2012 03 03 6.310000 0 0
2012 03 04 6.440000 0 0
2012 03 05 6.190000 0 0
2012 03 06 5.830000 0 0
2012 03 07 5.660000 0 0
2012 03 08 5.640000 0 0
2012 03 09 5.750000 0 0
2012 03 10 6.350000 0 0
2012 03 11 8.620000 0 0
2012 03 12 8.780000 0 0
2012 03 13 7.880000 0 0
2012 03 14 7.490000 0 0
2012 03 15 7.090000 0 0
2012 03 16 6.930000 0 0
2012 03 17 7.120000 0 0
2012 03 18 6.830000 0 0
2012 03 19 6.470000 0 0
2012 03 20 6.150000 0 0
2012 03 21 5.960000 0 0
2012 03 22 5.840000 0 0
2012 03 23 7.420000 0 0
2012 03 24 8.120000 0 0
2012 03 25 7.390000 0 0
2012 03 26 7.050000 0 0
2012 03 27 6.750000 0 0
2012 03 28 9.140000 0 0
2012 03 29 10.140000 0 0
2012 03 30 9.010000 0 0
2012 03 31 8.170000 0 0
2012 04 01 7.700000 0 0
2012 04 02 7.010000 0 0
2012 04 03 6.540000 0 0
2012 04 04 7.720000 0 0
2012 04 05 6.650000 0 0
2012 04 06 6.170000 0 0
2012 04 07 5.810000 0 0
2012 04 08 5.510000 0 0
2012 04 09 5.430000 0 0
2012 04 10 5.410000 0 0
2012 04 11 5.550000 0 0
2012 04 12 6.090000 0 0
2012 04 13 9.220000 0 0
2012 04 14 7.790000 0 0
2012 04 15 7.060000 0 0
2012 04 16 6.960000 0 0
2012 04 17 6.830000 0 0
2012 04 18 6.120000 0 0
2012 04 19 5.660000 0 0
2012 04 20 5.370000 0 0
2012 04 21 8.550000 0 0
2012 04 22 13.540000 0 0
2012 04 23 13.250000 0 0
2012 04 24 9.590000 0 0
2012 04 25 7.450000 0 0
2012 04 26 6.630000 0 0
2012 04 27 9.190000 0 0
2012 04 28 8.940000 0 0
2012 04 29 9.500000 0 0
2012 04 30 14.920000 0 0
2012 05 01 21.860000 0 0
2012 05 02 22.520000 0 0
2012 05 03 19.610000 0 0
2012 05 04 15.750000 0 0
2012 05 05 12.180000 0 0
2012 05 06 9.870000 0 0
2012 05 07 8.320000 0 0
2012 05 08 7.470000 0 0
2012 05 09 6.830000 0 0
2012 05 10 6.510000 0 0
2012 05 11 6.190000 0 0
2012 05 12 6.100000 0 0
2012 05 13 6.350000 0 0
2012 05 14 6.850000 0 0
2012 05 15 7.610000 0 0
2012 05 16 7.600000 0 0
2012 05 17 7.520000 0 0
2012 05 18 7.020000 0 0
2012 05 19 6.620000 0 0
2012 05 20 6.340000 0 0
2012 05 21 6.200000 0 0
2012 05 22 6.060000 0 0
2012 05 23 5.990000 0 0
2012 05 24 5.890000 0 0
2012 05 25 6.590000 0 0
2012 05 26 7.730000 0 0
2012 05 27 7.430000 0 0
2012 05 28 6.660000 0 0
2012 05 29 6.150000 0 0
2012 05 30 5.900000 0 0
2012 05 31 5.770000 0 0
2012 06 01 6.330000 0 0
2012 06 02 11.800000 0 0
2012 06 03 8.710000 0 0
2012 06 04 7.820000 0 0
2012 06 05 11.490000 0 0
2012 06 06 17.370000 0 0
2012 06 07 20.200000 0 0
2012 06 08 19.490000 0 0
2012 06 09 19.020000 0 0
2012 06 10 17.600000 0 0
2012 06 11 15.490000 0 0
2012 06 12 16.260000 0 0
2012 06 13 17.800000 0 0
2012 06 14 17.560000 0 0
2012 06 15 14.300000 0 0
2012 06 16 11.500000 0 0
2012 06 17 9.750000 0 0
2012 06 18 8.660000 0 0
2012 06 19 8.030000 0 0
2012 06 20 13.230000 0 0
2012 06 21 19.840000 0 0
2012 06 22 26.080000 0 0
2012 06 23 27.680000 0 0
2012 06 24 26.300000 0 0
2012 06 25 21.860000 0 0
2012 06 26 17.110000 0 0
2012 06 27 13.170000 0 0
2012 06 28 10.990000 0 0
2012 06 29 9.750000 0 0
2012 06 30 9.020000 0 0
2012 07 01 8.460000 0 0
2012 07 02 8.120000 0 0
2012 07 03 7.810000 0 0
2012 07 04 7.470000 0 0
2012 07 05 7.280000 0 0
2012 07 06 7.000000 0 0
2012 07 07 6.840000 0 0
2012 07 08 7.250000 0 0
2012 07 09 7.590000 0 0
2012 07 10 7.380000 0 0
2012 07 11 7.110000 0 0
2012 07 12 7.100000 0 0
2012 07 13 7.390000 0 0
2012 07 14 7.050000 0 0
2012 07 15 6.850000 0 0
2012 07 16 6.660000 0 0
2012 07 17 8.030000 0 0
2012 07 18 14.400000 0 0
2012 07 19 15.120000 0 0
2012 07 20 12.460000 0 0
2012 07 21 9.980000 0 0
2012 07 22 8.630000 0 0
2012 07 23 7.820000 0 0
2012 07 24 7.180000 0 0
2012 07 25 6.860000 0 0
2012 07 26 6.590000 0 0
2012 07 27 6.370000 0 0
2012 07 28 6.170000 0 0
2012 07 29 6.050000 0 0
2012 07 30 6.390000 0 0
2012 07 31 6.750000 0 0
2012 08 01 7.000000 0 0
2012 08 02 7.020000 0 0
2012 08 03 7.010000 0 0
2012 08 04 6.950000 0 0
2012 08 05 6.880000 0 0
2012 08 06 6.960000 0 0
2012 08 07 6.880000 0 0
2012 08 08 6.800000 0 0
2012 08 09 6.750000 0 0
2012 08 10 6.610000 0 0
2012 08 11 6.530000 0 0
2012 08 12 6.480000 0 0
2012 08 13 6.430000 0 0
2012 08 14 6.400000 0 0
2012 08 15 6.380000 0 0
2012 08 16 6.300000 0 0
2012 08 17 6.080000 0 0
2012 08 18 6.100000 0 0
2012 08 19 6.190000 0 0
2012 08 20 6.420000 0 0
2012 08 21 6.410000 0 0
2012 08 22 6.420000 0 0
2012 08 23 6.370000 0 0
2012 08 24 6.310000 0 0
2012 08 25 6.240000 0 0
2012 08 26 6.280000 0 0
2012 08 27 6.360000 0 0
2012 08 28 6.340000 0 0
2012 08 29 6.370000 0 0
2012 08 30 6.320000 0 0
2012 08 31 6.280000 0 0
2012 09 01 6.160000 0 0
2012 09 02 5.890000 0 0
2012 09 03 5.210000 0 0
2012 09 04 5.690000 0 0
2012 09 05 6.280000 0 0
2012 09 06 6.470000 0 0
2012 09 07 6.550000 0 0
2012 09 08 6.670000 0 0
2012 09 09 6.690000 0 0
2012 09 10 6.760000 0 0
2012 09 11 6.710000 0 0
2012 09 12 6.850000 0 0
2012 09 13 6.810000 0 0
2012 09 14 6.910000 0 0
2012 09 15 6.870000 0 0
2012 09 16 6.790000 0 0
2012 09 17 6.710000 0 0
2012 09 18 6.620000 0 0
2012 09 19 6.530000 0 0
2012 09 20 6.460000 0 0
2012 09 21 6.710000 0 0
2012 09 22 7.180000 0 0
2012 09 23 7.310000 0 0
2012 09 24 7.170000 0 0
2012 09 25 7.070000 0 0
2012 09 26 7.090000 0 0
2012 09 27 7.100000 0 0
2012 09 28 7.120000 0 0
2012 09 29 7.030000 0 0
2012 09 30 6.930000 0 0
2012 10 01 6.860000 0 0
2012 10 02 6.750000 0 0
2012 10 03 6.920000 0 0
2012 10 04 7.360000 0 0
2012 10 05 7.560000 0 0
2012 10 06 8.560000 0 0
2012 10 07 8.790000 0 0
2012 10 08 8.370000 0 0
2012 10 09 8.020000 0 0
2012 10 10 7.740000 0 0
2012 10 11 7.680000 0 0
2012 10 12 8.160000 0 0
2012 10 13 8.640000 0 0
2012 10 14 8.750000 0 0
2012 10 15 8.690000 0 0
2012 10 16 8.250000 0 0
2012 10 17 8.840000 0 0
2012 10 18 8.930000 0 0
2012 10 19 8.710000 0 0
2012 10 20 8.930000 0 0
2012 10 21 9.460000 0 0
2012 10 22 10.650000 0 0
2012 10 23 9.840000 0 0
2012 10 24 13.660000 0 0
2012 10 25 12.600000 0 0
2012 10 26 12.100000 0 0
2012 10 27 12.330000 0 0
2012 10 28 10.260000 0 0
2012 10 29 12.260000 0 0
2012 10 30 10.480000 0 0
2012 10 31 8.810000 0 0
2012 11 01 8.880000 0 0
2012 11 02 7.660000 0 0
2012 11 03 6.890000 0 0
2012 11 04 6.660000 0 0
2012 11 05 6.170000 0 0
2012 11 06 5.740000 0 0
2012 11 07 5.390000 0 0
2012 11 08 5.810000 0 0
2012 11 09 6.550000 0 0
2012 11 10 7.870000 0 0
2012 11 11 8.210000 0 0
2012 11 12 nan nan nan
2012 11 13 12.280000 0 0
2012 11 14 10.750000 0 0
2012 11 15 9.020000 0 0
2012 11 16 8.140000 0 0
2012 11 17 7.540000 0 0
2012 11 18 7.080000 0 0
2012 11 19 7.270000 0 0
2012 11 20 11.770000 0 0
2012 11 21 13.020000 0 0
2012 11 22 12.850000 0 0
2012 11 23 9.400000 0 0
2012 11 24 7.970000 0 0
2012 11 25 7.330000 0 0
2012 11 26 6.590000 0 0
2012 11 27 6.350000 0 0
2012 11 28 6.010000 0 0
2012 11 29 5.570000 0 0
2012 11 30 5.240000 0 0
2012 12 01 5.140000 0 0
2012 12 02 5.790000 0 0
2012 12 03 8.050000 0 0
2012 12 04 7.150000 0 0
2012 12 05 6.910000 0 0
2012 12 06 10.060000 0 0
2012 12 07 10.760000 0 0
2012 12 08 7.980000 0 0
2012 12 09 6.970000 0 0
2012 12 10 6.490000 0 0
2012 12 11 6.170000 0 0
2012 12 12 6.170000 0 0
2012 12 13 6.490000 0 0
2012 12 14 10.420000 0 0
2012 12 15 12.450000 0 0
2012 12 16 15.510000 0 0
2012 12 17 16.120000 0 0
2012 12 18 15.100000 0 0
2012 12 19 13.160000 0 0
2012 12 20 14.260000 0 0
2012 12 21 16.960000 0 0
2012 12 22 15.050000 0 0
2012 12 23 12.940000 0 0
2012 12 24 11.130000 0 0
2012 12 25 10.940000 0 0
2012 12 26 8.860000 0 0
2012 12 27 9.460000 0 0
2012 12 28 10.800000 0 0
2012 12 29 8.480000 0 0
2012 12 30 12.800000 0 0
2012 12 31 22.990000 0 0
2013 01 01 25.190000 0 0
2013 01 02 23.100000 0 0
2013 01 03 17.990000 0 0
2013 01 04 13.040000 0 0
2013 01 05 10.240000 0 0
2013 01 06 8.200000 0 0
2013 01 07 7.390000 0 0
2013 01 08 6.480000 0 0
2013 01 09 6.400000 0 0
2013 01 10 9.610000 0 0
2013 01 11 10.510000 0 0
2013 01 12 9.900000 0 0
2013 01 13 13.580000 0 0
2013 01 14 16.000000 0 0
2013 01 15 15.540000 0 0
2013 01 16 16.160000 0 0
2013 01 17 16.560000 0 0
2013 01 18 15.680000 0 0
2013 01 19 12.980000 0 0
2013 01 20 10.500000 0 0
2013 01 21 8.660000 0 0
2013 01 22 7.620000 0 0
2013 01 23 8.190000 0 0
2013 01 24 9.970000 0 0
2013 01 25 8.600000 0 0
2013 01 26 8.710000 0 0
2013 01 27 9.150000 0 0
2013 01 28 8.130000 0 0
2013 01 29 7.390000 0 0
2013 01 30 6.820000 0 0
2013 01 31 6.350000 0 0
2013 02 01 6.490000 0 0
2013 02 02 11.750000 0 0
2013 02 03 9.870000 0 0
2013 02 04 9.440000 0 0
2013 02 05 9.100000 0 0
2013 02 06 8.850000 0 0
2013 02 07 10.790000 0 0
2013 02 08 13.310000 0 0
2013 02 09 18.200000 0 0
2013 02 10 21.070000 0 0
2013 02 11 22.220000 0 0
2013 02 12 23.050000 0 0
2013 02 13 21.560000 0 0
2013 02 14 19.910000 0 0
2013 02 15 19.570000 0 0
2013 02 16 16.150000 0 0
2013 02 17 13.040000 0 0
2013 02 18 10.550000 0 0
2013 02 19 10.720000 0 0
2013 02 20 13.580000 0 0
2013 02 21 13.940000 0 0
2013 02 22 11.010000 0 0
2013 02 23 11.650000 0 0
2013 02 24 14.960000 0 0
2013 02 25 13.410000 0 0
2013 02 26 9.320000 0 0
2013 02 27 8.990000 0 0
2013 02 28 8.570000 0 0
2013 03 01 7.950000 0 0
2013 03 02 7.050000 0 0
2013 03 03 6.630000 0 0
2013 03 04 6.230000 0 0
2013 03 05 5.930000 0 0
2013 03 06 6.440000 0 0
2013 03 07 6.640000 0 0
2013 03 08 7.560000 0 0
2013 03 09 8.940000 0 0
2013 03 10 8.580000 0 0
2013 03 11 14.260000 0 0
2013 03 12 14.460000 0 0
2013 03 13 16.110000 0 0
2013 03 14 15.560000 0 0
2013 03 15 13.260000 0 0
2013 03 16 11.460000 0 0
2013 03 17 12.880000 0 0
2013 03 18 12.250000 0 0
2013 03 19 12.710000 0 0
2013 03 20 12.170000 0 0
2013 03 21 12.600000 0 0
2013 03 22 12.030000 0 0
2013 03 23 10.500000 0 0
2013 03 24 9.170000 0 0
2013 03 25 9.690000 0 0
2013 03 26 8.420000 0 0
2013 03 27 7.940000 0 0
2013 03 28 7.390000 0 0
2013 03 29 6.940000 0 0
2013 03 30 6.540000 0 0
2013 03 31 6.210000 0 0
2013 04 01 5.960000 0 0
2013 04 02 5.870000 0 0
2013 04 03 6.000000 0 0
2013 04 04 6.790000 0 0
2013 04 05 9.110000 0 0
2013 04 06 10.920000 0 0
2013 04 07 10.000000 0 0
2013 04 08 8.910000 0 0
2013 04 09 8.010000 0 0
2013 04 10 7.280000 0 0
2013 04 11 6.710000 0 0
2013 04 12 6.220000 0 0
2013 04 13 9.980000 0 0
2013 04 14 14.530000 0 0
2013 04 15 12.890000 0 0
2013 04 16 10.930000 0 0
2013 04 17 9.960000 0 0
2013 04 18 9.030000 0 0
2013 04 19 8.170000 0 0
2013 04 20 7.530000 0 0
2013 04 21 7.100000 0 0
2013 04 22 6.840000 0 0
2013 04 23 6.590000 0 0
2013 04 24 6.400000 0 0
2013 04 25 6.270000 0 0
2013 04 26 6.090000 0 0
2013 04 27 5.970000 0 0
2013 04 28 5.900000 0 0
2013 04 29 6.020000 0 0
2013 04 30 6.190000 0 0
2013 05 01 6.350000 0 0
2013 05 02 6.610000 0 0
2013 05 03 6.740000 0 0
2013 05 04 6.800000 0 0
2013 05 05 6.890000 0 0
2013 05 06 7.140000 0 0
2013 05 07 7.030000 0 0
2013 05 08 6.910000 0 0
2013 05 09 6.890000 0 0
2013 05 10 6.870000 0 0
2013 05 11 6.850000 0 0
2013 05 12 6.840000 0 0
2013 05 13 6.780000 0 0
2013 05 14 6.750000 0 0
2013 05 15 6.730000 0 0
2013 05 16 6.710000 0 0
2013 05 17 6.710000 0 0
2013 05 18 6.780000 0 0
2013 05 19 6.790000 0 0
2013 05 20 6.780000 0 0
2013 05 21 6.710000 0 0
2013 05 22 6.770000 0 0
2013 05 23 8.130000 0 0
2013 05 24 8.040000 0 0
2013 05 25 7.660000 0 0
2013 05 26 7.340000 0 0
2013 05 27 7.370000 0 0
2013 05 28 8.430000 0 0
2013 05 29 9.960000 0 0
2013 05 30 10.870000 0 0
2013 05 31 10.110000 0 0
2013 06 01 9.020000 0 0
2013 06 02 8.950000 0 0
2013 06 03 9.000000 0 0
2013 06 04 7.980000 0 0
2013 06 05 7.110000 0 0
2013 06 06 6.490000 0 0
2013 06 07 6.020000 0 0
2013 06 08 5.750000 0 0
2013 06 09 5.590000 0 0
2013 06 10 5.460000 0 0
2013 06 11 5.490000 0 0
2013 06 12 5.560000 0 0
2013 06 13 5.840000 0 0
2013 06 14 6.040000 0 0
2013 06 15 5.950000 0 0
2013 06 16 5.920000 0 0
2013 06 17 6.860000 0 0
2013 06 18 7.180000 0 0
2013 06 19 6.660000 0 0
2013 06 20 6.390000 0 0
2013 06 21 6.250000 0 0
2013 06 22 6.090000 0 0
2013 06 23 5.900000 0 0
2013 06 24 5.880000 0 0
2013 06 25 6.640000 0 0
2013 06 26 8.350000 0 0
2013 06 27 8.040000 0 0
2013 06 28 7.580000 0 0
2013 06 29 7.210000 0 0
2013 06 30 7.610000 0 0
2013 07 01 8.840000 0 0
2013 07 02 9.630000 0 0
2013 07 03 8.770000 0 0
2013 07 04 7.750000 0 0
2013 07 05 6.930000 0 0
2013 07 06 6.280000 0 0
2013 07 07 5.760000 0 0
2013 07 08 5.540000 0 0
2013 07 09 5.380000 0 0
2013 07 10 5.260000 0 0
2013 07 11 5.130000 0 0
2013 07 12 4.990000 0 0
2013 07 13 5.090000 0 0
2013 07 14 5.350000 0 0
2013 07 15 5.520000 0 0
2013 07 16 5.580000 0 0
2013 07 17 5.540000 0 0
2013 07 18 5.690000 0 0
2013 07 19 5.750000 0 0
2013 07 20 6.040000 0 0
2013 07 21 6.430000 0 0
2013 07 22 6.480000 0 0
2013 07 23 7.210000 0 0
2013 07 24 7.330000 0 0
2013 07 25 9.310000 0 0
2013 07 26 10.610000 0 0
2013 07 27 10.100000 0 0
2013 07 28 8.550000 0 0
2013 07 29 7.400000 0 0
2013 07 30 6.520000 0 0
2013 07 31 5.960000 0 0
2013 08 01 5.610000 0 0
2013 08 02 5.400000 0 0
2013 08 03 5.270000 0 0
2013 08 04 5.280000 0 0
2013 08 05 5.320000 0 0
2013 08 06 5.290000 0 0
2013 08 07 5.340000 0 0
2013 08 08 5.460000 0 0
2013 08 09 5.730000 0 0
2013 08 10 5.860000 0 0
2013 08 11 5.880000 0 0
2013 08 12 6.140000 0 0
2013 08 13 6.370000 0 0
2013 08 14 6.590000 0 0
2013 08 15 6.760000 0 0
2013 08 16 6.930000 0 0
2013 08 17 7.000000 0 0
2013 08 18 7.040000 0 0
2013 08 19 7.240000 0 0
2013 08 20 7.260000 0 0
2013 08 21 7.110000 0 0
2013 08 22 6.980000 0 0
2013 08 23 6.880000 0 0
2013 08 24 6.850000 0 0
2013 08 25 6.670000 0 0
2013 08 26 6.680000 0 0
2013 08 27 6.660000 0 0
2013 08 28 6.670000 0 0
2013 08 29 6.730000 0 0
2013 08 30 6.610000 0 0
2013 08 31 6.500000 0 0
2013 09 01 6.510000 0 0
2013 09 02 6.470000 0 0
2013 09 03 6.520000 0 0
2013 09 04 6.940000 0 0
2013 09 05 7.040000 0 0
2013 09 06 6.970000 0 0
2013 09 07 6.840000 0 0
2013 09 08 6.740000 0 0
2013 09 09 6.630000 0 0
2013 09 10 6.580000 0 0
2013 09 11 6.580000 0 0
2013 09 12 6.910000 0 0
2013 09 13 7.140000 0 0
2013 09 14 7.220000 0 0
2013 09 15 7.290000 0 0
2013 09 16 7.470000 0 0
2013 09 17 8.000000 0 0
2013 09 18 8.740000 0 0
2013 09 19 9.280000 0 0
2013 09 20 9.710000 0 0
2013 09 21 9.940000 0 0
2013 09 22 9.780000 0 0
2013 09 23 10.210000 0 0
2013 09 24 10.230000 0 0
2013 09 25 9.990000 0 0
2013 09 26 9.510000 0 0
2013 09 27 9.020000 0 0
2013 09 28 8.660000 0 0
2013 09 29 8.550000 0 0
2013 09 30 8.410000 0 0
2013 10 01 9.360000 0 0
2013 10 02 10.970000 0 0
2013 10 03 11.620000 0 0
2013 10 04 14.730000 0 0
2013 10 05 15.210000 0 0
2013 10 06 13.470000 0 0
2013 10 07 10.630000 0 0
2013 10 08 8.140000 0 0
2013 10 09 6.410000 0 0
2013 10 10 5.450000 0 0
2013 10 11 5.380000 0 0
2013 10 12 5.530000 0 0
2013 10 13 5.710000 0 0
2013 10 14 6.090000 0 0
2013 10 15 6.440000 0 0
2013 10 16 7.450000 0 0
2013 10 17 9.590000 0 0
2013 10 18 10.590000 0 0
2013 10 19 11.340000 0 0
2013 10 20 10.850000 0 0
2013 10 21 10.230000 0 0
2013 10 22 10.850000 0 0
2013 10 23 9.540000 0 0
2013 10 24 8.770000 0 0
2013 10 25 7.700000 0 0
2013 10 26 6.930000 0 0
2013 10 27 6.420000 0 0
2013 10 28 6.080000 0 0
2013 10 29 5.760000 0 0
2013 10 30 5.620000 0 0
2013 10 31 5.690000 0 0
2013 11 01 6.090000 0 0
2013 11 02 6.320000 0 0
2013 11 03 6.430000 0 0
2013 11 04 6.900000 0 0
2013 11 05 7.870000 0 0
2013 11 06 7.980000 0 0
2013 11 07 8.300000 0 0
2013 11 08 8.280000 0 0
2013 11 09 8.050000 0 0
2013 11 10 7.780000 0 0
2013 11 11 7.530000 0 0
2013 11 12 7.290000 0 0
2013 11 13 7.080000 0 0
2013 11 14 6.870000 0 0
2013 11 15 6.770000 0 0
2013 11 16 7.060000 0 0
2013 11 17 8.170000 0 0
2013 11 18 9.410000 0 0
2013 11 19 9.780000 0 0
2013 11 20 9.880000 0 0
2013 11 21 10.180000 0 0
2013 11 22 10.050000 0 0
2013 11 23 10.430000 0 0
2013 11 24 11.400000 0 0
2013 11 25 14.960000 0 0
2013 11 26 14.110000 0 0
2013 11 27 12.900000 0 0
2013 11 28 11.310000 0 0
2013 11 29 9.510000 0 0
2013 11 30 8.170000 0 0
2013 12 01 7.070000 0 0
2013 12 02 6.220000 0 0
2013 12 03 6.150000 0 0
2013 12 04 5.800000 0 0
2013 12 05 5.230000 0 0
2013 12 06 5.230000 0 0
2013 12 07 5.540000 0 0
2013 12 08 6.800000 0 0
2013 12 09 8.340000 0 0
2013 12 10 8.370000 0 0
2013 12 11 9.800000 0 0
2013 12 12 9.170000 0 0
2013 12 13 8.600000 0 0
2013 12 14 7.160000 0 0
2013 12 15 6.160000 0 0
2013 12 16 5.440000 0 0
2013 12 17 4.940000 0 0
2013 12 18 4.790000 0 0
2013 12 19 5.120000 0 0
2013 12 20 5.540000 0 0
2013 12 21 6.250000 0 0
2013 12 22 6.610000 0 0
2013 12 23 6.790000 0 0
2013 12 24 7.390000 0 0
2013 12 25 10.160000 0 0
2013 12 26 9.740000 0 0
2013 12 27 8.850000 0 0
2013 12 28 8.580000 0 0
2013 12 29 10.200000 0 0
2013 12 30 8.770000 0 0
2013 12 31 7.970000 0 0
2014 01 01 6.760000 0 0
2014 01 02 6.110000 0 0
2014 01 03 5.180000 0 0
2014 01 04 4.910000 0 0
2014 01 05 4.880000 0 0
2014 01 06 4.700000 0 0
2014 01 07 4.280000 0 0
2014 01 08 4.030000 0 0
2014 01 09 4.330000 0 0
2014 01 10 4.120000 0 0
2014 01 11 3.930000 0 0
2014 01 12 4.900000 0 0
2014 01 13 4.840000 0 0
2014 01 14 4.710000 0 0
2014 01 15 5.160000 0 0
2014 01 16 5.800000 0 0
2014 01 17 5.080000 0 0
2014 01 18 4.830000 0 0
2014 01 19 4.570000 0 0
2014 01 20 4.500000 0 0
2014 01 21 4.850000 0 0
2014 01 22 5.570000 0 0
2014 01 23 4.590000 0 0
2014 01 24 4.340000 0 0
2014 01 25 4.110000 0 0
2014 01 26 4.020000 0 0
2014 01 27 3.890000 0 0
2014 01 28 3.710000 0 0
2014 01 29 3.560000 0 0
2014 01 30 3.540000 0 0
2014 01 31 3.590000 0 0
2014 02 01 3.390000 0 0
2014 02 02 3.350000 0 0
2014 02 03 3.290000 0 0
2014 02 04 3.190000 0 0
2014 02 05 3.190000 0 0
2014 02 06 3.050000 0 0
2014 02 07 3.000000 0 0
2014 02 08 2.960000 0 0
2014 02 09 3.100000 0 0
2014 02 10 3.000000 0 0
2014 02 11 3.030000 0 0
2014 02 12 2.920000 0 0
2014 02 13 2.870000 0 0
2014 02 14 3.890000 0 0
2014 02 15 6.730000 0 0
2014 02 16 5.560000 0 0
2014 02 17 5.720000 0 0
2014 02 18 6.380000 0 0
2014 02 19 6.310000 0 0
2014 02 20 5.690000 0 0
2014 02 21 5.220000 0 0
2014 02 22 4.990000 0 0
2014 02 23 5.160000 0 0
2014 02 24 4.800000 0 0
2014 02 25 6.740000 0 0
2014 02 26 6.130000 0 0
2014 02 27 5.050000 0 0
2014 02 28 5.870000 0 0
2014 03 01 8.640000 0 0
2014 03 02 9.630000 0 0
2014 03 03 8.950000 0 0
2014 03 04 7.690000 0 0
2014 03 05 7.150000 0 0
2014 03 06 6.650000 0 0
2014 03 07 6.350000 0 0
2014 03 08 7.120000 0 0
2014 03 09 6.630000 0 0
2014 03 10 6.060000 0 0
2014 03 11 8.400000 0 0
2014 03 12 8.450000 0 0
2014 03 13 7.350000 0 0
2014 03 14 7.650000 0 0
2014 03 15 6.880000 0 0
2014 03 16 6.150000 0 0
2014 03 17 5.880000 0 0
2014 03 18 5.570000 0 0
2014 03 19 5.830000 0 0
2014 03 20 6.000000 0 0
2014 03 21 5.930000 0 0
2014 03 22 6.260000 0 0
2014 03 23 6.190000 0 0
2014 03 24 5.890000 0 0
2014 03 25 5.490000 0 0
2014 03 26 5.160000 0 0
2014 03 27 4.900000 0 0
2014 03 28 4.630000 0 0
2014 03 29 4.450000 0 0
2014 03 30 4.650000 0 0
2014 03 31 7.090000 0 0
2014 04 01 7.130000 0 0
2014 04 02 6.600000 0 0
2014 04 03 7.580000 0 0
2014 04 04 6.490000 0 0
2014 04 05 5.480000 0 0
2014 04 06 5.100000 0 0
2014 04 07 4.740000 0 0
2014 04 08 4.460000 0 0
2014 04 09 4.360000 0 0
2014 04 10 4.330000 0 0
2014 04 11 4.280000 0 0
2014 04 12 4.390000 0 0
2014 04 13 10.420000 0 0
2014 04 14 7.520000 0 0
2014 04 15 8.800000 0 0
2014 04 16 10.960000 0 0
2014 04 17 9.740000 0 0
2014 04 18 8.150000 0 0
2014 04 19 6.640000 0 0
2014 04 20 6.000000 0 0
2014 04 21 5.360000 0 0
2014 04 22 4.990000 0 0
2014 04 23 4.800000 0 0
2014 04 24 4.750000 0 0
2014 04 25 4.720000 0 0
2014 04 26 4.760000 0 0
2014 04 27 4.710000 0 0
2014 04 28 4.670000 0 0
2014 04 29 4.570000 0 0
2014 04 30 4.400000 0 0
2014 05 01 4.410000 0 0
2014 05 02 4.330000 0 0
2014 05 03 4.300000 0 0
2014 05 04 4.240000 0 0
2014 05 05 4.210000 0 0
2014 05 06 4.190000 0 0
2014 05 07 4.130000 0 0
2014 05 08 4.160000 0 0
2014 05 09 4.160000 0 0
2014 05 10 4.170000 0 0
2014 05 11 4.190000 0 0
2014 05 12 4.160000 0 0
2014 05 13 4.070000 0 0
2014 05 14 4.070000 0 0
2014 05 15 4.140000 0 0
2014 05 16 4.060000 0 0
2014 05 17 4.100000 0 0
2014 05 18 4.060000 0 0
2014 05 19 4.190000 0 0
2014 05 20 4.420000 0 0
2014 05 21 4.450000 0 0
2014 05 22 4.480000 0 0
2014 05 23 5.000000 0 0
2014 05 24 5.280000 0 0
2014 05 25 5.570000 0 0
2014 05 26 5.600000 0 0
2014 05 27 5.330000 0 0
2014 05 28 5.250000 0 0
2014 05 29 5.100000 0 0
2014 05 30 4.850000 0 0
2014 05 31 4.690000 0 0
2014 06 01 4.600000 0 0
2014 06 02 4.860000 0 0
2014 06 03 5.070000 0 0
2014 06 04 5.030000 0 0
2014 06 05 4.770000 0 0
2014 06 06 nan nan nan
2014 06 07 nan nan nan
2014 06 08 nan nan nan
2014 06 09 nan nan nan
2014 06 10 nan nan nan
2014 06 11 nan nan nan
2014 06 12 nan nan nan
2014 06 13 nan nan nan
2014 06 14 nan nan nan
2014 06 15 nan nan nan
2014 06 16 nan nan nan
2014 06 17 nan nan nan
2014 06 18 nan nan nan
2014 06 19 nan nan nan
2014 06 20 nan nan nan
2014 06 21 nan nan nan
2014 06 22 nan nan nan
2014 06 23 nan nan nan
2014 06 24 nan nan nan
2014 06 25 nan nan nan
2014 06 26 nan nan nan
2014 06 27 nan nan nan
2014 06 28 nan nan nan
2014 06 29 nan nan nan
2014 06 30 nan nan nan
