year month day streamflow_m3s qual_control_by_ana qual_flag
2012 02 01 nan nan 0
2012 02 02 nan nan 0
2012 02 03 nan nan 0
2012 02 04 nan nan 0
2012 02 05 nan nan 0
2012 02 06 nan nan 0
2012 02 07 nan nan 0
2012 02 08 nan nan 0
2012 02 09 nan nan 0
2012 02 10 nan nan 0
2012 02 11 nan nan 0
2012 02 12 nan nan 0
2012 02 13 nan nan 0
2012 02 14 nan nan 0
2012 02 15 nan nan 0
2012 02 16 nan nan 0
2012 02 17 51.351000 1 1
2012 02 18 82.377000 1 1
2012 02 19 80.653000 1 1
2012 02 20 65.302000 1 1
2012 02 21 40.914000 1 1
2012 02 22 61.421000 1 1
2012 02 23 105.428000 1 1
2012 02 24 112.998000 1 1
2012 02 25 111.503000 1 1
2012 02 26 103.136000 1 1
2012 02 27 89.719000 1 1
2012 02 28 98.299000 1 1
2012 02 29 101.886000 1 1
2012 03 01 105.838000 1 1
2012 03 02 89.622000 1 1
2012 03 03 78.929000 1 1
2012 03 04 75.901000 1 1
2012 03 05 67.976000 1 1
2012 03 06 70.036000 1 1
2012 03 07 73.799000 1 1
2012 03 08 72.625000 1 1
2012 03 09 74.047000 1 1
2012 03 10 84.931000 1 1
2012 03 11 80.040000 1 1
2012 03 12 74.617000 1 1
2012 03 13 66.927000 1 1
2012 03 14 69.033000 1 1
2012 03 15 66.130000 1 1
2012 03 16 64.559000 1 1
2012 03 17 65.322000 1 1
2012 03 18 69.013000 1 1
2012 03 19 77.443000 1 1
2012 03 20 96.528000 1 1
2012 03 21 100.364000 1 1
2012 03 22 95.144000 1 1
2012 03 23 86.459000 1 1
2012 03 24 68.631000 1 1
2012 03 25 63.142000 1 1
2012 03 26 60.358000 1 1
2012 03 27 62.898000 1 1
2012 03 28 64.415000 1 1
2012 03 29 64.950000 1 1
2012 03 30 74.247000 1 1
2012 03 31 68.423000 1 1
2012 04 01 71.196000 1 1
2012 04 02 71.196000 1 1
2012 04 03 70.551000 1 1
2012 04 04 69.928000 1 1
2012 04 05 64.663000 1 1
2012 04 06 63.510000 1 1
2012 04 07 63.839000 1 1
2012 04 08 64.786000 1 1
2012 04 09 65.133000 1 1
2012 04 10 65.656000 1 1
2012 04 11 68.083000 1 1
2012 04 12 78.723000 1 1
2012 04 13 82.217000 1 1
2012 04 14 80.177000 1 1
2012 04 15 78.973000 1 1
2012 04 16 77.148000 1 1
2012 04 17 68.570000 1 1
2012 04 18 65.860000 1 1
2012 04 19 57.575000 1 1
2012 04 20 63.767000 1 1
2012 04 21 67.182000 1 1
2012 04 22 73.344000 1 1
2012 04 23 58.318000 1 1
2012 04 24 65.656000 1 1
2012 04 25 79.925000 1 1
2012 04 26 76.681000 1 1
2012 04 27 79.745000 1 1
2012 04 28 77.664000 1 1
2012 04 29 75.880000 1 1
2012 04 30 77.261000 1 1
2012 05 01 68.906000 1 1
2012 05 02 60.987000 1 1
2012 05 03 60.838000 1 1
2012 05 04 60.838000 1 1
2012 05 05 60.939000 1 1
2012 05 06 60.920000 1 1
2012 05 07 63.328000 1 1
2012 05 08 66.130000 1 1
2012 05 09 62.532000 1 1
2012 05 10 52.319000 1 1
2012 05 11 47.101000 1 1
2012 05 12 40.467000 1 1
2012 05 13 48.989000 1 1
2012 05 14 59.208000 1 1
2012 05 15 86.697000 1 1
2012 05 16 108.238000 1 1
2012 05 17 120.786000 1 1
2012 05 18 117.605000 1 1
2012 05 19 81.455000 1 1
2012 05 20 56.930000 1 1
2012 05 21 69.483000 1 1
2012 05 22 65.382000 1 1
2012 05 23 48.555000 1 1
2012 05 24 56.428000 1 1
2012 05 25 56.641000 1 1
2012 05 26 57.749000 1 1
2012 05 27 61.484000 1 1
2012 05 28 73.804000 1 1
2012 05 29 82.632000 1 1
2012 05 30 82.466000 1 1
2012 05 31 82.377000 1 1
2012 06 01 79.811000 1 1
2012 06 02 77.373000 1 1
2012 06 03 57.924000 1 1
2012 06 04 63.247000 1 1
2012 06 05 66.629000 1 1
2012 06 06 61.458000 1 1
2012 06 07 100.888000 1 1
2012 06 08 102.200000 1 1
2012 06 09 87.653000 1 1
2012 06 10 99.815000 1 1
2012 06 11 89.122000 1 1
2012 06 12 67.206000 1 1
2012 06 13 56.927000 1 1
2012 06 14 65.136000 1 1
2012 06 15 70.378000 1 1
2012 06 16 63.128000 1 1
2012 06 17 67.602000 1 1
2012 06 18 56.951000 1 1
2012 06 19 57.881000 1 1
2012 06 20 67.325000 1 1
2012 06 21 80.837000 1 1
2012 06 22 80.450000 1 1
2012 06 23 78.139000 1 1
2012 06 24 78.566000 1 1
2012 06 25 94.406000 1 1
2012 06 26 67.915000 1 1
2012 06 27 51.000000 1 1
2012 06 28 50.650000 1 1
2012 06 29 52.751000 1 1
2012 06 30 54.260000 1 1
2012 07 01 54.337000 1 1
2012 07 02 53.369000 1 1
2012 07 03 48.162000 1 1
2012 07 04 47.375000 1 1
2012 07 05 47.602000 1 1
2012 07 06 50.192000 1 1
2012 07 07 50.783000 1 1
2012 07 08 48.989000 1 1
2012 07 09 57.514000 1 1
2012 07 10 74.089000 1 1
2012 07 11 54.794000 1 1
2012 07 12 54.680000 1 1
2012 07 13 52.656000 1 1
2012 07 14 57.739000 1 1
2012 07 15 69.120000 1 1
2012 07 16 65.114000 1 1
2012 07 17 61.160000 1 1
2012 07 18 54.813000 1 1
2012 07 19 58.262000 1 1
2012 07 20 57.379000 1 1
2012 07 21 57.909000 1 1
2012 07 22 62.981000 1 1
2012 07 23 63.245000 1 1
2012 07 24 63.981000 1 1
2012 07 25 58.238000 1 1
2012 07 26 58.102000 1 1
2012 07 27 56.967000 1 1
2012 07 28 56.949000 1 1
2012 07 29 57.065000 1 1
2012 07 30 57.243000 1 1
2012 07 31 57.089000 1 1
2012 08 01 57.164000 1 1
2012 08 02 57.164000 1 1
2012 08 03 57.164000 1 1
2012 08 04 59.047000 1 1
2012 08 05 61.021000 1 1
2012 08 06 60.920000 1 1
2012 08 07 59.246000 1 1
2012 08 08 58.318000 1 1
2012 08 09 58.337000 1 1
2012 08 10 58.592000 1 1
2012 08 11 58.772000 1 1
2012 08 12 58.791000 1 1
2012 08 13 58.871000 1 1
2012 08 14 58.239000 1 1
2012 08 15 56.599000 1 1
2012 08 16 55.502000 1 1
2012 08 17 55.811000 1 1
2012 08 18 55.945000 1 1
2012 08 19 56.311000 1 1
2012 08 20 56.214000 1 1
2012 08 21 54.909000 1 1
2012 08 22 52.936000 1 1
2012 08 23 43.109000 1 1
2012 08 24 42.802000 1 1
2012 08 25 43.006000 1 1
2012 08 26 42.920000 1 1
2012 08 27 55.885000 1 1
2012 08 28 84.723000 1 1
2012 08 29 77.713000 1 1
2012 08 30 60.161000 1 1
2012 08 31 56.544000 1 1
2012 09 01 56.544000 1 1
2012 09 02 52.674000 1 1
2012 09 03 42.888000 1 1
2012 09 04 46.764000 1 1
2012 09 05 50.465000 1 1
2012 09 06 57.749000 1 1
2012 09 07 52.863000 1 1
2012 09 08 57.496000 1 1
2012 09 09 54.735000 1 1
2012 09 10 43.606000 1 1
2012 09 11 31.189000 1 1
2012 09 12 54.717000 1 1
2012 09 13 54.602000 1 1
2012 09 14 58.337000 1 1
2012 09 15 52.526000 1 1
2012 09 16 52.432000 1 1
2012 09 17 49.915000 1 1
2012 09 18 53.900000 1 1
2012 09 19 53.048000 1 1
2012 09 20 55.313000 1 1
2012 09 21 67.996000 1 1
2012 09 22 73.521000 1 1
2012 09 23 77.062000 1 1
2012 09 24 71.761000 1 1
2012 09 25 80.106000 1 1
2012 09 26 72.735000 1 1
2012 09 27 72.234000 1 1
2012 09 28 67.073000 1 1
2012 09 29 nan nan 0
2012 09 30 48.283000 1 1
2012 10 01 50.430000 1 1
2012 10 02 57.065000 1 1
2012 10 03 47.191000 1 1
2012 10 04 47.800000 1 1
2012 10 05 53.482000 1 1
2012 10 06 57.322000 1 1
2012 10 07 51.093000 1 1
2012 10 08 55.235000 1 1
2012 10 09 51.573000 1 1
2012 10 10 67.385000 1 1
2012 10 11 72.125000 1 1
2012 10 12 91.113000 1 1
2012 10 13 101.654000 1 1
2012 10 14 108.893000 1 1
2012 10 15 108.735000 1 1
2012 10 16 79.310000 1 1
2012 10 17 73.389000 1 1
2012 10 18 73.721000 1 1
2012 10 19 73.064000 1 1
2012 10 20 73.741000 1 1
2012 10 21 73.873000 1 1
2012 10 22 77.578000 1 1
2012 10 23 78.025000 1 1
2012 10 24 73.894000 1 1
2012 10 25 69.759000 1 1
2012 10 26 74.115000 1 1
2012 10 27 74.089000 1 1
2012 10 28 71.196000 1 1
2012 10 29 73.431000 1 1
2012 10 30 65.009000 1 1
2012 10 31 69.360000 1 1
2012 11 01 66.465000 1 1
2012 11 02 63.819000 1 1
2012 11 03 68.717000 1 1
2012 11 04 77.416000 1 1
2012 11 05 83.532000 1 1
2012 11 06 86.131000 1 1
2012 11 07 74.664000 1 1
2012 11 08 78.274000 1 1
2012 11 09 69.939000 1 1
2012 11 10 98.149000 1 1
2012 11 11 105.012000 1 1
2012 11 12 102.443000 1 1
2012 11 13 111.905000 1 1
2012 11 14 89.743000 1 1
2012 11 15 82.998000 1 1
2012 11 16 88.560000 1 1
2012 11 17 76.612000 1 1
2012 11 18 75.971000 1 1
2012 11 19 69.462000 1 1
2012 11 20 72.735000 1 1
2012 11 21 67.663000 1 1
2012 11 22 71.263000 1 1
2012 11 23 69.375000 1 1
2012 11 24 74.026000 1 1
2012 11 25 71.113000 1 1
2012 11 26 80.702000 1 1
2012 11 27 71.802000 1 1
2012 11 28 74.442000 1 1
2012 11 29 66.841000 1 1
2012 11 30 79.038000 1 1
2012 12 01 69.672000 1 1
2012 12 02 80.812000 1 1
2012 12 03 69.780000 1 1
2012 12 04 80.883000 1 1
2012 12 05 71.025000 1 1
2012 12 06 66.716000 1 1
2012 12 07 66.927000 1 1
2012 12 08 65.695000 1 1
2012 12 09 61.624000 1 1
2012 12 10 71.974000 1 1
2012 12 11 75.274000 1 1
2012 12 12 77.831000 1 1
2012 12 13 79.854000 1 1
2012 12 14 71.155000 1 1
2012 12 15 83.432000 1 1
2012 12 16 72.954000 1 1
2012 12 17 83.071000 1 1
2012 12 18 84.090000 1 1
2012 12 19 82.932000 1 1
2012 12 20 77.481000 1 1
2012 12 21 74.707000 1 1
2012 12 22 72.229000 1 1
2012 12 23 72.411000 1 1
2012 12 24 72.453000 1 1
2012 12 25 72.563000 1 1
2012 12 26 71.372000 1 1
2012 12 27 63.186000 1 1
2012 12 28 70.855000 1 1
2012 12 29 70.530000 1 1
2012 12 30 75.726000 1 1
2012 12 31 72.735000 1 1
2013 01 01 67.723000 1 1
2013 01 02 77.713000 1 1
2013 01 03 77.600000 1 1
2013 01 04 75.901000 1 1
2013 01 05 80.949000 1 1
2013 01 06 75.391000 1 1
2013 01 07 73.762000 1 1
2013 01 08 85.538000 1 1
2013 01 09 86.317000 1 1
2013 01 10 120.865000 1 1
2013 01 11 109.498000 1 1
2013 01 12 118.017000 1 1
2013 01 13 137.719000 1 1
2013 01 14 109.315000 1 1
2013 01 15 99.783000 1 1
2013 01 16 107.191000 1 1
2013 01 17 119.138000 1 1
2013 01 18 123.244000 1 1
2013 01 19 106.304000 1 1
2013 01 20 88.188000 1 1
2013 01 21 76.612000 1 1
2013 01 22 79.882000 1 1
2013 01 23 85.285000 1 1
2013 01 24 72.542000 1 1
2013 01 25 76.013000 1 1
2013 01 26 103.801000 1 1
2013 01 27 104.904000 1 1
2013 01 28 113.396000 1 1
2013 01 29 107.742000 1 1
2013 01 30 90.997000 1 1
2013 01 31 94.677000 1 1
2013 02 01 115.712000 1 1
2013 02 02 137.137000 1 1
2013 02 03 163.169000 1 1
2013 02 04 179.464000 1 1
2013 02 05 142.472000 1 1
2013 02 06 134.950000 1 1
2013 02 07 127.497000 1 1
2013 02 08 126.706000 1 1
2013 02 09 128.709000 1 1
2013 02 10 126.602000 1 1
2013 02 11 135.242000 1 1
2013 02 12 138.543000 1 1
2013 02 13 127.821000 1 1
2013 02 14 104.678000 1 1
2013 02 15 95.067000 1 1
2013 02 16 87.190000 1 1
2013 02 17 89.190000 1 1
2013 02 18 84.068000 1 1
2013 02 19 95.488000 1 1
2013 02 20 95.245000 1 1
2013 02 21 101.886000 1 1
2013 02 22 93.817000 1 1
2013 02 23 104.319000 1 1
2013 02 24 103.314000 1 1
2013 02 25 110.581000 1 1
2013 02 26 111.159000 1 1
2013 02 27 106.673000 1 1
2013 02 28 101.057000 1 1
2013 03 01 119.987000 1 1
2013 03 02 122.191000 1 1
2013 03 03 119.434000 1 1
2013 03 04 128.439000 1 1
2013 03 05 111.478000 1 1
2013 03 06 117.632000 1 1
2013 03 07 117.690000 1 1
2013 03 08 107.323000 1 1
2013 03 09 98.799000 1 1
2013 03 10 93.793000 1 1
2013 03 11 92.744000 1 1
2013 03 12 99.353000 1 1
2013 03 13 98.750000 1 1
2013 03 14 101.734000 1 1
2013 03 15 99.807000 1 1
2013 03 16 97.376000 1 1
2013 03 17 126.575000 1 1
2013 03 18 121.946000 1 1
2013 03 19 124.193000 1 1
2013 03 20 138.247000 1 1
2013 03 21 154.291000 1 1
2013 03 22 141.403000 1 1
2013 03 23 115.712000 1 1
2013 03 24 98.528000 1 1
2013 03 25 103.727000 1 1
2013 03 26 103.801000 1 1
2013 03 27 101.783000 1 1
2013 03 28 102.241000 1 1
2013 03 29 99.504000 1 1
2013 03 30 93.400000 1 1
2013 03 31 86.340000 1 1
2013 04 01 85.707000 1 1
2013 04 02 87.999000 1 1
2013 04 03 93.917000 1 1
2013 04 04 90.221000 1 1
2013 04 05 93.593000 1 1
2013 04 06 106.985000 1 1
2013 04 07 105.297000 1 1
2013 04 08 97.101000 1 1
2013 04 09 93.646000 1 1
2013 04 10 94.506000 1 1
2013 04 11 91.985000 1 1
2013 04 12 93.917000 1 1
2013 04 13 106.829000 1 1
2013 04 14 108.842000 1 1
2013 04 15 89.265000 1 1
2013 04 16 81.021000 1 1
2013 04 17 75.305000 1 1
2013 04 18 72.495000 1 1
2013 04 19 69.846000 1 1
2013 04 20 68.356000 1 1
2013 04 21 65.735000 1 1
2013 04 22 65.074000 1 1
2013 04 23 68.316000 1 1
2013 04 24 64.351000 1 1
2013 04 25 62.859000 1 1
2013 04 26 69.248000 1 1
2013 04 27 60.737000 1 1
2013 04 28 67.239000 1 1
2013 04 29 63.328000 1 1
2013 04 30 66.050000 1 1
2013 05 01 64.494000 1 1
2013 05 02 61.682000 1 1
2013 05 03 60.819000 1 1
2013 05 04 62.576000 1 1
2013 05 05 63.123000 1 1
2013 05 06 61.112000 1 1
2013 05 07 61.122000 1 1
2013 05 08 63.613000 1 1
2013 05 09 57.089000 1 1
2013 05 10 63.142000 1 1
2013 05 11 60.939000 1 1
2013 05 12 61.059000 1 1
2013 05 13 60.958000 1 1
2013 05 14 58.734000 1 1
2013 05 15 61.281000 1 1
2013 05 16 59.803000 1 1
2013 05 17 60.617000 1 1
2013 05 18 60.463000 1 1
2013 05 19 62.473000 1 1
2013 05 20 60.458000 1 1
2013 05 21 61.503000 1 1
2013 05 22 58.262000 1 1
2013 05 23 60.819000 1 1
2013 05 24 61.218000 1 1
2013 05 25 59.465000 1 1
2013 05 26 61.262000 1 1
2013 05 27 61.440000 1 1
2013 05 28 60.257000 1 1
2013 05 29 60.300000 1 1
2013 05 30 58.102000 1 1
2013 05 31 61.122000 1 1
2013 06 01 63.000000 1 1
2013 06 02 63.387000 1 1
2013 06 03 65.800000 1 1
2013 06 04 70.016000 1 1
2013 06 05 69.375000 1 1
2013 06 06 60.420000 1 1
2013 06 07 74.484000 1 1
2013 06 08 47.817000 1 1
2013 06 09 63.367000 1 1
2013 06 10 58.281000 1 1
2013 06 11 57.613000 1 1
2013 06 12 64.292000 1 1
2013 06 13 61.581000 1 1
2013 06 14 63.348000 1 1
2013 06 15 61.624000 1 1
2013 06 16 59.346000 1 1
2013 06 17 59.227000 1 1
2013 06 18 58.971000 1 1
2013 06 19 60.042000 1 1
2013 06 20 58.791000 1 1
2013 06 21 57.594000 1 1
2013 06 22 58.474000 1 1
2013 06 23 58.573000 1 1
2013 06 24 58.971000 1 1
2013 06 25 66.696000 1 1
2013 06 26 77.621000 1 1
2013 06 27 76.478000 1 1
2013 06 28 79.538000 1 1
2013 06 29 80.675000 1 1
2013 06 30 77.524000 1 1
2013 07 01 69.120000 1 1
2013 07 02 69.631000 1 1
2013 07 03 66.550000 1 1
2013 07 04 70.829000 1 1
2013 07 05 66.070000 1 1
2013 07 06 63.652000 1 1
2013 07 07 59.146000 1 1
2013 07 08 59.108000 1 1
2013 07 09 59.127000 1 1
2013 07 10 58.871000 1 1
2013 07 11 61.040000 1 1
2013 07 12 61.199000 1 1
2013 07 13 59.284000 1 1
2013 07 14 59.603000 1 1
2013 07 15 61.542000 1 1
2013 07 16 57.360000 1 1
2013 07 17 56.795000 1 1
2013 07 18 58.337000 1 1
2013 07 19 58.064000 1 1
2013 07 20 56.348000 1 1
2013 07 21 56.641000 1 1
2013 07 22 58.535000 1 1
2013 07 23 54.909000 1 1
2013 07 24 57.126000 1 1
2013 07 25 55.788000 1 1
2013 07 26 56.893000 1 1
2013 07 27 55.867000 1 1
2013 07 28 56.991000 1 1
2013 07 29 61.059000 1 1
2013 07 30 55.599000 1 1
2013 07 31 55.927000 1 1
2013 08 01 54.909000 1 1
2013 08 02 56.251000 1 1
2013 08 03 54.639000 1 1
2013 08 04 55.502000 1 1
2013 08 05 54.050000 1 1
2013 08 06 55.212000 1 1
2013 08 07 55.539000 1 1
2013 08 08 54.776000 1 1
2013 08 09 54.813000 1 1
2013 08 10 56.214000 1 1
2013 08 11 50.355000 1 1
2013 08 12 53.727000 1 1
2013 08 13 55.327000 1 1
2013 08 14 53.410000 1 1
2013 08 15 53.918000 1 1
2013 08 16 52.526000 1 1
2013 08 17 58.007000 1 1
2013 08 18 50.907000 1 1
2013 08 19 54.337000 1 1
2013 08 20 56.428000 1 1
2013 08 21 53.559000 1 1
2013 08 22 56.158000 1 1
2013 08 23 51.462000 1 1
2013 08 24 56.019000 1 1
2013 08 25 53.333000 1 1
2013 08 26 53.333000 1 1
2013 08 27 53.709000 1 1
2013 08 28 53.428000 1 1
2013 08 29 53.274000 1 1
2013 08 30 nan nan 0
2013 08 31 nan nan 0
2013 09 01 nan nan 0
2013 09 02 nan nan 0
2013 09 03 nan nan 0
2013 09 04 nan nan 0
2013 09 05 nan nan 0
2013 09 06 nan nan 0
2013 09 07 nan nan 0
2013 09 08 58.144000 1 1
2013 09 09 58.398000 1 1
2013 09 10 56.390000 1 1
2013 09 11 53.012000 1 1
2013 09 12 72.083000 1 1
2013 09 13 63.123000 1 1
2013 09 14 57.224000 1 1
2013 09 15 56.525000 1 1
2013 09 16 56.599000 1 1
2013 09 17 57.322000 1 1
2013 09 18 60.958000 1 1
2013 09 19 62.478000 1 1
2013 09 20 62.308000 1 1
2013 09 21 60.578000 1 1
2013 09 22 60.819000 1 1
2013 09 23 60.478000 1 1
2013 09 24 57.355000 1 1
2013 09 25 61.866000 1 1
2013 09 26 57.575000 1 1
2013 09 27 65.735000 1 1
2013 09 28 59.246000 1 1
2013 09 29 62.551000 1 1
2013 09 30 66.155000 1 1
2013 10 01 70.231000 1 1
2013 10 02 68.017000 1 1
2013 10 03 73.410000 1 1
2013 10 04 92.399000 1 1
2013 10 05 86.527000 1 1
2013 10 06 86.385000 1 1
2013 10 07 77.600000 1 1
2013 10 08 75.545000 1 1
2013 10 09 57.575000 1 1
2013 10 10 64.001000 1 1
2013 10 11 64.806000 1 1
2013 10 12 59.327000 1 1
2013 10 13 66.676000 1 1
2013 10 14 69.483000 1 1
2013 10 15 72.385000 1 1
2013 10 16 63.922000 1 1
2013 10 17 72.474000 1 1
2013 10 18 66.425000 1 1
2013 10 19 80.883000 1 1
2013 10 20 68.270000 1 1
2013 10 21 69.120000 1 1
2013 10 22 58.990000 1 1
2013 10 23 56.911000 1 1
2013 10 24 69.954000 1 1
2013 10 25 66.255000 1 1
2013 10 26 66.255000 1 1
2013 10 27 59.822000 1 1
2013 10 28 56.697000 1 1
2013 10 29 53.882000 1 1
2013 10 30 43.779000 1 1
2013 10 31 53.369000 1 1
2013 11 01 61.242000 1 1
2013 11 02 55.885000 1 1
2013 11 03 56.232000 1 1
2013 11 04 63.225000 1 1
2013 11 05 60.439000 1 1
2013 11 06 58.045000 1 1
2013 11 07 55.139000 1 1
2013 11 08 61.059000 1 1
2013 11 09 59.089000 1 1
2013 11 10 59.165000 1 1
2013 11 11 58.200000 1 1
2013 11 12 56.795000 1 1
2013 11 13 56.232000 1 1
2013 11 14 55.848000 1 1
2013 11 15 58.026000 1 1
2013 11 16 50.135000 1 1
2013 11 17 47.942000 1 1
2013 11 18 51.146000 1 1
2013 11 19 50.703000 1 1
2013 11 20 65.009000 1 1
2013 11 21 67.032000 1 1
2013 11 22 56.428000 1 1
2013 11 23 56.232000 1 1
2013 11 24 55.599000 1 1
2013 11 25 68.377000 1 1
2013 11 26 61.262000 1 1
2013 11 27 69.059000 1 1
2013 11 28 62.942000 1 1
2013 11 29 46.943000 1 1
2013 11 30 53.143000 1 1
2013 12 01 61.242000 1 1
2013 12 02 51.408000 1 1
2013 12 03 57.224000 1 1
2013 12 04 64.475000 1 1
2013 12 05 75.859000 1 1
2013 12 06 61.199000 1 1
2013 12 07 61.886000 1 1
2013 12 08 59.541000 1 1
2013 12 09 58.182000 1 1
2013 12 10 61.098000 1 1
2013 12 11 71.434000 1 1
2013 12 12 84.510000 1 1
2013 12 13 75.545000 1 1
2013 12 14 75.460000 1 1
2013 12 15 75.460000 1 1
2013 12 16 60.458000 1 1
2013 12 17 54.392000 1 1
2013 12 18 64.494000 1 1
2013 12 19 41.972000 1 1
2013 12 20 68.692000 1 1
2013 12 21 53.541000 1 1
2013 12 22 44.834000 1 1
2013 12 23 52.544000 1 1
2013 12 24 66.505000 1 1
2013 12 25 58.163000 1 1
2013 12 26 55.272000 1 1
2013 12 27 55.502000 1 1
2013 12 28 51.035000 1 1
2013 12 29 44.259000 1 1
2013 12 30 58.299000 1 1
2013 12 31 57.730000 1 1
2014 01 01 50.417000 1 1
2014 01 02 51.658000 1 1
2014 01 03 60.838000 1 1
2014 01 04 47.834000 1 1
2014 01 05 42.834000 1 1
2014 01 06 60.718000 1 1
2014 01 07 46.094000 1 1
2014 01 08 49.534000 1 1
2014 01 09 52.733000 1 1
2014 01 10 55.387000 1 1
2014 01 11 55.424000 1 1
2014 01 12 54.524000 1 1
2014 01 13 60.718000 1 1
2014 01 14 60.857000 1 1
2014 01 15 71.501000 1 1
2014 01 16 68.824000 1 1
2014 01 17 67.850000 1 1
2014 01 18 59.655000 1 1
2014 01 19 51.613000 1 1
2014 01 20 62.898000 1 1
2014 01 21 59.146000 1 1
2014 01 22 64.144000 1 1
2014 01 23 61.160000 1 1
2014 01 24 57.397000 1 1
2014 01 25 63.564000 1 1
2014 01 26 68.144000 1 1
2014 01 27 68.296000 1 1
2014 01 28 64.065000 1 1
2014 01 29 63.186000 1 1
2014 01 30 54.698000 1 1
2014 01 31 50.947000 1 1
2014 02 01 56.716000 1 1
2014 02 02 46.713000 1 1
2014 02 03 47.654000 1 1
2014 02 04 56.832000 1 1
2014 02 05 40.766000 1 1
2014 02 06 51.555000 1 1
2014 02 07 51.462000 1 1
2014 02 08 43.417000 1 1
2014 02 09 47.405000 1 1
2014 02 10 53.315000 1 1
2014 02 11 45.866000 1 1
2014 02 12 48.390000 1 1
2014 02 13 58.120000 1 1
2014 02 14 46.374000 1 1
2014 02 15 57.885000 1 1
2014 02 16 85.144000 1 1
2014 02 17 78.274000 1 1
2014 02 18 87.310000 1 1
2014 02 19 93.987000 1 1
2014 02 20 88.165000 1 1
2014 02 21 84.432000 1 1
2014 02 22 82.676000 1 1
2014 02 23 82.721000 1 1
2014 02 24 83.995000 1 1
2014 02 25 84.393000 1 1
2014 02 26 nan nan 0
2014 02 27 nan nan 0
2014 02 28 nan nan 0
2014 03 01 nan nan 0
2014 03 02 nan nan 0
2014 03 03 nan nan 0
2014 03 04 nan nan 0
2014 03 05 nan nan 0
2014 03 06 nan nan 0
2014 03 07 nan nan 0
2014 03 08 nan nan 0
2014 03 09 nan nan 0
2014 03 10 nan nan 0
2014 03 11 nan nan 0
2014 03 12 nan nan 0
2014 03 13 nan nan 0
2014 03 14 nan nan 0
2014 03 15 nan nan 0
2014 03 16 nan nan 0
2014 03 17 nan nan 0
2014 03 18 nan nan 0
2014 03 19 71.652000 1 1
2014 03 20 73.148000 1 1
2014 03 21 80.199000 1 1
2014 03 22 71.243000 1 1
2014 03 23 73.505000 1 1
2014 03 24 73.326000 1 1
2014 03 25 62.410000 1 1
2014 03 26 71.522000 1 1
2014 03 27 69.954000 1 1
2014 03 28 63.859000 1 1
2014 03 29 63.716000 1 1
2014 03 30 63.574000 1 1
2014 03 31 63.677000 1 1
2014 04 01 63.652000 1 1
2014 04 02 56.117000 1 1
2014 04 03 69.375000 1 1
2014 04 04 52.710000 1 1
2014 04 05 61.382000 1 1
2014 04 06 59.660000 1 1
2014 04 07 57.341000 1 1
2014 04 08 57.065000 1 1
2014 04 09 58.299000 1 1
2014 04 10 59.603000 1 1
2014 04 11 67.284000 1 1
2014 04 12 55.442000 1 1
2014 04 13 64.144000 1 1
2014 04 14 63.431000 1 1
2014 04 15 71.673000 1 1
2014 04 16 59.584000 1 1
2014 04 17 75.726000 1 1
2014 04 18 64.866000 1 1
2014 04 19 56.739000 1 1
2014 04 20 59.284000 1 1
2014 04 21 63.309000 1 1
2014 04 22 64.559000 1 1
2014 04 23 80.291000 1 1
2014 04 24 87.498000 1 1
2014 04 25 78.474000 1 1
2014 04 26 68.697000 1 1
2014 04 27 68.590000 1 1
2014 04 28 63.245000 1 1
2014 04 29 56.135000 1 1
2014 04 30 53.325000 1 1
2014 05 01 50.822000 1 1
2014 05 02 63.922000 1 1
2014 05 03 53.048000 1 1
2014 05 04 51.760000 1 1
2014 05 05 54.868000 1 1
2014 05 06 58.909000 1 1
2014 05 07 72.343000 1 1
2014 05 08 57.674000 1 1
2014 05 09 47.834000 1 1
2014 05 10 48.715000 1 1
2014 05 11 49.788000 1 1
2014 05 12 49.788000 1 1
2014 05 13 49.587000 1 1
2014 05 14 49.442000 1 1
2014 05 15 49.972000 1 1
2014 05 16 49.569000 1 1
2014 05 17 49.626000 1 1
2014 05 18 48.105000 1 1
2014 05 19 50.889000 1 1
2014 05 20 48.464000 1 1
2014 05 21 47.727000 1 1
2014 05 22 47.869000 1 1
2014 05 23 48.715000 1 1
2014 05 24 59.284000 1 1
2014 05 25 57.107000 1 1
2014 05 26 55.079000 1 1
2014 05 27 53.071000 1 1
2014 05 28 54.831000 1 1
2014 05 29 44.588000 1 1
2014 05 30 49.696000 1 1
2014 05 31 48.049000 1 1
2014 06 01 49.753000 1 1
2014 06 02 55.212000 1 1
2014 06 03 60.540000 1 1
2014 06 04 53.904000 1 1
2014 06 05 51.778000 1 1
2014 06 06 48.105000 1 1
2014 06 07 48.950000 1 1
2014 06 08 51.667000 1 1
2014 06 09 49.534000 1 1
2014 06 10 46.535000 1 1
2014 06 11 45.866000 1 1
2014 06 12 48.321000 1 1
2014 06 13 41.988000 1 1
2014 06 14 50.703000 1 1
2014 06 15 47.246000 1 1
2014 06 16 48.390000 1 1
2014 06 17 50.007000 1 1
2014 06 18 44.330000 1 1
2014 06 19 47.851000 1 1
2014 06 20 46.056000 1 1
2014 06 21 48.274000 1 1
2014 06 22 49.534000 1 1
2014 06 23 44.069000 1 1
2014 06 24 48.430000 1 1
2014 06 25 46.162000 1 1
2014 06 26 49.207000 1 1
2014 06 27 50.337000 1 1
2014 06 28 47.439000 1 1
2014 06 29 46.094000 1 1
2014 06 30 46.820000 1 1
2014 07 01 48.841000 1 1
2014 07 02 48.663000 1 1
2014 07 03 47.067000 1 1
2014 07 04 47.050000 1 1
2014 07 05 46.943000 1 1
2014 07 06 47.101000 1 1
2014 07 07 46.888000 1 1
2014 07 08 44.330000 1 1
2014 07 09 46.094000 1 1
2014 07 10 46.960000 1 1
2014 07 11 38.061000 1 1
2014 07 12 62.352000 1 1
2014 07 13 42.122000 1 1
2014 07 14 45.197000 1 1
2014 07 15 47.851000 1 1
2014 07 16 46.374000 1 1
2014 07 17 47.546000 1 1
2014 07 18 45.950000 1 1
2014 07 19 45.617000 1 1
2014 07 20 45.076000 1 1
2014 07 21 46.977000 1 1
2014 07 22 48.681000 1 1
2014 07 23 47.744000 1 1
2014 07 24 55.442000 1 1
2014 07 25 61.542000 1 1
2014 07 26 70.896000 1 1
2014 07 27 82.167000 1 1
2014 07 28 81.593000 1 1
2014 07 29 84.790000 1 1
2014 07 30 90.608000 1 1
2014 07 31 91.113000 1 1
2014 08 01 75.454000 1 1
2014 08 02 59.860000 1 1
2014 08 03 57.206000 1 1
2014 08 04 48.105000 1 1
2014 08 05 55.309000 1 1
2014 08 06 55.368000 1 1
2014 08 07 55.424000 1 1
2014 08 08 54.639000 1 1
2014 08 09 45.374000 1 1
2014 08 10 56.117000 1 1
2014 08 11 53.351000 1 1
2014 08 12 51.480000 1 1
2014 08 13 52.396000 1 1
2014 08 14 54.602000 1 1
2014 08 15 49.788000 1 1
2014 08 16 45.933000 1 1
2014 08 17 58.299000 1 1
2014 08 18 53.918000 1 1
2014 08 19 49.425000 1 1
2014 08 20 50.633000 1 1
2014 08 21 49.255000 1 1
2014 08 22 50.042000 1 1
2014 08 23 52.976000 1 1
2014 08 24 47.976000 1 1
2014 08 25 46.005000 1 1
2014 08 26 53.882000 1 1
2014 08 27 50.025000 1 1
2014 08 28 48.880000 1 1
2014 08 29 48.915000 1 1
2014 08 30 50.593000 1 1
2014 08 31 50.633000 1 1
2014 09 01 50.522000 1 1
2014 09 02 42.920000 1 1
2014 09 03 71.476000 1 1
2014 09 04 56.525000 1 1
2014 09 05 54.278000 1 1
2014 09 06 45.479000 1 1
2014 09 07 71.584000 1 1
2014 09 08 63.309000 1 1
2014 09 09 64.682000 1 1
2014 09 10 62.917000 1 1
2014 09 11 62.046000 1 1
2014 09 12 45.197000 1 1
2014 09 13 42.630000 1 1
2014 09 14 45.917000 1 1
2014 09 15 45.988000 1 1
2014 09 16 41.098000 1 1
2014 09 17 40.714000 1 1
2014 09 18 42.990000 1 1
2014 09 19 47.924000 1 1
2014 09 20 46.675000 1 1
2014 09 21 70.530000 1 1
2014 09 22 71.584000 1 1
2014 09 23 66.841000 1 1
2014 09 24 63.755000 1 1
2014 09 25 75.992000 1 1
2014 09 26 82.377000 1 1
2014 09 27 81.455000 1 1
2014 09 28 66.801000 1 1
2014 09 29 55.964000 1 1
2014 09 30 65.158000 1 1
2014 10 01 52.333000 1 1
2014 10 02 52.526000 1 1
2014 10 03 55.788000 1 1
2014 10 04 56.581000 1 1
2014 10 05 50.355000 1 1
2014 10 06 46.798000 1 1
2014 10 07 45.407000 1 1
2014 10 08 44.729000 1 1
2014 10 09 44.642000 1 1
2014 10 10 44.746000 1 1
2014 10 11 46.446000 1 1
2014 10 12 46.747000 1 1
2014 10 13 37.341000 1 1
2014 10 14 44.625000 1 1
2014 10 15 53.048000 1 1
2014 10 16 32.256000 1 1
2014 10 17 38.418000 1 1
2014 10 18 42.785000 1 1
2014 10 19 40.367000 1 1
2014 10 20 49.407000 1 1
2014 10 21 45.462000 1 1
2014 10 22 45.424000 1 1
2014 10 23 48.300000 1 1
2014 10 24 45.672000 1 1
2014 10 25 46.943000 1 1
2014 10 26 53.220000 1 1
2014 10 27 62.371000 1 1
2014 10 28 53.727000 1 1
2014 10 29 49.298000 1 1
2014 10 30 41.367000 1 1
2014 10 31 67.178000 1 1
2014 11 01 58.163000 1 1
2014 11 02 61.402000 1 1
2014 11 03 68.382000 1 1
2014 11 04 60.900000 1 1
2014 11 05 64.228000 1 1
2014 11 06 60.737000 1 1
2014 11 07 66.656000 1 1
2014 11 08 55.212000 1 1
2014 11 09 61.561000 1 1
2014 11 10 51.111000 1 1
2014 11 11 56.019000 1 1
2014 11 12 57.360000 1 1
2014 11 13 60.080000 1 1
2014 11 14 54.698000 1 1
2014 11 15 52.131000 1 1
2014 11 16 52.508000 1 1
2014 11 17 43.125000 1 1
2014 11 18 45.689000 1 1
2014 11 19 45.462000 1 1
2014 11 20 61.542000 1 1
2014 11 21 61.643000 1 1
2014 11 22 67.976000 1 1
2014 11 23 67.789000 1 1
2014 11 24 71.761000 1 1
2014 11 25 72.021000 1 1
2014 11 26 80.724000 1 1
2014 11 27 80.291000 1 1
2014 11 28 78.182000 1 1
2014 11 29 72.516000 1 1
2014 11 30 74.200000 1 1
2014 12 01 77.040000 1 1
2014 12 02 77.416000 1 1
2014 12 03 79.789000 1 1
2014 12 04 95.784000 1 1
2014 12 05 89.190000 1 1
2014 12 06 83.466000 1 1
2014 12 07 80.653000 1 1
2014 12 08 58.933000 1 1
2014 12 09 67.461000 1 1
2014 12 10 73.431000 1 1
2014 12 11 74.005000 1 1
2014 12 12 79.337000 1 1
2014 12 13 90.077000 1 1
2014 12 14 99.130000 1 1
2014 12 15 116.063000 1 1
2014 12 16 113.878000 1 1
2014 12 17 79.762000 1 1
2014 12 18 80.499000 1 1
2014 12 19 76.392000 1 1
2014 12 20 75.061000 1 1
2014 12 21 80.242000 1 1
2014 12 22 80.335000 1 1
2014 12 23 80.040000 1 1
2014 12 24 77.578000 1 1
2014 12 25 79.517000 1 1
2014 12 26 79.609000 1 1
2014 12 27 79.359000 1 1
2014 12 28 79.201000 1 1
2014 12 29 79.402000 1 1
2014 12 30 58.772000 1 1
2014 12 31 74.749000 1 1
2015 01 01 63.736000 1 1
2015 01 02 59.384000 1 1
2015 01 03 61.300000 1 1
2015 01 04 51.111000 1 1
2015 01 05 58.909000 1 1
2015 01 06 64.722000 1 1
2015 01 07 61.300000 1 1
2015 01 08 64.228000 1 1
2015 01 09 53.351000 1 1
2015 01 10 53.351000 1 1
2015 01 11 53.804000 1 1
2015 01 12 53.804000 1 1
2015 01 13 48.049000 1 1
2015 01 14 42.598000 1 1
2015 01 15 57.965000 1 1
2015 01 16 57.028000 1 1
2015 01 17 48.481000 1 1
2015 01 18 49.788000 1 1
2015 01 19 52.899000 1 1
2015 01 20 50.227000 1 1
2015 01 21 41.786000 1 1
2015 01 22 46.764000 1 1
2015 01 23 51.555000 1 1
2015 01 24 46.764000 1 1
2015 01 25 50.227000 1 1
2015 01 26 44.659000 1 1
2015 01 27 53.804000 1 1
2015 01 28 60.819000 1 1
2015 01 29 57.496000 1 1
2015 01 30 57.028000 1 1
2015 01 31 58.909000 1 1
2015 02 01 57.496000 1 1
2015 02 02 48.049000 1 1
2015 02 03 55.175000 1 1
2015 02 04 52.001000 1 1
2015 02 05 55.175000 1 1
2015 02 06 60.819000 1 1
2015 02 07 61.300000 1 1
2015 02 08 55.175000 1 1
2015 02 09 58.909000 1 1
2015 02 10 54.717000 1 1
2015 02 11 66.215000 1 1
2015 02 12 65.715000 1 1
2015 02 13 65.218000 1 1
2015 02 14 62.756000 1 1
2015 02 15 52.450000 1 1
2015 02 16 61.784000 1 1
2015 02 17 63.245000 1 1
2015 02 18 67.219000 1 1
2015 02 19 63.736000 1 1
2015 02 20 71.823000 1 1
2015 02 21 64.228000 1 1
2015 02 22 66.716000 1 1
2015 02 23 59.384000 1 1
2015 02 24 52.001000 1 1
2015 02 25 49.788000 1 1
2015 02 26 44.243000 1 1
2015 02 27 51.555000 1 1
2015 02 28 45.917000 1 1
2015 03 01 57.965000 1 1
2015 03 02 49.351000 1 1
2015 03 03 54.260000 1 1
2015 03 04 59.860000 1 1
2015 03 05 58.436000 1 1
2015 03 06 60.819000 1 1
2015 03 07 75.502000 1 1
2015 03 08 71.823000 1 1
2015 03 09 70.788000 1 1
2015 03 10 75.502000 1 1
2015 03 11 68.230000 1 1
2015 03 12 75.502000 1 1
2015 03 13 67.723000 1 1
2015 03 14 62.756000 1 1
2015 03 15 67.219000 1 1
2015 03 16 73.389000 1 1
2015 03 17 71.823000 1 1
2015 03 18 56.098000 1 1
2015 03 19 58.436000 1 1
2015 03 20 74.971000 1 1
2015 03 21 83.672000 1 1
2015 03 22 83.115000 1 1
2015 03 23 76.035000 1 1
2015 03 24 55.175000 1 1
2015 03 25 43.006000 1 1
2015 03 26 57.965000 1 1
2015 03 27 64.228000 1 1
2015 03 28 63.736000 1 1
2015 03 29 70.788000 1 1
2015 03 30 69.248000 1 1
2015 03 31 74.971000 1 1
2015 04 01 60.819000 1 1
2015 04 02 68.738000 1 1
2015 04 03 54.717000 1 1
2015 04 04 63.736000 1 1
2015 04 05 54.260000 1 1
2015 04 06 58.909000 1 1
2015 04 07 43.006000 1 1
2015 04 08 59.860000 1 1
2015 04 09 59.860000 1 1
2015 04 10 43.006000 1 1
2015 04 11 58.436000 1 1
2015 04 12 64.228000 1 1
2015 04 13 46.764000 1 1
2015 04 14 45.076000 1 1
2015 04 15 53.804000 1 1
2015 04 16 nan nan 0
2015 04 17 nan nan 0
2015 04 18 61.300000 1 1
2015 04 19 55.175000 1 1
2015 04 20 46.764000 1 1
2015 04 21 54.717000 1 1
2015 04 22 56.562000 1 1
2015 04 23 48.915000 1 1
2015 04 24 56.098000 1 1
2015 04 25 62.756000 1 1
2015 04 26 35.555000 1 1
2015 04 27 68.738000 1 1
2015 04 28 65.715000 1 1
2015 04 29 56.098000 1 1
2015 04 30 48.481000 1 1
2015 05 01 48.049000 1 1
2015 05 02 48.049000 1 1
2015 05 03 48.481000 1 1
2015 05 04 52.450000 1 1
2015 05 05 55.175000 1 1
2015 05 06 57.965000 1 1
2015 05 07 64.722000 1 1
2015 05 08 54.717000 1 1
2015 05 09 49.351000 1 1
2015 05 10 50.227000 1 1
2015 05 11 79.266000 1 1
2015 05 12 79.811000 1 1
2015 05 13 74.971000 1 1
2015 05 14 85.352000 1 1
2015 05 15 59.860000 1 1
2015 05 16 63.245000 1 1
2015 05 17 52.001000 1 1
2015 05 18 54.260000 1 1
2015 05 19 55.636000 1 1
2015 05 20 48.049000 1 1
2015 05 21 48.049000 1 1
2015 05 22 63.245000 1 1
2015 05 23 56.562000 1 1
2015 05 24 59.384000 1 1
2015 05 25 48.915000 1 1
2015 05 26 50.227000 1 1
2015 05 27 48.915000 1 1
2015 05 28 54.260000 1 1
2015 05 29 48.049000 1 1
2015 05 30 55.175000 1 1
2015 05 31 57.496000 1 1
2015 06 01 54.717000 1 1
2015 06 02 56.562000 1 1
2015 06 03 58.436000 1 1
2015 06 04 54.260000 1 1
2015 06 05 55.175000 1 1
2015 06 06 54.717000 1 1
2015 06 07 52.450000 1 1
2015 06 08 52.450000 1 1
2015 06 09 52.450000 1 1
2015 06 10 52.899000 1 1
2015 06 11 52.450000 1 1
2015 06 12 52.899000 1 1
2015 06 13 51.111000 1 1
2015 06 14 52.899000 1 1
2015 06 15 52.899000 1 1
2015 06 16 52.899000 1 1
2015 06 17 52.899000 1 1
2015 06 18 49.788000 1 1
2015 06 19 52.899000 1 1
2015 06 20 52.899000 1 1
2015 06 21 51.555000 1 1
2015 06 22 51.111000 1 1
2015 06 23 51.555000 1 1
2015 06 24 47.191000 1 1
2015 06 25 48.915000 1 1
2015 06 26 52.001000 1 1
2015 06 27 nan nan 0
2015 06 28 51.111000 1 1
2015 06 29 56.098000 1 1
2015 06 30 56.562000 1 1
2015 07 01 56.562000 1 1
2015 07 02 57.028000 1 1
2015 07 03 58.909000 1 1
2015 07 04 58.436000 1 1
2015 07 05 58.436000 1 1
2015 07 06 55.175000 1 1
2015 07 07 52.450000 1 1
2015 07 08 57.965000 1 1
2015 07 09 57.965000 1 1
2015 07 10 59.860000 1 1
2015 07 11 63.736000 1 1
2015 07 12 58.909000 1 1
2015 07 13 57.965000 1 1
2015 07 14 57.965000 1 1
2015 07 15 58.436000 1 1
2015 07 16 58.436000 1 1
2015 07 17 57.965000 1 1
2015 07 18 52.450000 1 1
2015 07 19 53.804000 1 1
2015 07 20 53.351000 1 1
2015 07 21 51.111000 1 1
2015 07 22 nan nan 0
2015 07 23 nan nan 0
2015 07 24 52.450000 1 1
2015 07 25 54.260000 1 1
2015 07 26 53.351000 1 1
2015 07 27 49.788000 1 1
2015 07 28 53.804000 1 1
2015 07 29 52.001000 1 1
2015 07 30 43.417000 1 1
2015 07 31 59.860000 1 1
2015 08 01 57.965000 1 1
2015 08 02 57.965000 1 1
2015 08 03 55.636000 1 1
2015 08 04 nan nan 0
2015 08 05 nan nan 0
2015 08 06 nan nan 0
2015 08 07 58.909000 1 1
2015 08 08 50.668000 1 1
2015 08 09 49.351000 1 1
2015 08 10 48.915000 1 1
2015 08 11 48.049000 1 1
2015 08 12 48.049000 1 1
2015 08 13 48.481000 1 1
2015 08 14 49.351000 1 1
2015 08 15 51.111000 1 1
2015 08 16 50.227000 1 1
2015 08 17 52.001000 1 1
2015 08 18 31.899000 1 1
2015 08 19 37.069000 1 1
2015 08 20 42.598000 1 1
2015 08 21 57.028000 1 1
2015 08 22 43.829000 1 1
2015 08 23 50.668000 1 1
2015 08 24 50.668000 1 1
2015 08 25 57.496000 1 1
2015 08 26 47.191000 1 1
2015 08 27 47.619000 1 1
2015 08 28 55.636000 1 1
2015 08 29 62.756000 1 1
2015 08 30 59.860000 1 1
2015 08 31 59.860000 1 1
2015 09 01 57.028000 1 1
2015 09 02 48.915000 1 1
2015 09 03 45.917000 1 1
2015 09 04 61.784000 1 1
2015 09 05 52.001000 1 1
2015 09 06 52.450000 1 1
2015 09 07 50.668000 1 1
2015 09 08 41.786000 1 1
2015 09 09 64.228000 1 1
2015 09 10 61.300000 1 1
2015 09 11 73.915000 1 1
2015 09 12 56.562000 1 1
2015 09 13 55.175000 1 1
2015 09 14 55.636000 1 1
2015 09 15 49.351000 1 1
2015 09 16 56.098000 1 1
2015 09 17 56.098000 1 1
2015 09 18 43.417000 1 1
2015 09 19 46.764000 1 1
2015 09 20 43.417000 1 1
2015 09 21 43.829000 1 1
2015 09 22 48.049000 1 1
2015 09 23 50.227000 1 1
2015 09 24 46.764000 1 1
2015 09 25 66.215000 1 1
2015 09 26 52.001000 1 1
2015 09 27 73.915000 1 1
2015 09 28 67.723000 1 1
2015 09 29 52.001000 1 1
2015 09 30 51.111000 1 1
2015 10 01 54.717000 1 1
2015 10 02 65.715000 1 1
2015 10 03 76.569000 1 1
2015 10 04 93.400000 1 1
2015 10 05 67.723000 1 1
2015 10 06 60.339000 1 1
2015 10 07 54.717000 1 1
2015 10 08 49.788000 1 1
2015 10 09 63.736000 1 1
2015 10 10 57.965000 1 1
2015 10 11 68.230000 1 1
2015 10 12 64.722000 1 1
2015 10 13 57.496000 1 1
2015 10 14 60.819000 1 1
2015 10 15 50.668000 1 1
2015 10 16 56.562000 1 1
2015 10 17 63.736000 1 1
2015 10 18 51.111000 1 1
2015 10 19 48.049000 1 1
2015 10 20 48.049000 1 1
2015 10 21 48.049000 1 1
2015 10 22 48.481000 1 1
2015 10 23 48.915000 1 1
2015 10 24 nan nan 0
2015 10 25 nan nan 0
2015 10 26 55.636000 1 1
2015 10 27 56.098000 1 1
2015 10 28 61.784000 1 1
2015 10 29 74.442000 1 1
2015 10 30 53.804000 1 1
2015 10 31 68.230000 1 1
2015 11 01 63.736000 1 1
2015 11 02 63.736000 1 1
2015 11 03 58.909000 1 1
2015 11 04 49.788000 1 1
2015 11 05 nan nan 0
2015 11 06 71.823000 1 1
2015 11 07 63.736000 1 1
2015 11 08 35.931000 1 1
2015 11 09 74.971000 1 1
2015 11 10 70.273000 1 1
2015 11 11 73.389000 1 1
2015 11 12 55.175000 1 1
2015 11 13 53.351000 1 1
2015 11 14 49.351000 1 1
2015 11 15 82.560000 1 1
2015 11 16 62.756000 1 1
2015 11 17 78.182000 1 1
2015 11 18 68.738000 1 1
2015 11 19 88.188000 1 1
2015 11 20 86.481000 1 1
2015 11 21 74.971000 1 1
2015 11 22 nan nan 0
2015 11 23 81.455000 1 1
2015 11 24 74.971000 1 1
2015 11 25 54.717000 1 1
2015 11 26 76.569000 1 1
2015 11 27 68.738000 1 1
2015 11 28 76.035000 1 1
2015 11 29 76.569000 1 1
2015 11 30 103.007000 1 1
2015 12 01 97.549000 1 1
2015 12 02 103.007000 1 1
2015 12 03 91.647000 1 1
2015 12 04 103.007000 1 1
2015 12 05 88.188000 1 1
2015 12 06 107.974000 1 1
2015 12 07 83.115000 1 1
2015 12 08 89.334000 1 1
2015 12 09 85.916000 1 1
2015 12 10 83.672000 1 1
2015 12 11 81.455000 1 1
2015 12 12 65.218000 1 1
2015 12 13 73.915000 1 1
2015 12 14 84.790000 1 1
2015 12 15 nan nan 0
2015 12 16 nan nan 0
2015 12 17 nan nan 0
2015 12 18 84.790000 1 1
2015 12 19 85.352000 1 1
2015 12 20 74.971000 1 1
2015 12 21 78.182000 1 1
2015 12 22 71.823000 1 1
2015 12 23 71.305000 1 1
2015 12 24 72.343000 1 1
2015 12 25 68.230000 1 1
2015 12 26 59.860000 1 1
2015 12 27 69.759000 1 1
2015 12 28 70.273000 1 1
2015 12 29 65.218000 1 1
2015 12 30 78.723000 1 1
2015 12 31 85.352000 1 1
2016 01 01 90.553000 1 1
2016 01 02 90.027000 1 1
2016 01 03 90.027000 1 1
2016 01 04 90.027000 1 1
2016 01 05 90.027000 1 1
2016 01 06 91.606000 1 1
2016 01 07 111.086000 1 1
2016 01 08 102.136000 1 1
2016 01 09 101.083000 1 1
2016 01 10 88.974000 1 1
2016 01 11 89.500000 1 1
2016 01 12 87.921000 1 1
2016 01 13 90.553000 1 1
2016 01 14 91.080000 1 1
2016 01 15 90.553000 1 1
2016 01 16 86.341000 1 1
2016 01 17 91.080000 1 1
2016 01 18 91.080000 1 1
2016 01 19 90.553000 1 1
2016 01 20 90.027000 1 1
2016 01 21 90.027000 1 1
2016 01 22 88.447000 1 1
2016 01 23 68.967000 1 1
2016 01 24 77.917000 1 1
2016 01 25 71.599000 1 1
2016 01 26 74.758000 1 1
2016 01 27 84.235000 1 1
2016 01 28 84.235000 1 1
2016 01 29 85.815000 1 1
2016 01 30 87.921000 1 1
2016 01 31 85.815000 1 1
2016 02 01 92.659000 1 1
2016 02 02 88.447000 1 1
2016 02 03 71.073000 1 1
2016 02 04 75.285000 1 1
2016 02 05 72.652000 1 1
2016 02 06 76.338000 1 1
2016 02 07 87.394000 1 1
2016 02 08 91.606000 1 1
2016 02 09 91.080000 1 1
2016 02 10 95.291000 1 1
2016 02 11 94.239000 1 1
2016 02 12 92.133000 1 1
2016 02 13 91.606000 1 1
2016 02 14 73.705000 1 1
2016 02 15 84.762000 1 1
2016 02 16 70.546000 1 1
2016 02 17 83.709000 1 1
2016 02 18 81.076000 1 1
2016 02 19 77.917000 1 1
2016 02 20 84.235000 1 1
2016 02 21 85.815000 1 1
2016 02 22 91.606000 1 1
2016 02 23 92.659000 1 1
2016 02 24 92.133000 1 1
2016 02 25 107.927000 1 1
2016 02 26 115.825000 1 1
2016 02 27 120.563000 1 1
2016 02 28 114.772000 1 1
2016 02 29 112.139000 1 1
2016 03 01 109.507000 1 1
2016 03 02 117.404000 1 1
2016 03 03 116.878000 1 1
2016 03 04 109.507000 1 1
2016 03 05 112.666000 1 1
2016 03 06 125.828000 1 1
2016 03 07 113.192000 1 1
2016 03 08 122.143000 1 1
2016 03 09 106.874000 1 1
2016 03 10 110.560000 1 1
2016 03 11 110.560000 1 1
2016 03 12 110.560000 1 1
2016 03 13 107.927000 1 1
2016 03 14 108.980000 1 1
2016 03 15 111.086000 1 1
2016 03 16 111.086000 1 1
2016 03 17 111.086000 1 1
2016 03 18 106.348000 1 1
2016 03 19 97.924000 1 1
2016 03 20 99.504000 1 1
2016 03 21 98.451000 1 1
2016 03 22 90.553000 1 1
2016 03 23 93.186000 1 1
2016 03 24 110.034000 1 1
2016 03 25 111.086000 1 1
2016 03 26 113.719000 1 1
2016 03 27 113.192000 1 1
2016 03 28 116.878000 1 1
2016 03 29 110.034000 1 1
2016 03 30 110.034000 1 1
2016 03 31 105.822000 1 1
2016 04 01 90.027000 1 1
2016 04 02 99.504000 1 1
2016 04 03 100.557000 1 1
2016 04 04 94.239000 1 1
2016 04 05 88.447000 1 1
2016 04 06 87.921000 1 1
2016 04 07 83.709000 1 1
2016 04 08 76.338000 1 1
2016 04 09 83.709000 1 1
2016 04 10 90.027000 1 1
2016 04 11 83.709000 1 1
2016 04 12 77.917000 1 1
2016 04 13 93.186000 1 1
2016 04 14 nan nan 0
2016 04 15 92.133000 1 1
2016 04 16 83.709000 1 1
2016 04 17 87.921000 1 1
2016 04 18 86.868000 1 1
2016 04 19 81.603000 1 1
2016 04 20 78.970000 1 1
2016 04 21 81.076000 1 1
2016 04 22 86.868000 1 1
2016 04 23 97.397000 1 1
2016 04 24 79.497000 1 1
2016 04 25 84.235000 1 1
2016 04 26 92.133000 1 1
2016 04 27 116.351000 1 1
2016 04 28 115.825000 1 1
2016 04 29 115.825000 1 1
2016 04 30 122.669000 1 1
2016 05 01 126.881000 1 1
2016 05 02 115.298000 1 1
2016 05 03 92.659000 1 1
2016 05 04 108.454000 1 1
2016 05 05 79.497000 1 1
2016 05 06 81.603000 1 1
2016 05 07 89.500000 1 1
2016 05 08 91.606000 1 1
2016 05 09 88.974000 1 1
2016 05 10 87.394000 1 1
2016 05 11 107.927000 1 1
2016 05 12 100.557000 1 1
2016 05 13 100.557000 1 1
2016 05 14 115.825000 1 1
2016 05 15 114.772000 1 1
2016 05 16 104.769000 1 1
2016 05 17 99.504000 1 1
2016 05 18 90.553000 1 1
2016 05 19 76.338000 1 1
2016 05 20 80.023000 1 1
2016 05 21 93.186000 1 1
2016 05 22 88.974000 1 1
2016 05 23 88.974000 1 1
2016 05 24 95.291000 1 1
2016 05 25 104.769000 1 1
2016 05 26 88.974000 1 1
2016 05 27 97.924000 1 1
2016 05 28 80.550000 1 1
2016 05 29 81.603000 1 1
2016 05 30 100.557000 1 1
2016 05 31 101.609000 1 1
2016 06 01 99.504000 1 1
2016 06 02 114.245000 1 1
2016 06 03 107.927000 1 1
2016 06 04 116.351000 1 1
2016 06 05 90.553000 1 1
2016 06 06 106.874000 1 1
2016 06 07 115.298000 1 1
2016 06 08 95.818000 1 1
2016 06 09 86.868000 1 1
2016 06 10 88.974000 1 1
2016 06 11 92.133000 1 1
2016 06 12 77.917000 1 1
2016 06 13 96.344000 1 1
2016 06 14 99.504000 1 1
2016 06 15 85.815000 1 1
2016 06 16 88.447000 1 1
2016 06 17 93.186000 1 1
2016 06 18 85.288000 1 1
2016 06 19 93.712000 1 1
2016 06 20 84.762000 1 1
2016 06 21 87.394000 1 1
2016 06 22 88.974000 1 1
2016 06 23 89.500000 1 1
2016 06 24 90.027000 1 1
2016 06 25 87.921000 1 1
2016 06 26 78.444000 1 1
2016 06 27 87.921000 1 1
2016 06 28 nan nan 0
2016 06 29 88.447000 1 1
2016 06 30 88.447000 1 1
2016 07 01 85.288000 1 1
2016 07 02 82.656000 1 1
2016 07 03 89.500000 1 1
2016 07 04 91.080000 1 1
2016 07 05 86.868000 1 1
2016 07 06 86.341000 1 1
2016 07 07 80.023000 1 1
2016 07 08 72.126000 1 1
2016 07 09 87.394000 1 1
2016 07 10 84.762000 1 1
2016 07 11 87.394000 1 1
2016 07 12 87.394000 1 1
2016 07 13 87.921000 1 1
2016 07 14 87.921000 1 1
2016 07 15 88.447000 1 1
2016 07 16 80.550000 1 1
2016 07 17 81.603000 1 1
2016 07 18 87.921000 1 1
2016 07 19 83.182000 1 1
2016 07 20 81.603000 1 1
2016 07 21 87.394000 1 1
2016 07 22 87.394000 1 1
2016 07 23 87.921000 1 1
2016 07 24 87.921000 1 1
2016 07 25 81.603000 1 1
2016 07 26 81.076000 1 1
2016 07 27 71.599000 1 1
2016 07 28 71.073000 1 1
2016 07 29 nan nan 0
2016 07 30 nan nan 0
2016 07 31 77.917000 1 1
2016 08 01 83.182000 1 1
2016 08 02 77.391000 1 1
2016 08 03 74.232000 1 1
2016 08 04 53.698000 1 1
2016 08 05 50.539000 1 1
2016 08 06 46.854000 1 1
2016 08 07 41.589000 1 1
2016 08 08 75.285000 1 1
2016 08 09 30.006000 1 1
2016 08 10 60.543000 1 1
2016 08 11 63.702000 1 1
2016 08 12 54.751000 1 1
2016 08 13 56.331000 1 1
2016 08 14 61.069000 1 1
2016 08 15 56.331000 1 1
2016 08 16 50.539000 1 1
2016 08 17 49.486000 1 1
2016 08 18 65.808000 1 1
2016 08 19 55.278000 1 1
2016 08 20 54.225000 1 1
2016 08 21 61.596000 1 1
2016 08 22 76.864000 1 1
2016 08 23 68.967000 1 1
2016 08 24 64.755000 1 1
2016 08 25 63.702000 1 1
2016 08 26 58.963000 1 1
2016 08 27 58.437000 1 1
2016 08 28 47.380000 1 1
2016 08 29 62.122000 1 1
2016 08 30 57.910000 1 1
2016 08 31 74.232000 1 1
2016 09 01 63.702000 1 1
2016 09 02 73.705000 1 1
2016 09 03 67.914000 1 1
2016 09 04 80.550000 1 1
2016 09 05 80.023000 1 1
2016 09 06 92.659000 1 1
2016 09 07 86.868000 1 1
2016 09 08 85.288000 1 1
2016 09 09 67.914000 1 1
2016 09 10 74.232000 1 1
2016 09 11 65.281000 1 1
2016 09 12 61.596000 1 1
2016 09 13 57.384000 1 1
2016 09 14 56.857000 1 1
2016 09 15 56.857000 1 1
2016 09 16 47.907000 1 1
2016 09 17 53.698000 1 1
2016 09 18 64.228000 1 1
2016 09 19 54.225000 1 1
2016 09 20 54.751000 1 1
2016 09 21 64.755000 1 1
2016 09 22 60.016000 1 1
2016 09 23 48.433000 1 1
2016 09 24 57.910000 1 1
2016 09 25 52.119000 1 1
2016 09 26 57.384000 1 1
2016 09 27 60.543000 1 1
2016 09 28 58.963000 1 1
2016 09 29 53.172000 1 1
2016 09 30 40.536000 1 1
2016 10 01 50.013000 1 1
2016 10 02 51.592000 1 1
2016 10 03 55.804000 1 1
2016 10 04 86.341000 1 1
2016 10 05 77.917000 1 1
2016 10 06 94.765000 1 1
2016 10 07 86.868000 1 1
2016 10 08 82.129000 1 1
2016 10 09 76.338000 1 1
2016 10 10 62.122000 1 1
2016 10 11 70.020000 1 1
2016 10 12 52.645000 1 1
2016 10 13 65.808000 1 1
2016 10 14 51.066000 1 1
2016 10 15 61.069000 1 1
2016 10 16 71.599000 1 1
2016 10 17 65.808000 1 1
2016 10 18 65.281000 1 1
2016 10 19 55.804000 1 1
2016 10 20 67.914000 1 1
2016 10 21 84.762000 1 1
2016 10 22 83.182000 1 1
2016 10 23 70.546000 1 1
2016 10 24 67.387000 1 1
2016 10 25 70.020000 1 1
2016 10 26 65.281000 1 1
2016 10 27 64.755000 1 1
2016 10 28 72.126000 1 1
2016 10 29 55.278000 1 1
2016 10 30 49.486000 1 1
2016 10 31 67.387000 1 1
2016 11 01 68.967000 1 1
2016 11 02 61.069000 1 1
2016 11 03 77.391000 1 1
2016 11 04 73.705000 1 1
2016 11 05 72.652000 1 1
2016 11 06 65.808000 1 1
2016 11 07 71.073000 1 1
2016 11 08 55.804000 1 1
2016 11 09 51.066000 1 1
2016 11 10 56.331000 1 1
2016 11 11 69.493000 1 1
2016 11 12 60.016000 1 1
2016 11 13 79.497000 1 1
2016 11 14 80.023000 1 1
2016 11 15 87.921000 1 1
2016 11 16 93.186000 1 1
2016 11 17 93.186000 1 1
2016 11 18 86.868000 1 1
2016 11 19 68.967000 1 1
2016 11 20 68.967000 1 1
2016 11 21 57.384000 1 1
2016 11 22 61.069000 1 1
2016 11 23 64.228000 1 1
2016 11 24 64.755000 1 1
2016 11 25 65.808000 1 1
2016 11 26 65.281000 1 1
2016 11 27 50.013000 1 1
2016 11 28 63.702000 1 1
2016 11 29 58.963000 1 1
2016 11 30 66.334000 1 1
2016 12 01 74.232000 1 1
2016 12 02 75.811000 1 1
2016 12 03 74.758000 1 1
2016 12 04 72.652000 1 1
2016 12 05 74.232000 1 1
2016 12 06 61.596000 1 1
2016 12 07 63.175000 1 1
2016 12 08 68.440000 1 1
2016 12 09 80.550000 1 1
2016 12 10 93.712000 1 1
2016 12 11 92.133000 1 1
2016 12 12 75.811000 1 1
2016 12 13 75.811000 1 1
2016 12 14 71.599000 1 1
2016 12 15 64.755000 1 1
2016 12 16 67.387000 1 1
2016 12 17 65.808000 1 1
2016 12 18 61.596000 1 1
2016 12 19 57.384000 1 1
2016 12 20 63.175000 1 1
2016 12 21 72.652000 1 1
2016 12 22 73.705000 1 1
2016 12 23 78.444000 1 1
2016 12 24 81.076000 1 1
2016 12 25 72.126000 1 1
2016 12 26 63.702000 1 1
2016 12 27 63.175000 1 1
2016 12 28 72.126000 1 1
2016 12 29 64.228000 1 1
2016 12 30 83.182000 1 1
2016 12 31 75.811000 1 1
2017 01 01 83.226000 1 1
2017 01 02 95.195000 1 1
2017 01 03 96.202000 1 1
2017 01 04 86.692000 1 1
2017 01 05 88.682000 1 1
2017 01 06 89.180000 1 1
2017 01 07 80.763000 1 1
2017 01 08 80.272000 1 1
2017 01 09 81.747000 1 1
2017 01 10 69.100000 1 1
2017 01 11 64.323000 1 1
2017 01 12 91.179000 1 1
2017 01 13 98.223000 1 1
2017 01 14 102.283000 1 1
2017 01 15 101.774000 1 1
2017 01 16 120.839000 1 1
2017 01 17 141.963000 1 1
2017 01 18 125.547000 1 1
2017 01 19 115.639000 1 1
2017 01 20 123.451000 1 1
2017 01 21 137.699000 1 1
2017 01 22 120.317000 1 1
2017 01 23 116.676000 1 1
2017 01 24 111.504000 1 1
2017 01 25 109.444000 1 1
2017 01 26 108.930000 1 1
2017 01 27 112.535000 1 1
2017 01 28 114.603000 1 1
2017 01 29 112.019000 1 1
2017 01 30 109.444000 1 1
2017 01 31 113.568000 1 1
2017 02 01 110.473000 1 1
2017 02 02 107.904000 1 1
2017 02 03 107.391000 1 1
2017 02 04 93.686000 1 1
2017 02 05 97.717000 1 1
2017 02 06 97.717000 1 1
2017 02 07 96.202000 1 1
2017 02 08 98.223000 1 1
2017 02 09 89.180000 1 1
2017 02 10 91.679000 1 1
2017 02 11 90.179000 1 1
2017 02 12 85.204000 1 1
2017 02 13 97.212000 1 1
2017 02 14 98.729000 1 1
2017 02 15 102.283000 1 1
2017 02 16 117.195000 1 1
2017 02 17 101.265000 1 1
2017 02 18 101.265000 1 1
2017 02 19 83.720000 1 1
2017 02 20 91.179000 1 1
2017 02 21 86.692000 1 1
2017 02 22 89.180000 1 1
2017 02 23 78.801000 1 1
2017 02 24 71.991000 1 1
2017 02 25 97.717000 1 1
2017 02 26 81.255000 1 1
2017 02 27 96.202000 1 1
2017 02 28 88.682000 1 1
2017 03 01 89.679000 1 1
2017 03 02 92.682000 1 1
2017 03 03 90.179000 1 1
2017 03 04 95.698000 1 1
2017 03 05 101.265000 1 1
2017 03 06 101.774000 1 1
2017 03 07 101.774000 1 1
2017 03 08 101.774000 1 1
2017 03 09 101.774000 1 1
2017 03 10 80.763000 1 1
2017 03 11 100.757000 1 1
2017 03 12 78.801000 1 1
2017 03 13 96.707000 1 1
2017 03 14 90.678000 1 1
2017 03 15 94.188000 1 1
2017 03 16 82.732000 1 1
2017 03 17 86.692000 1 1
2017 03 18 82.732000 1 1
2017 03 19 71.025000 1 1
2017 03 20 96.202000 1 1
2017 03 21 100.757000 1 1
2017 03 22 112.019000 1 1
2017 03 23 101.774000 1 1
2017 03 24 100.757000 1 1
2017 03 25 101.265000 1 1
2017 03 26 87.189000 1 1
2017 03 27 101.265000 1 1
2017 03 28 88.682000 1 1
2017 03 29 100.757000 1 1
2017 03 30 100.757000 1 1
2017 03 31 100.757000 1 1
2017 04 01 100.757000 1 1
2017 04 02 84.709000 1 1
2017 04 03 91.179000 1 1
2017 04 04 82.732000 1 1
2017 04 05 92.180000 1 1
2017 04 06 79.781000 1 1
2017 04 07 99.236000 1 1
2017 04 08 90.179000 1 1
2017 04 09 78.311000 1 1
2017 04 10 92.682000 1 1
2017 04 11 95.698000 1 1
2017 04 12 91.179000 1 1
2017 04 13 94.691000 1 1
2017 04 14 78.311000 1 1
2017 04 15 96.202000 1 1
2017 04 16 77.334000 1 1
2017 04 17 91.179000 1 1
2017 04 18 85.700000 1 1
2017 04 19 82.239000 1 1
2017 04 20 82.732000 1 1
2017 04 21 81.255000 1 1
2017 04 22 81.255000 1 1
2017 04 23 81.747000 1 1
2017 04 24 80.763000 1 1
2017 04 25 93.183000 1 1
2017 04 26 79.781000 1 1
2017 04 27 64.798000 1 1
2017 04 28 68.141000 1 1
2017 04 29 83.720000 1 1
2017 04 30 87.189000 1 1
2017 05 01 67.219000 1 1
2017 05 02 79.266000 1 1
2017 05 03 78.182000 1 1
2017 05 04 78.723000 1 1
2017 05 05 81.455000 1 1
2017 05 06 81.455000 1 1
2017 05 07 62.756000 1 1
2017 05 08 73.915000 1 1
2017 05 09 83.115000 1 1
2017 05 10 72.343000 1 1
2017 05 11 55.175000 1 1
2017 05 12 66.716000 1 1
2017 05 13 72.343000 1 1
2017 05 14 62.756000 1 1
2017 05 15 78.182000 1 1
2017 05 16 70.273000 1 1
2017 05 17 81.455000 1 1
2017 05 18 87.617000 1 1
2017 05 19 85.352000 1 1
2017 05 20 70.788000 1 1
2017 05 21 100.564000 1 1
2017 05 22 103.007000 1 1
2017 05 23 114.336000 1 1
2017 05 24 101.783000 1 1
2017 05 25 101.783000 1 1
2017 05 26 101.783000 1 1
2017 05 27 97.549000 1 1
2017 05 28 85.352000 1 1
2017 05 29 77.643000 1 1
2017 05 30 63.245000 1 1
2017 05 31 54.717000 1 1
2017 06 01 79.811000 1 1
2017 06 02 79.266000 1 1
2017 06 03 66.716000 1 1
2017 06 04 71.823000 1 1
2017 06 05 64.228000 1 1
2017 06 06 87.617000 1 1
2017 06 07 70.273000 1 1
2017 06 08 60.339000 1 1
2017 06 09 72.343000 1 1
2017 06 10 57.028000 1 1
2017 06 11 47.619000 1 1
2017 06 12 61.784000 1 1
2017 06 13 83.672000 1 1
2017 06 14 79.811000 1 1
2017 06 15 64.722000 1 1
2017 06 16 70.273000 1 1
2017 06 17 74.442000 1 1
2017 06 18 65.218000 1 1
2017 06 19 67.723000 1 1
2017 06 20 69.759000 1 1
2017 06 21 80.357000 1 1
2017 06 22 63.245000 1 1
2017 06 23 73.389000 1 1
2017 06 24 73.915000 1 1
2017 06 25 57.028000 1 1
2017 06 26 45.076000 1 1
2017 06 27 58.909000 1 1
2017 06 28 58.436000 1 1
2017 06 29 78.723000 1 1
2017 06 30 63.736000 1 1
2017 07 01 82.560000 1 1
2017 07 02 65.218000 1 1
2017 07 03 82.560000 1 1
2017 07 04 54.260000 1 1
2017 07 05 54.260000 1 1
2017 07 06 59.860000 1 1
2017 07 07 43.417000 1 1
2017 07 08 94.577000 1 1
2017 07 09 80.905000 1 1
2017 07 10 58.909000 1 1
2017 07 11 59.860000 1 1
2017 07 12 63.245000 1 1
2017 07 13 73.915000 1 1
2017 07 14 54.260000 1 1
2017 07 15 37.837000 1 1
2017 07 16 85.352000 1 1
2017 07 17 89.334000 1 1
2017 07 18 77.105000 1 1
2017 07 19 65.715000 1 1
2017 07 20 61.300000 1 1
2017 07 21 69.248000 1 1
2017 07 22 73.915000 1 1
2017 07 23 65.218000 1 1
2017 07 24 64.722000 1 1
2017 07 25 66.716000 1 1
2017 07 26 58.909000 1 1
2017 07 27 nan nan 0
2017 07 28 nan nan 0
2017 07 29 101.173000 1 1
2017 07 30 106.099000 1 1
2017 07 31 55.175000 1 1
2017 08 01 74.442000 1 1
2017 08 02 72.866000 1 1
2017 08 03 56.098000 1 1
2017 08 04 50.668000 1 1
2017 08 05 69.759000 1 1
2017 08 06 57.028000 1 1
2017 08 07 72.866000 1 1
2017 08 08 72.866000 1 1
2017 08 09 66.716000 1 1
2017 08 10 53.351000 1 1
2017 08 11 72.866000 1 1
2017 08 12 72.866000 1 1
2017 08 13 65.715000 1 1
2017 08 14 64.722000 1 1
2017 08 15 45.076000 1 1
2017 08 16 67.723000 1 1
2017 08 17 72.866000 1 1
2017 08 18 79.811000 1 1
2017 08 19 68.230000 1 1
2017 08 20 69.759000 1 1
2017 08 21 89.910000 1 1
2017 08 22 89.334000 1 1
2017 08 23 96.951000 1 1
2017 08 24 105.477000 1 1
2017 08 25 77.643000 1 1
2017 08 26 63.736000 1 1
2017 08 27 65.715000 1 1
2017 08 28 66.716000 1 1
2017 08 29 40.185000 1 1
2017 08 30 57.965000 1 1
2017 08 31 77.643000 1 1
2017 09 01 79.266000 1 1
2017 09 02 59.384000 1 1
2017 09 03 65.218000 1 1
2017 09 04 62.756000 1 1
2017 09 05 63.736000 1 1
2017 09 06 64.228000 1 1
2017 09 07 46.340000 1 1
2017 09 08 58.909000 1 1
2017 09 09 56.562000 1 1
2017 09 10 72.343000 1 1
2017 09 11 43.417000 1 1
2017 09 12 65.218000 1 1
2017 09 13 70.788000 1 1
2017 09 14 59.860000 1 1
2017 09 15 49.788000 1 1
2017 09 16 66.716000 1 1
2017 09 17 57.028000 1 1
2017 09 18 66.215000 1 1
2017 09 19 64.722000 1 1
2017 09 20 52.899000 1 1
2017 09 21 53.804000 1 1
2017 09 22 73.915000 1 1
2017 09 23 43.417000 1 1
2017 09 24 70.273000 1 1
2017 09 25 54.260000 1 1
2017 09 26 57.496000 1 1
2017 09 27 60.819000 1 1
2017 09 28 54.260000 1 1
2017 09 29 49.788000 1 1
2017 09 30 73.915000 1 1
2017 10 01 68.738000 1 1
2017 10 02 73.915000 1 1
2017 10 03 78.182000 1 1
2017 10 04 91.066000 1 1
2017 10 05 94.577000 1 1
2017 10 06 78.182000 1 1
2017 10 07 74.971000 1 1
2017 10 08 55.636000 1 1
2017 10 09 65.218000 1 1
2017 10 10 79.811000 1 1
2017 10 11 71.823000 1 1
2017 10 12 56.562000 1 1
2017 10 13 63.736000 1 1
2017 10 14 59.384000 1 1
2017 10 15 58.909000 1 1
2017 10 16 60.819000 1 1
2017 10 17 57.028000 1 1
2017 10 18 54.717000 1 1
2017 10 19 58.909000 1 1
2017 10 20 80.905000 1 1
2017 10 21 58.436000 1 1
2017 10 22 98.149000 1 1
2017 10 23 76.569000 1 1
2017 10 24 60.339000 1 1
2017 10 25 67.723000 1 1
2017 10 26 67.219000 1 1
2017 10 27 61.784000 1 1
2017 10 28 67.723000 1 1
2017 10 29 54.717000 1 1
2017 10 30 57.496000 1 1
2017 10 31 85.352000 1 1
2017 11 01 61.784000 1 1
2017 11 02 63.736000 1 1
2017 11 03 79.266000 1 1
2017 11 04 70.788000 1 1
2017 11 05 68.738000 1 1
2017 11 06 84.230000 1 1
2017 11 07 79.811000 1 1
2017 11 08 75.502000 1 1
2017 11 09 105.477000 1 1
2017 11 10 66.215000 1 1
2017 11 11 88.760000 1 1
2017 11 12 62.756000 1 1
2017 11 13 64.228000 1 1
2017 11 14 73.389000 1 1
2017 11 15 56.562000 1 1
2017 11 16 62.756000 1 1
2017 11 17 76.035000 1 1
2017 11 18 78.182000 1 1
2017 11 19 67.723000 1 1
2017 11 20 103.622000 1 1
2017 11 21 80.357000 1 1
2017 11 22 94.577000 1 1
2017 11 23 103.007000 1 1
2017 11 24 103.007000 1 1
2017 11 25 103.622000 1 1
2017 11 26 99.353000 1 1
2017 11 27 84.790000 1 1
2017 11 28 84.230000 1 1
2017 11 29 72.343000 1 1
2017 11 30 88.188000 1 1
2017 12 01 92.814000 1 1
2017 12 02 105.477000 1 1
2017 12 03 104.857000 1 1
2017 12 04 92.229000 1 1
2017 12 05 109.865000 1 1
2017 12 06 137.221000 1 1
2017 12 07 125.536000 1 1
2017 12 08 127.563000 1 1
2017 12 09 119.546000 1 1
2017 12 10 106.099000 1 1
2017 12 11 104.239000 1 1
2017 12 12 104.857000 1 1
2017 12 13 104.857000 1 1
2017 12 14 106.099000 1 1
2017 12 15 67.219000 1 1
2017 12 16 57.028000 1 1
2017 12 17 105.477000 1 1
2017 12 18 92.814000 1 1
2017 12 19 79.266000 1 1
2017 12 20 87.617000 1 1
2017 12 21 76.569000 1 1
2017 12 22 84.790000 1 1
2017 12 23 105.477000 1 1
2017 12 24 95.761000 1 1
2017 12 25 88.760000 1 1
2017 12 26 100.564000 1 1
2017 12 27 85.352000 1 1
2017 12 28 96.355000 1 1
2017 12 29 87.617000 1 1
2017 12 30 89.910000 1 1
2017 12 31 84.230000 1 1
2018 01 01 84.790000 1 1
2018 01 02 105.477000 1 1
2018 01 03 84.790000 1 1
2018 01 04 80.357000 1 1
2018 01 05 98.149000 1 1
2018 01 06 79.266000 1 1
2018 01 07 95.761000 1 1
2018 01 08 107.348000 1 1
2018 01 09 106.722000 1 1
2018 01 10 109.233000 1 1
2018 01 11 116.927000 1 1
2018 01 12 153.795000 1 1
2018 01 13 126.886000 1 1
2018 01 14 110.498000 1 1
2018 01 15 104.857000 1 1
2018 01 16 101.783000 1 1
2018 01 17 101.783000 1 1
2018 01 18 102.394000 1 1
2018 01 19 102.394000 1 1
2018 01 20 102.394000 1 1
2018 01 21 103.007000 1 1
2018 01 22 104.239000 1 1
2018 01 23 96.355000 1 1
2018 01 24 71.305000 1 1
2018 01 25 68.230000 1 1
2018 01 26 99.958000 1 1
2018 01 27 84.790000 1 1
2018 01 28 84.230000 1 1
2018 01 29 84.790000 1 1
2018 01 30 85.352000 1 1
2018 01 31 105.477000 1 1
2018 02 01 79.811000 1 1
2018 02 02 107.974000 1 1
2018 02 03 75.502000 1 1
2018 02 04 93.987000 1 1
2018 02 05 88.760000 1 1
2018 02 06 83.672000 1 1
2018 02 07 72.343000 1 1
2018 02 08 78.182000 1 1
2018 02 09 87.049000 1 1
2018 02 10 96.355000 1 1
2018 02 11 98.750000 1 1
2018 02 12 103.007000 1 1
2018 02 13 107.974000 1 1
2018 02 14 107.974000 1 1
2018 02 15 130.975000 1 1
2018 02 16 119.546000 1 1
2018 02 17 122.857000 1 1
2018 02 18 125.536000 1 1
2018 02 19 114.981000 1 1
2018 02 20 109.233000 1 1
2018 02 21 113.050000 1 1
2018 02 22 109.865000 1 1
2018 02 23 110.498000 1 1
2018 02 24 111.134000 1 1
2018 02 25 110.498000 1 1
2018 02 26 103.007000 1 1
2018 02 27 108.603000 1 1
2018 02 28 107.974000 1 1
2018 03 01 112.409000 1 1
2018 03 02 104.857000 1 1
2018 03 03 111.771000 1 1
2018 03 04 106.099000 1 1
2018 03 05 98.750000 1 1
2018 03 06 110.498000 1 1
2018 03 07 93.400000 1 1
2018 03 08 101.783000 1 1
2018 03 09 102.394000 1 1
2018 03 10 93.400000 1 1
2018 03 11 92.229000 1 1
2018 03 12 107.348000 1 1
2018 03 13 100.564000 1 1
2018 03 14 88.188000 1 1
2018 03 15 102.394000 1 1
2018 03 16 106.099000 1 1
2018 03 17 101.783000 1 1
2018 03 18 101.173000 1 1
2018 03 19 106.099000 1 1
2018 03 20 111.771000 1 1
2018 03 21 93.400000 1 1
2018 03 22 95.168000 1 1
2018 03 23 95.168000 1 1
2018 03 24 90.487000 1 1
2018 03 25 103.007000 1 1
2018 03 26 93.400000 1 1
2018 03 27 114.336000 1 1
2018 03 28 108.603000 1 1
2018 03 29 111.134000 1 1
2018 03 30 114.981000 1 1
2018 03 31 114.336000 1 1
2018 04 01 113.692000 1 1
2018 04 02 114.981000 1 1
2018 04 03 114.981000 1 1
2018 04 04 114.336000 1 1
2018 04 05 114.336000 1 1
2018 04 06 114.336000 1 1
2018 04 07 114.981000 1 1
2018 04 08 116.277000 1 1
2018 04 09 108.603000 1 1
2018 04 10 94.577000 1 1
2018 04 11 94.577000 1 1
2018 04 12 94.577000 1 1
2018 04 13 89.910000 1 1
2018 04 14 94.577000 1 1
2018 04 15 73.389000 1 1
2018 04 16 81.455000 1 1
2018 04 17 79.811000 1 1
2018 04 18 85.352000 1 1
2018 04 19 75.502000 1 1
2018 04 20 62.756000 1 1
2018 04 21 68.230000 1 1
2018 04 22 64.228000 1 1
2018 04 23 61.300000 1 1
2018 04 24 65.715000 1 1
2018 04 25 60.819000 1 1
2018 04 26 51.555000 1 1
2018 04 27 38.612000 1 1
2018 04 28 80.905000 1 1
2018 04 29 73.915000 1 1
2018 04 30 87.049000 1 1
2018 05 01 63.736000 1 1
2018 05 02 82.560000 1 1
2018 05 03 88.760000 1 1
2018 05 04 57.496000 1 1
2018 05 05 57.496000 1 1
2018 05 06 43.006000 1 1
2018 05 07 68.738000 1 1
2018 05 08 83.115000 1 1
2018 05 09 82.007000 1 1
2018 05 10 78.723000 1 1
2018 05 11 45.076000 1 1
2018 05 12 57.965000 1 1
2018 05 13 37.452000 1 1
2018 05 14 70.788000 1 1
2018 05 15 73.915000 1 1
2018 05 16 80.357000 1 1
2018 05 17 72.866000 1 1
2018 05 18 59.384000 1 1
2018 05 19 75.502000 1 1
2018 05 20 33.339000 1 1
2018 05 21 87.049000 1 1
2018 05 22 81.455000 1 1
2018 05 23 79.266000 1 1
2018 05 24 80.357000 1 1
2018 05 25 73.915000 1 1
2018 05 26 67.219000 1 1
2018 05 27 41.786000 1 1
2018 05 28 83.672000 1 1
2018 05 29 80.905000 1 1
2018 05 30 67.219000 1 1
2018 05 31 26.761000 1 1
2018 06 01 68.738000 1 1
2018 06 02 76.569000 1 1
2018 06 03 69.248000 1 1
2018 06 04 82.007000 1 1
2018 06 05 103.622000 1 1
2018 06 06 98.750000 1 1
2018 06 07 70.273000 1 1
2018 06 08 68.230000 1 1
2018 06 09 73.915000 1 1
2018 06 10 78.182000 1 1
2018 06 11 118.233000 1 1
2018 06 12 70.788000 1 1
2018 06 13 61.784000 1 1
2018 06 14 63.245000 1 1
2018 06 15 74.971000 1 1
2018 06 16 74.971000 1 1
2018 06 17 74.971000 1 1
2018 06 18 74.971000 1 1
2018 06 19 75.502000 1 1
2018 06 20 77.643000 1 1
2018 06 21 87.617000 1 1
2018 06 22 79.811000 1 1
2018 06 23 106.099000 1 1
2018 06 24 107.974000 1 1
2018 06 25 77.105000 1 1
2018 06 26 56.098000 1 1
2018 06 27 79.811000 1 1
2018 06 28 58.909000 1 1
2018 06 29 82.560000 1 1
2018 06 30 91.066000 1 1
2018 07 01 66.716000 1 1
2018 07 02 60.819000 1 1
2018 07 03 70.788000 1 1
2018 07 04 81.455000 1 1
2018 07 05 85.352000 1 1
2018 07 06 78.723000 1 1
2018 07 07 77.105000 1 1
2018 07 08 66.716000 1 1
2018 07 09 85.916000 1 1
2018 07 10 60.819000 1 1
2018 07 11 80.357000 1 1
2018 07 12 71.305000 1 1
2018 07 13 71.823000 1 1
2018 07 14 83.115000 1 1
2018 07 15 74.442000 1 1
2018 07 16 73.915000 1 1
2018 07 17 73.915000 1 1
2018 07 18 73.915000 1 1
2018 07 19 74.442000 1 1
2018 07 20 78.723000 1 1
2018 07 21 64.228000 1 1
2018 07 22 74.971000 1 1
2018 07 23 81.455000 1 1
2018 07 24 70.788000 1 1
2018 07 25 68.230000 1 1
2018 07 26 77.105000 1 1
2018 07 27 74.971000 1 1
2018 07 28 65.218000 1 1
2018 07 29 66.716000 1 1
2018 07 30 80.357000 1 1
2018 07 31 76.569000 1 1
2018 08 01 72.866000 1 1
2018 08 02 69.759000 1 1
2018 08 03 75.502000 1 1
2018 08 04 74.442000 1 1
2018 08 05 70.788000 1 1
2018 08 06 79.811000 1 1
2018 08 07 73.915000 1 1
2018 08 08 73.915000 1 1
2018 08 09 73.915000 1 1
2018 08 10 73.915000 1 1
2018 08 11 60.819000 1 1
2018 08 12 51.555000 1 1
2018 08 13 85.352000 1 1
2018 08 14 84.230000 1 1
2018 08 15 69.248000 1 1
2018 08 16 69.759000 1 1
2018 08 17 70.273000 1 1
2018 08 18 57.965000 1 1
2018 08 19 56.562000 1 1
2018 08 20 69.248000 1 1
2018 08 21 47.619000 1 1
2018 08 22 58.909000 1 1
2018 08 23 64.228000 1 1
2018 08 24 44.659000 1 1
2018 08 25 51.111000 1 1
2018 08 26 63.736000 1 1
2018 08 27 49.351000 1 1
2018 08 28 43.829000 1 1
2018 08 29 45.076000 1 1
2018 08 30 45.917000 1 1
2018 08 31 46.340000 1 1
2018 09 01 61.300000 1 1
2018 09 02 60.819000 1 1
2018 09 03 50.668000 1 1
2018 09 04 50.668000 1 1
2018 09 05 50.668000 1 1
2018 09 06 51.111000 1 1
2018 09 07 55.636000 1 1
2018 09 08 61.784000 1 1
2018 09 09 57.496000 1 1
2018 09 10 59.860000 1 1
2018 09 11 77.105000 1 1
2018 09 12 54.717000 1 1
2018 09 13 51.111000 1 1
2018 09 14 51.555000 1 1
2018 09 15 63.736000 1 1
2018 09 16 64.228000 1 1
2018 09 17 88.760000 1 1
2018 09 18 82.560000 1 1
2018 09 19 72.866000 1 1
2018 09 20 98.750000 1 1
2018 09 21 88.188000 1 1
2018 09 22 75.502000 1 1
2018 09 23 90.487000 1 1
2018 09 24 71.823000 1 1
2018 09 25 53.804000 1 1
2018 09 26 49.351000 1 1
2018 09 27 54.260000 1 1
2018 09 28 83.672000 1 1
2018 09 29 76.035000 1 1
2018 09 30 58.436000 1 1
2018 10 01 85.916000 1 1
2018 10 02 80.357000 1 1
2018 10 03 49.788000 1 1
2018 10 04 63.245000 1 1
2018 10 05 84.230000 1 1
2018 10 06 67.723000 1 1
2018 10 07 73.389000 1 1
2018 10 08 70.788000 1 1
2018 10 09 79.266000 1 1
2018 10 10 95.761000 1 1
2018 10 11 101.783000 1 1
2018 10 12 102.394000 1 1
2018 10 13 103.007000 1 1
2018 10 14 103.007000 1 1
2018 10 15 103.007000 1 1
2018 10 16 103.622000 1 1
2018 10 17 92.814000 1 1
2018 10 18 77.643000 1 1
2018 10 19 78.182000 1 1
2018 10 20 94.577000 1 1
2018 10 21 91.647000 1 1
2018 10 22 65.715000 1 1
2018 10 23 79.811000 1 1
2018 10 24 62.269000 1 1
2018 10 25 91.066000 1 1
2018 10 26 75.502000 1 1
2018 10 27 87.617000 1 1
2018 10 28 77.643000 1 1
2018 10 29 80.905000 1 1
2018 10 30 84.230000 1 1
2018 10 31 68.230000 1 1
2018 11 01 60.819000 1 1
2018 11 02 89.334000 1 1
2018 11 03 74.442000 1 1
2018 11 04 93.400000 1 1
2018 11 05 101.783000 1 1
2018 11 06 101.783000 1 1
2018 11 07 94.577000 1 1
2018 11 08 82.560000 1 1
2018 11 09 77.105000 1 1
2018 11 10 58.436000 1 1
2018 11 11 96.355000 1 1
2018 11 12 90.487000 1 1
2018 11 13 80.905000 1 1
2018 11 14 80.905000 1 1
2018 11 15 78.723000 1 1
2018 11 16 88.188000 1 1
2018 11 17 99.353000 1 1
2018 11 18 98.750000 1 1
2018 11 19 99.353000 1 1
2018 11 20 107.974000 1 1
2018 11 21 103.622000 1 1
2018 11 22 103.007000 1 1
2018 11 23 98.149000 1 1
2018 11 24 98.149000 1 1
2018 11 25 99.353000 1 1
2018 11 26 99.353000 1 1
2018 11 27 100.564000 1 1
2018 11 28 101.173000 1 1
2018 11 29 101.783000 1 1
2018 11 30 103.007000 1 1
2018 12 01 101.173000 1 1
2018 12 02 84.230000 1 1
2018 12 03 102.394000 1 1
2018 12 04 78.723000 1 1
2018 12 05 70.273000 1 1
2018 12 06 86.481000 1 1
2018 12 07 74.442000 1 1
2018 12 08 69.248000 1 1
2018 12 09 70.273000 1 1
2018 12 10 77.643000 1 1
2018 12 11 64.722000 1 1
2018 12 12 71.823000 1 1
2018 12 13 66.716000 1 1
2018 12 14 81.455000 1 1
2018 12 15 74.971000 1 1
2018 12 16 71.305000 1 1
2018 12 17 75.502000 1 1
2018 12 18 66.716000 1 1
2018 12 19 70.788000 1 1
2018 12 20 73.915000 1 1
2018 12 21 68.230000 1 1
2018 12 22 62.756000 1 1
2018 12 23 72.343000 1 1
2018 12 24 69.248000 1 1
2018 12 25 78.723000 1 1
2018 12 26 71.823000 1 1
2018 12 27 82.007000 1 1
2018 12 28 82.007000 1 1
2018 12 29 92.814000 1 1
2018 12 30 85.352000 1 1
2018 12 31 96.951000 1 1
