year month day streamflow_m3s qual_control_by_ana qual_flag
1974 07 01 0.460000 0 1
1974 07 02 0.460000 0 1
1974 07 03 0.460000 0 1
1974 07 04 0.420000 0 1
1974 07 05 0.440000 0 1
1974 07 06 0.430000 0 1
1974 07 07 0.410000 0 1
1974 07 08 0.400000 0 1
1974 07 09 0.400000 0 1
1974 07 10 0.400000 0 1
1974 07 11 0.400000 0 1
1974 07 12 0.400000 0 1
1974 07 13 0.400000 0 1
1974 07 14 0.400000 0 1
1974 07 15 0.400000 0 1
1974 07 16 0.400000 0 1
1974 07 17 0.400000 0 1
1974 07 18 0.400000 0 1
1974 07 19 0.400000 0 1
1974 07 20 0.400000 0 1
1974 07 21 0.400000 0 1
1974 07 22 0.400000 0 1
1974 07 23 0.400000 0 1
1974 07 24 0.400000 0 1
1974 07 25 0.400000 0 1
1974 07 26 0.400000 0 1
1974 07 27 0.400000 0 1
1974 07 28 0.400000 0 1
1974 07 29 0.400000 0 1
1974 07 30 0.400000 0 1
1974 07 31 0.400000 0 1
1974 08 01 0.400000 0 1
1974 08 02 0.400000 0 1
1974 08 03 0.400000 0 1
1974 08 04 0.400000 0 1
1974 08 05 0.400000 0 1
1974 08 06 0.400000 0 1
1974 08 07 0.400000 0 1
1974 08 08 0.400000 0 1
1974 08 09 0.400000 0 1
1974 08 10 0.400000 0 1
1974 08 11 0.400000 0 1
1974 08 12 0.400000 0 1
1974 08 13 0.400000 0 1
1974 08 14 0.400000 0 1
1974 08 15 0.400000 0 1
1974 08 16 0.400000 0 1
1974 08 17 0.400000 0 1
1974 08 18 0.400000 0 1
1974 08 19 0.400000 0 1
1974 08 20 0.400000 0 1
1974 08 21 0.400000 0 1
1974 08 22 0.400000 0 1
1974 08 23 0.400000 0 1
1974 08 24 0.400000 0 1
1974 08 25 0.400000 0 1
1974 08 26 0.400000 0 1
1974 08 27 0.400000 0 1
1974 08 28 0.400000 0 1
1974 08 29 0.400000 0 1
1974 08 30 0.360000 0 1
1974 08 31 0.300000 0 1
1974 09 01 0.300000 0 1
1974 09 02 0.300000 0 1
1974 09 03 0.300000 0 1
1974 09 04 0.350000 0 1
1974 09 05 0.300000 0 1
1974 09 06 0.300000 0 1
1974 09 07 0.300000 0 1
1974 09 08 nan nan 0
1974 09 09 0.380000 0 1
1974 09 10 0.340000 0 1
1974 09 11 0.340000 0 1
1974 09 12 0.350000 0 1
1974 09 13 0.340000 0 1
1974 09 14 0.340000 0 1
1974 09 15 0.340000 0 1
1974 09 16 0.340000 0 1
1974 09 17 0.320000 0 1
1974 09 18 0.340000 0 1
1974 09 19 0.320000 0 1
1974 09 20 0.320000 0 1
1974 09 21 0.300000 0 1
1974 09 22 nan nan 0
1974 09 23 0.300000 0 1
1974 09 24 0.300000 0 1
1974 09 25 0.300000 0 1
1974 09 26 nan nan 0
1974 09 27 nan nan 0
1974 09 28 0.460000 0 1
1974 09 29 0.340000 0 1
1974 09 30 0.300000 0 1
1974 10 01 nan nan nan
1974 10 02 nan nan nan
1974 10 03 nan nan nan
1974 10 04 nan nan nan
1974 10 05 nan nan nan
1974 10 06 nan nan nan
1974 10 07 nan nan nan
1974 10 08 nan nan nan
1974 10 09 nan nan nan
1974 10 10 nan nan nan
1974 10 11 nan nan nan
1974 10 12 nan nan nan
1974 10 13 nan nan nan
1974 10 14 nan nan nan
1974 10 15 nan nan nan
1974 10 16 nan nan nan
1974 10 17 nan nan nan
1974 10 18 nan nan nan
1974 10 19 nan nan nan
1974 10 20 nan nan nan
1974 10 21 nan nan nan
1974 10 22 nan nan nan
1974 10 23 nan nan nan
1974 10 24 nan nan nan
1974 10 25 nan nan nan
1974 10 26 nan nan nan
1974 10 27 nan nan nan
1974 10 28 nan nan nan
1974 10 29 nan nan nan
1974 10 30 nan nan nan
1974 10 31 nan nan nan
1974 11 01 0.420000 0 1
1974 11 02 0.500000 0 1
1974 11 03 0.460000 0 1
1974 11 04 0.580000 0 1
1974 11 05 0.580000 0 1
1974 11 06 0.500000 0 1
1974 11 07 0.500000 0 1
1974 11 08 0.460000 0 1
1974 11 09 0.460000 0 1
1974 11 10 0.460000 0 1
1974 11 11 0.460000 0 1
1974 11 12 0.860000 0 1
1974 11 13 0.460000 0 1
1974 11 14 0.460000 0 1
1974 11 15 0.420000 0 1
1974 11 16 0.420000 0 1
1974 11 17 0.420000 0 1
1974 11 18 0.420000 0 1
1974 11 19 0.420000 0 1
1974 11 20 0.420000 0 1
1974 11 21 0.500000 0 1
1974 11 22 0.500000 0 1
1974 11 23 0.460000 0 1
1974 11 24 0.460000 0 1
1974 11 25 0.460000 0 1
1974 11 26 0.460000 0 1
1974 11 27 0.460000 0 1
1974 11 28 0.460000 0 1
1974 11 29 0.460000 0 1
1974 11 30 0.460000 0 1
1974 12 01 0.440000 0 1
1974 12 02 0.420000 0 1
1974 12 03 0.420000 0 1
1974 12 04 0.420000 0 1
1974 12 05 0.440000 0 1
1974 12 06 0.440000 0 1
1974 12 07 0.440000 0 1
1974 12 08 0.420000 0 1
1974 12 09 0.420000 0 1
1974 12 10 0.400000 0 1
1974 12 11 0.400000 0 1
1974 12 12 0.400000 0 1
1974 12 13 0.400000 0 1
1974 12 14 0.400000 0 1
1974 12 15 0.400000 0 1
1974 12 16 0.400000 0 1
1974 12 17 0.400000 0 1
1974 12 18 0.400000 0 1
1974 12 19 0.420000 0 1
1974 12 20 0.420000 0 1
1974 12 21 0.780000 0 1
1974 12 22 0.580000 0 1
1974 12 23 2.500000 0 1
1974 12 24 1.300000 0 1
1974 12 25 1.340000 0 1
1974 12 26 1.320000 0 1
1974 12 27 1.300000 0 1
1974 12 28 1.300000 0 1
1974 12 29 1.260000 0 1
1974 12 30 1.320000 0 1
1974 12 31 1.300000 0 1
1975 01 01 1.300000 0 1
1975 01 02 1.300000 0 1
1975 01 03 1.180000 0 1
1975 01 04 1.180000 0 1
1975 01 05 1.180000 0 1
1975 01 06 1.100000 0 1
1975 01 07 1.080000 0 1
1975 01 08 1.060000 0 1
1975 01 09 1.060000 0 1
1975 01 10 1.040000 0 1
1975 01 11 1.040000 0 1
1975 01 12 1.040000 0 1
1975 01 13 1.020000 0 1
1975 01 14 1.000000 0 1
1975 01 15 1.000000 0 1
1975 01 16 0.980000 0 1
1975 01 17 0.980000 0 1
1975 01 18 0.980000 0 1
1975 01 19 0.960000 0 1
1975 01 20 0.940000 0 1
1975 01 21 0.940000 0 1
1975 01 22 0.920000 0 1
1975 01 23 0.920000 0 1
1975 01 24 0.920000 0 1
1975 01 25 0.920000 0 1
1975 01 26 0.920000 0 1
1975 01 27 0.920000 0 1
1975 01 28 0.920000 0 1
1975 01 29 0.880000 0 1
1975 01 30 0.860000 0 1
1975 01 31 0.860000 0 1
1975 02 01 0.840000 0 1
1975 02 02 0.880000 0 1
1975 02 03 1.050000 0 1
1975 02 04 1.020000 0 1
1975 02 05 0.940000 0 1
1975 02 06 0.940000 0 1
1975 02 07 0.940000 0 1
1975 02 08 0.930000 0 1
1975 02 09 0.920000 0 1
1975 02 10 0.910000 0 1
1975 02 11 0.890000 0 1
1975 02 12 0.880000 0 1
1975 02 13 0.860000 0 1
1975 02 14 0.840000 0 1
1975 02 15 0.840000 0 1
1975 02 16 0.840000 0 1
1975 02 17 0.860000 0 1
1975 02 18 0.840000 0 1
1975 02 19 0.840000 0 1
1975 02 20 0.840000 0 1
1975 02 21 0.830000 0 1
1975 02 22 0.820000 0 1
1975 02 23 0.820000 0 1
1975 02 24 0.820000 0 1
1975 02 25 0.820000 0 1
1975 02 26 0.820000 0 1
1975 02 27 0.820000 0 1
1975 02 28 0.820000 0 1
1975 03 01 0.820000 0 1
1975 03 02 0.820000 0 1
1975 03 03 0.820000 0 1
1975 03 04 0.820000 0 1
1975 03 05 0.810000 0 1
1975 03 06 0.810000 0 1
1975 03 07 0.790000 0 1
1975 03 08 0.780000 0 1
1975 03 09 0.780000 0 1
1975 03 10 0.780000 0 1
1975 03 11 0.780000 0 1
1975 03 12 0.780000 0 1
1975 03 13 0.780000 0 1
1975 03 14 0.780000 0 1
1975 03 15 0.780000 0 1
1975 03 16 0.780000 0 1
1975 03 17 0.780000 0 1
1975 03 18 0.780000 0 1
1975 03 19 0.780000 0 1
1975 03 20 0.790000 0 1
1975 03 21 0.770000 0 1
1975 03 22 0.750000 0 1
1975 03 23 0.760000 0 1
1975 03 24 0.760000 0 1
1975 03 25 0.740000 0 1
1975 03 26 0.750000 0 1
1975 03 27 0.740000 0 1
1975 03 28 0.730000 0 1
1975 03 29 0.720000 0 1
1975 03 30 0.720000 0 1
1975 03 31 0.700000 0 1
1975 04 01 0.720000 0 1
1975 04 02 0.700000 0 1
1975 04 03 0.700000 0 1
1975 04 04 0.700000 0 1
1975 04 05 0.700000 0 1
1975 04 06 0.700000 0 1
1975 04 07 0.700000 0 1
1975 04 08 0.700000 0 1
1975 04 09 0.690000 0 1
1975 04 10 0.700000 0 1
1975 04 11 0.700000 0 1
1975 04 12 0.700000 0 1
1975 04 13 0.700000 0 1
1975 04 14 0.710000 0 1
1975 04 15 0.720000 0 1
1975 04 16 0.700000 0 1
1975 04 17 0.680000 0 1
1975 04 18 0.680000 0 1
1975 04 19 0.660000 0 1
1975 04 20 0.660000 0 1
1975 04 21 0.660000 0 1
1975 04 22 0.660000 0 1
1975 04 23 0.670000 0 1
1975 04 24 0.660000 0 1
1975 04 25 0.660000 0 1
1975 04 26 0.660000 0 1
1975 04 27 0.660000 0 1
1975 04 28 0.660000 0 1
1975 04 29 0.660000 0 1
1975 04 30 0.700000 0 1
1975 05 01 0.700000 0 1
1975 05 02 0.680000 0 1
1975 05 03 0.680000 0 1
1975 05 04 0.660000 0 1
1975 05 05 0.680000 0 1
1975 05 06 0.680000 0 1
1975 05 07 0.660000 0 1
1975 05 08 0.660000 0 1
1975 05 09 0.660000 0 1
1975 05 10 0.640000 0 1
1975 05 11 0.620000 0 1
1975 05 12 0.600000 0 1
1975 05 13 0.600000 0 1
1975 05 14 0.600000 0 1
1975 05 15 0.600000 0 1
1975 05 16 1.100000 0 1
1975 05 17 0.700000 0 1
1975 05 18 0.620000 0 1
1975 05 19 0.580000 0 1
1975 05 20 0.540000 0 1
1975 05 21 0.540000 0 1
1975 05 22 0.540000 0 1
1975 05 23 0.540000 0 1
1975 05 24 0.540000 0 1
1975 05 25 0.540000 0 1
1975 05 26 0.540000 0 1
1975 05 27 0.500000 0 1
1975 05 28 0.500000 0 1
1975 05 29 0.500000 0 1
1975 05 30 0.500000 0 1
1975 05 31 0.500000 0 1
1975 06 01 0.500000 0 1
1975 06 02 0.540000 0 1
1975 06 03 0.580000 0 1
1975 06 04 0.540000 0 1
1975 06 05 0.540000 0 1
1975 06 06 0.540000 0 1
1975 06 07 0.540000 0 1
1975 06 08 0.540000 0 1
1975 06 09 0.540000 0 1
1975 06 10 0.540000 0 1
1975 06 11 0.540000 0 1
1975 06 12 0.540000 0 1
1975 06 13 0.580000 0 1
1975 06 14 0.500000 0 1
1975 06 15 0.500000 0 1
1975 06 16 0.500000 0 1
1975 06 17 0.500000 0 1
1975 06 18 0.540000 0 1
1975 06 19 0.580000 0 1
1975 06 20 0.540000 0 1
1975 06 21 0.540000 0 1
1975 06 22 0.540000 0 1
1975 06 23 0.540000 0 1
1975 06 24 0.540000 0 1
1975 06 25 0.500000 0 1
1975 06 26 0.500000 0 1
1975 06 27 0.500000 0 1
1975 06 28 0.500000 0 1
1975 06 29 0.500000 0 1
1975 06 30 0.500000 0 1
1975 07 01 0.500000 0 1
1975 07 02 0.500000 0 1
1975 07 03 0.540000 0 1
1975 07 04 0.500000 0 1
1975 07 05 0.460000 0 1
1975 07 06 0.420000 0 1
1975 07 07 0.400000 0 1
1975 07 08 0.400000 0 1
1975 07 09 0.400000 0 1
1975 07 10 0.400000 0 1
1975 07 11 0.400000 0 1
1975 07 12 0.400000 0 1
1975 07 13 0.400000 0 1
1975 07 14 0.400000 0 1
1975 07 15 0.400000 0 1
1975 07 16 0.400000 0 1
1975 07 17 nan nan nan
1975 07 18 nan nan nan
1975 07 19 nan nan nan
1975 07 20 nan nan nan
1975 07 21 nan nan nan
1975 07 22 nan nan nan
1975 07 23 nan nan nan
1975 07 24 nan nan nan
1975 07 25 0.400000 0 1
1975 07 26 0.400000 0 1
1975 07 27 nan nan nan
1975 07 28 nan nan nan
1975 07 29 nan nan nan
1975 07 30 nan nan nan
1975 07 31 nan nan nan
1975 08 01 nan nan nan
1975 08 02 nan nan nan
1975 08 03 nan nan nan
1975 08 04 nan nan nan
1975 08 05 nan nan nan
1975 08 06 nan nan nan
1975 08 07 nan nan nan
1975 08 08 nan nan nan
1975 08 09 nan nan nan
1975 08 10 nan nan nan
1975 08 11 nan nan nan
1975 08 12 0.500000 0 1
1975 08 13 0.500000 0 1
1975 08 14 0.500000 0 1
1975 08 15 0.500000 0 1
1975 08 16 0.500000 0 1
1975 08 17 0.500000 0 1
1975 08 18 0.500000 0 1
1975 08 19 nan nan nan
1975 08 20 nan nan nan
1975 08 21 0.500000 0 1
1975 08 22 0.500000 0 1
1975 08 23 0.500000 0 1
1975 08 24 0.500000 0 1
1975 08 25 0.500000 0 1
1975 08 26 0.500000 0 1
1975 08 27 0.500000 0 1
1975 08 28 0.460000 0 1
1975 08 29 0.460000 0 1
1975 08 30 0.460000 0 1
1975 08 31 0.460000 0 1
1975 09 01 0.420000 0 1
1975 09 02 0.420000 0 1
1975 09 03 0.420000 0 1
1975 09 04 0.420000 0 1
1975 09 05 0.420000 0 1
1975 09 06 0.420000 0 1
1975 09 07 0.420000 0 1
1975 09 08 0.420000 0 1
1975 09 09 0.420000 0 1
1975 09 10 0.420000 0 1
1975 09 11 0.420000 0 1
1975 09 12 0.420000 0 1
1975 09 13 0.420000 0 1
1975 09 14 0.400000 0 1
1975 09 15 0.400000 0 1
1975 09 16 0.400000 0 1
1975 09 17 0.400000 0 1
1975 09 18 0.400000 0 1
1975 09 19 0.400000 0 1
1975 09 20 0.400000 0 1
1975 09 21 0.400000 0 1
1975 09 22 0.400000 0 1
1975 09 23 0.400000 0 1
1975 09 24 0.400000 0 1
1975 09 25 0.400000 0 1
1975 09 26 0.400000 0 1
1975 09 27 0.420000 0 1
1975 09 28 0.400000 0 1
1975 09 29 0.400000 0 1
1975 09 30 0.400000 0 1
1975 10 01 0.400000 0 1
1975 10 02 0.400000 0 1
1975 10 03 0.420000 0 1
1975 10 04 0.500000 0 1
1975 10 05 0.900000 0 1
1975 10 06 0.580000 0 1
1975 10 07 0.580000 0 1
1975 10 08 0.460000 0 1
1975 10 09 0.420000 0 1
1975 10 10 0.420000 0 1
1975 10 11 0.660000 0 1
1975 10 12 0.500000 0 1
1975 10 13 0.500000 0 1
1975 10 14 0.500000 0 1
1975 10 15 0.500000 0 1
1975 10 16 0.500000 0 1
1975 10 17 0.620000 0 1
1975 10 18 0.600000 0 1
1975 10 19 0.580000 0 1
1975 10 20 0.580000 0 1
1975 10 21 0.580000 0 1
1975 10 22 0.580000 0 1
1975 10 23 0.580000 0 1
1975 10 24 0.540000 0 1
1975 10 25 0.540000 0 1
1975 10 26 0.540000 0 1
1975 10 27 0.500000 0 1
1975 10 28 0.460000 0 1
1975 10 29 0.460000 0 1
1975 10 30 0.440000 0 1
1975 10 31 0.440000 0 1
1975 11 01 nan nan nan
1975 11 02 nan nan nan
1975 11 03 0.460000 0 1
1975 11 04 0.460000 0 1
1975 11 05 0.460000 0 1
1975 11 06 0.460000 0 1
1975 11 07 0.460000 0 1
1975 11 08 0.460000 0 1
1975 11 09 0.480000 0 1
1975 11 10 0.500000 0 1
1975 11 11 0.500000 0 1
1975 11 12 0.500000 0 1
1975 11 13 0.500000 0 1
1975 11 14 0.500000 0 1
1975 11 15 0.500000 0 1
1975 11 16 0.480000 0 1
1975 11 17 0.490000 0 1
1975 11 18 0.500000 0 1
1975 11 19 0.500000 0 1
1975 11 20 0.500000 0 1
1975 11 21 0.500000 0 1
1975 11 22 0.460000 0 1
1975 11 23 0.500000 0 1
1975 11 24 0.460000 0 1
1975 11 25 0.580000 0 1
1975 11 26 0.480000 0 1
1975 11 27 0.440000 0 1
1975 11 28 0.440000 0 1
1975 11 29 0.500000 0 1
1975 11 30 0.460000 0 1
1975 12 01 0.460000 0 1
1975 12 02 0.460000 0 1
1975 12 03 0.460000 0 1
1975 12 04 0.480000 0 1
1975 12 05 0.500000 0 1
1975 12 06 0.480000 0 1
1975 12 07 0.480000 0 1
1975 12 08 0.480000 0 1
1975 12 09 0.480000 0 1
1975 12 10 0.420000 0 1
1975 12 11 0.460000 0 1
1975 12 12 0.460000 0 1
1975 12 13 0.520000 0 1
1975 12 14 0.500000 0 1
1975 12 15 0.500000 0 1
1975 12 16 0.500000 0 1
1975 12 17 0.500000 0 1
1975 12 18 0.500000 0 1
1975 12 19 0.500000 0 1
1975 12 20 0.560000 0 1
1975 12 21 0.580000 0 1
1975 12 22 0.500000 0 1
1975 12 23 0.660000 0 1
1975 12 24 0.460000 0 1
1975 12 25 0.460000 0 1
1975 12 26 0.460000 0 1
1975 12 27 0.460000 0 1
1975 12 28 0.460000 0 1
1975 12 29 0.460000 0 1
1975 12 30 0.460000 0 1
1975 12 31 0.460000 0 1
1976 01 01 0.460000 0 1
1976 01 02 0.460000 0 1
1976 01 03 0.460000 0 1
1976 01 04 0.460000 0 1
1976 01 05 0.500000 0 1
1976 01 06 0.420000 0 1
1976 01 07 0.420000 0 1
1976 01 08 0.540000 0 1
1976 01 09 0.500000 0 1
1976 01 10 0.540000 0 1
1976 01 11 0.540000 0 1
1976 01 12 0.500000 0 1
1976 01 13 0.500000 0 1
1976 01 14 0.500000 0 1
1976 01 15 0.500000 0 1
1976 01 16 0.500000 0 1
1976 01 17 0.460000 0 1
1976 01 18 0.500000 0 1
1976 01 19 0.460000 0 1
1976 01 20 0.460000 0 1
1976 01 21 0.460000 0 1
1976 01 22 0.460000 0 1
1976 01 23 0.460000 0 1
1976 01 24 0.460000 0 1
1976 01 25 0.460000 0 1
1976 01 26 0.420000 0 1
1976 01 27 0.420000 0 1
1976 01 28 0.420000 0 1
1976 01 29 0.420000 0 1
1976 01 30 0.420000 0 1
1976 01 31 0.420000 0 1
1976 02 01 0.420000 0 1
1976 02 02 0.420000 0 1
1976 02 03 0.400000 0 1
1976 02 04 0.400000 0 1
1976 02 05 0.620000 0 1
1976 02 06 0.460000 0 1
1976 02 07 0.460000 0 1
1976 02 08 0.460000 0 1
1976 02 09 0.460000 0 1
1976 02 10 0.460000 0 1
1976 02 11 0.460000 0 1
1976 02 12 0.400000 0 1
1976 02 13 0.400000 0 1
1976 02 14 0.400000 0 1
1976 02 15 0.400000 0 1
1976 02 16 0.420000 0 1
1976 02 17 0.420000 0 1
1976 02 18 0.400000 0 1
1976 02 19 0.400000 0 1
1976 02 20 0.400000 0 1
1976 02 21 0.400000 0 1
1976 02 22 0.400000 0 1
1976 02 23 0.400000 0 1
1976 02 24 0.400000 0 1
1976 02 25 0.400000 0 1
1976 02 26 0.400000 0 1
1976 02 27 0.400000 0 1
1976 02 28 0.400000 0 1
1976 02 29 0.400000 0 1
1976 03 01 0.400000 0 1
1976 03 02 0.400000 0 1
1976 03 03 0.400000 0 1
1976 03 04 0.400000 0 1
1976 03 05 0.400000 0 1
1976 03 06 0.400000 0 1
1976 03 07 0.400000 0 1
1976 03 08 0.400000 0 1
1976 03 09 0.400000 0 1
1976 03 10 0.400000 0 1
1976 03 11 0.400000 0 1
1976 03 12 0.400000 0 1
1976 03 13 0.400000 0 1
1976 03 14 0.400000 0 1
1976 03 15 0.400000 0 1
1976 03 16 0.400000 0 1
1976 03 17 0.400000 0 1
1976 03 18 0.400000 0 1
1976 03 19 0.400000 0 1
1976 03 20 0.420000 0 1
1976 03 21 0.460000 0 1
1976 03 22 0.420000 0 1
1976 03 23 0.420000 0 1
1976 03 24 0.420000 0 1
1976 03 25 0.420000 0 1
1976 03 26 0.420000 0 1
1976 03 27 0.420000 0 1
1976 03 28 0.400000 0 1
1976 03 29 0.400000 0 1
1976 03 30 0.400000 0 1
1976 03 31 0.400000 0 1
1976 04 01 0.400000 0 1
1976 04 02 0.400000 0 1
1976 04 03 0.400000 0 1
1976 04 04 0.400000 0 1
1976 04 05 0.400000 0 1
1976 04 06 0.400000 0 1
1976 04 07 0.400000 0 1
1976 04 08 0.400000 0 1
1976 04 09 0.400000 0 1
1976 04 10 0.400000 0 1
1976 04 11 0.400000 0 1
1976 04 12 0.400000 0 1
1976 04 13 0.400000 0 1
1976 04 14 0.400000 0 1
1976 04 15 0.400000 0 1
1976 04 16 0.400000 0 1
1976 04 17 0.400000 0 1
1976 04 18 0.400000 0 1
1976 04 19 0.400000 0 1
1976 04 20 0.400000 0 1
1976 04 21 0.400000 0 1
1976 04 22 0.400000 0 1
1976 04 23 0.400000 0 1
1976 04 24 0.400000 0 1
1976 04 25 0.400000 0 1
1976 04 26 0.400000 0 1
1976 04 27 0.400000 0 1
1976 04 28 0.400000 0 1
1976 04 29 0.400000 0 1
1976 04 30 0.400000 0 1
1976 05 01 0.400000 0 1
1976 05 02 0.380000 0 1
1976 05 03 0.380000 0 1
1976 05 04 0.340000 0 1
1976 05 05 0.340000 0 1
1976 05 06 0.300000 0 1
1976 05 07 0.300000 0 1
1976 05 08 0.300000 0 1
1976 05 09 0.340000 0 1
1976 05 10 0.300000 0 1
1976 05 11 0.300000 0 1
1976 05 12 0.300000 0 1
1976 05 13 0.300000 0 1
1976 05 14 0.300000 0 1
1976 05 15 0.300000 0 1
1976 05 16 0.300000 0 1
1976 05 17 0.320000 0 1
1976 05 18 0.320000 0 1
1976 05 19 0.340000 0 1
1976 05 20 0.300000 0 1
1976 05 21 0.360000 0 1
1976 05 22 0.340000 0 1
1976 05 23 0.300000 0 1
1976 05 24 0.300000 0 1
1976 05 25 0.300000 0 1
1976 05 26 0.300000 0 1
1976 05 27 0.300000 0 1
1976 05 28 0.320000 0 1
1976 05 29 0.300000 0 1
1976 05 30 0.300000 0 1
1976 05 31 0.300000 0 1
1976 06 01 0.300000 0 1
1976 06 02 0.300000 0 1
1976 06 03 0.300000 0 1
1976 06 04 0.300000 0 1
1976 06 05 1.400000 0 1
1976 06 06 0.460000 0 1
1976 06 07 0.420000 0 1
1976 06 08 0.500000 0 1
1976 06 09 0.500000 0 1
1976 06 10 0.500000 0 1
1976 06 11 0.500000 0 1
1976 06 12 0.500000 0 1
1976 06 13 0.500000 0 1
1976 06 14 0.540000 0 1
1976 06 15 0.540000 0 1
1976 06 16 0.500000 0 1
1976 06 17 0.500000 0 1
1976 06 18 0.500000 0 1
1976 06 19 0.500000 0 1
1976 06 20 0.500000 0 1
1976 06 21 0.500000 0 1
1976 06 22 0.500000 0 1
1976 06 23 0.460000 0 1
1976 06 24 0.460000 0 1
1976 06 25 0.410000 0 1
1976 06 26 0.400000 0 1
1976 06 27 0.400000 0 1
1976 06 28 0.400000 0 1
1976 06 29 0.400000 0 1
1976 06 30 0.400000 0 1
1976 07 01 0.400000 0 1
1976 07 02 0.400000 0 1
1976 07 03 0.400000 0 1
1976 07 04 0.400000 0 1
1976 07 05 0.400000 0 1
1976 07 06 0.400000 0 1
1976 07 07 0.440000 0 1
1976 07 08 0.440000 0 1
1976 07 09 0.400000 0 1
1976 07 10 0.400000 0 1
1976 07 11 0.400000 0 1
1976 07 12 0.400000 0 1
1976 07 13 0.400000 0 1
1976 07 14 0.400000 0 1
1976 07 15 0.400000 0 1
1976 07 16 0.400000 0 1
1976 07 17 0.400000 0 1
1976 07 18 0.380000 0 1
1976 07 19 0.400000 0 1
1976 07 20 0.400000 0 1
1976 07 21 0.380000 0 1
1976 07 22 0.340000 0 1
1976 07 23 0.300000 0 1
1976 07 24 0.300000 0 1
1976 07 25 0.300000 0 1
1976 07 26 0.300000 0 1
1976 07 27 0.300000 0 1
1976 07 28 0.300000 0 1
1976 07 29 0.300000 0 1
1976 07 30 0.300000 0 1
1976 07 31 0.300000 0 1
1976 08 01 0.300000 0 1
1976 08 02 0.300000 0 1
1976 08 03 0.300000 0 1
1976 08 04 0.300000 0 1
1976 08 05 0.300000 0 1
1976 08 06 0.300000 0 1
1976 08 07 0.300000 0 1
1976 08 08 0.300000 0 1
1976 08 09 0.400000 0 1
1976 08 10 0.300000 0 1
1976 08 11 0.400000 0 1
1976 08 12 0.300000 0 1
1976 08 13 0.580000 0 1
1976 08 14 0.300000 0 1
1976 08 15 0.300000 0 1
1976 08 16 0.300000 0 1
1976 08 17 0.300000 0 1
1976 08 18 0.300000 0 1
1976 08 19 0.300000 0 1
1976 08 20 0.300000 0 1
1976 08 21 0.300000 0 1
1976 08 22 0.300000 0 1
1976 08 23 0.300000 0 1
1976 08 24 0.300000 0 1
1976 08 25 0.300000 0 1
1976 08 26 0.300000 0 1
1976 08 27 0.300000 0 1
1976 08 28 0.300000 0 1
1976 08 29 0.300000 0 1
1976 08 30 0.300000 0 1
1976 08 31 0.300000 0 1
1976 09 01 0.300000 0 1
1976 09 02 0.300000 0 1
1976 09 03 0.300000 0 1
1976 09 04 0.300000 0 1
1976 09 05 0.300000 0 1
1976 09 06 0.300000 0 1
1976 09 07 0.400000 0 1
1976 09 08 0.300000 0 1
1976 09 09 0.300000 0 1
1976 09 10 0.300000 0 1
1976 09 11 0.300000 0 1
1976 09 12 0.300000 0 1
1976 09 13 0.300000 0 1
1976 09 14 0.300000 0 1
1976 09 15 0.300000 0 1
1976 09 16 0.300000 0 1
1976 09 17 0.300000 0 1
1976 09 18 nan nan 0
1976 09 19 nan nan 0
1976 09 20 nan nan 0
1976 09 21 0.300000 0 1
1976 09 22 0.300000 0 1
1976 09 23 0.300000 0 1
1976 09 24 0.300000 0 1
1976 09 25 0.300000 0 1
1976 09 26 0.300000 0 1
1976 09 27 0.300000 0 1
1976 09 28 0.300000 0 1
1976 09 29 0.300000 0 1
1976 09 30 0.300000 0 1
1976 10 01 0.300000 0 1
1976 10 02 0.300000 0 1
1976 10 03 0.300000 0 1
1976 10 04 0.300000 0 1
1976 10 05 0.300000 0 1
1976 10 06 0.300000 0 1
1976 10 07 0.300000 0 1
1976 10 08 0.300000 0 1
1976 10 09 0.300000 0 1
1976 10 10 0.300000 0 1
1976 10 11 0.300000 0 1
1976 10 12 0.300000 0 1
1976 10 13 0.300000 0 1
1976 10 14 0.300000 0 1
1976 10 15 0.300000 0 1
1976 10 16 0.300000 0 1
1976 10 17 0.400000 0 1
1976 10 18 0.400000 0 1
1976 10 19 1.060000 0 1
1976 10 20 0.460000 0 1
1976 10 21 0.500000 0 1
1976 10 22 0.540000 0 1
1976 10 23 0.500000 0 1
1976 10 24 0.540000 0 1
1976 10 25 0.540000 0 1
1976 10 26 0.540000 0 1
1976 10 27 0.500000 0 1
1976 10 28 0.500000 0 1
1976 10 29 0.500000 0 1
1976 10 30 0.500000 0 1
1976 10 31 0.500000 0 1
1976 11 01 0.500000 0 1
1976 11 02 0.480000 0 1
1976 11 03 0.460000 0 1
1976 11 04 0.500000 0 1
1976 11 05 0.480000 0 1
1976 11 06 0.460000 0 1
1976 11 07 0.400000 0 1
1976 11 08 0.400000 0 1
1976 11 09 0.400000 0 1
1976 11 10 0.400000 0 1
1976 11 11 0.400000 0 1
1976 11 12 0.400000 0 1
1976 11 13 0.400000 0 1
1976 11 14 0.400000 0 1
1976 11 15 0.400000 0 1
1976 11 16 0.400000 0 1
1976 11 17 0.400000 0 1
1976 11 18 0.400000 0 1
1976 11 19 0.400000 0 1
1976 11 20 0.400000 0 1
1976 11 21 0.400000 0 1
1976 11 22 0.400000 0 1
1976 11 23 0.400000 0 1
1976 11 24 0.400000 0 1
1976 11 25 0.400000 0 1
1976 11 26 0.400000 0 1
1976 11 27 0.400000 0 1
1976 11 28 0.400000 0 1
1976 11 29 0.380000 0 1
1976 11 30 0.380000 0 1
1976 12 01 0.380000 0 1
1976 12 02 0.380000 0 1
1976 12 03 0.380000 0 1
1976 12 04 0.340000 0 1
1976 12 05 0.340000 0 1
1976 12 06 0.340000 0 1
1976 12 07 0.340000 0 1
1976 12 08 0.340000 0 1
1976 12 09 0.340000 0 1
1976 12 10 0.340000 0 1
1976 12 11 0.340000 0 1
1976 12 12 0.340000 0 1
1976 12 13 0.340000 0 1
1976 12 14 0.300000 0 1
1976 12 15 0.300000 0 1
1976 12 16 0.380000 0 1
1976 12 17 0.340000 0 1
1976 12 18 0.340000 0 1
1976 12 19 0.340000 0 1
1976 12 20 0.340000 0 1
1976 12 21 0.340000 0 1
1976 12 22 0.340000 0 1
1976 12 23 0.500000 0 1
1976 12 24 0.340000 0 1
1976 12 25 0.340000 0 1
1976 12 26 0.300000 0 1
1976 12 27 0.300000 0 1
1976 12 28 0.340000 0 1
1976 12 29 0.380000 0 1
1976 12 30 0.380000 0 1
1976 12 31 0.380000 0 1
1977 01 01 0.400000 0 1
1977 01 02 0.400000 0 1
1977 01 03 0.400000 0 1
1977 01 04 0.500000 0 1
1977 01 05 0.500000 0 1
1977 01 06 0.500000 0 1
1977 01 07 0.400000 0 1
1977 01 08 0.400000 0 1
1977 01 09 0.500000 0 1
1977 01 10 0.400000 0 1
1977 01 11 0.400000 0 1
1977 01 12 0.400000 0 1
1977 01 13 0.400000 0 1
1977 01 14 0.400000 0 1
1977 01 15 0.400000 0 1
1977 01 16 0.400000 0 1
1977 01 17 0.400000 0 1
1977 01 18 0.400000 0 1
1977 01 19 0.420000 0 1
1977 01 20 0.420000 0 1
1977 01 21 0.420000 0 1
1977 01 22 0.460000 0 1
1977 01 23 0.460000 0 1
1977 01 24 0.500000 0 1
1977 01 25 0.540000 0 1
1977 01 26 0.540000 0 1
1977 01 27 0.540000 0 1
1977 01 28 0.540000 0 1
1977 01 29 0.540000 0 1
1977 01 30 0.540000 0 1
1977 01 31 0.540000 0 1
1977 02 01 0.540000 0 1
1977 02 02 0.540000 0 1
1977 02 03 0.540000 0 1
1977 02 04 0.700000 0 1
1977 02 05 0.700000 0 1
1977 02 06 0.700000 0 1
1977 02 07 0.700000 0 1
1977 02 08 0.700000 0 1
1977 02 09 0.700000 0 1
1977 02 10 0.700000 0 1
1977 02 11 0.700000 0 1
1977 02 12 0.700000 0 1
1977 02 13 0.700000 0 1
1977 02 14 0.700000 0 1
1977 02 15 0.700000 0 1
1977 02 16 0.740000 0 1
1977 02 17 0.740000 0 1
1977 02 18 0.740000 0 1
1977 02 19 0.740000 0 1
1977 02 20 0.740000 0 1
1977 02 21 0.740000 0 1
1977 02 22 0.740000 0 1
1977 02 23 0.660000 0 1
1977 02 24 0.660000 0 1
1977 02 25 0.660000 0 1
1977 02 26 0.660000 0 1
1977 02 27 0.660000 0 1
1977 02 28 0.660000 0 1
1977 03 01 0.660000 0 1
1977 03 02 0.660000 0 1
1977 03 03 0.660000 0 1
1977 03 04 0.660000 0 1
1977 03 05 0.660000 0 1
1977 03 06 0.660000 0 1
1977 03 07 0.660000 0 1
1977 03 08 0.620000 0 1
1977 03 09 0.620000 0 1
1977 03 10 0.620000 0 1
1977 03 11 0.620000 0 1
1977 03 12 0.620000 0 1
1977 03 13 0.620000 0 1
1977 03 14 0.620000 0 1
1977 03 15 0.620000 0 1
1977 03 16 0.620000 0 1
1977 03 17 0.620000 0 1
1977 03 18 0.620000 0 1
1977 03 19 0.620000 0 1
1977 03 20 0.620000 0 1
1977 03 21 0.620000 0 1
1977 03 22 0.580000 0 1
1977 03 23 0.580000 0 1
1977 03 24 0.580000 0 1
1977 03 25 0.500000 0 1
1977 03 26 0.500000 0 1
1977 03 27 0.500000 0 1
1977 03 28 0.420000 0 1
1977 03 29 0.420000 0 1
1977 03 30 0.420000 0 1
1977 03 31 0.420000 0 1
1977 04 01 0.420000 0 1
1977 04 02 0.420000 0 1
1977 04 03 0.420000 0 1
1977 04 04 0.420000 0 1
1977 04 05 0.420000 0 1
1977 04 06 0.420000 0 1
1977 04 07 0.420000 0 1
1977 04 08 0.420000 0 1
1977 04 09 0.420000 0 1
1977 04 10 0.420000 0 1
1977 04 11 0.420000 0 1
1977 04 12 0.420000 0 1
1977 04 13 0.420000 0 1
1977 04 14 0.420000 0 1
1977 04 15 0.420000 0 1
1977 04 16 0.400000 0 1
1977 04 17 0.400000 0 1
1977 04 18 0.400000 0 1
1977 04 19 0.400000 0 1
1977 04 20 0.400000 0 1
1977 04 21 0.400000 0 1
1977 04 22 0.400000 0 1
1977 04 23 0.400000 0 1
1977 04 24 0.400000 0 1
1977 04 25 0.400000 0 1
1977 04 26 0.380000 0 1
1977 04 27 0.400000 0 1
1977 04 28 0.420000 0 1
1977 04 29 0.400000 0 1
1977 04 30 0.400000 0 1
1977 05 01 0.400000 0 1
1977 05 02 0.400000 0 1
1977 05 03 0.400000 0 1
1977 05 04 0.400000 0 1
1977 05 05 0.400000 0 1
1977 05 06 0.400000 0 1
1977 05 07 0.400000 0 1
1977 05 08 0.400000 0 1
1977 05 09 0.380000 0 1
1977 05 10 0.340000 0 1
1977 05 11 0.340000 0 1
1977 05 12 0.380000 0 1
1977 05 13 0.340000 0 1
1977 05 14 0.340000 0 1
1977 05 15 0.340000 0 1
1977 05 16 0.340000 0 1
1977 05 17 0.400000 0 1
1977 05 18 0.400000 0 1
1977 05 19 0.400000 0 1
1977 05 20 0.400000 0 1
1977 05 21 0.400000 0 1
1977 05 22 0.400000 0 1
1977 05 23 0.300000 0 1
1977 05 24 0.300000 0 1
1977 05 25 0.300000 0 1
1977 05 26 0.300000 0 1
1977 05 27 0.300000 0 1
1977 05 28 0.300000 0 1
1977 05 29 0.300000 0 1
1977 05 30 0.300000 0 1
1977 05 31 0.300000 0 1
1977 06 01 0.340000 0 1
1977 06 02 0.340000 0 1
1977 06 03 0.340000 0 1
1977 06 04 0.300000 0 1
1977 06 05 0.300000 0 1
1977 06 06 0.300000 0 1
1977 06 07 0.300000 0 1
1977 06 08 0.340000 0 1
1977 06 09 0.340000 0 1
1977 06 10 0.340000 0 1
1977 06 11 0.340000 0 1
1977 06 12 0.380000 0 1
1977 06 13 0.380000 0 1
1977 06 14 0.380000 0 1
1977 06 15 0.380000 0 1
1977 06 16 0.400000 0 1
1977 06 17 0.340000 0 1
1977 06 18 0.340000 0 1
1977 06 19 0.340000 0 1
1977 06 20 0.340000 0 1
1977 06 21 0.400000 0 1
1977 06 22 0.400000 0 1
1977 06 23 0.380000 0 1
1977 06 24 0.380000 0 1
1977 06 25 0.340000 0 1
1977 06 26 0.340000 0 1
1977 06 27 0.340000 0 1
1977 06 28 0.340000 0 1
1977 06 29 0.340000 0 1
1977 06 30 0.340000 0 1
1977 07 01 0.340000 0 1
1977 07 02 0.340000 0 1
1977 07 03 0.340000 0 1
1977 07 04 0.300000 0 1
1977 07 05 0.300000 0 1
1977 07 06 0.300000 0 1
1977 07 07 0.300000 0 1
1977 07 08 0.340000 0 1
1977 07 09 0.340000 0 1
1977 07 10 0.340000 0 1
1977 07 11 0.340000 0 1
1977 07 12 0.380000 0 1
1977 07 13 0.380000 0 1
1977 07 14 0.380000 0 1
1977 07 15 0.380000 0 1
1977 07 16 0.380000 0 1
1977 07 17 0.380000 0 1
1977 07 18 0.380000 0 1
1977 07 19 0.380000 0 1
1977 07 20 0.340000 0 1
1977 07 21 0.340000 0 1
1977 07 22 0.340000 0 1
1977 07 23 0.340000 0 1
1977 07 24 0.340000 0 1
1977 07 25 0.340000 0 1
1977 07 26 0.340000 0 1
1977 07 27 0.340000 0 1
1977 07 28 0.300000 0 1
1977 07 29 0.300000 0 1
1977 07 30 0.300000 0 1
1977 07 31 0.300000 0 1
1977 08 01 0.300000 0 1
1977 08 02 0.300000 0 1
1977 08 03 0.300000 0 1
1977 08 04 0.300000 0 1
1977 08 05 0.300000 0 1
1977 08 06 0.300000 0 1
1977 08 07 0.300000 0 1
1977 08 08 0.300000 0 1
1977 08 09 0.300000 0 1
1977 08 10 0.300000 0 1
1977 08 11 0.300000 0 1
1977 08 12 0.300000 0 1
1977 08 13 0.300000 0 1
1977 08 14 0.300000 0 1
1977 08 15 0.300000 0 1
1977 08 16 0.300000 0 1
1977 08 17 0.300000 0 1
1977 08 18 0.300000 0 1
1977 08 19 0.300000 0 1
1977 08 20 0.300000 0 1
1977 08 21 0.300000 0 1
1977 08 22 0.340000 0 1
1977 08 23 0.300000 0 1
1977 08 24 0.300000 0 1
1977 08 25 0.340000 0 1
1977 08 26 0.300000 0 1
1977 08 27 0.300000 0 1
1977 08 28 0.300000 0 1
1977 08 29 0.300000 0 1
1977 08 30 0.400000 0 1
1977 08 31 0.400000 0 1
1977 09 01 0.300000 0 1
1977 09 02 0.300000 0 1
1977 09 03 0.300000 0 1
1977 09 04 0.300000 0 1
1977 09 05 0.300000 0 1
1977 09 06 0.300000 0 1
1977 09 07 0.300000 0 1
1977 09 08 0.300000 0 1
1977 09 09 0.300000 0 1
1977 09 10 0.300000 0 1
1977 09 11 0.300000 0 1
1977 09 12 0.300000 0 1
1977 09 13 0.300000 0 1
1977 09 14 0.300000 0 1
1977 09 15 0.300000 0 1
1977 09 16 0.300000 0 1
1977 09 17 0.300000 0 1
1977 09 18 0.300000 0 1
1977 09 19 0.300000 0 1
1977 09 20 0.300000 0 1
1977 09 21 0.300000 0 1
1977 09 22 0.300000 0 1
1977 09 23 0.300000 0 1
1977 09 24 0.300000 0 1
1977 09 25 0.300000 0 1
1977 09 26 0.300000 0 1
1977 09 27 0.300000 0 1
1977 09 28 0.300000 0 1
1977 09 29 0.300000 0 1
1977 09 30 0.300000 0 1
1977 10 01 0.300000 0 1
1977 10 02 0.300000 0 1
1977 10 03 0.300000 0 1
1977 10 04 0.300000 0 1
1977 10 05 0.300000 0 1
1977 10 06 0.300000 0 1
1977 10 07 0.300000 0 1
1977 10 08 0.300000 0 1
1977 10 09 0.300000 0 1
1977 10 10 0.300000 0 1
1977 10 11 0.300000 0 1
1977 10 12 0.300000 0 1
1977 10 13 0.300000 0 1
1977 10 14 0.300000 0 1
1977 10 15 0.300000 0 1
1977 10 16 0.300000 0 1
1977 10 17 0.300000 0 1
1977 10 18 0.300000 0 1
1977 10 19 0.300000 0 1
1977 10 20 0.300000 0 1
1977 10 21 0.300000 0 1
1977 10 22 0.300000 0 1
1977 10 23 0.300000 0 1
1977 10 24 0.300000 0 1
1977 10 25 0.300000 0 1
1977 10 26 0.300000 0 1
1977 10 27 0.300000 0 1
1977 10 28 0.300000 0 1
1977 10 29 0.300000 0 1
1977 10 30 0.300000 0 1
1977 10 31 0.300000 0 1
1977 11 01 0.300000 0 1
1977 11 02 0.300000 0 1
1977 11 03 0.300000 0 1
1977 11 04 0.300000 0 1
1977 11 05 0.300000 0 1
1977 11 06 0.300000 0 1
1977 11 07 0.300000 0 1
1977 11 08 0.300000 0 1
1977 11 09 0.300000 0 1
1977 11 10 0.300000 0 1
1977 11 11 0.300000 0 1
1977 11 12 0.300000 0 1
1977 11 13 0.300000 0 1
1977 11 14 0.300000 0 1
1977 11 15 0.300000 0 1
1977 11 16 0.300000 0 1
1977 11 17 0.300000 0 1
1977 11 18 0.300000 0 1
1977 11 19 0.300000 0 1
1977 11 20 0.300000 0 1
1977 11 21 0.300000 0 1
1977 11 22 0.300000 0 1
1977 11 23 0.300000 0 1
1977 11 24 0.300000 0 1
1977 11 25 0.300000 0 1
1977 11 26 0.300000 0 1
1977 11 27 0.300000 0 1
1977 11 28 0.300000 0 1
1977 11 29 0.300000 0 1
1977 11 30 0.300000 0 1
1977 12 01 0.300000 0 1
1977 12 02 0.300000 0 1
1977 12 03 0.300000 0 1
1977 12 04 0.300000 0 1
1977 12 05 0.300000 0 1
1977 12 06 0.300000 0 1
1977 12 07 0.300000 0 1
1977 12 08 0.300000 0 1
1977 12 09 0.300000 0 1
1977 12 10 0.300000 0 1
1977 12 11 0.300000 0 1
1977 12 12 0.300000 0 1
1977 12 13 0.300000 0 1
1977 12 14 0.300000 0 1
1977 12 15 0.400000 0 1
1977 12 16 0.500000 0 1
1977 12 17 0.500000 0 1
1977 12 18 0.540000 0 1
1977 12 19 0.620000 0 1
1977 12 20 0.740000 0 1
1977 12 21 0.660000 0 1
1977 12 22 0.540000 0 1
1977 12 23 0.540000 0 1
1977 12 24 0.460000 0 1
1977 12 25 0.420000 0 1
1977 12 26 0.400000 0 1
1977 12 27 0.400000 0 1
1977 12 28 0.400000 0 1
1977 12 29 0.400000 0 1
1977 12 30 0.400000 0 1
1977 12 31 0.400000 0 1
1978 01 01 0.460000 0 1
1978 01 02 0.460000 0 1
1978 01 03 0.460000 0 1
1978 01 04 0.500000 0 1
1978 01 05 0.500000 0 1
1978 01 06 0.500000 0 1
1978 01 07 0.500000 0 1
1978 01 08 0.540000 0 1
1978 01 09 0.540000 0 1
1978 01 10 0.540000 0 1
1978 01 11 0.660000 0 1
1978 01 12 0.660000 0 1
1978 01 13 0.580000 0 1
1978 01 14 0.660000 0 1
1978 01 15 0.700000 0 1
1978 01 16 0.660000 0 1
1978 01 17 0.660000 0 1
1978 01 18 0.700000 0 1
1978 01 19 0.500000 0 1
1978 01 20 0.620000 0 1
1978 01 21 0.700000 0 1
1978 01 22 0.500000 0 1
1978 01 23 0.460000 0 1
1978 01 24 0.420000 0 1
1978 01 25 0.500000 0 1
1978 01 26 0.460000 0 1
1978 01 27 0.420000 0 1
1978 01 28 0.460000 0 1
1978 01 29 0.500000 0 1
1978 01 30 0.460000 0 1
1978 01 31 0.420000 0 1
1978 02 01 0.420000 0 1
1978 02 02 0.460000 0 1
1978 02 03 0.400000 0 1
1978 02 04 0.460000 0 1
1978 02 05 0.460000 0 1
1978 02 06 0.460000 0 1
1978 02 07 0.500000 0 1
1978 02 08 0.500000 0 1
1978 02 09 0.420000 0 1
1978 02 10 0.420000 0 1
1978 02 11 0.420000 0 1
1978 02 12 0.420000 0 1
1978 02 13 0.460000 0 1
1978 02 14 0.420000 0 1
1978 02 15 0.420000 0 1
1978 02 16 0.420000 0 1
1978 02 17 0.420000 0 1
1978 02 18 0.400000 0 1
1978 02 19 0.420000 0 1
1978 02 20 0.420000 0 1
1978 02 21 0.460000 0 1
1978 02 22 0.420000 0 1
1978 02 23 0.460000 0 1
1978 02 24 0.460000 0 1
1978 02 25 0.460000 0 1
1978 02 26 0.460000 0 1
1978 02 27 0.420000 0 1
1978 02 28 0.400000 0 1
1978 03 01 0.420000 0 1
1978 03 02 0.420000 0 1
1978 03 03 0.420000 0 1
1978 03 04 0.300000 0 1
1978 03 05 0.300000 0 1
1978 03 06 0.300000 0 1
1978 03 07 0.300000 0 1
1978 03 08 0.300000 0 1
1978 03 09 0.300000 0 1
1978 03 10 0.300000 0 1
1978 03 11 0.340000 0 1
1978 03 12 0.380000 0 1
1978 03 13 0.380000 0 1
1978 03 14 0.340000 0 1
1978 03 15 0.300000 0 1
1978 03 16 0.300000 0 1
1978 03 17 0.300000 0 1
1978 03 18 0.300000 0 1
1978 03 19 0.300000 0 1
1978 03 20 0.400000 0 1
1978 03 21 0.400000 0 1
1978 03 22 0.400000 0 1
1978 03 23 0.400000 0 1
1978 03 24 0.400000 0 1
1978 03 25 0.400000 0 1
1978 03 26 0.400000 0 1
1978 03 27 0.400000 0 1
1978 03 28 0.400000 0 1
1978 03 29 0.400000 0 1
1978 03 30 0.400000 0 1
1978 03 31 0.620000 0 1
1978 04 01 0.580000 0 1
1978 04 02 0.460000 0 1
1978 04 03 0.420000 0 1
1978 04 04 0.420000 0 1
1978 04 05 0.400000 0 1
1978 04 06 0.400000 0 1
1978 04 07 0.400000 0 1
1978 04 08 0.420000 0 1
1978 04 09 0.400000 0 1
1978 04 10 0.400000 0 1
1978 04 11 0.400000 0 1
1978 04 12 0.400000 0 1
1978 04 13 0.400000 0 1
1978 04 14 0.400000 0 1
1978 04 15 0.400000 0 1
1978 04 16 0.400000 0 1
1978 04 17 0.400000 0 1
1978 04 18 0.400000 0 1
1978 04 19 0.400000 0 1
1978 04 20 0.400000 0 1
1978 04 21 0.380000 0 1
1978 04 22 0.400000 0 1
1978 04 23 0.380000 0 1
1978 04 24 0.400000 0 1
1978 04 25 0.380000 0 1
1978 04 26 0.380000 0 1
1978 04 27 0.380000 0 1
1978 04 28 0.340000 0 1
1978 04 29 0.380000 0 1
1978 04 30 0.380000 0 1
1978 05 01 0.380000 0 1
1978 05 02 0.400000 0 1
1978 05 03 0.380000 0 1
1978 05 04 0.380000 0 1
1978 05 05 0.340000 0 1
1978 05 06 0.300000 0 1
1978 05 07 0.380000 0 1
1978 05 08 0.340000 0 1
1978 05 09 0.300000 0 1
1978 05 10 0.340000 0 1
1978 05 11 0.380000 0 1
1978 05 12 0.360000 0 1
1978 05 13 0.340000 0 1
1978 05 14 0.340000 0 1
1978 05 15 0.380000 0 1
1978 05 16 0.400000 0 1
1978 05 17 0.400000 0 1
1978 05 18 0.400000 0 1
1978 05 19 0.400000 0 1
1978 05 20 0.400000 0 1
1978 05 21 0.400000 0 1
1978 05 22 0.400000 0 1
1978 05 23 0.400000 0 1
1978 05 24 0.400000 0 1
1978 05 25 0.400000 0 1
1978 05 26 0.400000 0 1
1978 05 27 0.400000 0 1
1978 05 28 0.400000 0 1
1978 05 29 0.400000 0 1
1978 05 30 0.400000 0 1
1978 05 31 0.400000 0 1
1978 06 01 0.400000 0 1
1978 06 02 0.400000 0 1
1978 06 03 0.400000 0 1
1978 06 04 0.400000 0 1
1978 06 05 0.400000 0 1
1978 06 06 0.400000 0 1
1978 06 07 0.400000 0 1
1978 06 08 0.400000 0 1
1978 06 09 0.400000 0 1
1978 06 10 0.400000 0 1
1978 06 11 0.400000 0 1
1978 06 12 0.400000 0 1
1978 06 13 0.400000 0 1
1978 06 14 0.400000 0 1
1978 06 15 0.400000 0 1
1978 06 16 0.400000 0 1
1978 06 17 0.400000 0 1
1978 06 18 0.400000 0 1
1978 06 19 0.400000 0 1
1978 06 20 0.400000 0 1
1978 06 21 0.380000 0 1
1978 06 22 0.400000 0 1
1978 06 23 0.400000 0 1
1978 06 24 0.400000 0 1
1978 06 25 0.400000 0 1
1978 06 26 0.400000 0 1
1978 06 27 0.400000 0 1
1978 06 28 0.400000 0 1
1978 06 29 0.400000 0 1
1978 06 30 0.400000 0 1
1978 07 01 0.400000 0 1
1978 07 02 0.400000 0 1
1978 07 03 0.400000 0 1
1978 07 04 0.400000 0 1
1978 07 05 0.380000 0 1
1978 07 06 0.400000 0 1
1978 07 07 0.400000 0 1
1978 07 08 0.400000 0 1
1978 07 09 0.400000 0 1
1978 07 10 0.400000 0 1
1978 07 11 0.400000 0 1
1978 07 12 0.400000 0 1
1978 07 13 0.400000 0 1
1978 07 14 0.400000 0 1
1978 07 15 0.500000 0 1
1978 07 16 0.420000 0 1
1978 07 17 0.500000 0 1
1978 07 18 0.460000 0 1
1978 07 19 0.580000 0 1
1978 07 20 0.500000 0 1
1978 07 21 0.460000 0 1
1978 07 22 0.460000 0 1
1978 07 23 0.460000 0 1
1978 07 24 0.460000 0 1
1978 07 25 0.420000 0 1
1978 07 26 0.420000 0 1
1978 07 27 0.420000 0 1
1978 07 28 0.420000 0 1
1978 07 29 0.420000 0 1
1978 07 30 0.420000 0 1
1978 07 31 0.420000 0 1
1978 08 01 0.400000 0 1
1978 08 02 0.400000 0 1
1978 08 03 0.400000 0 1
1978 08 04 0.400000 0 1
1978 08 05 0.420000 0 1
1978 08 06 0.400000 0 1
1978 08 07 0.400000 0 1
1978 08 08 0.420000 0 1
1978 08 09 0.400000 0 1
1978 08 10 0.400000 0 1
1978 08 11 0.420000 0 1
1978 08 12 0.420000 0 1
1978 08 13 0.460000 0 1
1978 08 14 0.500000 0 1
1978 08 15 0.500000 0 1
1978 08 16 0.500000 0 1
1978 08 17 0.500000 0 1
1978 08 18 0.500000 0 1
1978 08 19 0.500000 0 1
1978 08 20 0.500000 0 1
1978 08 21 0.500000 0 1
1978 08 22 0.500000 0 1
1978 08 23 0.500000 0 1
1978 08 24 0.460000 0 1
1978 08 25 0.460000 0 1
1978 08 26 0.460000 0 1
1978 08 27 0.420000 0 1
1978 08 28 0.420000 0 1
1978 08 29 0.420000 0 1
1978 08 30 0.420000 0 1
1978 08 31 0.460000 0 1
1978 09 01 0.460000 0 1
1978 09 02 0.460000 0 1
1978 09 03 0.460000 0 1
1978 09 04 0.460000 0 1
1978 09 05 0.460000 0 1
1978 09 06 0.420000 0 1
1978 09 07 nan nan nan
1978 09 08 0.620000 0 1
1978 09 09 0.540000 0 1
1978 09 10 0.460000 0 1
1978 09 11 0.460000 0 1
1978 09 12 0.460000 0 1
1978 09 13 0.420000 0 1
1978 09 14 nan nan nan
1978 09 15 nan nan nan
1978 09 16 0.500000 0 1
1978 09 17 0.500000 0 1
1978 09 18 0.460000 0 1
1978 09 19 0.420000 0 1
1978 09 20 0.460000 0 1
1978 09 21 0.460000 0 1
1978 09 22 0.420000 0 1
1978 09 23 0.420000 0 1
1978 09 24 0.420000 0 1
1978 09 25 0.420000 0 1
1978 09 26 0.400000 0 1
1978 09 27 0.420000 0 1
1978 09 28 0.420000 0 1
1978 09 29 0.420000 0 1
1978 09 30 0.400000 0 1
1978 10 01 0.400000 0 1
1978 10 02 0.400000 0 1
1978 10 03 0.420000 0 1
1978 10 04 0.420000 0 1
1978 10 05 0.420000 0 1
1978 10 06 0.400000 0 1
1978 10 07 0.400000 0 1
1978 10 08 0.400000 0 1
1978 10 09 0.400000 0 1
1978 10 10 0.400000 0 1
1978 10 11 0.400000 0 1
1978 10 12 0.400000 0 1
1978 10 13 0.400000 0 1
1978 10 14 0.400000 0 1
1978 10 15 0.400000 0 1
1978 10 16 0.400000 0 1
1978 10 17 0.400000 0 1
1978 10 18 0.420000 0 1
1978 10 19 0.420000 0 1
1978 10 20 0.400000 0 1
1978 10 21 0.400000 0 1
1978 10 22 0.420000 0 1
1978 10 23 0.420000 0 1
1978 10 24 0.400000 0 1
1978 10 25 0.400000 0 1
1978 10 26 0.400000 0 1
1978 10 27 0.400000 0 1
1978 10 28 0.420000 0 1
1978 10 29 0.400000 0 1
1978 10 30 0.400000 0 1
1978 10 31 0.400000 0 1
1978 11 01 0.400000 0 1
1978 11 02 0.420000 0 1
1978 11 03 0.400000 0 1
1978 11 04 0.400000 0 1
1978 11 05 0.400000 0 1
1978 11 06 0.420000 0 1
1978 11 07 0.400000 0 1
1978 11 08 0.400000 0 1
1978 11 09 0.420000 0 1
1978 11 10 0.500000 0 1
1978 11 11 0.460000 0 1
1978 11 12 0.420000 0 1
1978 11 13 0.400000 0 1
1978 11 14 0.400000 0 1
1978 11 15 0.400000 0 1
1978 11 16 0.400000 0 1
1978 11 17 0.400000 0 1
1978 11 18 0.400000 0 1
1978 11 19 0.400000 0 1
1978 11 20 0.400000 0 1
1978 11 21 0.400000 0 1
1978 11 22 0.420000 0 1
1978 11 23 0.420000 0 1
1978 11 24 0.420000 0 1
1978 11 25 0.500000 0 1
1978 11 26 0.500000 0 1
1978 11 27 0.480000 0 1
1978 11 28 0.500000 0 1
1978 11 29 0.460000 0 1
1978 11 30 0.460000 0 1
1978 12 01 0.460000 0 1
1978 12 02 0.460000 0 1
1978 12 03 0.460000 0 1
1978 12 04 0.460000 0 1
1978 12 05 0.460000 0 1
1978 12 06 0.540000 0 1
1978 12 07 0.500000 0 1
1978 12 08 0.500000 0 1
1978 12 09 0.500000 0 1
1978 12 10 0.460000 0 1
1978 12 11 0.500000 0 1
1978 12 12 0.500000 0 1
1978 12 13 nan nan nan
1978 12 14 0.500000 0 1
1978 12 15 0.500000 0 1
1978 12 16 0.540000 0 1
1978 12 17 0.540000 0 1
1978 12 18 0.540000 0 1
1978 12 19 0.540000 0 1
1978 12 20 0.540000 0 1
1978 12 21 0.540000 0 1
1978 12 22 0.540000 0 1
1978 12 23 0.540000 0 1
1978 12 24 0.620000 0 1
1978 12 25 nan nan nan
1978 12 26 0.700000 0 1
1978 12 27 0.700000 0 1
1978 12 28 0.700000 0 1
1978 12 29 0.660000 0 1
1978 12 30 0.660000 0 1
1978 12 31 0.660000 0 1
