year month day streamflow_m3s qual_control_by_ana qual_flag
2010 01 01 67.100000 0 1
2010 01 02 62.450000 0 1
2010 01 03 60.200000 0 1
2010 01 04 58.000000 0 1
2010 01 05 55.850000 0 1
2010 01 06 54.800000 0 1
2010 01 07 52.700000 0 1
2010 01 08 52.700000 0 1
2010 01 09 55.850000 0 1
2010 01 10 59.100000 0 1
2010 01 11 61.300000 0 1
2010 01 12 67.100000 0 1
2010 01 13 503.000000 0 1
2010 01 14 132.425000 0 1
2010 01 15 90.600000 0 1
2010 01 16 70.700000 0 1
2010 01 17 67.100000 0 1
2010 01 18 70.700000 0 1
2010 01 19 67.100000 0 1
2010 01 20 104.000000 0 1
2010 01 21 127.100000 0 1
2010 01 22 94.950000 0 1
2010 01 23 73.200000 0 1
2010 01 24 68.300000 0 1
2010 01 25 64.750000 0 1
2010 01 26 61.300000 0 1
2010 01 27 58.000000 0 1
2010 01 28 54.800000 0 1
2010 01 29 52.700000 0 1
2010 01 30 50.700000 0 1
2010 01 31 47.725000 0 1
2010 02 01 44.800000 0 1
2010 02 02 43.000000 0 1
2010 02 03 41.200000 0 1
2010 02 04 39.500000 0 1
2010 02 05 37.800000 0 1
2010 02 06 36.975000 0 1
2010 02 07 35.325000 0 1
2010 02 08 34.500000 0 1
2010 02 09 60.200000 0 1
2010 02 10 77.000000 0 1
2010 02 11 60.200000 0 1
2010 02 12 50.700000 0 1
2010 02 13 45.775000 0 1
2010 02 14 42.100000 0 1
2010 02 15 39.500000 0 1
2010 02 16 61.300000 0 1
2010 02 17 89.200000 0 1
2010 02 18 60.200000 0 1
2010 02 19 50.700000 0 1
2010 02 20 44.800000 0 1
2010 02 21 45.775000 0 1
2010 02 22 59.100000 0 1
2010 02 23 51.700000 0 1
2010 02 24 45.775000 0 1
2010 02 25 46.750000 0 1
2010 02 26 54.800000 0 1
2010 02 27 49.700000 0 1
2010 02 28 45.775000 0 1
2010 03 01 42.100000 0 1
2010 03 02 39.500000 0 1
2010 03 03 37.800000 0 1
2010 03 04 36.150000 0 1
2010 03 05 34.500000 0 1
2010 03 06 35.325000 0 1
2010 03 07 32.950000 0 1
2010 03 08 31.400000 0 1
2010 03 09 31.400000 0 1
2010 03 10 31.400000 0 1
2010 03 11 29.950000 0 1
2010 03 12 29.950000 0 1
2010 03 13 28.500000 0 1
2010 03 14 31.400000 0 1
2010 03 15 62.450000 0 1
2010 03 16 39.500000 0 1
2010 03 17 33.725000 0 1
2010 03 18 31.400000 0 1
2010 03 19 29.950000 0 1
2010 03 20 31.400000 0 1
2010 03 21 43.900000 0 1
2010 03 22 36.150000 0 1
2010 03 23 50.700000 0 1
2010 03 24 86.400000 0 1
2010 03 25 55.850000 0 1
2010 03 26 48.700000 0 1
2010 03 27 48.700000 0 1
2010 03 28 48.700000 0 1
2010 03 29 86.400000 0 1
2010 03 30 58.000000 0 1
2010 03 31 43.900000 0 1
2010 04 01 42.100000 0 1
2010 04 02 40.350000 0 1
2010 04 03 37.800000 0 1
2010 04 04 38.650000 0 1
2010 04 05 41.200000 0 1
2010 04 06 41.200000 0 1
2010 04 07 38.650000 0 1
2010 04 08 36.150000 0 1
2010 04 09 34.500000 0 1
2010 04 10 33.725000 0 1
2010 04 11 32.950000 0 1
2010 04 12 32.950000 0 1
2010 04 13 31.400000 0 1
2010 04 14 31.400000 0 1
2010 04 15 29.950000 0 1
2010 04 16 29.225000 0 1
2010 04 17 28.500000 0 1
2010 04 18 27.100000 0 1
2010 04 19 27.100000 0 1
2010 04 20 25.700000 0 1
2010 04 21 25.700000 0 1
2010 04 22 24.450000 0 1
2010 04 23 199.000000 0 1
2010 04 24 132.425000 0 1
2010 04 25 141.600000 0 1
2010 04 26 143.450000 0 1
2010 04 27 128.850000 0 1
2010 04 28 94.950000 0 1
2010 04 29 85.025000 0 1
2010 04 30 80.900000 0 1
2010 05 01 71.950000 0 1
2010 05 02 65.900000 0 1
2010 05 03 62.450000 0 1
2010 05 04 60.200000 0 1
2010 05 05 58.000000 0 1
2010 05 06 56.900000 0 1
2010 05 07 56.900000 0 1
2010 05 08 54.800000 0 1
2010 05 09 54.800000 0 1
2010 05 10 52.700000 0 1
2010 05 11 52.700000 0 1
2010 05 12 52.700000 0 1
2010 05 13 50.700000 0 1
2010 05 14 50.700000 0 1
2010 05 15 48.700000 0 1
2010 05 16 48.700000 0 1
2010 05 17 45.775000 0 1
2010 05 18 195.000000 0 1
2010 05 19 136.075000 0 1
2010 05 20 78.300000 0 1
2010 05 21 68.300000 0 1
2010 05 22 60.200000 0 1
2010 05 23 55.850000 0 1
2010 05 24 53.750000 0 1
2010 05 25 49.700000 0 1
2010 05 26 44.800000 0 1
2010 05 27 44.800000 0 1
2010 05 28 43.900000 0 1
2010 05 29 43.000000 0 1
2010 05 30 42.100000 0 1
2010 05 31 41.200000 0 1
2010 06 01 41.200000 0 1
2010 06 02 41.200000 0 1
2010 06 03 41.200000 0 1
2010 06 04 55.850000 0 1
2010 06 05 63.600000 0 1
2010 06 06 55.850000 0 1
2010 06 07 43.900000 0 1
2010 06 08 41.200000 0 1
2010 06 09 40.350000 0 1
2010 06 10 38.650000 0 1
2010 06 11 37.800000 0 1
2010 06 12 36.150000 0 1
2010 06 13 36.150000 0 1
2010 06 14 34.500000 0 1
2010 06 15 34.500000 0 1
2010 06 16 32.950000 0 1
2010 06 17 32.950000 0 1
2010 06 18 31.400000 0 1
2010 06 19 31.400000 0 1
2010 06 20 31.400000 0 1
2010 06 21 29.950000 0 1
2010 06 22 29.950000 0 1
2010 06 23 28.500000 0 1
2010 06 24 28.500000 0 1
2010 06 25 27.100000 0 1
2010 06 26 25.700000 0 1
2010 06 27 24.450000 0 1
2010 06 28 23.200000 0 1
2010 06 29 23.200000 0 1
2010 06 30 23.200000 0 1
2010 07 01 23.200000 0 1
2010 07 02 21.950000 0 1
2010 07 03 21.950000 0 1
2010 07 04 20.700000 0 1
2010 07 05 20.700000 0 1
2010 07 06 19.600000 0 1
2010 07 07 19.600000 0 1
2010 07 08 18.500000 0 1
2010 07 09 18.500000 0 1
2010 07 10 17.450000 0 1
2010 07 11 17.450000 0 1
2010 07 12 16.400000 0 1
2010 07 13 22.575000 0 1
2010 07 14 26.400000 0 1
2010 07 15 30.675000 0 1
2010 07 16 34.500000 0 1
2010 07 17 75.700000 0 1
2010 07 18 63.600000 0 1
2010 07 19 43.900000 0 1
2010 07 20 36.150000 0 1
2010 07 21 27.800000 0 1
2010 07 22 24.450000 0 1
2010 07 23 23.825000 0 1
2010 07 24 23.200000 0 1
2010 07 25 21.325000 0 1
2010 07 26 20.150000 0 1
2010 07 27 19.600000 0 1
2010 07 28 18.500000 0 1
2010 07 29 17.450000 0 1
2010 07 30 16.400000 0 1
2010 07 31 15.400000 0 1
2010 08 01 15.400000 0 1
2010 08 02 14.900000 0 1
2010 08 03 14.400000 0 1
2010 08 04 13.500000 0 1
2010 08 05 13.500000 0 1
2010 08 06 13.500000 0 1
2010 08 07 12.600000 0 1
2010 08 08 12.600000 0 1
2010 08 09 12.600000 0 1
2010 08 10 11.800000 0 1
2010 08 11 11.800000 0 1
2010 08 12 11.800000 0 1
2010 08 13 11.000000 0 1
2010 08 14 11.000000 0 1
2010 08 15 11.000000 0 1
2010 08 16 11.000000 0 1
2010 08 17 11.000000 0 1
2010 08 18 11.000000 0 1
2010 08 19 10.200000 0 1
2010 08 20 10.200000 0 1
2010 08 21 9.400000 0 1
2010 08 22 8.750000 0 1
2010 08 23 8.750000 0 1
2010 08 24 8.750000 0 1
2010 08 25 8.750000 0 1
2010 08 26 8.750000 0 1
2010 08 27 7.450000 0 1
2010 08 28 7.450000 0 1
2010 08 29 7.450000 0 1
2010 08 30 7.450000 0 1
2010 08 31 6.800000 0 1
2010 09 01 6.800000 0 1
2010 09 02 6.800000 0 1
2010 09 03 6.250000 0 1
2010 09 04 5.975000 0 1
2010 09 05 5.700000 0 1
2010 09 06 5.700000 0 1
2010 09 07 6.250000 0 1
2010 09 08 6.250000 0 1
2010 09 09 5.700000 0 1
2010 09 10 5.450000 0 1
2010 09 11 5.200000 0 1
2010 09 12 5.200000 0 1
2010 09 13 5.200000 0 1
2010 09 14 5.200000 0 1
2010 09 15 4.700000 0 1
2010 09 16 4.700000 0 1
2010 09 17 4.700000 0 1
2010 09 18 4.250000 0 1
2010 09 19 4.250000 0 1
2010 09 20 4.250000 0 1
2010 09 21 4.250000 0 1
2010 09 22 4.250000 0 1
2010 09 23 4.475000 0 1
2010 09 24 25.700000 0 1
2010 09 25 23.825000 0 1
2010 09 26 17.450000 0 1
2010 09 27 11.400000 0 1
2010 09 28 9.800000 0 1
2010 09 29 8.425000 0 1
2010 09 30 6.800000 0 1
2010 10 01 5.700000 0 1
2010 10 02 5.700000 0 1
2010 10 03 4.950000 0 1
2010 10 04 8.750000 0 1
2010 10 05 9.800000 0 1
2010 10 06 8.425000 0 1
2010 10 07 32.175000 0 1
2010 10 08 28.500000 0 1
2010 10 09 14.900000 0 1
2010 10 10 11.000000 0 1
2010 10 11 9.800000 0 1
2010 10 12 9.075000 0 1
2010 10 13 7.450000 0 1
2010 10 14 7.450000 0 1
2010 10 15 11.400000 0 1
2010 10 16 19.050000 0 1
2010 10 17 30.675000 0 1
2010 10 18 27.800000 0 1
2010 10 19 14.400000 0 1
2010 10 20 9.800000 0 1
2010 10 21 8.425000 0 1
2010 10 22 9.075000 0 1
2010 10 23 13.500000 0 1
2010 10 24 11.800000 0 1
2010 10 25 9.075000 0 1
2010 10 26 7.775000 0 1
2010 10 27 6.800000 0 1
2010 10 28 6.250000 0 1
2010 10 29 5.700000 0 1
2010 10 30 21.950000 0 1
2010 10 31 49.700000 0 1
2010 11 01 21.325000 0 1
2010 11 02 14.400000 0 1
2010 11 03 12.200000 0 1
2010 11 04 11.000000 0 1
2010 11 05 11.000000 0 1
2010 11 06 13.050000 0 1
2010 11 07 12.600000 0 1
2010 11 08 11.000000 0 1
2010 11 09 12.600000 0 1
2010 11 10 20.150000 0 1
2010 11 11 15.900000 0 1
2010 11 12 13.050000 0 1
2010 11 13 11.400000 0 1
2010 11 14 9.800000 0 1
2010 11 15 9.400000 0 1
2010 11 16 12.600000 0 1
2010 11 17 11.400000 0 1
2010 11 18 9.800000 0 1
2010 11 19 8.750000 0 1
2010 11 20 9.800000 0 1
2010 11 21 9.400000 0 1
2010 11 22 15.900000 0 1
2010 11 23 12.200000 0 1
2010 11 24 10.200000 0 1
2010 11 25 9.800000 0 1
2010 11 26 9.400000 0 1
2010 11 27 9.400000 0 1
2010 11 28 9.400000 0 1
2010 11 29 20.150000 0 1
2010 11 30 12.600000 0 1
2010 12 01 11.800000 0 1
2010 12 02 11.800000 0 1
2010 12 03 23.200000 0 1
2010 12 04 54.800000 0 1
2010 12 05 85.025000 0 1
2010 12 06 54.800000 0 1
2010 12 07 51.700000 0 1
2010 12 08 61.300000 0 1
2010 12 09 36.975000 0 1
2010 12 10 30.675000 0 1
2010 12 11 97.900000 0 1
2010 12 12 90.600000 0 1
2010 12 13 78.300000 0 1
2010 12 14 61.300000 0 1
2010 12 15 46.750000 0 1
2010 12 16 40.350000 0 1
2010 12 17 37.800000 0 1
2010 12 18 36.150000 0 1
2010 12 19 33.725000 0 1
2010 12 20 34.500000 0 1
2010 12 21 36.150000 0 1
2010 12 22 43.000000 0 1
2010 12 23 39.500000 0 1
2010 12 24 37.800000 0 1
2010 12 25 35.325000 0 1
2010 12 26 33.725000 0 1
2010 12 27 38.650000 0 1
2010 12 28 36.975000 0 1
2010 12 29 80.900000 0 1
2010 12 30 53.750000 0 1
2010 12 31 46.750000 0 1
