year month day streamflow_m3s qual_control_by_ana qual_flag
2002 08 01 nan nan nan
2002 08 02 nan nan nan
2002 08 03 nan nan nan
2002 08 04 nan nan nan
2002 08 05 nan nan nan
2002 08 06 nan nan nan
2002 08 07 nan nan nan
2002 08 08 nan nan nan
2002 08 09 nan nan nan
2002 08 10 nan nan nan
2002 08 11 nan nan nan
2002 08 12 nan nan nan
2002 08 13 nan nan nan
2002 08 14 nan nan 0
2002 08 15 3.225000 0 1
2002 08 16 3.350000 0 1
2002 08 17 3.100000 0 1
2002 08 18 3.100000 0 1
2002 08 19 3.100000 0 1
2002 08 20 3.100000 0 1
2002 08 21 3.350000 0 1
2002 08 22 4.100000 0 1
2002 08 23 3.350000 0 1
2002 08 24 3.100000 0 1
2002 08 25 3.100000 0 1
2002 08 26 3.000000 0 1
2002 08 27 2.900000 0 1
2002 08 28 2.800000 0 1
2002 08 29 3.350000 0 1
2002 08 30 3.850000 0 1
2002 08 31 3.225000 0 1
2002 09 01 3.100000 0 1
2002 09 02 3.000000 0 1
2002 09 03 2.900000 0 1
2002 09 04 2.800000 0 1
2002 09 05 2.800000 0 1
2002 09 06 2.800000 0 1
2002 09 07 2.700000 0 1
2002 09 08 2.700000 0 1
2002 09 09 2.700000 0 1
2002 09 10 2.700000 0 1
2002 09 11 2.700000 0 1
2002 09 12 2.700000 0 1
2002 09 13 3.350000 0 1
2002 09 14 3.100000 0 1
2002 09 15 2.900000 0 1
2002 09 16 4.100000 0 1
2002 09 17 3.100000 0 1
2002 09 18 2.900000 0 1
2002 09 19 3.100000 0 1
2002 09 20 4.100000 0 1
2002 09 21 4.250000 0 1
2002 09 22 3.100000 0 1
2002 09 23 3.000000 0 1
2002 09 24 2.900000 0 1
2002 09 25 2.800000 0 1
2002 09 26 2.700000 0 1
2002 09 27 2.450000 0 1
2002 09 28 2.450000 0 1
2002 09 29 2.325000 0 1
2002 09 30 2.200000 0 1
2002 10 01 2.450000 0 1
2002 10 02 2.450000 0 1
2002 10 03 2.800000 0 1
2002 10 04 4.550000 0 1
2002 10 05 3.475000 0 1
2002 10 06 2.700000 0 1
2002 10 07 2.450000 0 1
2002 10 08 2.575000 0 1
2002 10 09 2.700000 0 1
2002 10 10 2.450000 0 1
2002 10 11 2.200000 0 1
2002 10 12 2.450000 0 1
2002 10 13 2.900000 0 1
2002 10 14 2.800000 0 1
2002 10 15 2.450000 0 1
2002 10 16 2.700000 0 1
2002 10 17 2.575000 0 1
2002 10 18 3.850000 0 1
2002 10 19 2.800000 0 1
2002 10 20 2.700000 0 1
2002 10 21 2.450000 0 1
2002 10 22 2.450000 0 1
2002 10 23 2.450000 0 1
2002 10 24 2.200000 0 1
2002 10 25 2.200000 0 1
2002 10 26 2.450000 0 1
2002 10 27 2.450000 0 1
2002 10 28 2.450000 0 1
2002 10 29 2.450000 0 1
2002 10 30 2.450000 0 1
2002 10 31 2.450000 0 1
2002 11 01 2.200000 0 1
2002 11 02 2.200000 0 1
2002 11 03 2.100000 0 1
2002 11 04 4.950000 0 1
2002 11 05 5.650000 0 1
2002 11 06 3.225000 0 1
2002 11 07 2.900000 0 1
2002 11 08 2.450000 0 1
2002 11 09 2.450000 0 1
2002 11 10 3.000000 0 1
2002 11 11 4.250000 0 1
2002 11 12 3.225000 0 1
2002 11 13 2.900000 0 1
2002 11 14 3.000000 0 1
2002 11 15 4.400000 0 1
2002 11 16 3.725000 0 1
2002 11 17 3.100000 0 1
2002 11 18 3.000000 0 1
2002 11 19 3.475000 0 1
2002 11 20 3.225000 0 1
2002 11 21 5.800000 0 1
2002 11 22 6.100000 0 1
2002 11 23 5.200000 0 1
2002 11 24 4.250000 0 1
2002 11 25 3.725000 0 1
2002 11 26 4.950000 0 1
2002 11 27 4.100000 0 1
2002 11 28 4.700000 0 1
2002 11 29 6.400000 0 1
2002 11 30 7.975000 0 1
2002 12 01 7.975000 0 1
2002 12 02 8.500000 0 1
2002 12 03 7.100000 0 1
2002 12 04 6.100000 0 1
2002 12 05 5.500000 0 1
2002 12 06 5.500000 0 1
2002 12 07 5.800000 0 1
2002 12 08 7.975000 0 1
2002 12 09 7.975000 0 1
2002 12 10 8.150000 0 1
2002 12 11 7.625000 0 1
2002 12 12 6.750000 0 1
2002 12 13 6.250000 0 1
2002 12 14 6.100000 0 1
2002 12 15 5.950000 0 1
2002 12 16 6.100000 0 1
2002 12 17 6.400000 0 1
2002 12 18 6.100000 0 1
2002 12 19 6.100000 0 1
2002 12 20 6.250000 0 1
2002 12 21 6.400000 0 1
2002 12 22 7.100000 0 1
2002 12 23 7.100000 0 1
2002 12 24 7.100000 0 1
2002 12 25 7.100000 0 1
2002 12 26 6.750000 0 1
2002 12 27 6.400000 0 1
2002 12 28 6.250000 0 1
2002 12 29 6.100000 0 1
2002 12 30 6.100000 0 1
2002 12 31 6.100000 0 1
2003 01 01 5.800000 0 1
2003 01 02 5.800000 0 1
2003 01 03 5.800000 0 1
2003 01 04 6.100000 0 1
2003 01 05 7.275000 0 1
2003 01 06 6.750000 0 1
2003 01 07 6.575000 0 1
2003 01 08 6.100000 0 1
2003 01 09 5.800000 0 1
2003 01 10 5.800000 0 1
2003 01 11 5.650000 0 1
2003 01 12 6.400000 0 1
2003 01 13 6.400000 0 1
2003 01 14 6.400000 0 1
2003 01 15 6.100000 0 1
2003 01 16 5.800000 0 1
2003 01 17 5.650000 0 1
2003 01 18 5.800000 0 1
2003 01 19 5.800000 0 1
2003 01 20 5.950000 0 1
2003 01 21 7.275000 0 1
2003 01 22 6.750000 0 1
2003 01 23 6.750000 0 1
2003 01 24 6.925000 0 1
2003 01 25 7.100000 0 1
2003 01 26 7.100000 0 1
2003 01 27 7.100000 0 1
2003 01 28 6.750000 0 1
2003 01 29 5.950000 0 1
2003 01 30 5.650000 0 1
2003 01 31 5.500000 0 1
2003 02 01 5.200000 0 1
2003 02 02 5.075000 0 1
2003 02 03 4.825000 0 1
2003 02 04 4.700000 0 1
2003 02 05 4.550000 0 1
2003 02 06 4.700000 0 1
2003 02 07 4.950000 0 1
2003 02 08 4.950000 0 1
2003 02 09 4.950000 0 1
2003 02 10 5.200000 0 1
2003 02 11 5.500000 0 1
2003 02 12 6.400000 0 1
2003 02 13 7.100000 0 1
2003 02 14 6.750000 0 1
2003 02 15 5.500000 0 1
2003 02 16 6.250000 0 1
2003 02 17 6.400000 0 1
2003 02 18 5.800000 0 1
2003 02 19 4.825000 0 1
2003 02 20 8.675000 0 1
2003 02 21 11.100000 0 1
2003 02 22 11.100000 0 1
2003 02 23 10.700000 0 1
2003 02 24 9.200000 0 1
2003 02 25 7.625000 0 1
2003 02 26 6.400000 0 1
2003 02 27 5.950000 0 1
2003 02 28 5.800000 0 1
2003 03 01 5.500000 0 1
2003 03 02 5.500000 0 1
2003 03 03 5.200000 0 1
2003 03 04 5.800000 0 1
2003 03 05 5.800000 0 1
2003 03 06 5.800000 0 1
2003 03 07 5.800000 0 1
2003 03 08 5.650000 0 1
2003 03 09 6.250000 0 1
2003 03 10 6.400000 0 1
2003 03 11 6.250000 0 1
2003 03 12 6.750000 0 1
2003 03 13 7.100000 0 1
2003 03 14 6.575000 0 1
2003 03 15 6.400000 0 1
2003 03 16 5.800000 0 1
2003 03 17 5.650000 0 1
2003 03 18 5.350000 0 1
2003 03 19 5.200000 0 1
2003 03 20 5.350000 0 1
2003 03 21 6.400000 0 1
2003 03 22 7.450000 0 1
2003 03 23 7.625000 0 1
2003 03 24 7.275000 0 1
2003 03 25 6.400000 0 1
2003 03 26 5.800000 0 1
2003 03 27 5.800000 0 1
2003 03 28 5.800000 0 1
2003 03 29 5.800000 0 1
2003 03 30 5.500000 0 1
2003 03 31 5.500000 0 1
2003 04 01 5.800000 0 1
2003 04 02 5.800000 0 1
2003 04 03 5.950000 0 1
2003 04 04 6.250000 0 1
2003 04 05 6.750000 0 1
2003 04 06 6.400000 0 1
2003 04 07 6.100000 0 1
2003 04 08 5.950000 0 1
2003 04 09 6.400000 0 1
2003 04 10 7.625000 0 1
2003 04 11 8.150000 0 1
2003 04 12 7.450000 0 1
2003 04 13 6.925000 0 1
2003 04 14 6.100000 0 1
2003 04 15 6.100000 0 1
2003 04 16 6.100000 0 1
2003 04 17 6.100000 0 1
2003 04 18 6.100000 0 1
2003 04 19 7.800000 0 1
2003 04 20 7.800000 0 1
2003 04 21 7.100000 0 1
2003 04 22 6.575000 0 1
2003 04 23 6.250000 0 1
2003 04 24 6.100000 0 1
2003 04 25 6.400000 0 1
2003 04 26 5.950000 0 1
2003 04 27 5.650000 0 1
2003 04 28 5.500000 0 1
2003 04 29 5.500000 0 1
2003 04 30 5.500000 0 1
2003 05 01 5.800000 0 1
2003 05 02 6.400000 0 1
2003 05 03 6.400000 0 1
2003 05 04 5.800000 0 1
2003 05 05 5.800000 0 1
2003 05 06 5.800000 0 1
2003 05 07 5.650000 0 1
2003 05 08 5.650000 0 1
2003 05 09 5.500000 0 1
2003 05 10 5.500000 0 1
2003 05 11 5.200000 0 1
2003 05 12 5.350000 0 1
2003 05 13 5.200000 0 1
2003 05 14 5.200000 0 1
2003 05 15 5.200000 0 1
2003 05 16 5.075000 0 1
2003 05 17 4.950000 0 1
2003 05 18 4.950000 0 1
2003 05 19 4.950000 0 1
2003 05 20 4.950000 0 1
2003 05 21 4.950000 0 1
2003 05 22 4.825000 0 1
2003 05 23 5.500000 0 1
2003 05 24 5.800000 0 1
2003 05 25 4.950000 0 1
2003 05 26 4.950000 0 1
2003 05 27 4.700000 0 1
2003 05 28 4.700000 0 1
2003 05 29 4.700000 0 1
2003 05 30 4.550000 0 1
2003 05 31 4.400000 0 1
2003 06 01 4.400000 0 1
2003 06 02 4.400000 0 1
2003 06 03 4.825000 0 1
2003 06 04 5.500000 0 1
2003 06 05 6.925000 0 1
2003 06 06 8.325000 0 1
2003 06 07 8.675000 0 1
2003 06 08 7.450000 0 1
2003 06 09 5.200000 0 1
2003 06 10 4.950000 0 1
2003 06 11 4.950000 0 1
2003 06 12 4.700000 0 1
2003 06 13 4.550000 0 1
2003 06 14 4.400000 0 1
2003 06 15 4.250000 0 1
2003 06 16 4.100000 0 1
2003 06 17 4.100000 0 1
2003 06 18 4.100000 0 1
2003 06 19 4.100000 0 1
2003 06 20 4.100000 0 1
2003 06 21 4.100000 0 1
2003 06 22 4.100000 0 1
2003 06 23 4.100000 0 1
2003 06 24 4.100000 0 1
2003 06 25 4.100000 0 1
2003 06 26 3.850000 0 1
2003 06 27 3.850000 0 1
2003 06 28 3.725000 0 1
2003 06 29 3.600000 0 1
2003 06 30 3.600000 0 1
2003 07 01 3.600000 0 1
2003 07 02 3.600000 0 1
2003 07 03 3.600000 0 1
2003 07 04 3.600000 0 1
2003 07 05 3.350000 0 1
2003 07 06 3.475000 0 1
2003 07 07 3.600000 0 1
2003 07 08 4.100000 0 1
2003 07 09 4.400000 0 1
2003 07 10 5.200000 0 1
2003 07 11 4.100000 0 1
2003 07 12 3.600000 0 1
2003 07 13 3.600000 0 1
2003 07 14 3.475000 0 1
2003 07 15 3.350000 0 1
2003 07 16 5.500000 0 1
2003 07 17 5.200000 0 1
2003 07 18 4.100000 0 1
2003 07 19 3.600000 0 1
2003 07 20 3.475000 0 1
2003 07 21 3.475000 0 1
2003 07 22 3.350000 0 1
2003 07 23 3.350000 0 1
2003 07 24 3.100000 0 1
2003 07 25 3.100000 0 1
2003 07 26 3.100000 0 1
2003 07 27 3.100000 0 1
2003 07 28 3.100000 0 1
2003 07 29 3.100000 0 1
2003 07 30 2.900000 0 1
2003 07 31 2.900000 0 1
2003 08 01 2.900000 0 1
2003 08 02 2.900000 0 1
2003 08 03 2.900000 0 1
2003 08 04 2.900000 0 1
2003 08 05 2.700000 0 1
2003 08 06 2.900000 0 1
2003 08 07 2.900000 0 1
2003 08 08 2.800000 0 1
2003 08 09 2.700000 0 1
2003 08 10 2.700000 0 1
2003 08 11 2.700000 0 1
2003 08 12 2.450000 0 1
2003 08 13 2.450000 0 1
2003 08 14 2.700000 0 1
2003 08 15 3.100000 0 1
2003 08 16 2.900000 0 1
2003 08 17 2.700000 0 1
2003 08 18 2.450000 0 1
2003 08 19 2.450000 0 1
2003 08 20 2.450000 0 1
2003 08 21 2.450000 0 1
2003 08 22 2.450000 0 1
2003 08 23 2.450000 0 1
2003 08 24 2.450000 0 1
2003 08 25 2.700000 0 1
2003 08 26 2.575000 0 1
2003 08 27 2.325000 0 1
2003 08 28 2.200000 0 1
2003 08 29 2.200000 0 1
2003 08 30 2.200000 0 1
2003 08 31 2.200000 0 1
2003 09 01 2.200000 0 1
2003 09 02 2.000000 0 1
2003 09 03 2.000000 0 1
2003 09 04 2.000000 0 1
2003 09 05 2.000000 0 1
2003 09 06 2.000000 0 1
2003 09 07 2.000000 0 1
2003 09 08 3.000000 0 1
2003 09 09 3.100000 0 1
2003 09 10 2.700000 0 1
2003 09 11 2.450000 0 1
2003 09 12 2.200000 0 1
2003 09 13 2.100000 0 1
2003 09 14 2.000000 0 1
2003 09 15 2.000000 0 1
2003 09 16 2.000000 0 1
2003 09 17 2.000000 0 1
2003 09 18 2.000000 0 1
2003 09 19 1.900000 0 1
2003 09 20 2.000000 0 1
2003 09 21 1.900000 0 1
2003 09 22 1.800000 0 1
2003 09 23 1.800000 0 1
2003 09 24 1.725000 0 1
2003 09 25 1.800000 0 1
2003 09 26 3.000000 0 1
2003 09 27 4.950000 0 1
2003 09 28 3.225000 0 1
2003 09 29 2.450000 0 1
2003 09 30 2.450000 0 1
2003 10 01 2.325000 0 1
2003 10 02 2.100000 0 1
2003 10 03 1.800000 0 1
2003 10 04 1.900000 0 1
2003 10 05 1.800000 0 1
2003 10 06 1.800000 0 1
2003 10 07 1.800000 0 1
2003 10 08 1.800000 0 1
2003 10 09 3.600000 0 1
2003 10 10 4.400000 0 1
2003 10 11 2.800000 0 1
2003 10 12 2.450000 0 1
2003 10 13 2.100000 0 1
2003 10 14 2.000000 0 1
2003 10 15 1.900000 0 1
2003 10 16 1.800000 0 1
2003 10 17 1.800000 0 1
2003 10 18 1.650000 0 1
2003 10 19 1.650000 0 1
2003 10 20 1.650000 0 1
2003 10 21 2.000000 0 1
2003 10 22 3.225000 0 1
2003 10 23 2.700000 0 1
2003 10 24 2.200000 0 1
2003 10 25 2.200000 0 1
2003 10 26 2.450000 0 1
2003 10 27 3.225000 0 1
2003 10 28 2.450000 0 1
2003 10 29 2.200000 0 1
2003 10 30 2.000000 0 1
2003 10 31 2.000000 0 1
2003 11 01 2.000000 0 1
2003 11 02 1.800000 0 1
2003 11 03 1.900000 0 1
2003 11 04 1.800000 0 1
2003 11 05 1.800000 0 1
2003 11 06 1.800000 0 1
2003 11 07 1.725000 0 1
2003 11 08 1.650000 0 1
2003 11 09 1.650000 0 1
2003 11 10 1.650000 0 1
2003 11 11 1.500000 0 1
2003 11 12 1.500000 0 1
2003 11 13 1.575000 0 1
2003 11 14 1.650000 0 1
2003 11 15 1.650000 0 1
2003 11 16 1.650000 0 1
2003 11 17 1.800000 0 1
2003 11 18 2.800000 0 1
2003 11 19 2.700000 0 1
2003 11 20 2.000000 0 1
2003 11 21 1.650000 0 1
2003 11 22 1.650000 0 1
2003 11 23 1.650000 0 1
2003 11 24 1.650000 0 1
2003 11 25 1.650000 0 1
2003 11 26 2.575000 0 1
2003 11 27 4.100000 0 1
2003 11 28 4.100000 0 1
2003 11 29 2.700000 0 1
2003 11 30 2.200000 0 1
2003 12 01 2.200000 0 1
2003 12 02 2.000000 0 1
2003 12 03 2.000000 0 1
2003 12 04 2.000000 0 1
2003 12 05 2.450000 0 1
2003 12 06 2.575000 0 1
2003 12 07 2.200000 0 1
2003 12 08 2.100000 0 1
2003 12 09 4.100000 0 1
2003 12 10 3.000000 0 1
2003 12 11 2.325000 0 1
2003 12 12 6.400000 0 1
2003 12 13 7.100000 0 1
2003 12 14 7.275000 0 1
2003 12 15 6.400000 0 1
2003 12 16 5.200000 0 1
2003 12 17 5.500000 0 1
2003 12 18 4.400000 0 1
2003 12 19 3.850000 0 1
2003 12 20 3.600000 0 1
2003 12 21 3.600000 0 1
2003 12 22 3.475000 0 1
2003 12 23 3.975000 0 1
2003 12 24 3.975000 0 1
2003 12 25 3.600000 0 1
2003 12 26 3.350000 0 1
2003 12 27 3.350000 0 1
2003 12 28 3.350000 0 1
2003 12 29 3.600000 0 1
2003 12 30 4.100000 0 1
2003 12 31 4.100000 0 1
2004 01 01 4.700000 0 1
2004 01 02 3.975000 0 1
2004 01 03 3.600000 0 1
2004 01 04 3.350000 0 1
2004 01 05 3.350000 0 1
2004 01 06 4.100000 0 1
2004 01 07 4.825000 0 1
2004 01 08 4.550000 0 1
2004 01 09 4.100000 0 1
2004 01 10 3.850000 0 1
2004 01 11 3.600000 0 1
2004 01 12 3.600000 0 1
2004 01 13 3.600000 0 1
2004 01 14 3.600000 0 1
2004 01 15 3.600000 0 1
2004 01 16 3.475000 0 1
2004 01 17 3.225000 0 1
2004 01 18 3.350000 0 1
2004 01 19 3.350000 0 1
2004 01 20 3.350000 0 1
2004 01 21 3.350000 0 1
2004 01 22 3.350000 0 1
2004 01 23 3.225000 0 1
2004 01 24 3.350000 0 1
2004 01 25 3.350000 0 1
2004 01 26 3.350000 0 1
2004 01 27 3.350000 0 1
2004 01 28 3.350000 0 1
2004 01 29 3.100000 0 1
2004 01 30 3.100000 0 1
2004 01 31 3.000000 0 1
2004 02 01 3.000000 0 1
2004 02 02 3.225000 0 1
2004 02 03 3.100000 0 1
2004 02 04 3.100000 0 1
2004 02 05 3.100000 0 1
2004 02 06 3.225000 0 1
2004 02 07 3.100000 0 1
2004 02 08 3.100000 0 1
2004 02 09 2.900000 0 1
2004 02 10 2.900000 0 1
2004 02 11 2.900000 0 1
2004 02 12 2.900000 0 1
2004 02 13 2.800000 0 1
2004 02 14 3.100000 0 1
2004 02 15 3.350000 0 1
2004 02 16 2.900000 0 1
2004 02 17 3.100000 0 1
2004 02 18 3.100000 0 1
2004 02 19 3.100000 0 1
2004 02 20 3.475000 0 1
2004 02 21 3.100000 0 1
2004 02 22 2.900000 0 1
2004 02 23 2.900000 0 1
2004 02 24 2.700000 0 1
2004 02 25 2.700000 0 1
2004 02 26 2.450000 0 1
2004 02 27 2.450000 0 1
2004 02 28 2.575000 0 1
2004 02 29 2.450000 0 1
2004 03 01 2.325000 0 1
2004 03 02 2.200000 0 1
2004 03 03 2.200000 0 1
2004 03 04 2.200000 0 1
2004 03 05 2.200000 0 1
2004 03 06 2.000000 0 1
2004 03 07 2.000000 0 1
2004 03 08 2.000000 0 1
2004 03 09 2.100000 0 1
2004 03 10 2.200000 0 1
2004 03 11 2.200000 0 1
2004 03 12 2.575000 0 1
2004 03 13 2.700000 0 1
2004 03 14 4.550000 0 1
2004 03 15 3.475000 0 1
2004 03 16 2.450000 0 1
2004 03 17 2.200000 0 1
2004 03 18 2.200000 0 1
2004 03 19 2.000000 0 1
2004 03 20 2.000000 0 1
2004 03 21 2.000000 0 1
2004 03 22 2.000000 0 1
2004 03 23 2.000000 0 1
2004 03 24 1.900000 0 1
2004 03 25 1.800000 0 1
2004 03 26 1.800000 0 1
2004 03 27 1.725000 0 1
2004 03 28 1.725000 0 1
2004 03 29 1.650000 0 1
2004 03 30 1.650000 0 1
2004 03 31 1.650000 0 1
2004 04 01 1.650000 0 1
2004 04 02 1.650000 0 1
2004 04 03 3.225000 0 1
2004 04 04 2.800000 0 1
2004 04 05 2.000000 0 1
2004 04 06 2.000000 0 1
2004 04 07 1.800000 0 1
2004 04 08 1.725000 0 1
2004 04 09 1.575000 0 1
2004 04 10 1.650000 0 1
2004 04 11 1.725000 0 1
2004 04 12 1.650000 0 1
2004 04 13 1.650000 0 1
2004 04 14 1.500000 0 1
2004 04 15 1.650000 0 1
2004 04 16 1.575000 0 1
2004 04 17 1.500000 0 1
2004 04 18 1.650000 0 1
2004 04 19 2.200000 0 1
2004 04 20 3.350000 0 1
2004 04 21 2.200000 0 1
2004 04 22 1.650000 0 1
2004 04 23 1.650000 0 1
2004 04 24 3.475000 0 1
2004 04 25 3.975000 0 1
2004 04 26 2.800000 0 1
2004 04 27 1.800000 0 1
2004 04 28 1.725000 0 1
2004 04 29 1.650000 0 1
2004 04 30 1.800000 0 1
2004 05 01 2.450000 0 1
2004 05 02 2.200000 0 1
2004 05 03 3.350000 0 1
2004 05 04 3.100000 0 1
2004 05 05 2.450000 0 1
2004 05 06 2.200000 0 1
2004 05 07 2.000000 0 1
2004 05 08 2.200000 0 1
2004 05 09 1.800000 0 1
2004 05 10 1.800000 0 1
2004 05 11 1.725000 0 1
2004 05 12 1.800000 0 1
2004 05 13 4.100000 0 1
2004 05 14 7.275000 0 1
2004 05 15 7.275000 0 1
2004 05 16 6.400000 0 1
2004 05 17 3.600000 0 1
2004 05 18 3.100000 0 1
2004 05 19 3.000000 0 1
2004 05 20 2.800000 0 1
2004 05 21 2.800000 0 1
2004 05 22 3.350000 0 1
2004 05 23 3.475000 0 1
2004 05 24 6.250000 0 1
2004 05 25 9.200000 0 1
2004 05 26 9.725000 0 1
2004 05 27 9.375000 0 1
2004 05 28 8.675000 0 1
2004 05 29 7.100000 0 1
2004 05 30 9.200000 0 1
2004 05 31 5.950000 0 1
2004 06 01 5.950000 0 1
2004 06 02 5.650000 0 1
2004 06 03 5.350000 0 1
2004 06 04 5.200000 0 1
2004 06 05 5.200000 0 1
2004 06 06 4.950000 0 1
2004 06 07 4.950000 0 1
2004 06 08 4.700000 0 1
2004 06 09 4.825000 0 1
2004 06 10 5.075000 0 1
2004 06 11 7.800000 0 1
2004 06 12 7.975000 0 1
2004 06 13 6.925000 0 1
2004 06 14 4.950000 0 1
2004 06 15 5.500000 0 1
2004 06 16 5.200000 0 1
2004 06 17 5.200000 0 1
2004 06 18 5.200000 0 1
2004 06 19 5.200000 0 1
2004 06 20 5.200000 0 1
2004 06 21 4.950000 0 1
2004 06 22 4.950000 0 1
2004 06 23 4.950000 0 1
2004 06 24 4.950000 0 1
2004 06 25 4.950000 0 1
2004 06 26 5.075000 0 1
2004 06 27 6.250000 0 1
2004 06 28 7.100000 0 1
2004 06 29 6.750000 0 1
2004 06 30 5.500000 0 1
2004 07 01 5.500000 0 1
2004 07 02 5.200000 0 1
2004 07 03 5.200000 0 1
2004 07 04 5.200000 0 1
2004 07 05 5.200000 0 1
2004 07 06 5.200000 0 1
2004 07 07 5.200000 0 1
2004 07 08 5.200000 0 1
2004 07 09 5.500000 0 1
2004 07 10 5.650000 0 1
2004 07 11 5.500000 0 1
2004 07 12 5.200000 0 1
2004 07 13 5.200000 0 1
2004 07 14 5.200000 0 1
2004 07 15 5.500000 0 1
2004 07 16 7.100000 0 1
2004 07 17 7.100000 0 1
2004 07 18 7.100000 0 1
2004 07 19 7.975000 0 1
2004 07 20 8.500000 0 1
2004 07 21 9.200000 0 1
2004 07 22 9.550000 0 1
2004 07 23 8.500000 0 1
2004 07 24 7.275000 0 1
2004 07 25 6.925000 0 1
2004 07 26 6.400000 0 1
2004 07 27 6.400000 0 1
2004 07 28 6.400000 0 1
2004 07 29 6.400000 0 1
2004 07 30 6.400000 0 1
2004 07 31 6.400000 0 1
2004 08 01 6.400000 0 1
2004 08 02 6.100000 0 1
2004 08 03 6.100000 0 1
2004 08 04 6.100000 0 1
2004 08 05 6.100000 0 1
2004 08 06 6.100000 0 1
2004 08 07 5.950000 0 1
2004 08 08 5.950000 0 1
2004 08 09 5.800000 0 1
2004 08 10 5.800000 0 1
2004 08 11 5.800000 0 1
2004 08 12 5.800000 0 1
2004 08 13 5.800000 0 1
2004 08 14 5.800000 0 1
2004 08 15 5.500000 0 1
2004 08 16 5.650000 0 1
2004 08 17 5.500000 0 1
2004 08 18 5.500000 0 1
2004 08 19 5.500000 0 1
2004 08 20 5.500000 0 1
2004 08 21 5.500000 0 1
2004 08 22 5.500000 0 1
2004 08 23 5.500000 0 1
2004 08 24 5.500000 0 1
2004 08 25 5.200000 0 1
2004 08 26 5.200000 0 1
2004 08 27 5.500000 0 1
2004 08 28 6.100000 0 1
2004 08 29 6.400000 0 1
2004 08 30 5.800000 0 1
2004 08 31 5.500000 0 1
2004 09 01 5.200000 0 1
2004 09 02 5.200000 0 1
2004 09 03 5.200000 0 1
2004 09 04 4.950000 0 1
2004 09 05 4.950000 0 1
2004 09 06 4.700000 0 1
2004 09 07 4.700000 0 1
2004 09 08 4.700000 0 1
2004 09 09 4.700000 0 1
2004 09 10 4.700000 0 1
2004 09 11 4.700000 0 1
2004 09 12 4.400000 0 1
2004 09 13 6.100000 0 1
2004 09 14 6.100000 0 1
2004 09 15 5.800000 0 1
2004 09 16 4.950000 0 1
2004 09 17 4.400000 0 1
2004 09 18 4.400000 0 1
2004 09 19 4.400000 0 1
2004 09 20 4.100000 0 1
2004 09 21 4.100000 0 1
2004 09 22 4.100000 0 1
2004 09 23 3.850000 0 1
2004 09 24 3.850000 0 1
2004 09 25 3.850000 0 1
2004 09 26 3.850000 0 1
2004 09 27 3.850000 0 1
2004 09 28 3.850000 0 1
2004 09 29 3.600000 0 1
2004 09 30 3.600000 0 1
2004 10 01 3.600000 0 1
2004 10 02 3.600000 0 1
2004 10 03 3.600000 0 1
2004 10 04 3.600000 0 1
2004 10 05 3.350000 0 1
2004 10 06 3.350000 0 1
2004 10 07 3.350000 0 1
2004 10 08 3.100000 0 1
2004 10 09 3.100000 0 1
2004 10 10 3.600000 0 1
2004 10 11 4.100000 0 1
2004 10 12 3.850000 0 1
2004 10 13 5.200000 0 1
2004 10 14 6.400000 0 1
2004 10 15 5.800000 0 1
2004 10 16 5.200000 0 1
2004 10 17 6.925000 0 1
2004 10 18 8.500000 0 1
2004 10 19 9.200000 0 1
2004 10 20 8.850000 0 1
2004 10 21 6.100000 0 1
2004 10 22 4.950000 0 1
2004 10 23 4.700000 0 1
2004 10 24 7.100000 0 1
2004 10 25 14.900000 0 1
2004 10 26 14.900000 0 1
2004 10 27 13.200000 0 1
2004 10 28 11.500000 0 1
2004 10 29 8.850000 0 1
2004 10 30 8.325000 0 1
2004 10 31 8.500000 0 1
2004 11 01 8.500000 0 1
2004 11 02 8.500000 0 1
2004 11 03 7.800000 0 1
2004 11 04 8.500000 0 1
2004 11 05 9.900000 0 1
2004 11 06 10.900000 0 1
2004 11 07 10.100000 0 1
2004 11 08 8.850000 0 1
2004 11 09 8.500000 0 1
2004 11 10 9.900000 0 1
2004 11 11 13.200000 0 1
2004 11 12 12.750000 0 1
2004 11 13 12.100000 0 1
2004 11 14 11.500000 0 1
2004 11 15 11.500000 0 1
2004 11 16 12.300000 0 1
2004 11 17 12.750000 0 1
2004 11 18 11.900000 0 1
2004 11 19 11.500000 0 1
2004 11 20 10.700000 0 1
2004 11 21 10.300000 0 1
2004 11 22 10.300000 0 1
2004 11 23 10.100000 0 1
2004 11 24 9.900000 0 1
2004 11 25 9.900000 0 1
2004 11 26 10.500000 0 1
2004 11 27 10.500000 0 1
2004 11 28 10.500000 0 1
2004 11 29 10.300000 0 1
2004 11 30 10.300000 0 1
2004 12 01 10.300000 0 1
2004 12 02 9.900000 0 1
2004 12 03 9.900000 0 1
2004 12 04 10.300000 0 1
2004 12 05 10.700000 0 1
2004 12 06 9.550000 0 1
2004 12 07 9.550000 0 1
2004 12 08 9.550000 0 1
2004 12 09 9.550000 0 1
2004 12 10 9.550000 0 1
2004 12 11 9.550000 0 1
2004 12 12 9.375000 0 1
2004 12 13 9.200000 0 1
2004 12 14 8.850000 0 1
2004 12 15 8.500000 0 1
2004 12 16 8.500000 0 1
2004 12 17 8.500000 0 1
2004 12 18 8.500000 0 1
2004 12 19 8.500000 0 1
2004 12 20 8.500000 0 1
2004 12 21 8.850000 0 1
2004 12 22 8.500000 0 1
2004 12 23 8.500000 0 1
2004 12 24 8.500000 0 1
2004 12 25 8.500000 0 1
2004 12 26 7.800000 0 1
2004 12 27 7.800000 0 1
2004 12 28 7.450000 0 1
2004 12 29 7.450000 0 1
2004 12 30 7.450000 0 1
2004 12 31 7.100000 0 1
2005 01 01 7.100000 0 1
2005 01 02 7.100000 0 1
2005 01 03 7.800000 0 1
2005 01 04 9.900000 0 1
2005 01 05 10.100000 0 1
2005 01 06 9.725000 0 1
2005 01 07 9.375000 0 1
2005 01 08 7.800000 0 1
2005 01 09 7.800000 0 1
2005 01 10 6.750000 0 1
2005 01 11 6.400000 0 1
2005 01 12 6.575000 0 1
2005 01 13 6.750000 0 1
2005 01 14 6.750000 0 1
2005 01 15 6.250000 0 1
2005 01 16 6.400000 0 1
2005 01 17 6.250000 0 1
2005 01 18 5.950000 0 1
2005 01 19 6.250000 0 1
2005 01 20 6.100000 0 1
2005 01 21 5.800000 0 1
2005 01 22 5.800000 0 1
2005 01 23 5.800000 0 1
2005 01 24 5.500000 0 1
2005 01 25 6.100000 0 1
2005 01 26 5.950000 0 1
2005 01 27 5.500000 0 1
2005 01 28 5.200000 0 1
2005 01 29 5.200000 0 1
2005 01 30 5.200000 0 1
2005 01 31 6.100000 0 1
2005 02 01 5.350000 0 1
2005 02 02 4.950000 0 1
2005 02 03 4.700000 0 1
2005 02 04 4.700000 0 1
2005 02 05 4.700000 0 1
2005 02 06 4.700000 0 1
2005 02 07 4.400000 0 1
2005 02 08 4.400000 0 1
2005 02 09 4.400000 0 1
2005 02 10 4.100000 0 1
2005 02 11 4.100000 0 1
2005 02 12 3.975000 0 1
2005 02 13 3.850000 0 1
2005 02 14 3.850000 0 1
2005 02 15 3.850000 0 1
2005 02 16 3.850000 0 1
2005 02 17 3.850000 0 1
2005 02 18 3.850000 0 1
2005 02 19 3.850000 0 1
2005 02 20 3.600000 0 1
2005 02 21 3.600000 0 1
2005 02 22 3.600000 0 1
2005 02 23 3.600000 0 1
2005 02 24 3.600000 0 1
2005 02 25 3.600000 0 1
2005 02 26 3.600000 0 1
2005 02 27 3.600000 0 1
2005 02 28 3.600000 0 1
2005 03 01 3.350000 0 1
2005 03 02 3.350000 0 1
2005 03 03 3.350000 0 1
2005 03 04 3.350000 0 1
2005 03 05 3.100000 0 1
2005 03 06 3.100000 0 1
2005 03 07 3.100000 0 1
2005 03 08 3.100000 0 1
2005 03 09 3.100000 0 1
2005 03 10 3.100000 0 1
2005 03 11 3.100000 0 1
2005 03 12 3.100000 0 1
2005 03 13 3.100000 0 1
2005 03 14 3.100000 0 1
2005 03 15 3.100000 0 1
2005 03 16 2.900000 0 1
2005 03 17 2.900000 0 1
2005 03 18 2.900000 0 1
2005 03 19 2.700000 0 1
2005 03 20 2.450000 0 1
2005 03 21 2.700000 0 1
2005 03 22 2.450000 0 1
2005 03 23 2.450000 0 1
2005 03 24 2.450000 0 1
2005 03 25 2.450000 0 1
2005 03 26 2.450000 0 1
2005 03 27 2.450000 0 1
2005 03 28 2.200000 0 1
2005 03 29 2.200000 0 1
2005 03 30 2.200000 0 1
2005 03 31 2.200000 0 1
2005 04 01 2.450000 0 1
2005 04 02 2.450000 0 1
2005 04 03 2.575000 0 1
2005 04 04 2.700000 0 1
2005 04 05 2.450000 0 1
2005 04 06 2.450000 0 1
2005 04 07 2.200000 0 1
2005 04 08 2.200000 0 1
2005 04 09 2.200000 0 1
2005 04 10 2.200000 0 1
2005 04 11 2.000000 0 1
2005 04 12 2.000000 0 1
2005 04 13 2.000000 0 1
2005 04 14 2.000000 0 1
2005 04 15 1.800000 0 1
2005 04 16 1.800000 0 1
2005 04 17 1.800000 0 1
2005 04 18 1.800000 0 1
2005 04 19 1.800000 0 1
2005 04 20 2.450000 0 1
2005 04 21 2.900000 0 1
2005 04 22 2.000000 0 1
2005 04 23 2.000000 0 1
2005 04 24 2.200000 0 1
2005 04 25 3.100000 0 1
2005 04 26 2.450000 0 1
2005 04 27 2.200000 0 1
2005 04 28 2.200000 0 1
2005 04 29 2.450000 0 1
2005 04 30 2.450000 0 1
2005 05 01 2.450000 0 1
2005 05 02 2.000000 0 1
2005 05 03 1.800000 0 1
2005 05 04 1.800000 0 1
2005 05 05 1.800000 0 1
2005 05 06 1.800000 0 1
2005 05 07 1.800000 0 1
2005 05 08 1.800000 0 1
2005 05 09 1.800000 0 1
2005 05 10 1.800000 0 1
2005 05 11 1.650000 0 1
2005 05 12 1.650000 0 1
2005 05 13 1.650000 0 1
2005 05 14 1.650000 0 1
2005 05 15 1.650000 0 1
2005 05 16 1.650000 0 1
2005 05 17 2.900000 0 1
2005 05 18 2.000000 0 1
2005 05 19 1.800000 0 1
2005 05 20 1.800000 0 1
2005 05 21 2.000000 0 1
2005 05 22 2.450000 0 1
2005 05 23 1.800000 0 1
2005 05 24 3.350000 0 1
2005 05 25 5.200000 0 1
2005 05 26 3.600000 0 1
2005 05 27 2.700000 0 1
2005 05 28 2.200000 0 1
2005 05 29 2.000000 0 1
2005 05 30 1.800000 0 1
2005 05 31 1.800000 0 1
2005 06 01 1.800000 0 1
2005 06 02 1.800000 0 1
2005 06 03 1.800000 0 1
2005 06 04 1.800000 0 1
2005 06 05 1.800000 0 1
2005 06 06 1.650000 0 1
2005 06 07 1.650000 0 1
2005 06 08 1.650000 0 1
2005 06 09 1.650000 0 1
2005 06 10 1.650000 0 1
2005 06 11 1.650000 0 1
2005 06 12 1.650000 0 1
2005 06 13 2.700000 0 1
2005 06 14 2.200000 0 1
2005 06 15 4.700000 0 1
2005 06 16 5.800000 0 1
2005 06 17 5.800000 0 1
2005 06 18 5.800000 0 1
2005 06 19 6.100000 0 1
2005 06 20 6.750000 0 1
2005 06 21 4.700000 0 1
2005 06 22 3.850000 0 1
2005 06 23 3.350000 0 1
2005 06 24 3.100000 0 1
2005 06 25 3.100000 0 1
2005 06 26 2.900000 0 1
2005 06 27 2.900000 0 1
2005 06 28 3.350000 0 1
2005 06 29 3.350000 0 1
2005 06 30 3.100000 0 1
2005 07 01 nan nan nan
2005 07 02 nan nan nan
2005 07 03 nan nan nan
2005 07 04 nan nan nan
2005 07 05 nan nan nan
2005 07 06 nan nan nan
2005 07 07 nan nan nan
2005 07 08 nan nan nan
2005 07 09 nan nan nan
2005 07 10 nan nan nan
2005 07 11 nan nan nan
2005 07 12 nan nan nan
2005 07 13 nan nan nan
2005 07 14 nan nan nan
2005 07 15 nan nan nan
2005 07 16 nan nan nan
2005 07 17 nan nan nan
2005 07 18 nan nan nan
2005 07 19 nan nan nan
2005 07 20 nan nan nan
2005 07 21 nan nan nan
2005 07 22 nan nan nan
2005 07 23 nan nan nan
2005 07 24 nan nan nan
2005 07 25 nan nan nan
2005 07 26 nan nan nan
2005 07 27 nan nan nan
2005 07 28 nan nan nan
2005 07 29 nan nan nan
2005 07 30 nan nan nan
2005 07 31 nan nan nan
2005 08 01 2.700000 0 1
2005 08 02 2.450000 0 1
2005 08 03 2.450000 0 1
2005 08 04 2.450000 0 1
2005 08 05 2.450000 0 1
2005 08 06 2.450000 0 1
2005 08 07 2.450000 0 1
2005 08 08 2.450000 0 1
2005 08 09 2.450000 0 1
2005 08 10 2.450000 0 1
2005 08 11 2.450000 0 1
2005 08 12 2.450000 0 1
2005 08 13 2.450000 0 1
2005 08 14 2.450000 0 1
2005 08 15 2.450000 0 1
2005 08 16 2.450000 0 1
2005 08 17 2.450000 0 1
2005 08 18 2.450000 0 1
2005 08 19 2.450000 0 1
2005 08 20 2.450000 0 1
2005 08 21 2.450000 0 1
2005 08 22 2.200000 0 1
2005 08 23 2.200000 0 1
2005 08 24 2.700000 0 1
2005 08 25 2.700000 0 1
2005 08 26 2.450000 0 1
2005 08 27 2.450000 0 1
2005 08 28 2.450000 0 1
2005 08 29 2.200000 0 1
2005 08 30 2.200000 0 1
2005 08 31 4.700000 0 1
2005 09 01 5.500000 0 1
2005 09 02 4.400000 0 1
2005 09 03 3.100000 0 1
2005 09 04 3.000000 0 1
2005 09 05 3.850000 0 1
2005 09 06 3.100000 0 1
2005 09 07 2.700000 0 1
2005 09 08 2.700000 0 1
2005 09 09 2.700000 0 1
2005 09 10 2.700000 0 1
2005 09 11 2.700000 0 1
2005 09 12 2.900000 0 1
2005 09 13 2.900000 0 1
2005 09 14 3.850000 0 1
2005 09 15 3.600000 0 1
2005 09 16 3.100000 0 1
2005 09 17 2.900000 0 1
2005 09 18 2.900000 0 1
2005 09 19 2.900000 0 1
2005 09 20 2.700000 0 1
2005 09 21 2.700000 0 1
2005 09 22 2.700000 0 1
2005 09 23 2.900000 0 1
2005 09 24 3.475000 0 1
2005 09 25 5.650000 0 1
2005 09 26 6.750000 0 1
2005 09 27 4.400000 0 1
2005 09 28 3.600000 0 1
2005 09 29 3.350000 0 1
2005 09 30 4.700000 0 1
2005 10 01 5.950000 0 1
2005 10 02 6.400000 0 1
2005 10 03 5.200000 0 1
2005 10 04 4.400000 0 1
2005 10 05 7.800000 0 1
2005 10 06 11.500000 0 1
2005 10 07 12.300000 0 1
2005 10 08 12.300000 0 1
2005 10 09 12.300000 0 1
2005 10 10 8.150000 0 1
2005 10 11 7.450000 0 1
2005 10 12 7.100000 0 1
2005 10 13 6.750000 0 1
2005 10 14 6.750000 0 1
2005 10 15 7.450000 0 1
2005 10 16 7.800000 0 1
2005 10 17 11.100000 0 1
2005 10 18 13.650000 0 1
2005 10 19 12.300000 0 1
2005 10 20 10.700000 0 1
2005 10 21 9.900000 0 1
2005 10 22 9.725000 0 1
2005 10 23 9.550000 0 1
2005 10 24 8.500000 0 1
2005 10 25 11.900000 0 1
2005 10 26 14.100000 0 1
2005 10 27 13.200000 0 1
2005 10 28 12.750000 0 1
2005 10 29 13.875000 0 1
2005 10 30 14.100000 0 1
2005 10 31 13.200000 0 1
2005 11 01 12.750000 0 1
2005 11 02 11.900000 0 1
2005 11 03 11.500000 0 1
2005 11 04 10.700000 0 1
2005 11 05 10.700000 0 1
2005 11 06 10.700000 0 1
2005 11 07 10.700000 0 1
2005 11 08 10.700000 0 1
2005 11 09 11.100000 0 1
2005 11 10 11.500000 0 1
2005 11 11 11.500000 0 1
2005 11 12 11.100000 0 1
2005 11 13 10.900000 0 1
2005 11 14 10.700000 0 1
2005 11 15 10.700000 0 1
2005 11 16 10.300000 0 1
2005 11 17 10.700000 0 1
2005 11 18 10.700000 0 1
2005 11 19 10.700000 0 1
2005 11 20 10.700000 0 1
2005 11 21 10.700000 0 1
2005 11 22 10.700000 0 1
2005 11 23 10.300000 0 1
2005 11 24 9.900000 0 1
2005 11 25 9.900000 0 1
2005 11 26 9.550000 0 1
2005 11 27 9.550000 0 1
2005 11 28 9.200000 0 1
2005 11 29 9.200000 0 1
2005 11 30 8.850000 0 1
2005 12 01 8.850000 0 1
2005 12 02 8.850000 0 1
2005 12 03 8.850000 0 1
2005 12 04 8.850000 0 1
2005 12 05 8.500000 0 1
2005 12 06 8.500000 0 1
2005 12 07 8.500000 0 1
2005 12 08 8.500000 0 1
2005 12 09 8.150000 0 1
2005 12 10 7.800000 0 1
2005 12 11 7.800000 0 1
2005 12 12 7.800000 0 1
2005 12 13 7.450000 0 1
2005 12 14 7.450000 0 1
2005 12 15 7.100000 0 1
2005 12 16 7.100000 0 1
2005 12 17 7.100000 0 1
2005 12 18 7.100000 0 1
2005 12 19 7.100000 0 1
2005 12 20 7.100000 0 1
2005 12 21 6.750000 0 1
2005 12 22 6.750000 0 1
2005 12 23 6.750000 0 1
2005 12 24 6.400000 0 1
2005 12 25 6.400000 0 1
2005 12 26 6.100000 0 1
2005 12 27 6.100000 0 1
2005 12 28 6.100000 0 1
2005 12 29 5.800000 0 1
2005 12 30 5.800000 0 1
2005 12 31 5.500000 0 1
2006 01 01 5.800000 0 1
2006 01 02 5.800000 0 1
2006 01 03 5.800000 0 1
2006 01 04 5.800000 0 1
2006 01 05 5.500000 0 1
2006 01 06 5.500000 0 1
2006 01 07 5.200000 0 1
2006 01 08 5.200000 0 1
2006 01 09 5.200000 0 1
2006 01 10 4.950000 0 1
2006 01 11 4.950000 0 1
2006 01 12 4.700000 0 1
2006 01 13 4.700000 0 1
2006 01 14 4.700000 0 1
2006 01 15 4.700000 0 1
2006 01 16 4.400000 0 1
2006 01 17 4.400000 0 1
2006 01 18 4.400000 0 1
2006 01 19 4.950000 0 1
2006 01 20 4.950000 0 1
2006 01 21 4.400000 0 1
2006 01 22 4.400000 0 1
2006 01 23 5.500000 0 1
2006 01 24 5.500000 0 1
2006 01 25 5.500000 0 1
2006 01 26 5.500000 0 1
2006 01 27 5.200000 0 1
2006 01 28 4.400000 0 1
2006 01 29 4.400000 0 1
2006 01 30 4.100000 0 1
2006 01 31 3.850000 0 1
2006 02 01 3.850000 0 1
2006 02 02 3.600000 0 1
2006 02 03 3.600000 0 1
2006 02 04 3.350000 0 1
2006 02 05 3.350000 0 1
2006 02 06 3.350000 0 1
2006 02 07 3.350000 0 1
2006 02 08 3.350000 0 1
2006 02 09 3.350000 0 1
2006 02 10 3.600000 0 1
2006 02 11 3.350000 0 1
2006 02 12 3.475000 0 1
2006 02 13 3.350000 0 1
2006 02 14 3.350000 0 1
2006 02 15 3.350000 0 1
2006 02 16 3.350000 0 1
2006 02 17 3.100000 0 1
2006 02 18 3.100000 0 1
2006 02 19 3.600000 0 1
2006 02 20 3.100000 0 1
2006 02 21 3.350000 0 1
2006 02 22 3.350000 0 1
2006 02 23 3.100000 0 1
2006 02 24 3.100000 0 1
2006 02 25 3.100000 0 1
2006 02 26 2.900000 0 1
2006 02 27 3.100000 0 1
2006 02 28 2.700000 0 1
2006 03 01 2.900000 0 1
2006 03 02 3.100000 0 1
2006 03 03 2.900000 0 1
2006 03 04 2.700000 0 1
2006 03 05 2.700000 0 1
2006 03 06 2.450000 0 1
2006 03 07 2.700000 0 1
2006 03 08 2.450000 0 1
2006 03 09 2.450000 0 1
2006 03 10 2.450000 0 1
2006 03 11 2.200000 0 1
2006 03 12 2.200000 0 1
2006 03 13 2.000000 0 1
2006 03 14 2.000000 0 1
2006 03 15 2.000000 0 1
2006 03 16 2.000000 0 1
2006 03 17 2.000000 0 1
2006 03 18 2.000000 0 1
2006 03 19 2.200000 0 1
2006 03 20 2.200000 0 1
2006 03 21 2.200000 0 1
2006 03 22 2.200000 0 1
2006 03 23 3.100000 0 1
2006 03 24 4.100000 0 1
2006 03 25 4.550000 0 1
2006 03 26 4.250000 0 1
2006 03 27 2.900000 0 1
2006 03 28 2.700000 0 1
2006 03 29 2.450000 0 1
2006 03 30 2.450000 0 1
2006 03 31 2.200000 0 1
2006 04 01 2.200000 0 1
2006 04 02 2.200000 0 1
2006 04 03 2.000000 0 1
2006 04 04 2.000000 0 1
2006 04 05 2.000000 0 1
2006 04 06 2.000000 0 1
2006 04 07 2.000000 0 1
2006 04 08 2.000000 0 1
2006 04 09 1.800000 0 1
2006 04 10 1.800000 0 1
2006 04 11 1.800000 0 1
2006 04 12 1.800000 0 1
2006 04 13 1.800000 0 1
2006 04 14 1.800000 0 1
2006 04 15 3.975000 0 1
2006 04 16 4.700000 0 1
2006 04 17 2.700000 0 1
2006 04 18 2.000000 0 1
2006 04 19 2.000000 0 1
2006 04 20 2.000000 0 1
2006 04 21 1.800000 0 1
2006 04 22 2.100000 0 1
2006 04 23 1.800000 0 1
2006 04 24 1.800000 0 1
2006 04 25 1.800000 0 1
2006 04 26 1.800000 0 1
2006 04 27 1.800000 0 1
2006 04 28 1.800000 0 1
2006 04 29 1.650000 0 1
2006 04 30 1.650000 0 1
2006 05 01 1.650000 0 1
2006 05 02 1.650000 0 1
2006 05 03 1.500000 0 1
2006 05 04 1.500000 0 1
2006 05 05 1.500000 0 1
2006 05 06 1.500000 0 1
2006 05 07 1.500000 0 1
2006 05 08 1.500000 0 1
2006 05 09 1.500000 0 1
2006 05 10 1.500000 0 1
2006 05 11 1.500000 0 1
2006 05 12 1.500000 0 1
2006 05 13 1.500000 0 1
2006 05 14 1.500000 0 1
2006 05 15 1.500000 0 1
2006 05 16 1.500000 0 1
2006 05 17 1.500000 0 1
2006 05 18 1.500000 0 1
2006 05 19 1.500000 0 1
2006 05 20 1.500000 0 1
2006 05 21 1.500000 0 1
2006 05 22 1.650000 0 1
2006 05 23 1.650000 0 1
2006 05 24 1.650000 0 1
2006 05 25 1.650000 0 1
2006 05 26 1.650000 0 1
2006 05 27 1.650000 0 1
2006 05 28 1.650000 0 1
2006 05 29 1.650000 0 1
2006 05 30 1.650000 0 1
2006 05 31 1.650000 0 1
2006 06 01 1.650000 0 1
2006 06 02 1.650000 0 1
2006 06 03 1.650000 0 1
2006 06 04 1.650000 0 1
2006 06 05 1.650000 0 1
2006 06 06 1.650000 0 1
2006 06 07 1.650000 0 1
2006 06 08 1.650000 0 1
2006 06 09 1.650000 0 1
2006 06 10 1.650000 0 1
2006 06 11 1.650000 0 1
2006 06 12 1.650000 0 1
2006 06 13 1.650000 0 1
2006 06 14 1.500000 0 1
2006 06 15 1.500000 0 1
2006 06 16 1.500000 0 1
2006 06 17 1.500000 0 1
2006 06 18 1.300000 0 1
2006 06 19 1.300000 0 1
2006 06 20 1.300000 0 1
2006 06 21 1.500000 0 1
2006 06 22 2.325000 0 1
2006 06 23 2.325000 0 1
2006 06 24 2.000000 0 1
2006 06 25 2.000000 0 1
2006 06 26 2.000000 0 1
2006 06 27 1.650000 0 1
2006 06 28 1.650000 0 1
2006 06 29 1.650000 0 1
2006 06 30 1.800000 0 1
2006 07 01 1.800000 0 1
2006 07 02 1.800000 0 1
2006 07 03 1.650000 0 1
2006 07 04 1.650000 0 1
2006 07 05 1.500000 0 1
2006 07 06 1.500000 0 1
2006 07 07 1.500000 0 1
2006 07 08 1.500000 0 1
2006 07 09 1.500000 0 1
2006 07 10 1.500000 0 1
2006 07 11 1.500000 0 1
2006 07 12 1.500000 0 1
2006 07 13 1.500000 0 1
2006 07 14 1.500000 0 1
2006 07 15 1.500000 0 1
2006 07 16 1.500000 0 1
2006 07 17 1.300000 0 1
2006 07 18 1.300000 0 1
2006 07 19 1.300000 0 1
2006 07 20 1.300000 0 1
2006 07 21 1.300000 0 1
2006 07 22 1.300000 0 1
2006 07 23 1.300000 0 1
2006 07 24 1.300000 0 1
2006 07 25 1.300000 0 1
2006 07 26 1.300000 0 1
2006 07 27 1.100000 0 1
2006 07 28 1.100000 0 1
2006 07 29 1.100000 0 1
2006 07 30 1.100000 0 1
2006 07 31 1.100000 0 1
2006 08 01 1.300000 0 1
2006 08 02 1.300000 0 1
2006 08 03 1.300000 0 1
2006 08 04 1.100000 0 1
2006 08 05 1.100000 0 1
2006 08 06 1.100000 0 1
2006 08 07 1.100000 0 1
2006 08 08 1.100000 0 1
2006 08 09 1.025000 0 1
2006 08 10 0.950000 0 1
2006 08 11 0.950000 0 1
2006 08 12 0.950000 0 1
2006 08 13 0.950000 0 1
2006 08 14 0.950000 0 1
2006 08 15 1.100000 0 1
2006 08 16 2.450000 0 1
2006 08 17 2.000000 0 1
2006 08 18 3.350000 0 1
2006 08 19 3.100000 0 1
2006 08 20 1.300000 0 1
2006 08 21 1.300000 0 1
2006 08 22 1.300000 0 1
2006 08 23 1.300000 0 1
2006 08 24 1.100000 0 1
2006 08 25 1.100000 0 1
2006 08 26 1.500000 0 1
2006 08 27 1.500000 0 1
2006 08 28 1.500000 0 1
2006 08 29 1.300000 0 1
2006 08 30 1.300000 0 1
2006 08 31 1.300000 0 1
2006 09 01 1.650000 0 1
2006 09 02 1.650000 0 1
2006 09 03 1.650000 0 1
2006 09 04 1.650000 0 1
2006 09 05 1.300000 0 1
2006 09 06 1.300000 0 1
2006 09 07 1.300000 0 1
2006 09 08 1.300000 0 1
2006 09 09 1.500000 0 1
2006 09 10 1.575000 0 1
2006 09 11 1.500000 0 1
2006 09 12 1.500000 0 1
2006 09 13 1.300000 0 1
2006 09 14 1.300000 0 1
2006 09 15 1.300000 0 1
2006 09 16 1.300000 0 1
2006 09 17 1.300000 0 1
2006 09 18 1.100000 0 1
2006 09 19 1.100000 0 1
2006 09 20 1.650000 0 1
2006 09 21 1.300000 0 1
2006 09 22 1.300000 0 1
2006 09 23 1.650000 0 1
2006 09 24 1.650000 0 1
2006 09 25 1.500000 0 1
2006 09 26 1.300000 0 1
2006 09 27 1.300000 0 1
2006 09 28 1.300000 0 1
2006 09 29 2.450000 0 1
2006 09 30 1.800000 0 1
2006 10 01 3.350000 0 1
2006 10 02 3.350000 0 1
2006 10 03 2.450000 0 1
2006 10 04 1.800000 0 1
2006 10 05 3.350000 0 1
2006 10 06 5.800000 0 1
2006 10 07 5.500000 0 1
2006 10 08 3.100000 0 1
2006 10 09 3.100000 0 1
2006 10 10 2.200000 0 1
2006 10 11 2.450000 0 1
2006 10 12 2.200000 0 1
2006 10 13 2.200000 0 1
2006 10 14 2.200000 0 1
2006 10 15 2.200000 0 1
2006 10 16 2.700000 0 1
2006 10 17 2.200000 0 1
2006 10 18 2.200000 0 1
2006 10 19 2.200000 0 1
2006 10 20 2.200000 0 1
2006 10 21 1.800000 0 1
2006 10 22 1.800000 0 1
2006 10 23 1.650000 0 1
2006 10 24 1.650000 0 1
2006 10 25 1.650000 0 1
2006 10 26 1.650000 0 1
2006 10 27 1.650000 0 1
2006 10 28 1.650000 0 1
2006 10 29 1.650000 0 1
2006 10 30 1.650000 0 1
2006 10 31 1.800000 0 1
2006 11 01 2.200000 0 1
2006 11 02 2.200000 0 1
2006 11 03 2.450000 0 1
2006 11 04 2.200000 0 1
2006 11 05 2.200000 0 1
2006 11 06 3.850000 0 1
2006 11 07 5.500000 0 1
2006 11 08 3.600000 0 1
2006 11 09 3.100000 0 1
2006 11 10 3.100000 0 1
2006 11 11 3.100000 0 1
2006 11 12 3.100000 0 1
2006 11 13 3.100000 0 1
2006 11 14 2.900000 0 1
2006 11 15 2.700000 0 1
2006 11 16 2.450000 0 1
2006 11 17 2.450000 0 1
2006 11 18 2.450000 0 1
2006 11 19 2.450000 0 1
2006 11 20 3.100000 0 1
2006 11 21 2.700000 0 1
2006 11 22 2.700000 0 1
2006 11 23 2.450000 0 1
2006 11 24 2.450000 0 1
2006 11 25 2.450000 0 1
2006 11 26 2.450000 0 1
2006 11 27 2.450000 0 1
2006 11 28 2.700000 0 1
2006 11 29 2.900000 0 1
2006 11 30 2.700000 0 1
2006 12 01 2.700000 0 1
2006 12 02 2.200000 0 1
2006 12 03 2.200000 0 1
2006 12 04 2.450000 0 1
2006 12 05 2.450000 0 1
2006 12 06 2.700000 0 1
2006 12 07 6.400000 0 1
2006 12 08 6.100000 0 1
2006 12 09 4.100000 0 1
2006 12 10 3.100000 0 1
2006 12 11 3.850000 0 1
2006 12 12 3.100000 0 1
2006 12 13 3.100000 0 1
2006 12 14 2.900000 0 1
2006 12 15 2.900000 0 1
2006 12 16 2.900000 0 1
2006 12 17 2.900000 0 1
2006 12 18 2.900000 0 1
2006 12 19 2.900000 0 1
2006 12 20 2.900000 0 1
2006 12 21 6.100000 0 1
2006 12 22 6.400000 0 1
2006 12 23 3.600000 0 1
2006 12 24 3.600000 0 1
2006 12 25 3.600000 0 1
2006 12 26 5.500000 0 1
2006 12 27 5.200000 0 1
2006 12 28 4.700000 0 1
2006 12 29 4.250000 0 1
2006 12 30 3.600000 0 1
2006 12 31 3.600000 0 1
2007 01 01 3.600000 0 1
2007 01 02 3.600000 0 1
2007 01 03 3.850000 0 1
2007 01 04 4.700000 0 1
2007 01 05 4.950000 0 1
2007 01 06 4.100000 0 1
2007 01 07 3.600000 0 1
2007 01 08 3.600000 0 1
2007 01 09 3.600000 0 1
2007 01 10 3.600000 0 1
2007 01 11 3.600000 0 1
2007 01 12 4.100000 0 1
2007 01 13 4.100000 0 1
2007 01 14 4.100000 0 1
2007 01 15 3.600000 0 1
2007 01 16 3.600000 0 1
2007 01 17 3.600000 0 1
2007 01 18 3.850000 0 1
2007 01 19 4.100000 0 1
2007 01 20 9.025000 0 1
2007 01 21 9.200000 0 1
2007 01 22 7.800000 0 1
2007 01 23 5.200000 0 1
2007 01 24 4.700000 0 1
2007 01 25 4.700000 0 1
2007 01 26 4.400000 0 1
2007 01 27 4.100000 0 1
2007 01 28 4.100000 0 1
2007 01 29 4.700000 0 1
2007 01 30 4.700000 0 1
2007 01 31 4.100000 0 1
2007 02 01 4.700000 0 1
2007 02 02 4.700000 0 1
2007 02 03 4.100000 0 1
2007 02 04 4.100000 0 1
2007 02 05 4.700000 0 1
2007 02 06 6.400000 0 1
2007 02 07 6.400000 0 1
2007 02 08 5.200000 0 1
2007 02 09 4.700000 0 1
2007 02 10 6.100000 0 1
2007 02 11 6.400000 0 1
2007 02 12 5.500000 0 1
2007 02 13 4.950000 0 1
2007 02 14 4.550000 0 1
2007 02 15 4.100000 0 1
2007 02 16 3.975000 0 1
2007 02 17 3.850000 0 1
2007 02 18 4.100000 0 1
2007 02 19 4.100000 0 1
2007 02 20 4.950000 0 1
2007 02 21 5.800000 0 1
2007 02 22 5.200000 0 1
2007 02 23 4.700000 0 1
2007 02 24 6.400000 0 1
2007 02 25 8.850000 0 1
2007 02 26 6.400000 0 1
2007 02 27 5.500000 0 1
2007 02 28 4.950000 0 1
2007 03 01 4.950000 0 1
2007 03 02 5.200000 0 1
2007 03 03 6.750000 0 1
2007 03 04 5.500000 0 1
2007 03 05 4.950000 0 1
2007 03 06 4.700000 0 1
2007 03 07 4.700000 0 1
2007 03 08 4.700000 0 1
2007 03 09 4.550000 0 1
2007 03 10 4.400000 0 1
2007 03 11 4.550000 0 1
2007 03 12 4.700000 0 1
2007 03 13 4.700000 0 1
2007 03 14 6.400000 0 1
2007 03 15 6.400000 0 1
2007 03 16 5.950000 0 1
2007 03 17 6.400000 0 1
2007 03 18 6.100000 0 1
2007 03 19 6.400000 0 1
2007 03 20 6.400000 0 1
2007 03 21 5.800000 0 1
2007 03 22 5.800000 0 1
2007 03 23 5.200000 0 1
2007 03 24 5.200000 0 1
2007 03 25 5.200000 0 1
2007 03 26 5.200000 0 1
2007 03 27 4.950000 0 1
2007 03 28 4.950000 0 1
2007 03 29 4.950000 0 1
2007 03 30 4.950000 0 1
2007 03 31 4.950000 0 1
2007 04 01 4.700000 0 1
2007 04 02 4.700000 0 1
2007 04 03 4.700000 0 1
2007 04 04 4.700000 0 1
2007 04 05 4.700000 0 1
2007 04 06 5.200000 0 1
2007 04 07 5.200000 0 1
2007 04 08 5.200000 0 1
2007 04 09 5.200000 0 1
2007 04 10 5.200000 0 1
2007 04 11 5.200000 0 1
2007 04 12 5.200000 0 1
2007 04 13 5.500000 0 1
2007 04 14 4.950000 0 1
2007 04 15 4.950000 0 1
2007 04 16 5.200000 0 1
2007 04 17 5.200000 0 1
2007 04 18 5.200000 0 1
2007 04 19 5.200000 0 1
2007 04 20 5.200000 0 1
2007 04 21 4.950000 0 1
2007 04 22 4.950000 0 1
2007 04 23 4.950000 0 1
2007 04 24 4.950000 0 1
2007 04 25 4.950000 0 1
2007 04 26 5.200000 0 1
2007 04 27 5.800000 0 1
2007 04 28 5.800000 0 1
2007 04 29 5.800000 0 1
2007 04 30 5.800000 0 1
2007 05 01 5.200000 0 1
2007 05 02 5.200000 0 1
2007 05 03 5.200000 0 1
2007 05 04 5.200000 0 1
2007 05 05 5.200000 0 1
2007 05 06 4.950000 0 1
2007 05 07 4.950000 0 1
2007 05 08 5.500000 0 1
2007 05 09 4.950000 0 1
2007 05 10 4.950000 0 1
2007 05 11 4.950000 0 1
2007 05 12 4.950000 0 1
2007 05 13 4.700000 0 1
2007 05 14 4.700000 0 1
2007 05 15 4.700000 0 1
2007 05 16 4.950000 0 1
2007 05 17 5.200000 0 1
2007 05 18 6.100000 0 1
2007 05 19 6.100000 0 1
2007 05 20 6.100000 0 1
2007 05 21 6.100000 0 1
2007 05 22 6.400000 0 1
2007 05 23 6.400000 0 1
2007 05 24 6.400000 0 1
2007 05 25 5.800000 0 1
2007 05 26 5.800000 0 1
2007 05 27 5.200000 0 1
2007 05 28 5.200000 0 1
2007 05 29 5.200000 0 1
2007 05 30 5.200000 0 1
2007 05 31 5.200000 0 1
2007 06 01 5.200000 0 1
2007 06 02 5.200000 0 1
2007 06 03 4.400000 0 1
2007 06 04 4.400000 0 1
2007 06 05 4.100000 0 1
2007 06 06 4.100000 0 1
2007 06 07 4.100000 0 1
2007 06 08 4.100000 0 1
2007 06 09 4.100000 0 1
2007 06 10 4.100000 0 1
2007 06 11 4.100000 0 1
2007 06 12 4.100000 0 1
2007 06 13 3.600000 0 1
2007 06 14 3.600000 0 1
2007 06 15 3.100000 0 1
2007 06 16 3.100000 0 1
2007 06 17 3.100000 0 1
2007 06 18 3.100000 0 1
2007 06 19 3.100000 0 1
2007 06 20 3.100000 0 1
2007 06 21 2.900000 0 1
2007 06 22 2.900000 0 1
2007 06 23 3.100000 0 1
2007 06 24 3.100000 0 1
2007 06 25 3.100000 0 1
2007 06 26 3.100000 0 1
2007 06 27 3.100000 0 1
2007 06 28 3.100000 0 1
2007 06 29 3.100000 0 1
2007 06 30 3.100000 0 1
2007 07 01 3.100000 0 1
2007 07 02 3.100000 0 1
2007 07 03 3.100000 0 1
2007 07 04 3.100000 0 1
2007 07 05 3.100000 0 1
2007 07 06 3.100000 0 1
2007 07 07 3.100000 0 1
2007 07 08 3.100000 0 1
2007 07 09 3.100000 0 1
2007 07 10 3.100000 0 1
2007 07 11 3.100000 0 1
2007 07 12 3.100000 0 1
2007 07 13 3.100000 0 1
2007 07 14 3.100000 0 1
2007 07 15 3.100000 0 1
2007 07 16 3.350000 0 1
2007 07 17 3.350000 0 1
2007 07 18 3.350000 0 1
2007 07 19 3.100000 0 1
2007 07 20 3.100000 0 1
2007 07 21 3.100000 0 1
2007 07 22 3.100000 0 1
2007 07 23 3.100000 0 1
2007 07 24 3.350000 0 1
2007 07 25 3.350000 0 1
2007 07 26 3.350000 0 1
2007 07 27 3.350000 0 1
2007 07 28 3.100000 0 1
2007 07 29 3.100000 0 1
2007 07 30 3.100000 0 1
2007 07 31 3.100000 0 1
2007 08 01 3.100000 0 1
2007 08 02 3.100000 0 1
2007 08 03 2.700000 0 1
2007 08 04 2.700000 0 1
2007 08 05 2.700000 0 1
2007 08 06 2.700000 0 1
2007 08 07 2.700000 0 1
2007 08 08 2.700000 0 1
2007 08 09 2.700000 0 1
2007 08 10 2.700000 0 1
2007 08 11 2.700000 0 1
2007 08 12 2.700000 0 1
2007 08 13 2.700000 0 1
2007 08 14 2.700000 0 1
2007 08 15 2.700000 0 1
2007 08 16 2.700000 0 1
2007 08 17 2.700000 0 1
2007 08 18 2.700000 0 1
2007 08 19 2.700000 0 1
2007 08 20 2.700000 0 1
2007 08 21 2.700000 0 1
2007 08 22 2.700000 0 1
2007 08 23 2.700000 0 1
2007 08 24 2.700000 0 1
2007 08 25 2.700000 0 1
2007 08 26 2.700000 0 1
2007 08 27 2.700000 0 1
2007 08 28 2.700000 0 1
2007 08 29 2.700000 0 1
2007 08 30 2.200000 0 1
2007 08 31 2.200000 0 1
2007 09 01 2.200000 0 1
2007 09 02 2.200000 0 1
2007 09 03 2.200000 0 1
2007 09 04 2.000000 0 1
2007 09 05 2.000000 0 1
2007 09 06 2.000000 0 1
2007 09 07 1.800000 0 1
2007 09 08 1.800000 0 1
2007 09 09 1.800000 0 1
2007 09 10 1.800000 0 1
2007 09 11 1.800000 0 1
2007 09 12 1.800000 0 1
2007 09 13 1.650000 0 1
2007 09 14 1.650000 0 1
2007 09 15 1.650000 0 1
2007 09 16 1.650000 0 1
2007 09 17 1.650000 0 1
2007 09 18 1.650000 0 1
2007 09 19 1.650000 0 1
2007 09 20 1.650000 0 1
2007 09 21 1.650000 0 1
2007 09 22 1.650000 0 1
2007 09 23 1.650000 0 1
2007 09 24 1.650000 0 1
2007 09 25 1.500000 0 1
2007 09 26 1.500000 0 1
2007 09 27 1.500000 0 1
2007 09 28 1.500000 0 1
2007 09 29 1.650000 0 1
2007 09 30 1.650000 0 1
2007 10 01 1.650000 0 1
2007 10 02 1.650000 0 1
2007 10 03 1.500000 0 1
2007 10 04 1.500000 0 1
2007 10 05 1.500000 0 1
2007 10 06 1.500000 0 1
2007 10 07 1.500000 0 1
2007 10 08 1.300000 0 1
2007 10 09 1.300000 0 1
2007 10 10 1.300000 0 1
2007 10 11 1.300000 0 1
2007 10 12 1.300000 0 1
2007 10 13 1.300000 0 1
2007 10 14 1.300000 0 1
2007 10 15 1.800000 0 1
2007 10 16 3.100000 0 1
2007 10 17 2.700000 0 1
2007 10 18 1.800000 0 1
2007 10 19 1.500000 0 1
2007 10 20 1.500000 0 1
2007 10 21 1.650000 0 1
2007 10 22 1.500000 0 1
2007 10 23 1.500000 0 1
2007 10 24 1.300000 0 1
2007 10 25 1.300000 0 1
2007 10 26 1.300000 0 1
2007 10 27 1.300000 0 1
2007 10 28 1.100000 0 1
2007 10 29 1.100000 0 1
2007 10 30 1.100000 0 1
2007 10 31 1.100000 0 1
2007 11 01 1.100000 0 1
2007 11 02 2.000000 0 1
2007 11 03 1.800000 0 1
2007 11 04 1.500000 0 1
2007 11 05 1.500000 0 1
2007 11 06 1.500000 0 1
2007 11 07 1.300000 0 1
2007 11 08 1.300000 0 1
2007 11 09 3.350000 0 1
2007 11 10 4.100000 0 1
2007 11 11 3.600000 0 1
2007 11 12 1.800000 0 1
2007 11 13 1.800000 0 1
2007 11 14 3.600000 0 1
2007 11 15 4.700000 0 1
2007 11 16 2.900000 0 1
2007 11 17 2.900000 0 1
2007 11 18 3.350000 0 1
2007 11 19 4.100000 0 1
2007 11 20 3.600000 0 1
2007 11 21 3.600000 0 1
2007 11 22 2.700000 0 1
2007 11 23 2.700000 0 1
2007 11 24 2.450000 0 1
2007 11 25 2.450000 0 1
2007 11 26 2.450000 0 1
2007 11 27 2.450000 0 1
2007 11 28 2.450000 0 1
2007 11 29 2.450000 0 1
2007 11 30 1.800000 0 1
2007 12 01 1.800000 0 1
2007 12 02 1.800000 0 1
2007 12 03 1.800000 0 1
2007 12 04 2.200000 0 1
2007 12 05 3.600000 0 1
2007 12 06 4.400000 0 1
2007 12 07 4.700000 0 1
2007 12 08 2.700000 0 1
2007 12 09 2.700000 0 1
2007 12 10 2.200000 0 1
2007 12 11 3.350000 0 1
2007 12 12 3.100000 0 1
2007 12 13 3.100000 0 1
2007 12 14 3.100000 0 1
2007 12 15 2.700000 0 1
2007 12 16 2.450000 0 1
2007 12 17 2.450000 0 1
2007 12 18 2.200000 0 1
2007 12 19 2.200000 0 1
2007 12 20 2.200000 0 1
2007 12 21 2.700000 0 1
2007 12 22 2.700000 0 1
2007 12 23 2.200000 0 1
2007 12 24 2.450000 0 1
2007 12 25 2.200000 0 1
2007 12 26 2.450000 0 1
2007 12 27 2.450000 0 1
2007 12 28 3.100000 0 1
2007 12 29 3.100000 0 1
2007 12 30 2.700000 0 1
2007 12 31 2.700000 0 1
2008 01 01 2.700000 0 1
2008 01 02 2.700000 0 1
2008 01 03 2.700000 0 1
2008 01 04 4.100000 0 1
2008 01 05 3.600000 0 1
2008 01 06 3.600000 0 1
2008 01 07 3.600000 0 1
2008 01 08 3.100000 0 1
2008 01 09 2.700000 0 1
2008 01 10 2.700000 0 1
2008 01 11 3.100000 0 1
2008 01 12 4.700000 0 1
2008 01 13 2.900000 0 1
2008 01 14 3.100000 0 1
2008 01 15 3.100000 0 1
2008 01 16 3.100000 0 1
2008 01 17 3.100000 0 1
2008 01 18 3.100000 0 1
2008 01 19 3.100000 0 1
2008 01 20 3.100000 0 1
2008 01 21 2.700000 0 1
2008 01 22 2.700000 0 1
2008 01 23 2.450000 0 1
2008 01 24 2.450000 0 1
2008 01 25 2.200000 0 1
2008 01 26 2.200000 0 1
2008 01 27 2.200000 0 1
2008 01 28 2.200000 0 1
2008 01 29 4.100000 0 1
2008 01 30 3.600000 0 1
2008 01 31 2.700000 0 1
2008 02 01 2.700000 0 1
2008 02 02 2.200000 0 1
2008 02 03 2.200000 0 1
2008 02 04 2.200000 0 1
2008 02 05 1.800000 0 1
2008 02 06 1.800000 0 1
2008 02 07 1.800000 0 1
2008 02 08 1.800000 0 1
2008 02 09 1.800000 0 1
2008 02 10 3.100000 0 1
2008 02 11 3.100000 0 1
2008 02 12 3.100000 0 1
2008 02 13 2.700000 0 1
2008 02 14 2.700000 0 1
2008 02 15 2.700000 0 1
2008 02 16 2.200000 0 1
2008 02 17 2.450000 0 1
2008 02 18 2.450000 0 1
2008 02 19 2.200000 0 1
2008 02 20 2.700000 0 1
2008 02 21 2.700000 0 1
2008 02 22 3.100000 0 1
2008 02 23 3.100000 0 1
2008 02 24 2.700000 0 1
2008 02 25 2.700000 0 1
2008 02 26 2.700000 0 1
2008 02 27 2.200000 0 1
2008 02 28 5.200000 0 1
2008 02 29 5.800000 0 1
2008 03 01 4.950000 0 1
2008 03 02 3.600000 0 1
2008 03 03 2.700000 0 1
2008 03 04 3.100000 0 1
2008 03 05 2.200000 0 1
2008 03 06 2.200000 0 1
2008 03 07 2.200000 0 1
2008 03 08 3.100000 0 1
2008 03 09 3.100000 0 1
2008 03 10 3.100000 0 1
2008 03 11 3.100000 0 1
2008 03 12 3.600000 0 1
2008 03 13 3.350000 0 1
2008 03 14 3.100000 0 1
2008 03 15 5.200000 0 1
2008 03 16 4.100000 0 1
2008 03 17 3.100000 0 1
2008 03 18 3.100000 0 1
2008 03 19 3.100000 0 1
2008 03 20 2.700000 0 1
2008 03 21 2.700000 0 1
2008 03 22 2.700000 0 1
2008 03 23 2.700000 0 1
2008 03 24 2.700000 0 1
2008 03 25 2.450000 0 1
2008 03 26 2.450000 0 1
2008 03 27 2.200000 0 1
2008 03 28 2.200000 0 1
2008 03 29 2.200000 0 1
2008 03 30 1.800000 0 1
2008 03 31 1.800000 0 1
2008 04 01 1.800000 0 1
2008 04 02 1.800000 0 1
2008 04 03 2.000000 0 1
2008 04 04 2.000000 0 1
2008 04 05 2.000000 0 1
2008 04 06 2.000000 0 1
2008 04 07 1.800000 0 1
2008 04 08 1.800000 0 1
2008 04 09 1.800000 0 1
2008 04 10 1.800000 0 1
2008 04 11 1.800000 0 1
2008 04 12 1.800000 0 1
2008 04 13 1.800000 0 1
2008 04 14 1.800000 0 1
2008 04 15 2.700000 0 1
2008 04 16 3.350000 0 1
2008 04 17 3.100000 0 1
2008 04 18 3.100000 0 1
2008 04 19 3.100000 0 1
2008 04 20 3.600000 0 1
2008 04 21 3.100000 0 1
2008 04 22 3.100000 0 1
2008 04 23 3.100000 0 1
2008 04 24 3.100000 0 1
2008 04 25 2.700000 0 1
2008 04 26 2.700000 0 1
2008 04 27 2.700000 0 1
2008 04 28 2.700000 0 1
2008 04 29 3.100000 0 1
2008 04 30 3.350000 0 1
2008 05 01 4.100000 0 1
2008 05 02 5.200000 0 1
2008 05 03 5.200000 0 1
2008 05 04 4.100000 0 1
2008 05 05 3.850000 0 1
2008 05 06 3.850000 0 1
2008 05 07 3.100000 0 1
2008 05 08 3.100000 0 1
2008 05 09 2.700000 0 1
2008 05 10 2.700000 0 1
2008 05 11 2.700000 0 1
2008 05 12 2.700000 0 1
2008 05 13 2.700000 0 1
2008 05 14 2.700000 0 1
2008 05 15 2.700000 0 1
2008 05 16 2.700000 0 1
2008 05 17 2.700000 0 1
2008 05 18 2.700000 0 1
2008 05 19 2.700000 0 1
2008 05 20 2.700000 0 1
2008 05 21 2.450000 0 1
2008 05 22 2.450000 0 1
2008 05 23 2.450000 0 1
2008 05 24 2.200000 0 1
2008 05 25 2.200000 0 1
2008 05 26 2.200000 0 1
2008 05 27 2.200000 0 1
2008 05 28 2.200000 0 1
2008 05 29 2.200000 0 1
2008 05 30 2.200000 0 1
2008 05 31 2.200000 0 1
2008 06 01 2.200000 0 1
2008 06 02 2.200000 0 1
2008 06 03 2.200000 0 1
2008 06 04 3.100000 0 1
2008 06 05 3.100000 0 1
2008 06 06 2.700000 0 1
2008 06 07 2.700000 0 1
2008 06 08 2.700000 0 1
2008 06 09 2.700000 0 1
2008 06 10 2.700000 0 1
2008 06 11 2.700000 0 1
2008 06 12 3.100000 0 1
2008 06 13 3.600000 0 1
2008 06 14 3.600000 0 1
2008 06 15 3.600000 0 1
2008 06 16 3.100000 0 1
2008 06 17 3.100000 0 1
2008 06 18 3.100000 0 1
2008 06 19 3.100000 0 1
2008 06 20 3.100000 0 1
2008 06 21 2.700000 0 1
2008 06 22 2.700000 0 1
2008 06 23 2.700000 0 1
2008 06 24 2.700000 0 1
2008 06 25 2.700000 0 1
2008 06 26 2.700000 0 1
2008 06 27 2.700000 0 1
2008 06 28 2.700000 0 1
2008 06 29 2.700000 0 1
2008 06 30 2.700000 0 1
2008 07 01 2.700000 0 1
2008 07 02 2.700000 0 1
2008 07 03 2.700000 0 1
2008 07 04 2.700000 0 1
2008 07 05 2.700000 0 1
2008 07 06 2.700000 0 1
2008 07 07 2.700000 0 1
2008 07 08 2.700000 0 1
2008 07 09 2.700000 0 1
2008 07 10 2.700000 0 1
2008 07 11 2.700000 0 1
2008 07 12 2.700000 0 1
2008 07 13 2.700000 0 1
2008 07 14 2.700000 0 1
2008 07 15 2.700000 0 1
2008 07 16 2.700000 0 1
2008 07 17 2.200000 0 1
2008 07 18 2.200000 0 1
2008 07 19 2.200000 0 1
2008 07 20 2.200000 0 1
2008 07 21 2.200000 0 1
2008 07 22 2.200000 0 1
2008 07 23 3.850000 0 1
2008 07 24 3.600000 0 1
2008 07 25 2.900000 0 1
2008 07 26 2.700000 0 1
2008 07 27 2.700000 0 1
2008 07 28 2.700000 0 1
2008 07 29 2.450000 0 1
2008 07 30 2.450000 0 1
2008 07 31 2.700000 0 1
2008 08 01 3.100000 0 1
2008 08 02 3.100000 0 1
2008 08 03 3.100000 0 1
2008 08 04 2.900000 0 1
2008 08 05 2.900000 0 1
2008 08 06 2.900000 0 1
2008 08 07 2.900000 0 1
2008 08 08 3.600000 0 1
2008 08 09 6.750000 0 1
2008 08 10 8.850000 0 1
2008 08 11 8.150000 0 1
2008 08 12 7.800000 0 1
2008 08 13 8.150000 0 1
2008 08 14 9.550000 0 1
2008 08 15 7.800000 0 1
2008 08 16 7.100000 0 1
2008 08 17 5.800000 0 1
2008 08 18 5.800000 0 1
2008 08 19 5.200000 0 1
2008 08 20 4.700000 0 1
2008 08 21 4.700000 0 1
2008 08 22 4.700000 0 1
2008 08 23 4.700000 0 1
2008 08 24 4.700000 0 1
2008 08 25 4.700000 0 1
2008 08 26 4.700000 0 1
2008 08 27 4.400000 0 1
2008 08 28 4.400000 0 1
2008 08 29 4.100000 0 1
2008 08 30 4.100000 0 1
2008 08 31 4.100000 0 1
2008 09 01 4.400000 0 1
2008 09 02 4.400000 0 1
2008 09 03 4.400000 0 1
2008 09 04 4.400000 0 1
2008 09 05 4.700000 0 1
2008 09 06 4.700000 0 1
2008 09 07 4.700000 0 1
2008 09 08 4.950000 0 1
2008 09 09 4.950000 0 1
2008 09 10 4.950000 0 1
2008 09 11 4.950000 0 1
2008 09 12 4.950000 0 1
2008 09 13 4.700000 0 1
2008 09 14 4.700000 0 1
2008 09 15 4.700000 0 1
2008 09 16 4.700000 0 1
2008 09 17 4.700000 0 1
2008 09 18 4.100000 0 1
2008 09 19 4.100000 0 1
2008 09 20 4.700000 0 1
2008 09 21 5.200000 0 1
2008 09 22 5.200000 0 1
2008 09 23 5.200000 0 1
2008 09 24 4.700000 0 1
2008 09 25 4.700000 0 1
2008 09 26 4.700000 0 1
2008 09 27 4.700000 0 1
2008 09 28 4.700000 0 1
2008 09 29 4.700000 0 1
2008 09 30 4.700000 0 1
2008 10 01 4.950000 0 1
2008 10 02 6.400000 0 1
2008 10 03 5.800000 0 1
2008 10 04 6.400000 0 1
2008 10 05 9.550000 0 1
2008 10 06 9.550000 0 1
2008 10 07 13.200000 0 1
2008 10 08 8.850000 0 1
2008 10 09 8.850000 0 1
2008 10 10 8.500000 0 1
2008 10 11 9.200000 0 1
2008 10 12 9.200000 0 1
2008 10 13 7.800000 0 1
2008 10 14 7.800000 0 1
2008 10 15 7.800000 0 1
2008 10 16 6.100000 0 1
2008 10 17 6.100000 0 1
2008 10 18 5.800000 0 1
2008 10 19 6.100000 0 1
2008 10 20 5.800000 0 1
2008 10 21 5.800000 0 1
2008 10 22 5.800000 0 1
2008 10 23 5.500000 0 1
2008 10 24 5.500000 0 1
2008 10 25 5.500000 0 1
2008 10 26 6.100000 0 1
2008 10 27 6.100000 0 1
2008 10 28 6.100000 0 1
2008 10 29 6.750000 0 1
2008 10 30 6.100000 0 1
2008 10 31 5.800000 0 1
2008 11 01 5.800000 0 1
2008 11 02 9.200000 0 1
2008 11 03 9.200000 0 1
2008 11 04 9.900000 0 1
2008 11 05 9.900000 0 1
2008 11 06 9.900000 0 1
2008 11 07 11.500000 0 1
2008 11 08 11.500000 0 1
2008 11 09 13.200000 0 1
2008 11 10 12.750000 0 1
2008 11 11 11.500000 0 1
2008 11 12 11.500000 0 1
2008 11 13 11.500000 0 1
2008 11 14 10.700000 0 1
2008 11 15 9.900000 0 1
2008 11 16 9.550000 0 1
2008 11 17 8.850000 0 1
2008 11 18 8.850000 0 1
2008 11 19 8.850000 0 1
2008 11 20 8.850000 0 1
2008 11 21 8.850000 0 1
2008 11 22 8.850000 0 1
2008 11 23 8.850000 0 1
2008 11 24 8.850000 0 1
2008 11 25 8.850000 0 1
2008 11 26 8.500000 0 1
2008 11 27 8.500000 0 1
2008 11 28 8.500000 0 1
2008 11 29 8.500000 0 1
2008 11 30 8.500000 0 1
2008 12 01 8.500000 0 1
2008 12 02 7.800000 0 1
2008 12 03 7.800000 0 1
2008 12 04 7.800000 0 1
2008 12 05 7.800000 0 1
2008 12 06 7.800000 0 1
2008 12 07 7.800000 0 1
2008 12 08 7.800000 0 1
2008 12 09 7.800000 0 1
2008 12 10 8.150000 0 1
2008 12 11 7.800000 0 1
2008 12 12 7.800000 0 1
2008 12 13 7.800000 0 1
2008 12 14 7.800000 0 1
2008 12 15 7.800000 0 1
2008 12 16 7.100000 0 1
2008 12 17 7.100000 0 1
2008 12 18 6.750000 0 1
2008 12 19 6.750000 0 1
2008 12 20 6.400000 0 1
2008 12 21 6.400000 0 1
2008 12 22 6.400000 0 1
2008 12 23 6.400000 0 1
2008 12 24 5.800000 0 1
2008 12 25 5.800000 0 1
2008 12 26 5.800000 0 1
2008 12 27 5.800000 0 1
2008 12 28 5.800000 0 1
2008 12 29 5.800000 0 1
2008 12 30 5.800000 0 1
2008 12 31 5.800000 0 1
2009 01 01 5.800000 0 1
2009 01 02 5.800000 0 1
2009 01 03 5.800000 0 1
2009 01 04 5.200000 0 1
2009 01 05 5.200000 0 1
2009 01 06 5.800000 0 1
2009 01 07 5.800000 0 1
2009 01 08 5.200000 0 1
2009 01 09 5.800000 0 1
2009 01 10 5.800000 0 1
2009 01 11 5.800000 0 1
2009 01 12 5.800000 0 1
2009 01 13 6.400000 0 1
2009 01 14 8.500000 0 1
2009 01 15 7.800000 0 1
2009 01 16 8.150000 0 1
2009 01 17 7.800000 0 1
2009 01 18 7.800000 0 1
2009 01 19 8.150000 0 1
2009 01 20 7.800000 0 1
2009 01 21 7.800000 0 1
2009 01 22 6.400000 0 1
2009 01 23 6.400000 0 1
2009 01 24 5.800000 0 1
2009 01 25 5.800000 0 1
2009 01 26 5.800000 0 1
2009 01 27 5.800000 0 1
2009 01 28 5.200000 0 1
2009 01 29 5.200000 0 1
2009 01 30 5.200000 0 1
2009 01 31 4.950000 0 1
2009 02 01 5.200000 0 1
2009 02 02 4.950000 0 1
2009 02 03 4.950000 0 1
2009 02 04 4.950000 0 1
2009 02 05 4.700000 0 1
2009 02 06 4.700000 0 1
2009 02 07 4.700000 0 1
2009 02 08 5.500000 0 1
2009 02 09 5.200000 0 1
2009 02 10 5.200000 0 1
2009 02 11 5.200000 0 1
2009 02 12 5.500000 0 1
2009 02 13 5.800000 0 1
2009 02 14 6.400000 0 1
2009 02 15 5.200000 0 1
2009 02 16 5.200000 0 1
2009 02 17 5.200000 0 1
2009 02 18 5.200000 0 1
2009 02 19 5.200000 0 1
2009 02 20 5.200000 0 1
2009 02 21 5.200000 0 1
2009 02 22 5.200000 0 1
2009 02 23 4.700000 0 1
2009 02 24 4.700000 0 1
2009 02 25 4.700000 0 1
2009 02 26 4.700000 0 1
2009 02 27 4.700000 0 1
2009 02 28 4.700000 0 1
2009 03 01 4.100000 0 1
2009 03 02 4.100000 0 1
2009 03 03 4.100000 0 1
2009 03 04 3.600000 0 1
2009 03 05 3.600000 0 1
2009 03 06 3.600000 0 1
2009 03 07 3.600000 0 1
2009 03 08 3.600000 0 1
2009 03 09 3.100000 0 1
2009 03 10 3.100000 0 1
2009 03 11 3.100000 0 1
2009 03 12 3.100000 0 1
2009 03 13 3.100000 0 1
2009 03 14 3.100000 0 1
2009 03 15 3.100000 0 1
2009 03 16 4.100000 0 1
2009 03 17 4.100000 0 1
2009 03 18 3.600000 0 1
2009 03 19 3.600000 0 1
2009 03 20 3.600000 0 1
2009 03 21 3.600000 0 1
2009 03 22 3.600000 0 1
2009 03 23 3.600000 0 1
2009 03 24 3.600000 0 1
2009 03 25 3.350000 0 1
2009 03 26 3.350000 0 1
2009 03 27 3.350000 0 1
2009 03 28 3.350000 0 1
2009 03 29 3.350000 0 1
2009 03 30 3.350000 0 1
2009 03 31 3.350000 0 1
2009 04 01 3.100000 0 1
2009 04 02 3.100000 0 1
2009 04 03 3.100000 0 1
2009 04 04 3.100000 0 1
2009 04 05 3.100000 0 1
2009 04 06 3.100000 0 1
2009 04 07 3.100000 0 1
2009 04 08 3.100000 0 1
2009 04 09 2.900000 0 1
2009 04 10 2.900000 0 1
2009 04 11 2.700000 0 1
2009 04 12 2.700000 0 1
2009 04 13 2.700000 0 1
2009 04 14 2.700000 0 1
2009 04 15 2.200000 0 1
2009 04 16 2.200000 0 1
2009 04 17 2.200000 0 1
2009 04 18 2.200000 0 1
2009 04 19 2.200000 0 1
2009 04 20 2.200000 0 1
2009 04 21 2.200000 0 1
2009 04 22 2.200000 0 1
2009 04 23 2.200000 0 1
2009 04 24 2.200000 0 1
2009 04 25 2.200000 0 1
2009 04 26 2.200000 0 1
2009 04 27 2.200000 0 1
2009 04 28 2.200000 0 1
2009 04 29 2.200000 0 1
2009 04 30 2.200000 0 1
2009 05 01 2.200000 0 1
2009 05 02 2.200000 0 1
2009 05 03 2.200000 0 1
2009 05 04 3.100000 0 1
2009 05 05 2.700000 0 1
2009 05 06 2.700000 0 1
2009 05 07 2.900000 0 1
2009 05 08 2.900000 0 1
2009 05 09 3.600000 0 1
2009 05 10 3.600000 0 1
2009 05 11 3.600000 0 1
2009 05 12 3.600000 0 1
2009 05 13 3.350000 0 1
2009 05 14 4.100000 0 1
2009 05 15 4.700000 0 1
2009 05 16 4.100000 0 1
2009 05 17 4.100000 0 1
2009 05 18 3.600000 0 1
2009 05 19 3.600000 0 1
2009 05 20 3.100000 0 1
2009 05 21 3.100000 0 1
2009 05 22 3.100000 0 1
2009 05 23 3.100000 0 1
2009 05 24 3.100000 0 1
2009 05 25 3.100000 0 1
2009 05 26 4.700000 0 1
2009 05 27 4.700000 0 1
2009 05 28 3.100000 0 1
2009 05 29 3.100000 0 1
2009 05 30 3.100000 0 1
2009 05 31 3.100000 0 1
