year month day streamflow_m3s qual_control_by_ana qual_flag
1971 09 01 nan nan 0
1971 09 02 nan nan 0
1971 09 03 nan nan 0
1971 09 04 99.700000 1 1
1971 09 05 99.700000 1 1
1971 09 06 100.400000 1 1
1971 09 07 101.800000 1 1
1971 09 08 101.100000 1 1
1971 09 09 98.300000 1 1
1971 09 10 98.300000 1 1
1971 09 11 97.600000 1 1
1971 09 12 96.900000 1 1
1971 09 13 99.000000 1 1
1971 09 14 105.300000 1 1
1971 09 15 106.000000 1 1
1971 09 16 104.600000 1 1
1971 09 17 101.800000 1 1
1971 09 18 100.400000 1 1
1971 09 19 99.700000 1 1
1971 09 20 98.300000 1 1
1971 09 21 97.600000 1 1
1971 09 22 96.900000 1 1
1971 09 23 96.900000 1 1
1971 09 24 96.200000 1 1
1971 09 25 95.500000 1 1
1971 09 26 96.900000 1 1
1971 09 27 99.000000 1 1
1971 09 28 103.200000 1 1
1971 09 29 112.300000 1 1
1971 09 30 118.600000 1 1
1971 10 01 121.400000 1 1
1971 10 02 130.500000 1 1
1971 10 03 133.300000 1 1
1971 10 04 148.300000 1 1
1971 10 05 158.200000 1 1
1971 10 06 162.000000 1 1
1971 10 07 144.700000 1 1
1971 10 08 135.600000 1 1
1971 10 09 127.000000 1 1
1971 10 10 122.100000 1 1
1971 10 11 119.300000 1 1
1971 10 12 115.800000 1 1
1971 10 13 117.200000 1 1
1971 10 14 119.300000 1 1
1971 10 15 118.600000 1 1
1971 10 16 116.500000 1 1
1971 10 17 135.600000 1 1
1971 10 18 161.000000 1 1
1971 10 19 154.600000 1 1
1971 10 20 126.300000 1 1
1971 10 21 120.700000 1 1
1971 10 22 117.200000 1 1
1971 10 23 115.100000 1 1
1971 10 24 120.000000 1 1
1971 10 25 124.200000 1 1
1971 10 26 119.300000 1 1
1971 10 27 121.400000 1 1
1971 10 28 121.400000 1 1
1971 10 29 122.100000 1 1
1971 10 30 123.500000 1 1
1971 10 31 127.000000 1 1
1971 11 01 132.600000 1 1
1971 11 02 132.600000 1 1
1971 11 03 158.200000 1 1
1971 11 04 184.000000 1 1
1971 11 05 178.000000 1 1
1971 11 06 174.000000 1 1
1971 11 07 168.000000 1 1
1971 11 08 163.000000 1 1
1971 11 09 150.100000 1 1
1971 11 10 134.800000 1 1
1971 11 11 131.200000 1 1
1971 11 12 129.800000 1 1
1971 11 13 129.100000 1 1
1971 11 14 130.500000 1 1
1971 11 15 134.000000 1 1
1971 11 16 142.900000 1 1
1971 11 17 144.700000 1 1
1971 11 18 154.600000 1 1
1971 11 19 151.000000 1 1
1971 11 20 130.500000 1 1
1971 11 21 123.500000 1 1
1971 11 22 129.100000 1 1
1971 11 23 158.200000 1 1
1971 11 24 207.000000 1 1
1971 11 25 196.000000 1 1
1971 11 26 172.000000 1 1
1971 11 27 154.600000 1 1
1971 11 28 152.800000 1 1
1971 11 29 142.000000 1 1
1971 11 30 142.900000 1 1
1971 12 01 162.000000 1 1
1971 12 02 179.000000 1 1
1971 12 03 181.000000 1 1
1971 12 04 182.000000 1 1
1971 12 05 193.000000 1 1
1971 12 06 187.000000 1 1
1971 12 07 164.000000 1 1
1971 12 08 156.400000 1 1
1971 12 09 166.000000 1 1
1971 12 10 200.000000 1 1
1971 12 11 237.700000 1 1
1971 12 12 209.000000 1 1
1971 12 13 258.600000 1 1
1971 12 14 254.200000 1 1
1971 12 15 252.000000 1 1
1971 12 16 245.400000 1 1
1971 12 17 233.300000 1 1
1971 12 18 219.000000 1 1
1971 12 19 212.000000 1 1
1971 12 20 203.000000 1 1
1971 12 21 196.000000 1 1
1971 12 22 188.000000 1 1
1971 12 23 172.000000 1 1
1971 12 24 164.000000 1 1
1971 12 25 164.000000 1 1
1971 12 26 190.000000 1 1
1971 12 27 224.000000 1 1
1971 12 28 235.500000 1 1
1971 12 29 250.900000 1 1
1971 12 30 250.900000 1 1
1971 12 31 216.000000 1 1
1972 01 01 226.000000 1 1
1972 01 02 218.000000 1 1
1972 01 03 203.000000 1 1
1972 01 04 182.000000 1 1
1972 01 05 171.000000 1 1
1972 01 06 159.100000 1 1
1972 01 07 216.000000 1 1
1972 01 08 183.000000 1 1
1972 01 09 176.000000 1 1
1972 01 10 177.000000 1 1
1972 01 11 179.000000 1 1
1972 01 12 180.000000 1 1
1972 01 13 175.000000 1 1
1972 01 14 169.000000 1 1
1972 01 15 166.000000 1 1
1972 01 16 174.000000 1 1
1972 01 17 184.000000 1 1
1972 01 18 205.000000 1 1
1972 01 19 225.000000 1 1
1972 01 20 241.000000 1 1
1972 01 21 246.500000 1 1
1972 01 22 243.200000 1 1
1972 01 23 236.600000 1 1
1972 01 24 235.500000 1 1
1972 01 25 258.600000 1 1
1972 01 26 264.100000 1 1
1972 01 27 263.000000 1 1
1972 01 28 258.600000 1 1
1972 01 29 268.500000 1 1
1972 01 30 285.000000 1 1
1972 01 31 309.400000 1 1
1972 02 01 323.800000 1 1
1972 02 02 331.000000 1 1
1972 02 03 337.000000 1 1
1972 02 04 337.000000 1 1
1972 02 05 335.800000 1 1
1972 02 06 337.000000 1 1
1972 02 07 338.200000 1 1
1972 02 08 338.200000 1 1
1972 02 09 339.400000 1 1
1972 02 10 341.800000 1 1
1972 02 11 344.200000 1 1
1972 02 12 341.800000 1 1
1972 02 13 333.400000 1 1
1972 02 14 334.600000 1 1
1972 02 15 337.000000 1 1
1972 02 16 332.200000 1 1
1972 02 17 329.800000 1 1
1972 02 18 326.200000 1 1
1972 02 19 321.400000 1 1
1972 02 20 322.600000 1 1
1972 02 21 328.600000 1 1
1972 02 22 334.600000 1 1
1972 02 23 340.600000 1 1
1972 02 24 352.600000 1 1
1972 02 25 362.200000 1 1
1972 02 26 368.300000 1 1
1972 02 27 369.600000 1 1
1972 02 28 369.600000 1 1
1972 02 29 370.900000 1 1
1972 03 01 369.600000 1 1
1972 03 02 368.300000 1 1
1972 03 03 364.600000 1 1
1972 03 04 358.600000 1 1
1972 03 05 353.800000 1 1
1972 03 06 344.200000 1 1
1972 03 07 335.800000 1 1
1972 03 08 328.600000 1 1
1972 03 09 326.200000 1 1
1972 03 10 323.800000 1 1
1972 03 11 321.400000 1 1
1972 03 12 317.800000 1 1
1972 03 13 316.600000 1 1
1972 03 14 315.400000 1 1
1972 03 15 298.200000 1 1
1972 03 16 291.600000 1 1
1972 03 17 292.700000 1 1
1972 03 18 292.700000 1 1
1972 03 19 283.900000 1 1
1972 03 20 266.300000 1 1
1972 03 21 249.800000 1 1
1972 03 22 241.000000 1 1
1972 03 23 245.400000 1 1
1972 03 24 244.300000 1 1
1972 03 25 235.500000 1 1
1972 03 26 232.200000 1 1
1972 03 27 229.000000 1 1
1972 03 28 227.000000 1 1
1972 03 29 223.000000 1 1
1972 03 30 221.000000 1 1
1972 03 31 224.000000 1 1
1972 04 01 239.900000 1 1
1972 04 02 264.100000 1 1
1972 04 03 280.600000 1 1
1972 04 04 292.700000 1 1
1972 04 05 296.000000 1 1
1972 04 06 292.700000 1 1
1972 04 07 288.300000 1 1
1972 04 08 280.600000 1 1
1972 04 09 277.300000 1 1
1972 04 10 281.700000 1 1
1972 04 11 279.500000 1 1
1972 04 12 280.600000 1 1
1972 04 13 282.800000 1 1
1972 04 14 270.700000 1 1
1972 04 15 258.600000 1 1
1972 04 16 248.700000 1 1
1972 04 17 239.900000 1 1
1972 04 18 228.000000 1 1
1972 04 19 223.000000 1 1
1972 04 20 218.000000 1 1
1972 04 21 206.000000 1 1
1972 04 22 197.000000 1 1
1972 04 23 191.000000 1 1
1972 04 24 183.000000 1 1
1972 04 25 178.000000 1 1
1972 04 26 175.000000 1 1
1972 04 27 170.000000 1 1
1972 04 28 170.000000 1 1
1972 04 29 165.000000 1 1
1972 04 30 162.000000 1 1
1972 05 01 160.000000 1 1
1972 05 02 156.400000 1 1
1972 05 03 156.400000 1 1
1972 05 04 151.900000 1 1
1972 05 05 151.000000 1 1
1972 05 06 150.100000 1 1
1972 05 07 149.200000 1 1
1972 05 08 148.300000 1 1
1972 05 09 148.300000 1 1
1972 05 10 147.400000 1 1
1972 05 11 146.500000 1 1
1972 05 12 146.500000 1 1
1972 05 13 146.500000 1 1
1972 05 14 145.600000 1 1
1972 05 15 145.600000 1 1
1972 05 16 143.800000 1 1
1972 05 17 143.800000 1 1
1972 05 18 142.900000 1 1
1972 05 19 134.800000 1 1
1972 05 20 132.600000 1 1
1972 05 21 131.200000 1 1
1972 05 22 129.100000 1 1
1972 05 23 128.400000 1 1
1972 05 24 129.100000 1 1
1972 05 25 129.800000 1 1
1972 05 26 131.200000 1 1
1972 05 27 136.400000 1 1
1972 05 28 150.100000 1 1
1972 05 29 167.000000 1 1
1972 05 30 181.000000 1 1
1972 05 31 175.000000 1 1
1972 06 01 170.000000 1 1
1972 06 02 160.000000 1 1
1972 06 03 150.100000 1 1
1972 06 04 142.900000 1 1
1972 06 05 138.800000 1 1
1972 06 06 130.500000 1 1
1972 06 07 127.000000 1 1
1972 06 08 124.900000 1 1
1972 06 09 124.900000 1 1
1972 06 10 124.200000 1 1
1972 06 11 122.800000 1 1
1972 06 12 122.100000 1 1
1972 06 13 121.400000 1 1
1972 06 14 121.400000 1 1
1972 06 15 120.700000 1 1
1972 06 16 120.000000 1 1
1972 06 17 118.600000 1 1
1972 06 18 117.900000 1 1
1972 06 19 115.800000 1 1
1972 06 20 115.800000 1 1
1972 06 21 115.100000 1 1
1972 06 22 115.100000 1 1
1972 06 23 114.400000 1 1
1972 06 24 114.400000 1 1
1972 06 25 113.000000 1 1
1972 06 26 112.300000 1 1
1972 06 27 113.000000 1 1
1972 06 28 115.100000 1 1
1972 06 29 117.900000 1 1
1972 06 30 124.900000 1 1
1972 07 01 131.200000 1 1
1972 07 02 131.200000 1 1
1972 07 03 133.300000 1 1
1972 07 04 131.900000 1 1
1972 07 05 131.200000 1 1
1972 07 06 131.900000 1 1
1972 07 07 129.800000 1 1
1972 07 08 129.800000 1 1
1972 07 09 126.300000 1 1
1972 07 10 123.500000 1 1
1972 07 11 121.400000 1 1
1972 07 12 122.100000 1 1
1972 07 13 122.800000 1 1
1972 07 14 122.800000 1 1
1972 07 15 122.100000 1 1
1972 07 16 120.700000 1 1
1972 07 17 120.000000 1 1
1972 07 18 116.500000 1 1
1972 07 19 114.400000 1 1
1972 07 20 113.700000 1 1
1972 07 21 111.600000 1 1
1972 07 22 114.400000 1 1
1972 07 23 113.000000 1 1
1972 07 24 111.600000 1 1
1972 07 25 110.900000 1 1
1972 07 26 110.200000 1 1
1972 07 27 106.700000 1 1
1972 07 28 105.300000 1 1
1972 07 29 104.600000 1 1
1972 07 30 103.900000 1 1
1972 07 31 103.900000 1 1
1972 08 01 103.900000 1 1
1972 08 02 103.200000 1 1
1972 08 03 102.500000 1 1
1972 08 04 102.500000 1 1
1972 08 05 102.500000 1 1
1972 08 06 102.500000 1 1
1972 08 07 102.500000 1 1
1972 08 08 102.500000 1 1
1972 08 09 102.500000 1 1
1972 08 10 102.500000 1 1
1972 08 11 103.200000 1 1
1972 08 12 104.600000 1 1
1972 08 13 105.300000 1 1
1972 08 14 109.500000 1 1
1972 08 15 113.700000 1 1
1972 08 16 120.000000 1 1
1972 08 17 127.000000 1 1
1972 08 18 134.000000 1 1
1972 08 19 127.000000 1 1
1972 08 20 113.000000 1 1
1972 08 21 107.400000 1 1
1972 08 22 105.300000 1 1
1972 08 23 103.900000 1 1
1972 08 24 102.500000 1 1
1972 08 25 100.400000 1 1
1972 08 26 98.300000 1 1
1972 08 27 96.900000 1 1
1972 08 28 96.900000 1 1
1972 08 29 97.600000 1 1
1972 08 30 99.000000 1 1
1972 08 31 100.400000 1 1
1972 09 01 99.700000 1 1
1972 09 02 99.700000 1 1
1972 09 03 97.600000 1 1
1972 09 04 96.200000 1 1
1972 09 05 96.200000 1 1
1972 09 06 96.200000 1 1
1972 09 07 96.200000 1 1
1972 09 08 96.200000 1 1
1972 09 09 96.200000 1 1
1972 09 10 96.200000 1 1
1972 09 11 96.200000 1 1
1972 09 12 96.200000 1 1
1972 09 13 97.600000 1 1
1972 09 14 99.000000 1 1
1972 09 15 100.400000 1 1
1972 09 16 101.800000 1 1
1972 09 17 102.500000 1 1
1972 09 18 104.600000 1 1
1972 09 19 104.600000 1 1
1972 09 20 104.600000 1 1
1972 09 21 104.600000 1 1
1972 09 22 104.600000 1 1
1972 09 23 108.100000 1 1
1972 09 24 113.700000 1 1
1972 09 25 113.700000 1 1
1972 09 26 109.500000 1 1
1972 09 27 103.900000 1 1
1972 09 28 102.500000 1 1
1972 09 29 108.100000 1 1
1972 09 30 109.500000 1 1
1972 10 01 110.900000 1 1
1972 10 02 112.300000 1 1
1972 10 03 114.400000 1 1
1972 10 04 118.600000 1 1
1972 10 05 117.200000 1 1
1972 10 06 111.600000 1 1
1972 10 07 105.300000 1 1
1972 10 08 104.600000 1 1
1972 10 09 110.200000 1 1
1972 10 10 115.100000 1 1
1972 10 11 139.600000 1 1
1972 10 12 171.000000 1 1
1972 10 13 154.600000 1 1
1972 10 14 144.700000 1 1
1972 10 15 169.000000 1 1
1972 10 16 199.000000 1 1
1972 10 17 194.000000 1 1
1972 10 18 166.000000 1 1
1972 10 19 149.200000 1 1
1972 10 20 142.900000 1 1
1972 10 21 132.600000 1 1
1972 10 22 127.000000 1 1
1972 10 23 128.400000 1 1
1972 10 24 131.900000 1 1
1972 10 25 134.000000 1 1
1972 10 26 134.800000 1 1
1972 10 27 128.400000 1 1
1972 10 28 114.400000 1 1
1972 10 29 113.700000 1 1
1972 10 30 115.800000 1 1
1972 10 31 120.000000 1 1
1972 11 01 125.600000 1 1
1972 11 02 131.200000 1 1
1972 11 03 129.100000 1 1
1972 11 04 129.800000 1 1
1972 11 05 132.600000 1 1
1972 11 06 145.600000 1 1
1972 11 07 209.000000 1 1
1972 11 08 245.400000 1 1
1972 11 09 238.800000 1 1
1972 11 10 222.000000 1 1
1972 11 11 204.000000 1 1
1972 11 12 208.000000 1 1
1972 11 13 213.000000 1 1
1972 11 14 220.000000 1 1
1972 11 15 229.000000 1 1
1972 11 16 229.000000 1 1
1972 11 17 220.000000 1 1
1972 11 18 217.000000 1 1
1972 11 19 227.000000 1 1
1972 11 20 229.000000 1 1
1972 11 21 234.400000 1 1
1972 11 22 259.700000 1 1
1972 11 23 287.200000 1 1
1972 11 24 304.800000 1 1
1972 11 25 322.600000 1 1
1972 11 26 333.400000 1 1
1972 11 27 341.800000 1 1
1972 11 28 344.200000 1 1
1972 11 29 344.200000 1 1
1972 11 30 343.000000 1 1
1972 12 01 333.400000 1 1
1972 12 02 310.600000 1 1
1972 12 03 294.900000 1 1
1972 12 04 282.800000 1 1
1972 12 05 277.300000 1 1
1972 12 06 275.100000 1 1
1972 12 07 270.700000 1 1
1972 12 08 260.800000 1 1
1972 12 09 248.700000 1 1
1972 12 10 237.700000 1 1
1972 12 11 233.300000 1 1
1972 12 12 254.200000 1 1
1972 12 13 276.200000 1 1
1972 12 14 283.900000 1 1
1972 12 15 283.900000 1 1
1972 12 16 282.800000 1 1
1972 12 17 290.500000 1 1
1972 12 18 287.200000 1 1
1972 12 19 290.500000 1 1
1972 12 20 297.100000 1 1
1972 12 21 310.600000 1 1
1972 12 22 317.800000 1 1
1972 12 23 326.200000 1 1
1972 12 24 334.600000 1 1
1972 12 25 341.800000 1 1
1972 12 26 344.200000 1 1
1972 12 27 351.400000 1 1
1972 12 28 352.600000 1 1
1972 12 29 352.600000 1 1
1972 12 30 351.400000 1 1
1972 12 31 350.200000 1 1
1973 01 01 350.200000 1 1
1973 01 02 347.800000 1 1
1973 01 03 346.600000 1 1
1973 01 04 345.400000 1 1
1973 01 05 341.800000 1 1
1973 01 06 339.400000 1 1
1973 01 07 338.200000 1 1
1973 01 08 340.600000 1 1
1973 01 09 331.000000 1 1
1973 01 10 317.800000 1 1
1973 01 11 307.000000 1 1
1973 01 12 278.400000 1 1
1973 01 13 261.900000 1 1
1973 01 14 244.300000 1 1
1973 01 15 233.300000 1 1
1973 01 16 232.200000 1 1
1973 01 17 232.200000 1 1
1973 01 18 236.600000 1 1
1973 01 19 248.700000 1 1
1973 01 20 271.800000 1 1
1973 01 21 288.300000 1 1
1973 01 22 297.100000 1 1
1973 01 23 305.900000 1 1
1973 01 24 314.200000 1 1
1973 01 25 323.800000 1 1
1973 01 26 335.800000 1 1
1973 01 27 341.800000 1 1
1973 01 28 343.000000 1 1
1973 01 29 346.600000 1 1
1973 01 30 351.400000 1 1
1973 01 31 356.200000 1 1
1973 02 01 357.400000 1 1
1973 02 02 362.200000 1 1
1973 02 03 363.400000 1 1
1973 02 04 362.200000 1 1
1973 02 05 359.800000 1 1
1973 02 06 364.600000 1 1
1973 02 07 359.800000 1 1
1973 02 08 357.400000 1 1
1973 02 09 356.200000 1 1
1973 02 10 357.400000 1 1
1973 02 11 357.400000 1 1
1973 02 12 358.600000 1 1
1973 02 13 358.600000 1 1
1973 02 14 357.400000 1 1
1973 02 15 357.400000 1 1
1973 02 16 358.600000 1 1
1973 02 17 358.600000 1 1
1973 02 18 359.800000 1 1
1973 02 19 359.800000 1 1
1973 02 20 359.800000 1 1
1973 02 21 359.800000 1 1
1973 02 22 367.000000 1 1
1973 02 23 372.200000 1 1
1973 02 24 376.100000 1 1
1973 02 25 380.000000 1 1
1973 02 26 382.600000 1 1
1973 02 27 382.600000 1 1
1973 02 28 382.600000 1 1
1973 03 01 380.000000 1 1
1973 03 02 380.000000 1 1
1973 03 03 377.400000 1 1
1973 03 04 376.100000 1 1
1973 03 05 374.800000 1 1
1973 03 06 373.500000 1 1
1973 03 07 370.900000 1 1
1973 03 08 367.000000 1 1
1973 03 09 365.800000 1 1
1973 03 10 365.800000 1 1
1973 03 11 365.800000 1 1
1973 03 12 365.800000 1 1
1973 03 13 364.600000 1 1
1973 03 14 363.400000 1 1
1973 03 15 362.200000 1 1
1973 03 16 362.200000 1 1
1973 03 17 361.000000 1 1
1973 03 18 358.600000 1 1
1973 03 19 351.400000 1 1
1973 03 20 341.800000 1 1
1973 03 21 337.000000 1 1
1973 03 22 331.000000 1 1
1973 03 23 329.800000 1 1
1973 03 24 328.600000 1 1
1973 03 25 321.400000 1 1
1973 03 26 316.600000 1 1
1973 03 27 313.000000 1 1
1973 03 28 309.400000 1 1
1973 03 29 308.200000 1 1
1973 03 30 308.200000 1 1
1973 03 31 305.900000 1 1
1973 04 01 297.100000 1 1
1973 04 02 290.500000 1 1
1973 04 03 287.200000 1 1
1973 04 04 296.000000 1 1
1973 04 05 307.000000 1 1
1973 04 06 313.000000 1 1
1973 04 07 320.200000 1 1
1973 04 08 317.800000 1 1
1973 04 09 304.800000 1 1
1973 04 10 287.200000 1 1
1973 04 11 275.100000 1 1
1973 04 12 271.800000 1 1
1973 04 13 277.300000 1 1
1973 04 14 291.600000 1 1
1973 04 15 299.300000 1 1
1973 04 16 298.200000 1 1
1973 04 17 299.300000 1 1
1973 04 18 304.800000 1 1
1973 04 19 316.600000 1 1
1973 04 20 315.400000 1 1
1973 04 21 299.300000 1 1
1973 04 22 294.900000 1 1
1973 04 23 293.800000 1 1
1973 04 24 305.900000 1 1
1973 04 25 313.000000 1 1
1973 04 26 320.200000 1 1
1973 04 27 316.600000 1 1
1973 04 28 310.600000 1 1
1973 04 29 308.200000 1 1
1973 04 30 302.600000 1 1
1973 05 01 297.100000 1 1
1973 05 02 296.000000 1 1
1973 05 03 290.500000 1 1
1973 05 04 287.200000 1 1
1973 05 05 290.500000 1 1
1973 05 06 270.700000 1 1
1973 05 07 268.500000 1 1
1973 05 08 258.600000 1 1
1973 05 09 250.900000 1 1
1973 05 10 242.100000 1 1
1973 05 11 237.700000 1 1
1973 05 12 232.200000 1 1
1973 05 13 228.000000 1 1
1973 05 14 235.500000 1 1
1973 05 15 242.100000 1 1
1973 05 16 247.600000 1 1
1973 05 17 234.400000 1 1
1973 05 18 220.000000 1 1
1973 05 19 209.000000 1 1
1973 05 20 202.000000 1 1
1973 05 21 198.000000 1 1
1973 05 22 191.000000 1 1
1973 05 23 187.000000 1 1
1973 05 24 191.000000 1 1
1973 05 25 199.000000 1 1
1973 05 26 206.000000 1 1
1973 05 27 213.000000 1 1
1973 05 28 219.000000 1 1
1973 05 29 227.000000 1 1
1973 05 30 234.400000 1 1
1973 05 31 241.000000 1 1
1973 06 01 245.400000 1 1
1973 06 02 249.800000 1 1
1973 06 03 247.600000 1 1
1973 06 04 241.000000 1 1
1973 06 05 231.100000 1 1
1973 06 06 224.000000 1 1
1973 06 07 215.000000 1 1
1973 06 08 206.000000 1 1
1973 06 09 196.000000 1 1
1973 06 10 188.000000 1 1
1973 06 11 181.000000 1 1
1973 06 12 176.000000 1 1
1973 06 13 164.000000 1 1
1973 06 14 155.500000 1 1
1973 06 15 147.400000 1 1
1973 06 16 144.700000 1 1
1973 06 17 143.800000 1 1
1973 06 18 142.900000 1 1
1973 06 19 142.900000 1 1
1973 06 20 144.700000 1 1
1973 06 21 146.500000 1 1
1973 06 22 146.500000 1 1
1973 06 23 146.500000 1 1
1973 06 24 146.500000 1 1
1973 06 25 144.700000 1 1
1973 06 26 143.800000 1 1
1973 06 27 146.500000 1 1
1973 06 28 148.300000 1 1
1973 06 29 147.400000 1 1
1973 06 30 144.700000 1 1
1973 07 01 142.000000 1 1
1973 07 02 141.200000 1 1
1973 07 03 139.600000 1 1
1973 07 04 138.000000 1 1
1973 07 05 137.200000 1 1
1973 07 06 133.300000 1 1
1973 07 07 130.500000 1 1
1973 07 08 129.100000 1 1
1973 07 09 129.100000 1 1
1973 07 10 128.400000 1 1
1973 07 11 129.100000 1 1
1973 07 12 129.800000 1 1
1973 07 13 129.800000 1 1
1973 07 14 128.400000 1 1
1973 07 15 127.700000 1 1
1973 07 16 127.700000 1 1
1973 07 17 126.300000 1 1
1973 07 18 124.900000 1 1
1973 07 19 124.200000 1 1
1973 07 20 123.500000 1 1
1973 07 21 122.100000 1 1
1973 07 22 121.400000 1 1
1973 07 23 121.400000 1 1
1973 07 24 121.400000 1 1
1973 07 25 120.700000 1 1
1973 07 26 120.000000 1 1
1973 07 27 119.300000 1 1
1973 07 28 118.600000 1 1
1973 07 29 118.600000 1 1
1973 07 30 117.900000 1 1
1973 07 31 117.900000 1 1
1973 08 01 117.900000 1 1
1973 08 02 117.900000 1 1
1973 08 03 117.900000 1 1
1973 08 04 117.200000 1 1
1973 08 05 116.500000 1 1
1973 08 06 116.500000 1 1
1973 08 07 116.500000 1 1
1973 08 08 116.500000 1 1
1973 08 09 116.500000 1 1
1973 08 10 116.500000 1 1
1973 08 11 116.500000 1 1
1973 08 12 116.500000 1 1
1973 08 13 116.500000 1 1
1973 08 14 116.500000 1 1
1973 08 15 116.500000 1 1
1973 08 16 116.500000 1 1
1973 08 17 115.800000 1 1
1973 08 18 114.400000 1 1
1973 08 19 112.300000 1 1
1973 08 20 112.300000 1 1
1973 08 21 111.600000 1 1
1973 08 22 110.200000 1 1
1973 08 23 108.800000 1 1
1973 08 24 108.800000 1 1
1973 08 25 107.400000 1 1
1973 08 26 104.600000 1 1
1973 08 27 103.900000 1 1
1973 08 28 103.200000 1 1
1973 08 29 102.500000 1 1
1973 08 30 101.800000 1 1
1973 08 31 100.400000 1 1
1973 09 01 100.400000 1 1
1973 09 02 103.200000 1 1
1973 09 03 105.300000 1 1
1973 09 04 106.000000 1 1
1973 09 05 105.300000 1 1
1973 09 06 105.300000 1 1
1973 09 07 105.300000 1 1
1973 09 08 103.900000 1 1
1973 09 09 103.200000 1 1
1973 09 10 102.500000 1 1
1973 09 11 101.100000 1 1
1973 09 12 103.900000 1 1
1973 09 13 106.700000 1 1
1973 09 14 109.500000 1 1
1973 09 15 110.900000 1 1
1973 09 16 111.600000 1 1
1973 09 17 110.900000 1 1
1973 09 18 107.400000 1 1
1973 09 19 104.600000 1 1
1973 09 20 103.200000 1 1
1973 09 21 103.900000 1 1
1973 09 22 104.600000 1 1
1973 09 23 106.000000 1 1
1973 09 24 106.000000 1 1
1973 09 25 103.900000 1 1
1973 09 26 109.500000 1 1
1973 09 27 113.700000 1 1
1973 09 28 113.700000 1 1
1973 09 29 111.600000 1 1
1973 09 30 111.600000 1 1
1973 10 01 115.100000 1 1
1973 10 02 113.000000 1 1
1973 10 03 109.500000 1 1
1973 10 04 106.000000 1 1
1973 10 05 105.300000 1 1
1973 10 06 103.200000 1 1
1973 10 07 103.200000 1 1
1973 10 08 103.200000 1 1
1973 10 09 108.800000 1 1
1973 10 10 110.900000 1 1
1973 10 11 111.600000 1 1
1973 10 12 113.700000 1 1
1973 10 13 129.800000 1 1
1973 10 14 137.200000 1 1
1973 10 15 148.300000 1 1
1973 10 16 159.100000 1 1
1973 10 17 171.000000 1 1
1973 10 18 171.000000 1 1
1973 10 19 149.200000 1 1
1973 10 20 135.600000 1 1
1973 10 21 129.800000 1 1
1973 10 22 128.400000 1 1
1973 10 23 126.300000 1 1
1973 10 24 120.000000 1 1
1973 10 25 117.900000 1 1
1973 10 26 117.200000 1 1
1973 10 27 117.200000 1 1
1973 10 28 118.600000 1 1
1973 10 29 127.000000 1 1
1973 10 30 162.000000 1 1
1973 10 31 186.000000 1 1
1973 11 01 175.000000 1 1
1973 11 02 186.000000 1 1
1973 11 03 199.000000 1 1
1973 11 04 202.000000 1 1
1973 11 05 194.000000 1 1
1973 11 06 206.000000 1 1
1973 11 07 213.000000 1 1
1973 11 08 212.000000 1 1
1973 11 09 208.000000 1 1
1973 11 10 216.000000 1 1
1973 11 11 236.600000 1 1
1973 11 12 239.900000 1 1
1973 11 13 250.900000 1 1
1973 11 14 264.100000 1 1
1973 11 15 268.500000 1 1
1973 11 16 269.600000 1 1
1973 11 17 275.100000 1 1
1973 11 18 283.900000 1 1
1973 11 19 291.600000 1 1
1973 11 20 298.200000 1 1
1973 11 21 293.800000 1 1
1973 11 22 285.000000 1 1
1973 11 23 282.800000 1 1
1973 11 24 286.100000 1 1
1973 11 25 294.900000 1 1
1973 11 26 294.900000 1 1
1973 11 27 285.000000 1 1
1973 11 28 275.100000 1 1
1973 11 29 267.400000 1 1
1973 11 30 266.300000 1 1
1973 12 01 267.400000 1 1
1973 12 02 272.900000 1 1
1973 12 03 277.300000 1 1
1973 12 04 287.200000 1 1
1973 12 05 296.000000 1 1
1973 12 06 300.400000 1 1
1973 12 07 299.300000 1 1
1973 12 08 293.800000 1 1
1973 12 09 290.500000 1 1
1973 12 10 304.800000 1 1
1973 12 11 316.600000 1 1
1973 12 12 321.400000 1 1
1973 12 13 323.800000 1 1
1973 12 14 322.600000 1 1
1973 12 15 321.400000 1 1
1973 12 16 327.400000 1 1
1973 12 17 328.600000 1 1
1973 12 18 320.200000 1 1
1973 12 19 315.400000 1 1
1973 12 20 323.800000 1 1
1973 12 21 339.400000 1 1
1973 12 22 345.400000 1 1
1973 12 23 352.600000 1 1
1973 12 24 352.600000 1 1
1973 12 25 352.600000 1 1
1973 12 26 357.400000 1 1
1973 12 27 359.800000 1 1
1973 12 28 345.400000 1 1
1973 12 29 356.200000 1 1
1973 12 30 358.600000 1 1
1973 12 31 362.200000 1 1
1974 01 01 361.000000 1 1
1974 01 02 362.200000 1 1
1974 01 03 353.800000 1 1
1974 01 04 346.600000 1 1
1974 01 05 343.000000 1 1
1974 01 06 339.400000 1 1
1974 01 07 335.800000 1 1
1974 01 08 333.400000 1 1
1974 01 09 331.000000 1 1
1974 01 10 335.800000 1 1
1974 01 11 345.400000 1 1
1974 01 12 335.800000 1 1
1974 01 13 329.800000 1 1
1974 01 14 334.600000 1 1
1974 01 15 338.200000 1 1
1974 01 16 344.200000 1 1
1974 01 17 346.600000 1 1
1974 01 18 339.400000 1 1
1974 01 19 343.000000 1 1
1974 01 20 368.300000 1 1
1974 01 21 370.900000 1 1
1974 01 22 373.500000 1 1
1974 01 23 374.800000 1 1
1974 01 24 370.900000 1 1
1974 01 25 378.700000 1 1
1974 01 26 385.200000 1 1
1974 01 27 386.500000 1 1
1974 01 28 386.500000 1 1
1974 01 29 386.500000 1 1
1974 01 30 385.200000 1 1
1974 01 31 383.900000 1 1
1974 02 01 383.900000 1 1
1974 02 02 382.600000 1 1
1974 02 03 383.900000 1 1
1974 02 04 383.900000 1 1
1974 02 05 383.900000 1 1
1974 02 06 383.900000 1 1
1974 02 07 382.600000 1 1
1974 02 08 382.600000 1 1
1974 02 09 382.600000 1 1
1974 02 10 381.300000 1 1
1974 02 11 381.300000 1 1
1974 02 12 382.600000 1 1
1974 02 13 382.600000 1 1
1974 02 14 382.600000 1 1
1974 02 15 382.600000 1 1
1974 02 16 382.600000 1 1
1974 02 17 381.300000 1 1
1974 02 18 381.300000 1 1
1974 02 19 380.000000 1 1
1974 02 20 378.700000 1 1
1974 02 21 378.700000 1 1
1974 02 22 377.400000 1 1
1974 02 23 377.400000 1 1
1974 02 24 377.400000 1 1
1974 02 25 376.100000 1 1
1974 02 26 374.800000 1 1
1974 02 27 374.800000 1 1
1974 02 28 373.500000 1 1
1974 03 01 372.200000 1 1
1974 03 02 369.600000 1 1
1974 03 03 372.200000 1 1
1974 03 04 372.200000 1 1
1974 03 05 369.600000 1 1
1974 03 06 368.300000 1 1
1974 03 07 368.300000 1 1
1974 03 08 370.900000 1 1
1974 03 09 374.800000 1 1
1974 03 10 374.800000 1 1
1974 03 11 373.500000 1 1
1974 03 12 376.100000 1 1
1974 03 13 374.800000 1 1
1974 03 14 380.000000 1 1
1974 03 15 380.000000 1 1
1974 03 16 382.600000 1 1
1974 03 17 383.900000 1 1
1974 03 18 386.500000 1 1
1974 03 19 385.200000 1 1
1974 03 20 382.600000 1 1
1974 03 21 383.900000 1 1
1974 03 22 385.200000 1 1
1974 03 23 387.800000 1 1
1974 03 24 390.400000 1 1
1974 03 25 390.400000 1 1
1974 03 26 394.300000 1 1
1974 03 27 394.300000 1 1
1974 03 28 390.400000 1 1
1974 03 29 389.100000 1 1
1974 03 30 387.800000 1 1
1974 03 31 387.800000 1 1
1974 04 01 390.400000 1 1
1974 04 02 391.700000 1 1
1974 04 03 394.300000 1 1
1974 04 04 394.300000 1 1
1974 04 05 394.300000 1 1
1974 04 06 394.300000 1 1
1974 04 07 394.300000 1 1
1974 04 08 393.000000 1 1
1974 04 09 391.700000 1 1
1974 04 10 390.400000 1 1
1974 04 11 387.800000 1 1
1974 04 12 387.800000 1 1
1974 04 13 390.400000 1 1
1974 04 14 390.400000 1 1
1974 04 15 393.000000 1 1
1974 04 16 393.000000 1 1
1974 04 17 393.000000 1 1
1974 04 18 393.000000 1 1
1974 04 19 393.000000 1 1
1974 04 20 391.700000 1 1
1974 04 21 391.700000 1 1
1974 04 22 390.400000 1 1
1974 04 23 389.100000 1 1
1974 04 24 389.100000 1 1
1974 04 25 391.700000 1 1
1974 04 26 391.700000 1 1
1974 04 27 391.700000 1 1
1974 04 28 390.400000 1 1
1974 04 29 390.400000 1 1
1974 04 30 393.000000 1 1
1974 05 01 391.700000 1 1
1974 05 02 390.400000 1 1
1974 05 03 389.100000 1 1
1974 05 04 387.800000 1 1
1974 05 05 389.100000 1 1
1974 05 06 390.400000 1 1
1974 05 07 387.800000 1 1
1974 05 08 386.500000 1 1
1974 05 09 382.600000 1 1
1974 05 10 377.400000 1 1
1974 05 11 372.200000 1 1
1974 05 12 370.900000 1 1
1974 05 13 369.600000 1 1
1974 05 14 367.000000 1 1
1974 05 15 362.200000 1 1
1974 05 16 356.200000 1 1
1974 05 17 350.200000 1 1
1974 05 18 345.400000 1 1
1974 05 19 344.200000 1 1
1974 05 20 338.200000 1 1
1974 05 21 329.800000 1 1
1974 05 22 322.600000 1 1
1974 05 23 317.800000 1 1
1974 05 24 308.200000 1 1
1974 05 25 299.300000 1 1
1974 05 26 291.600000 1 1
1974 05 27 286.100000 1 1
1974 05 28 285.000000 1 1
1974 05 29 282.800000 1 1
1974 05 30 281.700000 1 1
1974 05 31 281.700000 1 1
1974 06 01 278.400000 1 1
1974 06 02 275.100000 1 1
1974 06 03 269.600000 1 1
1974 06 04 267.400000 1 1
1974 06 05 265.200000 1 1
1974 06 06 265.200000 1 1
1974 06 07 263.000000 1 1
1974 06 08 260.800000 1 1
1974 06 09 260.800000 1 1
1974 06 10 258.600000 1 1
1974 06 11 255.300000 1 1
1974 06 12 254.200000 1 1
1974 06 13 254.200000 1 1
1974 06 14 252.000000 1 1
1974 06 15 250.900000 1 1
1974 06 16 249.800000 1 1
1974 06 17 244.300000 1 1
1974 06 18 238.800000 1 1
1974 06 19 237.700000 1 1
1974 06 20 232.200000 1 1
1974 06 21 232.200000 1 1
1974 06 22 230.000000 1 1
1974 06 23 229.000000 1 1
1974 06 24 227.000000 1 1
1974 06 25 225.000000 1 1
1974 06 26 223.000000 1 1
1974 06 27 222.000000 1 1
1974 06 28 222.000000 1 1
1974 06 29 217.000000 1 1
1974 06 30 212.000000 1 1
1974 07 01 209.000000 1 1
1974 07 02 202.000000 1 1
1974 07 03 200.000000 1 1
1974 07 04 189.000000 1 1
1974 07 05 182.000000 1 1
1974 07 06 178.000000 1 1
1974 07 07 177.000000 1 1
1974 07 08 177.000000 1 1
1974 07 09 175.000000 1 1
1974 07 10 172.000000 1 1
1974 07 11 172.000000 1 1
1974 07 12 170.000000 1 1
1974 07 13 165.000000 1 1
1974 07 14 162.000000 1 1
1974 07 15 162.000000 1 1
1974 07 16 162.000000 1 1
1974 07 17 160.000000 1 1
1974 07 18 160.000000 1 1
1974 07 19 159.100000 1 1
1974 07 20 158.200000 1 1
1974 07 21 158.200000 1 1
1974 07 22 158.200000 1 1
1974 07 23 158.200000 1 1
1974 07 24 157.300000 1 1
1974 07 25 157.300000 1 1
1974 07 26 156.400000 1 1
1974 07 27 156.400000 1 1
1974 07 28 157.300000 1 1
1974 07 29 155.500000 1 1
1974 07 30 154.600000 1 1
1974 07 31 154.600000 1 1
1974 08 01 152.800000 1 1
1974 08 02 151.900000 1 1
1974 08 03 148.300000 1 1
1974 08 04 147.400000 1 1
1974 08 05 146.500000 1 1
1974 08 06 145.600000 1 1
1974 08 07 142.000000 1 1
1974 08 08 139.600000 1 1
1974 08 09 137.200000 1 1
1974 08 10 134.000000 1 1
1974 08 11 132.600000 1 1
1974 08 12 132.600000 1 1
1974 08 13 131.200000 1 1
1974 08 14 130.500000 1 1
1974 08 15 130.500000 1 1
1974 08 16 130.500000 1 1
1974 08 17 127.000000 1 1
1974 08 18 124.900000 1 1
1974 08 19 124.900000 1 1
1974 08 20 124.900000 1 1
1974 08 21 124.200000 1 1
1974 08 22 123.500000 1 1
1974 08 23 121.400000 1 1
1974 08 24 121.400000 1 1
1974 08 25 121.400000 1 1
1974 08 26 121.400000 1 1
1974 08 27 121.400000 1 1
1974 08 28 121.400000 1 1
1974 08 29 121.400000 1 1
1974 08 30 122.800000 1 1
1974 08 31 123.500000 1 1
1974 09 01 124.900000 1 1
1974 09 02 124.900000 1 1
1974 09 03 123.500000 1 1
1974 09 04 121.400000 1 1
1974 09 05 121.400000 1 1
1974 09 06 121.400000 1 1
1974 09 07 122.800000 1 1
1974 09 08 122.800000 1 1
1974 09 09 122.800000 1 1
1974 09 10 122.100000 1 1
1974 09 11 122.100000 1 1
1974 09 12 122.100000 1 1
1974 09 13 121.400000 1 1
1974 09 14 123.500000 1 1
1974 09 15 127.700000 1 1
1974 09 16 131.200000 1 1
1974 09 17 131.200000 1 1
1974 09 18 128.400000 1 1
1974 09 19 129.100000 1 1
1974 09 20 129.100000 1 1
1974 09 21 127.700000 1 1
1974 09 22 127.000000 1 1
1974 09 23 124.900000 1 1
1974 09 24 127.700000 1 1
1974 09 25 129.800000 1 1
1974 09 26 130.500000 1 1
1974 09 27 130.500000 1 1
1974 09 28 131.200000 1 1
1974 09 29 129.800000 1 1
1974 09 30 132.600000 1 1
1974 10 01 134.000000 1 1
1974 10 02 134.800000 1 1
1974 10 03 188.000000 1 1
1974 10 04 183.000000 1 1
1974 10 05 205.000000 1 1
1974 10 06 219.000000 1 1
1974 10 07 231.100000 1 1
1974 10 08 120.700000 1 1
1974 10 09 119.300000 1 1
1974 10 10 121.400000 1 1
1974 10 11 117.900000 1 1
1974 10 12 110.900000 1 1
1974 10 13 108.800000 1 1
1974 10 14 106.000000 1 1
1974 10 15 105.300000 1 1
1974 10 16 104.600000 1 1
1974 10 17 114.400000 1 1
1974 10 18 129.800000 1 1
1974 10 19 131.900000 1 1
1974 10 20 118.600000 1 1
1974 10 21 114.400000 1 1
1974 10 22 116.500000 1 1
1974 10 23 115.100000 1 1
1974 10 24 100.400000 1 1
1974 10 25 92.000000 1 1
1974 10 26 110.900000 1 1
1974 10 27 114.400000 1 1
1974 10 28 115.800000 1 1
1974 10 29 117.900000 1 1
1974 10 30 124.900000 1 1
1974 10 31 129.100000 1 1
1974 11 01 129.100000 1 1
1974 11 02 127.000000 1 1
1974 11 03 124.200000 1 1
1974 11 04 115.800000 1 1
1974 11 05 103.900000 1 1
1974 11 06 99.000000 1 1
1974 11 07 95.500000 1 1
1974 11 08 108.100000 1 1
1974 11 09 108.800000 1 1
1974 11 10 122.100000 1 1
1974 11 11 125.600000 1 1
1974 11 12 129.100000 1 1
1974 11 13 129.800000 1 1
1974 11 14 129.800000 1 1
1974 11 15 122.100000 1 1
1974 11 16 117.200000 1 1
1974 11 17 109.500000 1 1
1974 11 18 108.100000 1 1
1974 11 19 121.400000 1 1
1974 11 20 130.500000 1 1
1974 11 21 134.800000 1 1
1974 11 22 141.200000 1 1
1974 11 23 141.200000 1 1
1974 11 24 138.800000 1 1
1974 11 25 205.000000 1 1
1974 11 26 242.100000 1 1
1974 11 27 191.000000 1 1
1974 11 28 158.200000 1 1
1974 11 29 180.000000 1 1
1974 11 30 195.000000 1 1
1974 12 01 201.000000 1 1
1974 12 02 190.000000 1 1
1974 12 03 199.000000 1 1
1974 12 04 214.000000 1 1
1974 12 05 227.000000 1 1
1974 12 06 235.500000 1 1
1974 12 07 253.100000 1 1
1974 12 08 271.800000 1 1
1974 12 09 286.100000 1 1
1974 12 10 294.900000 1 1
1974 12 11 311.800000 1 1
1974 12 12 310.600000 1 1
1974 12 13 303.700000 1 1
1974 12 14 289.400000 1 1
1974 12 15 276.200000 1 1
1974 12 16 268.500000 1 1
1974 12 17 267.400000 1 1
1974 12 18 275.100000 1 1
1974 12 19 280.600000 1 1
1974 12 20 288.300000 1 1
1974 12 21 303.700000 1 1
1974 12 22 298.200000 1 1
1974 12 23 303.700000 1 1
1974 12 24 311.800000 1 1
1974 12 25 320.200000 1 1
1974 12 26 328.600000 1 1
1974 12 27 334.600000 1 1
1974 12 28 340.600000 1 1
1974 12 29 345.400000 1 1
1974 12 30 351.400000 1 1
1974 12 31 349.000000 1 1
1975 01 01 347.800000 1 1
1975 01 02 350.200000 1 1
1975 01 03 347.800000 1 1
1975 01 04 355.000000 1 1
1975 01 05 357.400000 1 1
1975 01 06 362.200000 1 1
1975 01 07 365.800000 1 1
1975 01 08 369.600000 1 1
1975 01 09 370.900000 1 1
1975 01 10 373.500000 1 1
1975 01 11 377.400000 1 1
1975 01 12 377.400000 1 1
1975 01 13 381.300000 1 1
1975 01 14 382.600000 1 1
1975 01 15 382.600000 1 1
1975 01 16 383.900000 1 1
1975 01 17 381.300000 1 1
1975 01 18 380.000000 1 1
1975 01 19 382.600000 1 1
1975 01 20 381.300000 1 1
1975 01 21 376.100000 1 1
1975 01 22 372.200000 1 1
1975 01 23 370.900000 1 1
1975 01 24 365.800000 1 1
1975 01 25 365.800000 1 1
1975 01 26 365.800000 1 1
1975 01 27 364.600000 1 1
1975 01 28 362.200000 1 1
1975 01 29 357.400000 1 1
1975 01 30 357.400000 1 1
1975 01 31 356.200000 1 1
1975 02 01 356.200000 1 1
1975 02 02 358.600000 1 1
1975 02 03 362.200000 1 1
1975 02 04 363.400000 1 1
1975 02 05 362.200000 1 1
1975 02 06 367.000000 1 1
1975 02 07 369.600000 1 1
1975 02 08 367.000000 1 1
1975 02 09 367.000000 1 1
1975 02 10 367.000000 1 1
1975 02 11 368.300000 1 1
1975 02 12 370.900000 1 1
1975 02 13 376.100000 1 1
1975 02 14 381.300000 1 1
1975 02 15 382.600000 1 1
1975 02 16 382.600000 1 1
1975 02 17 383.900000 1 1
1975 02 18 386.500000 1 1
1975 02 19 385.200000 1 1
1975 02 20 381.300000 1 1
1975 02 21 376.100000 1 1
1975 02 22 378.700000 1 1
1975 02 23 376.100000 1 1
1975 02 24 373.500000 1 1
1975 02 25 377.400000 1 1
1975 02 26 365.800000 1 1
1975 02 27 365.800000 1 1
1975 02 28 368.300000 1 1
1975 03 01 367.000000 1 1
1975 03 02 369.600000 1 1
1975 03 03 372.200000 1 1
1975 03 04 373.500000 1 1
1975 03 05 372.200000 1 1
1975 03 06 370.900000 1 1
1975 03 07 370.900000 1 1
1975 03 08 369.600000 1 1
1975 03 09 369.600000 1 1
1975 03 10 369.600000 1 1
1975 03 11 370.900000 1 1
1975 03 12 370.900000 1 1
1975 03 13 372.200000 1 1
1975 03 14 374.800000 1 1
1975 03 15 377.400000 1 1
1975 03 16 380.000000 1 1
1975 03 17 382.600000 1 1
1975 03 18 380.000000 1 1
1975 03 19 377.400000 1 1
1975 03 20 376.100000 1 1
1975 03 21 373.500000 1 1
1975 03 22 370.900000 1 1
1975 03 23 369.600000 1 1
1975 03 24 367.000000 1 1
1975 03 25 367.000000 1 1
1975 03 26 367.000000 1 1
1975 03 27 364.600000 1 1
1975 03 28 362.200000 1 1
1975 03 29 362.200000 1 1
1975 03 30 365.800000 1 1
1975 03 31 368.300000 1 1
1975 04 01 370.900000 1 1
1975 04 02 374.800000 1 1
1975 04 03 378.700000 1 1
1975 04 04 378.700000 1 1
1975 04 05 376.100000 1 1
1975 04 06 374.800000 1 1
1975 04 07 376.100000 1 1
1975 04 08 380.000000 1 1
1975 04 09 381.300000 1 1
1975 04 10 382.600000 1 1
1975 04 11 383.900000 1 1
1975 04 12 383.900000 1 1
1975 04 13 382.600000 1 1
1975 04 14 385.200000 1 1
1975 04 15 383.900000 1 1
1975 04 16 382.600000 1 1
1975 04 17 381.300000 1 1
1975 04 18 380.000000 1 1
1975 04 19 378.700000 1 1
1975 04 20 378.700000 1 1
1975 04 21 380.000000 1 1
1975 04 22 382.600000 1 1
1975 04 23 380.000000 1 1
1975 04 24 378.700000 1 1
1975 04 25 376.100000 1 1
1975 04 26 376.100000 1 1
1975 04 27 376.100000 1 1
1975 04 28 373.500000 1 1
1975 04 29 370.900000 1 1
1975 04 30 369.600000 1 1
1975 05 01 365.800000 1 1
1975 05 02 364.600000 1 1
1975 05 03 361.000000 1 1
1975 05 04 361.000000 1 1
1975 05 05 358.600000 1 1
1975 05 06 357.400000 1 1
1975 05 07 356.200000 1 1
1975 05 08 359.800000 1 1
1975 05 09 359.800000 1 1
1975 05 10 361.000000 1 1
1975 05 11 363.400000 1 1
1975 05 12 367.000000 1 1
1975 05 13 367.000000 1 1
1975 05 14 365.800000 1 1
1975 05 15 364.600000 1 1
1975 05 16 363.400000 1 1
1975 05 17 359.800000 1 1
1975 05 18 358.600000 1 1
1975 05 19 353.800000 1 1
1975 05 20 341.800000 1 1
1975 05 21 333.400000 1 1
1975 05 22 325.000000 1 1
1975 05 23 314.200000 1 1
1975 05 24 314.200000 1 1
1975 05 25 302.600000 1 1
1975 05 26 290.500000 1 1
1975 05 27 275.100000 1 1
1975 05 28 270.700000 1 1
1975 05 29 265.200000 1 1
1975 05 30 259.700000 1 1
1975 05 31 254.200000 1 1
1975 06 01 248.700000 1 1
1975 06 02 237.700000 1 1
1975 06 03 235.500000 1 1
1975 06 04 232.200000 1 1
1975 06 05 229.000000 1 1
1975 06 06 227.000000 1 1
1975 06 07 222.000000 1 1
1975 06 08 219.000000 1 1
1975 06 09 218.000000 1 1
1975 06 10 217.000000 1 1
1975 06 11 216.000000 1 1
1975 06 12 215.000000 1 1
1975 06 13 212.000000 1 1
1975 06 14 207.000000 1 1
1975 06 15 202.000000 1 1
1975 06 16 199.000000 1 1
1975 06 17 196.000000 1 1
1975 06 18 195.000000 1 1
1975 06 19 192.000000 1 1
1975 06 20 189.000000 1 1
1975 06 21 189.000000 1 1
1975 06 22 190.000000 1 1
1975 06 23 192.000000 1 1
1975 06 24 194.000000 1 1
1975 06 25 195.000000 1 1
1975 06 26 196.000000 1 1
1975 06 27 196.000000 1 1
1975 06 28 193.000000 1 1
1975 06 29 190.000000 1 1
1975 06 30 190.000000 1 1
1975 07 01 192.000000 1 1
1975 07 02 193.000000 1 1
1975 07 03 193.000000 1 1
1975 07 04 185.000000 1 1
1975 07 05 192.000000 1 1
1975 07 06 192.000000 1 1
1975 07 07 193.000000 1 1
1975 07 08 192.000000 1 1
1975 07 09 192.000000 1 1
1975 07 10 192.000000 1 1
1975 07 11 190.000000 1 1
1975 07 12 186.000000 1 1
1975 07 13 178.000000 1 1
1975 07 14 170.000000 1 1
1975 07 15 169.000000 1 1
1975 07 16 168.000000 1 1
1975 07 17 167.000000 1 1
1975 07 18 164.000000 1 1
1975 07 19 160.000000 1 1
1975 07 20 159.100000 1 1
1975 07 21 158.200000 1 1
1975 07 22 157.300000 1 1
1975 07 23 156.400000 1 1
1975 07 24 156.400000 1 1
1975 07 25 155.500000 1 1
1975 07 26 153.700000 1 1
1975 07 27 153.700000 1 1
1975 07 28 153.700000 1 1
1975 07 29 154.600000 1 1
1975 07 30 157.300000 1 1
1975 07 31 158.200000 1 1
1975 08 01 157.300000 1 1
1975 08 02 156.400000 1 1
1975 08 03 154.600000 1 1
1975 08 04 152.800000 1 1
1975 08 05 151.900000 1 1
1975 08 06 151.000000 1 1
1975 08 07 150.100000 1 1
1975 08 08 149.200000 1 1
1975 08 09 148.300000 1 1
1975 08 10 147.400000 1 1
1975 08 11 147.400000 1 1
1975 08 12 147.400000 1 1
1975 08 13 146.500000 1 1
1975 08 14 145.600000 1 1
1975 08 15 145.600000 1 1
1975 08 16 145.600000 1 1
1975 08 17 144.700000 1 1
1975 08 18 143.800000 1 1
1975 08 19 142.900000 1 1
1975 08 20 142.000000 1 1
1975 08 21 141.200000 1 1
1975 08 22 140.400000 1 1
1975 08 23 139.600000 1 1
1975 08 24 139.600000 1 1
1975 08 25 139.600000 1 1
1975 08 26 138.800000 1 1
1975 08 27 138.000000 1 1
1975 08 28 138.000000 1 1
1975 08 29 137.200000 1 1
1975 08 30 138.800000 1 1
1975 08 31 138.000000 1 1
1975 09 01 137.200000 1 1
1975 09 02 136.400000 1 1
1975 09 03 136.400000 1 1
1975 09 04 138.000000 1 1
1975 09 05 138.800000 1 1
1975 09 06 138.800000 1 1
1975 09 07 138.800000 1 1
1975 09 08 138.800000 1 1
1975 09 09 139.600000 1 1
1975 09 10 139.600000 1 1
1975 09 11 141.200000 1 1
1975 09 12 142.000000 1 1
1975 09 13 141.200000 1 1
1975 09 14 139.600000 1 1
1975 09 15 138.000000 1 1
1975 09 16 138.800000 1 1
1975 09 17 138.000000 1 1
1975 09 18 138.800000 1 1
1975 09 19 140.400000 1 1
1975 09 20 141.200000 1 1
1975 09 21 142.000000 1 1
1975 09 22 142.900000 1 1
1975 09 23 143.800000 1 1
1975 09 24 143.800000 1 1
1975 09 25 145.600000 1 1
1975 09 26 142.000000 1 1
1975 09 27 146.500000 1 1
1975 09 28 144.700000 1 1
1975 09 29 145.600000 1 1
1975 09 30 145.600000 1 1
1975 10 01 146.500000 1 1
1975 10 02 148.300000 1 1
1975 10 03 150.100000 1 1
1975 10 04 150.100000 1 1
1975 10 05 149.200000 1 1
1975 10 06 145.600000 1 1
1975 10 07 144.700000 1 1
1975 10 08 147.400000 1 1
1975 10 09 147.400000 1 1
1975 10 10 149.200000 1 1
1975 10 11 147.400000 1 1
1975 10 12 145.600000 1 1
1975 10 13 144.700000 1 1
1975 10 14 143.800000 1 1
1975 10 15 147.400000 1 1
1975 10 16 153.700000 1 1
1975 10 17 161.000000 1 1
1975 10 18 170.000000 1 1
1975 10 19 178.000000 1 1
1975 10 20 190.000000 1 1
1975 10 21 200.000000 1 1
1975 10 22 209.000000 1 1
1975 10 23 218.000000 1 1
1975 10 24 230.000000 1 1
1975 10 25 185.000000 1 1
1975 10 26 145.600000 1 1
1975 10 27 151.900000 1 1
1975 10 28 159.100000 1 1
1975 10 29 167.000000 1 1
1975 10 30 166.000000 1 1
1975 10 31 165.000000 1 1
1975 11 01 172.000000 1 1
1975 11 02 184.000000 1 1
1975 11 03 196.000000 1 1
1975 11 04 205.000000 1 1
1975 11 05 194.000000 1 1
1975 11 06 200.000000 1 1
1975 11 07 208.000000 1 1
1975 11 08 218.000000 1 1
1975 11 09 229.000000 1 1
1975 11 10 247.600000 1 1
1975 11 11 263.000000 1 1
1975 11 12 279.500000 1 1
1975 11 13 282.800000 1 1
1975 11 14 285.000000 1 1
1975 11 15 287.200000 1 1
1975 11 16 291.600000 1 1
1975 11 17 289.400000 1 1
1975 11 18 281.700000 1 1
1975 11 19 277.300000 1 1
1975 11 20 269.600000 1 1
1975 11 21 266.300000 1 1
1975 11 22 264.100000 1 1
1975 11 23 263.000000 1 1
1975 11 24 263.000000 1 1
1975 11 25 270.700000 1 1
1975 11 26 285.000000 1 1
1975 11 27 283.900000 1 1
1975 11 28 276.200000 1 1
1975 11 29 280.600000 1 1
1975 11 30 286.100000 1 1
1975 12 01 298.200000 1 1
1975 12 02 311.800000 1 1
1975 12 03 325.000000 1 1
1975 12 04 332.200000 1 1
1975 12 05 335.800000 1 1
1975 12 06 339.400000 1 1
1975 12 07 369.600000 1 1
1975 12 08 428.100000 1 1
1975 12 09 367.000000 1 1
1975 12 10 370.900000 1 1
1975 12 11 376.100000 1 1
1975 12 12 377.400000 1 1
1975 12 13 374.800000 1 1
1975 12 14 373.500000 1 1
1975 12 15 372.200000 1 1
1975 12 16 372.200000 1 1
1975 12 17 372.200000 1 1
1975 12 18 370.900000 1 1
1975 12 19 372.200000 1 1
1975 12 20 374.800000 1 1
1975 12 21 377.400000 1 1
1975 12 22 377.400000 1 1
1975 12 23 369.600000 1 1
1975 12 24 364.600000 1 1
1975 12 25 362.200000 1 1
1975 12 26 361.000000 1 1
1975 12 27 361.000000 1 1
1975 12 28 359.800000 1 1
1975 12 29 358.600000 1 1
1975 12 30 357.400000 1 1
1975 12 31 358.600000 1 1
1976 01 01 359.800000 1 1
1976 01 02 361.000000 1 1
1976 01 03 364.600000 1 1
1976 01 04 367.000000 1 1
1976 01 05 364.600000 1 1
1976 01 06 367.000000 1 1
1976 01 07 369.600000 1 1
1976 01 08 367.000000 1 1
1976 01 09 365.800000 1 1
1976 01 10 364.600000 1 1
1976 01 11 362.200000 1 1
1976 01 12 362.200000 1 1
1976 01 13 364.600000 1 1
1976 01 14 367.000000 1 1
1976 01 15 369.600000 1 1
1976 01 16 370.900000 1 1
1976 01 17 372.200000 1 1
1976 01 18 370.900000 1 1
1976 01 19 372.200000 1 1
1976 01 20 370.900000 1 1
1976 01 21 372.200000 1 1
1976 01 22 374.800000 1 1
1976 01 23 373.500000 1 1
1976 01 24 372.200000 1 1
1976 01 25 373.500000 1 1
1976 01 26 376.100000 1 1
1976 01 27 381.300000 1 1
1976 01 28 380.000000 1 1
1976 01 29 378.700000 1 1
1976 01 30 381.300000 1 1
1976 01 31 385.200000 1 1
1976 02 01 389.100000 1 1
1976 02 02 387.800000 1 1
1976 02 03 383.900000 1 1
1976 02 04 378.700000 1 1
1976 02 05 374.800000 1 1
1976 02 06 376.100000 1 1
1976 02 07 377.400000 1 1
1976 02 08 381.300000 1 1
1976 02 09 386.500000 1 1
1976 02 10 393.000000 1 1
1976 02 11 395.600000 1 1
1976 02 12 396.900000 1 1
1976 02 13 396.900000 1 1
1976 02 14 396.900000 1 1
1976 02 15 391.700000 1 1
1976 02 16 389.100000 1 1
1976 02 17 387.800000 1 1
1976 02 18 389.100000 1 1
1976 02 19 391.700000 1 1
1976 02 20 390.400000 1 1
1976 02 21 389.100000 1 1
1976 02 22 387.800000 1 1
1976 02 23 383.900000 1 1
1976 02 24 382.600000 1 1
1976 02 25 381.300000 1 1
1976 02 26 378.700000 1 1
1976 02 27 380.000000 1 1
1976 02 28 382.600000 1 1
1976 02 29 382.600000 1 1
1976 03 01 389.100000 1 1
1976 03 02 389.100000 1 1
1976 03 03 386.500000 1 1
1976 03 04 387.800000 1 1
1976 03 05 389.100000 1 1
1976 03 06 393.000000 1 1
1976 03 07 391.700000 1 1
1976 03 08 389.100000 1 1
1976 03 09 387.800000 1 1
1976 03 10 390.400000 1 1
1976 03 11 390.400000 1 1
1976 03 12 390.400000 1 1
1976 03 13 387.800000 1 1
1976 03 14 386.500000 1 1
1976 03 15 385.200000 1 1
1976 03 16 382.600000 1 1
1976 03 17 382.600000 1 1
1976 03 18 383.900000 1 1
1976 03 19 385.200000 1 1
1976 03 20 386.500000 1 1
1976 03 21 387.800000 1 1
1976 03 22 383.900000 1 1
1976 03 23 385.200000 1 1
1976 03 24 385.200000 1 1
1976 03 25 383.900000 1 1
1976 03 26 381.300000 1 1
1976 03 27 381.300000 1 1
1976 03 28 378.700000 1 1
1976 03 29 377.400000 1 1
1976 03 30 377.400000 1 1
1976 03 31 377.400000 1 1
1976 04 01 377.400000 1 1
1976 04 02 377.400000 1 1
1976 04 03 378.700000 1 1
1976 04 04 380.000000 1 1
1976 04 05 380.000000 1 1
1976 04 06 377.400000 1 1
1976 04 07 372.200000 1 1
1976 04 08 367.000000 1 1
1976 04 09 364.600000 1 1
1976 04 10 362.200000 1 1
1976 04 11 362.200000 1 1
1976 04 12 361.000000 1 1
1976 04 13 359.800000 1 1
1976 04 14 358.600000 1 1
1976 04 15 361.000000 1 1
1976 04 16 364.600000 1 1
1976 04 17 364.600000 1 1
1976 04 18 365.800000 1 1
1976 04 19 367.000000 1 1
1976 04 20 368.300000 1 1
1976 04 21 369.600000 1 1
1976 04 22 370.900000 1 1
1976 04 23 369.600000 1 1
1976 04 24 364.600000 1 1
1976 04 25 363.400000 1 1
1976 04 26 362.200000 1 1
1976 04 27 361.000000 1 1
1976 04 28 357.400000 1 1
1976 04 29 355.000000 1 1
1976 04 30 353.800000 1 1
1976 05 01 352.600000 1 1
1976 05 02 349.000000 1 1
1976 05 03 345.400000 1 1
1976 05 04 340.600000 1 1
1976 05 05 335.800000 1 1
1976 05 06 332.200000 1 1
1976 05 07 328.600000 1 1
1976 05 08 325.000000 1 1
1976 05 09 320.200000 1 1
1976 05 10 315.400000 1 1
1976 05 11 309.400000 1 1
1976 05 12 299.300000 1 1
1976 05 13 291.600000 1 1
1976 05 14 287.200000 1 1
1976 05 15 286.100000 1 1
1976 05 16 282.800000 1 1
1976 05 17 283.900000 1 1
1976 05 18 290.500000 1 1
1976 05 19 296.000000 1 1
1976 05 20 299.300000 1 1
1976 05 21 300.400000 1 1
1976 05 22 301.500000 1 1
1976 05 23 309.400000 1 1
1976 05 24 316.600000 1 1
1976 05 25 328.600000 1 1
1976 05 26 338.200000 1 1
1976 05 27 345.400000 1 1
1976 05 28 351.400000 1 1
1976 05 29 357.400000 1 1
1976 05 30 353.800000 1 1
1976 05 31 351.400000 1 1
1976 06 01 349.000000 1 1
1976 06 02 343.000000 1 1
1976 06 03 335.800000 1 1
1976 06 04 328.600000 1 1
1976 06 05 323.800000 1 1
1976 06 06 319.000000 1 1
1976 06 07 315.400000 1 1
1976 06 08 311.800000 1 1
1976 06 09 307.000000 1 1
1976 06 10 304.800000 1 1
1976 06 11 298.200000 1 1
1976 06 12 289.400000 1 1
1976 06 13 287.200000 1 1
1976 06 14 285.000000 1 1
1976 06 15 280.600000 1 1
1976 06 16 276.200000 1 1
1976 06 17 271.800000 1 1
1976 06 18 267.400000 1 1
1976 06 19 263.000000 1 1
1976 06 20 257.500000 1 1
1976 06 21 253.100000 1 1
1976 06 22 247.600000 1 1
1976 06 23 244.300000 1 1
1976 06 24 241.000000 1 1
1976 06 25 236.600000 1 1
1976 06 26 232.200000 1 1
1976 06 27 229.000000 1 1
1976 06 28 224.000000 1 1
1976 06 29 222.000000 1 1
1976 06 30 217.000000 1 1
1976 07 01 213.000000 1 1
1976 07 02 211.000000 1 1
1976 07 03 210.000000 1 1
1976 07 04 209.000000 1 1
1976 07 05 207.000000 1 1
1976 07 06 205.000000 1 1
1976 07 07 203.000000 1 1
1976 07 08 201.000000 1 1
1976 07 09 199.000000 1 1
1976 07 10 197.000000 1 1
1976 07 11 197.000000 1 1
1976 07 12 195.000000 1 1
1976 07 13 193.000000 1 1
1976 07 14 192.000000 1 1
1976 07 15 193.000000 1 1
1976 07 16 191.000000 1 1
1976 07 17 190.000000 1 1
1976 07 18 188.000000 1 1
1976 07 19 188.000000 1 1
1976 07 20 186.000000 1 1
1976 07 21 185.000000 1 1
1976 07 22 184.000000 1 1
1976 07 23 183.000000 1 1
1976 07 24 182.000000 1 1
1976 07 25 182.000000 1 1
1976 07 26 181.000000 1 1
1976 07 27 180.000000 1 1
1976 07 28 178.000000 1 1
1976 07 29 177.000000 1 1
1976 07 30 175.000000 1 1
1976 07 31 173.000000 1 1
1976 08 01 171.000000 1 1
1976 08 02 169.000000 1 1
1976 08 03 167.000000 1 1
1976 08 04 165.000000 1 1
1976 08 05 163.000000 1 1
1976 08 06 162.000000 1 1
1976 08 07 162.000000 1 1
1976 08 08 162.000000 1 1
1976 08 09 162.000000 1 1
1976 08 10 162.000000 1 1
1976 08 11 161.000000 1 1
1976 08 12 161.000000 1 1
1976 08 13 158.200000 1 1
1976 08 14 158.200000 1 1
1976 08 15 158.200000 1 1
1976 08 16 156.400000 1 1
1976 08 17 155.500000 1 1
1976 08 18 155.500000 1 1
1976 08 19 154.600000 1 1
1976 08 20 155.500000 1 1
1976 08 21 156.400000 1 1
1976 08 22 158.200000 1 1
1976 08 23 172.000000 1 1
1976 08 24 185.000000 1 1
1976 08 25 190.000000 1 1
1976 08 26 183.000000 1 1
1976 08 27 174.000000 1 1
1976 08 28 165.000000 1 1
1976 08 29 157.300000 1 1
1976 08 30 153.700000 1 1
1976 08 31 151.900000 1 1
1976 09 01 149.200000 1 1
1976 09 02 147.400000 1 1
1976 09 03 144.700000 1 1
1976 09 04 144.700000 1 1
1976 09 05 144.700000 1 1
1976 09 06 144.700000 1 1
1976 09 07 146.500000 1 1
1976 09 08 147.400000 1 1
1976 09 09 149.200000 1 1
1976 09 10 158.200000 1 1
1976 09 11 156.400000 1 1
1976 09 12 154.600000 1 1
1976 09 13 152.800000 1 1
1976 09 14 151.900000 1 1
1976 09 15 151.000000 1 1
1976 09 16 155.500000 1 1
1976 09 17 167.000000 1 1
1976 09 18 184.000000 1 1
1976 09 19 180.000000 1 1
1976 09 20 195.000000 1 1
1976 09 21 198.000000 1 1
1976 09 22 194.000000 1 1
1976 09 23 192.000000 1 1
1976 09 24 185.000000 1 1
1976 09 25 177.000000 1 1
1976 09 26 180.000000 1 1
1976 09 27 187.000000 1 1
1976 09 28 187.000000 1 1
1976 09 29 191.000000 1 1
1976 09 30 216.000000 1 1
1976 10 01 223.000000 1 1
1976 10 02 208.000000 1 1
1976 10 03 186.000000 1 1
1976 10 04 187.000000 1 1
1976 10 05 199.000000 1 1
1976 10 06 210.000000 1 1
1976 10 07 209.000000 1 1
1976 10 08 197.000000 1 1
1976 10 09 194.000000 1 1
1976 10 10 206.000000 1 1
1976 10 11 204.000000 1 1
1976 10 12 202.000000 1 1
1976 10 13 196.000000 1 1
1976 10 14 188.000000 1 1
1976 10 15 181.000000 1 1
1976 10 16 172.000000 1 1
1976 10 17 162.000000 1 1
1976 10 18 158.200000 1 1
1976 10 19 155.500000 1 1
1976 10 20 153.700000 1 1
1976 10 21 152.800000 1 1
1976 10 22 167.000000 1 1
1976 10 23 215.000000 1 1
1976 10 24 254.200000 1 1
1976 10 25 224.000000 1 1
1976 10 26 206.000000 1 1
1976 10 27 193.000000 1 1
1976 10 28 184.000000 1 1
1976 10 29 248.700000 1 1
1976 10 30 272.900000 1 1
1976 10 31 285.000000 1 1
1976 11 01 285.000000 1 1
1976 11 02 288.300000 1 1
1976 11 03 283.900000 1 1
1976 11 04 275.100000 1 1
1976 11 05 269.600000 1 1
1976 11 06 272.900000 1 1
1976 11 07 279.500000 1 1
1976 11 08 285.000000 1 1
1976 11 09 292.700000 1 1
1976 11 10 300.400000 1 1
1976 11 11 305.900000 1 1
1976 11 12 304.800000 1 1
1976 11 13 302.600000 1 1
1976 11 14 302.600000 1 1
1976 11 15 287.200000 1 1
1976 11 16 288.300000 1 1
1976 11 17 290.500000 1 1
1976 11 18 292.700000 1 1
1976 11 19 293.800000 1 1
1976 11 20 294.900000 1 1
1976 11 21 293.800000 1 1
1976 11 22 296.000000 1 1
1976 11 23 303.700000 1 1
1976 11 24 309.400000 1 1
1976 11 25 317.800000 1 1
1976 11 26 317.800000 1 1
1976 11 27 319.000000 1 1
1976 11 28 319.000000 1 1
1976 11 29 323.800000 1 1
1976 11 30 327.400000 1 1
1976 12 01 333.400000 1 1
1976 12 02 340.600000 1 1
1976 12 03 341.800000 1 1
1976 12 04 346.600000 1 1
1976 12 05 351.400000 1 1
1976 12 06 356.200000 1 1
1976 12 07 364.600000 1 1
1976 12 08 372.200000 1 1
1976 12 09 376.100000 1 1
1976 12 10 377.400000 1 1
1976 12 11 378.700000 1 1
1976 12 12 381.300000 1 1
1976 12 13 382.600000 1 1
1976 12 14 381.300000 1 1
1976 12 15 381.300000 1 1
1976 12 16 381.300000 1 1
1976 12 17 381.300000 1 1
1976 12 18 380.000000 1 1
1976 12 19 380.000000 1 1
1976 12 20 381.300000 1 1
1976 12 21 381.300000 1 1
1976 12 22 382.600000 1 1
1976 12 23 381.300000 1 1
1976 12 24 382.600000 1 1
1976 12 25 382.600000 1 1
1976 12 26 381.300000 1 1
1976 12 27 381.300000 1 1
1976 12 28 381.300000 1 1
1976 12 29 381.300000 1 1
1976 12 30 381.300000 1 1
1976 12 31 382.600000 1 1
1977 01 01 382.600000 1 1
1977 01 02 382.600000 1 1
1977 01 03 383.900000 1 1
1977 01 04 386.500000 1 1
1977 01 05 387.800000 1 1
1977 01 06 387.800000 1 1
1977 01 07 385.200000 1 1
1977 01 08 382.600000 1 1
1977 01 09 382.600000 1 1
1977 01 10 381.300000 1 1
1977 01 11 381.300000 1 1
1977 01 12 382.600000 1 1
1977 01 13 383.900000 1 1
1977 01 14 387.800000 1 1
1977 01 15 389.100000 1 1
1977 01 16 390.400000 1 1
1977 01 17 391.700000 1 1
1977 01 18 393.000000 1 1
1977 01 19 394.300000 1 1
1977 01 20 394.300000 1 1
1977 01 21 393.000000 1 1
1977 01 22 390.400000 1 1
1977 01 23 390.400000 1 1
1977 01 24 387.800000 1 1
1977 01 25 389.100000 1 1
1977 01 26 396.900000 1 1
1977 01 27 394.300000 1 1
1977 01 28 393.000000 1 1
1977 01 29 393.000000 1 1
1977 01 30 393.000000 1 1
1977 01 31 394.300000 1 1
1977 02 01 395.600000 1 1
1977 02 02 398.200000 1 1
1977 02 03 402.100000 1 1
1977 02 04 406.000000 1 1
1977 02 05 400.800000 1 1
1977 02 06 398.200000 1 1
1977 02 07 396.900000 1 1
1977 02 08 398.200000 1 1
1977 02 09 399.500000 1 1
1977 02 10 399.500000 1 1
1977 02 11 400.800000 1 1
1977 02 12 400.800000 1 1
1977 02 13 402.100000 1 1
1977 02 14 402.100000 1 1
1977 02 15 399.500000 1 1
1977 02 16 396.900000 1 1
1977 02 17 395.600000 1 1
1977 02 18 395.600000 1 1
1977 02 19 393.000000 1 1
1977 02 20 391.700000 1 1
1977 02 21 389.100000 1 1
1977 02 22 389.100000 1 1
1977 02 23 390.400000 1 1
1977 02 24 390.400000 1 1
1977 02 25 389.100000 1 1
1977 02 26 389.100000 1 1
1977 02 27 387.800000 1 1
1977 02 28 386.500000 1 1
1977 03 01 385.200000 1 1
1977 03 02 385.200000 1 1
1977 03 03 385.200000 1 1
1977 03 04 385.200000 1 1
1977 03 05 385.200000 1 1
1977 03 06 385.200000 1 1
1977 03 07 385.200000 1 1
1977 03 08 385.200000 1 1
1977 03 09 385.200000 1 1
1977 03 10 394.300000 1 1
1977 03 11 386.500000 1 1
1977 03 12 383.900000 1 1
1977 03 13 382.600000 1 1
1977 03 14 381.300000 1 1
1977 03 15 380.000000 1 1
1977 03 16 378.700000 1 1
1977 03 17 377.400000 1 1
1977 03 18 377.400000 1 1
1977 03 19 377.400000 1 1
1977 03 20 378.700000 1 1
1977 03 21 378.700000 1 1
1977 03 22 377.400000 1 1
1977 03 23 374.800000 1 1
1977 03 24 373.500000 1 1
1977 03 25 370.900000 1 1
1977 03 26 370.900000 1 1
1977 03 27 369.600000 1 1
1977 03 28 368.300000 1 1
1977 03 29 370.900000 1 1
1977 03 30 370.900000 1 1
1977 03 31 372.200000 1 1
1977 04 01 372.200000 1 1
1977 04 02 372.200000 1 1
1977 04 03 376.100000 1 1
1977 04 04 377.400000 1 1
1977 04 05 376.100000 1 1
1977 04 06 374.800000 1 1
1977 04 07 373.500000 1 1
1977 04 08 373.500000 1 1
1977 04 09 374.800000 1 1
1977 04 10 376.100000 1 1
1977 04 11 377.400000 1 1
1977 04 12 378.700000 1 1
1977 04 13 378.700000 1 1
1977 04 14 381.300000 1 1
1977 04 15 381.300000 1 1
1977 04 16 380.000000 1 1
1977 04 17 380.000000 1 1
1977 04 18 381.300000 1 1
1977 04 19 380.000000 1 1
1977 04 20 378.700000 1 1
1977 04 21 374.800000 1 1
1977 04 22 370.900000 1 1
1977 04 23 369.600000 1 1
1977 04 24 368.300000 1 1
1977 04 25 367.000000 1 1
1977 04 26 365.800000 1 1
1977 04 27 364.600000 1 1
1977 04 28 362.200000 1 1
1977 04 29 358.600000 1 1
1977 04 30 355.000000 1 1
1977 05 01 347.800000 1 1
1977 05 02 346.600000 1 1
1977 05 03 347.800000 1 1
1977 05 04 346.600000 1 1
1977 05 05 346.600000 1 1
1977 05 06 349.000000 1 1
1977 05 07 350.200000 1 1
1977 05 08 351.400000 1 1
1977 05 09 350.200000 1 1
1977 05 10 347.800000 1 1
1977 05 11 347.800000 1 1
1977 05 12 350.200000 1 1
1977 05 13 351.400000 1 1
1977 05 14 352.600000 1 1
1977 05 15 355.000000 1 1
1977 05 16 357.400000 1 1
1977 05 17 357.400000 1 1
1977 05 18 358.600000 1 1
1977 05 19 358.600000 1 1
1977 05 20 358.600000 1 1
1977 05 21 358.600000 1 1
1977 05 22 359.800000 1 1
1977 05 23 358.600000 1 1
1977 05 24 357.400000 1 1
1977 05 25 357.400000 1 1
1977 05 26 355.000000 1 1
1977 05 27 351.400000 1 1
1977 05 28 346.600000 1 1
1977 05 29 343.000000 1 1
1977 05 30 340.600000 1 1
1977 05 31 337.000000 1 1
1977 06 01 332.200000 1 1
1977 06 02 328.600000 1 1
1977 06 03 322.600000 1 1
1977 06 04 317.800000 1 1
1977 06 05 316.600000 1 1
1977 06 06 313.000000 1 1
1977 06 07 309.400000 1 1
1977 06 08 307.000000 1 1
1977 06 09 300.400000 1 1
1977 06 10 303.700000 1 1
1977 06 11 297.100000 1 1
1977 06 12 294.900000 1 1
1977 06 13 292.700000 1 1
1977 06 14 290.500000 1 1
1977 06 15 287.200000 1 1
1977 06 16 283.900000 1 1
1977 06 17 280.600000 1 1
1977 06 18 278.400000 1 1
1977 06 19 276.200000 1 1
1977 06 20 280.600000 1 1
1977 06 21 285.000000 1 1
1977 06 22 289.400000 1 1
1977 06 23 296.000000 1 1
1977 06 24 298.200000 1 1
1977 06 25 296.000000 1 1
1977 06 26 293.800000 1 1
1977 06 27 287.200000 1 1
1977 06 28 285.000000 1 1
1977 06 29 285.000000 1 1
1977 06 30 286.100000 1 1
1977 07 01 285.000000 1 1
1977 07 02 281.700000 1 1
1977 07 03 278.400000 1 1
1977 07 04 274.000000 1 1
1977 07 05 269.600000 1 1
1977 07 06 265.200000 1 1
1977 07 07 261.900000 1 1
1977 07 08 257.500000 1 1
1977 07 09 249.800000 1 1
1977 07 10 243.200000 1 1
1977 07 11 237.700000 1 1
1977 07 12 232.200000 1 1
1977 07 13 228.000000 1 1
1977 07 14 224.000000 1 1
1977 07 15 222.000000 1 1
1977 07 16 220.000000 1 1
1977 07 17 216.000000 1 1
1977 07 18 212.000000 1 1
1977 07 19 208.000000 1 1
1977 07 20 204.000000 1 1
1977 07 21 203.000000 1 1
1977 07 22 203.000000 1 1
1977 07 23 203.000000 1 1
1977 07 24 202.000000 1 1
1977 07 25 200.000000 1 1
1977 07 26 198.000000 1 1
1977 07 27 196.000000 1 1
1977 07 28 195.000000 1 1
1977 07 29 194.000000 1 1
1977 07 30 193.000000 1 1
1977 07 31 192.000000 1 1
1977 08 01 189.000000 1 1
1977 08 02 187.000000 1 1
1977 08 03 185.000000 1 1
1977 08 04 183.000000 1 1
1977 08 05 172.000000 1 1
1977 08 06 181.000000 1 1
1977 08 07 180.000000 1 1
1977 08 08 178.000000 1 1
1977 08 09 177.000000 1 1
1977 08 10 175.000000 1 1
1977 08 11 173.000000 1 1
1977 08 12 172.000000 1 1
1977 08 13 171.000000 1 1
1977 08 14 171.000000 1 1
1977 08 15 170.000000 1 1
1977 08 16 167.000000 1 1
1977 08 17 167.000000 1 1
1977 08 18 166.000000 1 1
1977 08 19 164.000000 1 1
1977 08 20 164.000000 1 1
1977 08 21 163.000000 1 1
1977 08 22 152.800000 1 1
1977 08 23 152.800000 1 1
1977 08 24 161.000000 1 1
1977 08 25 161.000000 1 1
1977 08 26 161.000000 1 1
1977 08 27 161.000000 1 1
1977 08 28 160.000000 1 1
1977 08 29 157.300000 1 1
1977 08 30 152.800000 1 1
1977 08 31 152.800000 1 1
1977 09 01 156.400000 1 1
1977 09 02 160.000000 1 1
1977 09 03 165.000000 1 1
1977 09 04 170.000000 1 1
1977 09 05 178.000000 1 1
1977 09 06 179.000000 1 1
1977 09 07 174.000000 1 1
1977 09 08 171.000000 1 1
1977 09 09 167.000000 1 1
1977 09 10 165.000000 1 1
1977 09 11 177.000000 1 1
1977 09 12 197.000000 1 1
1977 09 13 189.000000 1 1
1977 09 14 179.000000 1 1
1977 09 15 168.000000 1 1
1977 09 16 168.000000 1 1
1977 09 17 165.000000 1 1
1977 09 18 165.000000 1 1
1977 09 19 167.000000 1 1
1977 09 20 166.000000 1 1
1977 09 21 170.000000 1 1
1977 09 22 177.000000 1 1
1977 09 23 183.000000 1 1
1977 09 24 190.000000 1 1
1977 09 25 201.000000 1 1
1977 09 26 193.000000 1 1
1977 09 27 190.000000 1 1
1977 09 28 175.000000 1 1
1977 09 29 175.000000 1 1
1977 09 30 167.000000 1 1
1977 10 01 164.000000 1 1
1977 10 02 162.000000 1 1
1977 10 03 166.000000 1 1
1977 10 04 180.000000 1 1
1977 10 05 202.000000 1 1
1977 10 06 228.000000 1 1
1977 10 07 232.200000 1 1
1977 10 08 222.000000 1 1
1977 10 09 216.000000 1 1
1977 10 10 222.000000 1 1
1977 10 11 216.000000 1 1
1977 10 12 204.000000 1 1
1977 10 13 190.000000 1 1
1977 10 14 176.000000 1 1
1977 10 15 168.000000 1 1
1977 10 16 172.000000 1 1
1977 10 17 170.000000 1 1
1977 10 18 168.000000 1 1
1977 10 19 172.000000 1 1
1977 10 20 188.000000 1 1
1977 10 21 220.000000 1 1
1977 10 22 232.200000 1 1
1977 10 23 216.000000 1 1
1977 10 24 202.000000 1 1
1977 10 25 197.000000 1 1
1977 10 26 202.000000 1 1
1977 10 27 204.000000 1 1
1977 10 28 204.000000 1 1
1977 10 29 207.000000 1 1
1977 10 30 214.000000 1 1
1977 10 31 226.000000 1 1
1977 11 01 238.800000 1 1
1977 11 02 243.200000 1 1
1977 11 03 248.700000 1 1
1977 11 04 264.100000 1 1
1977 11 05 269.600000 1 1
1977 11 06 276.200000 1 1
1977 11 07 286.100000 1 1
1977 11 08 290.500000 1 1
1977 11 09 289.400000 1 1
1977 11 10 287.200000 1 1
1977 11 11 283.900000 1 1
1977 11 12 281.700000 1 1
1977 11 13 279.500000 1 1
1977 11 14 279.500000 1 1
1977 11 15 281.700000 1 1
1977 11 16 285.000000 1 1
1977 11 17 289.400000 1 1
1977 11 18 292.700000 1 1
1977 11 19 296.000000 1 1
1977 11 20 303.700000 1 1
1977 11 21 310.600000 1 1
1977 11 22 317.800000 1 1
1977 11 23 323.800000 1 1
1977 11 24 331.000000 1 1
1977 11 25 337.000000 1 1
1977 11 26 343.000000 1 1
1977 11 27 347.800000 1 1
1977 11 28 349.000000 1 1
1977 11 29 350.200000 1 1
1977 11 30 349.000000 1 1
1977 12 01 347.800000 1 1
1977 12 02 349.000000 1 1
1977 12 03 350.200000 1 1
1977 12 04 352.600000 1 1
1977 12 05 355.000000 1 1
1977 12 06 357.400000 1 1
1977 12 07 359.800000 1 1
1977 12 08 361.000000 1 1
1977 12 09 363.400000 1 1
1977 12 10 364.600000 1 1
1977 12 11 367.000000 1 1
1977 12 12 368.300000 1 1
1977 12 13 365.800000 1 1
1977 12 14 363.400000 1 1
1977 12 15 364.600000 1 1
1977 12 16 365.800000 1 1
1977 12 17 364.600000 1 1
1977 12 18 362.200000 1 1
1977 12 19 361.000000 1 1
1977 12 20 359.800000 1 1
1977 12 21 357.400000 1 1
1977 12 22 355.000000 1 1
1977 12 23 352.600000 1 1
1977 12 24 353.800000 1 1
1977 12 25 356.200000 1 1
1977 12 26 358.600000 1 1
1977 12 27 362.200000 1 1
1977 12 28 369.600000 1 1
1977 12 29 377.400000 1 1
1977 12 30 385.200000 1 1
1977 12 31 387.800000 1 1
1978 01 01 390.400000 1 1
1978 01 02 390.400000 1 1
1978 01 03 395.600000 1 1
1978 01 04 398.200000 1 1
1978 01 05 399.500000 1 1
1978 01 06 402.100000 1 1
1978 01 07 404.700000 1 1
1978 01 08 402.100000 1 1
1978 01 09 400.800000 1 1
1978 01 10 403.400000 1 1
1978 01 11 406.000000 1 1
1978 01 12 404.700000 1 1
1978 01 13 406.000000 1 1
1978 01 14 408.600000 1 1
1978 01 15 411.200000 1 1
1978 01 16 412.500000 1 1
1978 01 17 415.100000 1 1
1978 01 18 413.800000 1 1
1978 01 19 411.200000 1 1
1978 01 20 409.900000 1 1
1978 01 21 408.600000 1 1
1978 01 22 406.000000 1 1
1978 01 23 404.700000 1 1
1978 01 24 402.100000 1 1
1978 01 25 399.500000 1 1
1978 01 26 396.900000 1 1
1978 01 27 394.300000 1 1
1978 01 28 391.700000 1 1
1978 01 29 389.100000 1 1
1978 01 30 386.500000 1 1
1978 01 31 383.900000 1 1
1978 02 01 385.200000 1 1
1978 02 02 387.800000 1 1
1978 02 03 387.800000 1 1
1978 02 04 385.200000 1 1
1978 02 05 381.300000 1 1
1978 02 06 378.700000 1 1
1978 02 07 380.000000 1 1
1978 02 08 382.600000 1 1
1978 02 09 383.900000 1 1
1978 02 10 385.200000 1 1
1978 02 11 386.500000 1 1
1978 02 12 386.500000 1 1
1978 02 13 383.900000 1 1
1978 02 14 381.300000 1 1
1978 02 15 380.000000 1 1
1978 02 16 376.100000 1 1
1978 02 17 374.800000 1 1
1978 02 18 374.800000 1 1
1978 02 19 373.500000 1 1
1978 02 20 370.900000 1 1
1978 02 21 368.300000 1 1
1978 02 22 368.300000 1 1
1978 02 23 368.300000 1 1
1978 02 24 368.300000 1 1
1978 02 25 369.600000 1 1
1978 02 26 370.900000 1 1
1978 02 27 373.500000 1 1
1978 02 28 376.100000 1 1
1978 03 01 381.300000 1 1
1978 03 02 385.200000 1 1
1978 03 03 387.800000 1 1
1978 03 04 390.400000 1 1
1978 03 05 393.000000 1 1
1978 03 06 395.600000 1 1
1978 03 07 398.200000 1 1
1978 03 08 399.500000 1 1
1978 03 09 399.500000 1 1
1978 03 10 400.800000 1 1
1978 03 11 403.400000 1 1
1978 03 12 406.000000 1 1
1978 03 13 407.300000 1 1
1978 03 14 407.300000 1 1
1978 03 15 407.300000 1 1
1978 03 16 406.000000 1 1
1978 03 17 402.100000 1 1
1978 03 18 399.500000 1 1
1978 03 19 396.900000 1 1
1978 03 20 393.000000 1 1
1978 03 21 390.400000 1 1
1978 03 22 387.800000 1 1
1978 03 23 385.200000 1 1
1978 03 24 382.600000 1 1
1978 03 25 382.600000 1 1
1978 03 26 381.300000 1 1
1978 03 27 378.700000 1 1
1978 03 28 376.100000 1 1
1978 03 29 372.200000 1 1
1978 03 30 369.600000 1 1
1978 03 31 369.600000 1 1
1978 04 01 368.300000 1 1
1978 04 02 368.300000 1 1
1978 04 03 367.000000 1 1
1978 04 04 367.000000 1 1
1978 04 05 365.800000 1 1
1978 04 06 365.800000 1 1
1978 04 07 365.800000 1 1
1978 04 08 365.800000 1 1
1978 04 09 365.800000 1 1
1978 04 10 364.600000 1 1
1978 04 11 361.000000 1 1
1978 04 12 358.600000 1 1
1978 04 13 357.400000 1 1
1978 04 14 355.000000 1 1
1978 04 15 352.600000 1 1
1978 04 16 350.200000 1 1
1978 04 17 347.800000 1 1
1978 04 18 346.600000 1 1
1978 04 19 346.600000 1 1
1978 04 20 346.600000 1 1
1978 04 21 346.600000 1 1
1978 04 22 347.800000 1 1
1978 04 23 347.800000 1 1
1978 04 24 347.800000 1 1
1978 04 25 347.800000 1 1
1978 04 26 347.800000 1 1
1978 04 27 350.200000 1 1
1978 04 28 353.800000 1 1
1978 04 29 357.400000 1 1
1978 04 30 359.800000 1 1
1978 05 01 362.200000 1 1
1978 05 02 361.000000 1 1
1978 05 03 358.600000 1 1
1978 05 04 356.200000 1 1
1978 05 05 356.200000 1 1
1978 05 06 356.200000 1 1
1978 05 07 356.200000 1 1
1978 05 08 356.200000 1 1
1978 05 09 352.600000 1 1
1978 05 10 347.800000 1 1
1978 05 11 343.000000 1 1
1978 05 12 338.200000 1 1
1978 05 13 331.000000 1 1
1978 05 14 325.000000 1 1
1978 05 15 320.200000 1 1
1978 05 16 315.400000 1 1
1978 05 17 310.600000 1 1
1978 05 18 308.200000 1 1
1978 05 19 303.700000 1 1
1978 05 20 299.300000 1 1
1978 05 21 296.000000 1 1
1978 05 22 290.500000 1 1
1978 05 23 285.000000 1 1
1978 05 24 282.800000 1 1
1978 05 25 280.600000 1 1
1978 05 26 278.400000 1 1
1978 05 27 276.200000 1 1
1978 05 28 274.000000 1 1
1978 05 29 275.100000 1 1
1978 05 30 277.300000 1 1
1978 05 31 278.400000 1 1
1978 06 01 281.700000 1 1
1978 06 02 283.900000 1 1
1978 06 03 287.200000 1 1
1978 06 04 289.400000 1 1
1978 06 05 292.700000 1 1
1978 06 06 297.100000 1 1
1978 06 07 298.200000 1 1
1978 06 08 303.700000 1 1
1978 06 09 308.200000 1 1
1978 06 10 310.600000 1 1
1978 06 11 314.200000 1 1
1978 06 12 319.000000 1 1
1978 06 13 320.200000 1 1
1978 06 14 315.400000 1 1
1978 06 15 310.600000 1 1
1978 06 16 307.000000 1 1
1978 06 17 302.600000 1 1
1978 06 18 298.200000 1 1
1978 06 19 292.700000 1 1
1978 06 20 288.300000 1 1
1978 06 21 283.900000 1 1
1978 06 22 280.600000 1 1
1978 06 23 272.900000 1 1
1978 06 24 268.500000 1 1
1978 06 25 261.900000 1 1
1978 06 26 255.300000 1 1
1978 06 27 247.600000 1 1
1978 06 28 238.800000 1 1
1978 06 29 232.200000 1 1
1978 06 30 228.000000 1 1
1978 07 01 224.000000 1 1
1978 07 02 221.000000 1 1
1978 07 03 218.000000 1 1
1978 07 04 216.000000 1 1
1978 07 05 216.000000 1 1
1978 07 06 216.000000 1 1
1978 07 07 216.000000 1 1
1978 07 08 215.000000 1 1
1978 07 09 213.000000 1 1
1978 07 10 211.000000 1 1
1978 07 11 208.000000 1 1
1978 07 12 204.000000 1 1
1978 07 13 202.000000 1 1
1978 07 14 199.000000 1 1
1978 07 15 196.000000 1 1
1978 07 16 193.000000 1 1
1978 07 17 194.000000 1 1
1978 07 18 199.000000 1 1
1978 07 19 202.000000 1 1
1978 07 20 204.000000 1 1
1978 07 21 209.000000 1 1
1978 07 22 213.000000 1 1
1978 07 23 218.000000 1 1
1978 07 24 218.000000 1 1
1978 07 25 215.000000 1 1
1978 07 26 212.000000 1 1
1978 07 27 210.000000 1 1
1978 07 28 208.000000 1 1
1978 07 29 205.000000 1 1
1978 07 30 208.000000 1 1
1978 07 31 217.000000 1 1
1978 08 01 216.000000 1 1
1978 08 02 213.000000 1 1
1978 08 03 210.000000 1 1
1978 08 04 206.000000 1 1
1978 08 05 202.000000 1 1
1978 08 06 199.000000 1 1
1978 08 07 196.000000 1 1
1978 08 08 193.000000 1 1
1978 08 09 190.000000 1 1
1978 08 10 188.000000 1 1
1978 08 11 185.000000 1 1
1978 08 12 182.000000 1 1
1978 08 13 179.000000 1 1
1978 08 14 176.000000 1 1
1978 08 15 174.000000 1 1
1978 08 16 172.000000 1 1
1978 08 17 171.000000 1 1
1978 08 18 170.000000 1 1
1978 08 19 171.000000 1 1
1978 08 20 171.000000 1 1
1978 08 21 171.000000 1 1
1978 08 22 171.000000 1 1
1978 08 23 171.000000 1 1
1978 08 24 171.000000 1 1
1978 08 25 170.000000 1 1
1978 08 26 169.000000 1 1
1978 08 27 168.000000 1 1
1978 08 28 168.000000 1 1
1978 08 29 166.000000 1 1
1978 08 30 165.000000 1 1
1978 08 31 165.000000 1 1
1978 09 01 167.000000 1 1
1978 09 02 169.000000 1 1
1978 09 03 170.000000 1 1
1978 09 04 169.000000 1 1
1978 09 05 171.000000 1 1
1978 09 06 175.000000 1 1
1978 09 07 179.000000 1 1
1978 09 08 183.000000 1 1
1978 09 09 186.000000 1 1
1978 09 10 189.000000 1 1
1978 09 11 191.000000 1 1
1978 09 12 194.000000 1 1
1978 09 13 196.000000 1 1
1978 09 14 199.000000 1 1
1978 09 15 203.000000 1 1
1978 09 16 209.000000 1 1
1978 09 17 217.000000 1 1
1978 09 18 223.000000 1 1
1978 09 19 230.000000 1 1
1978 09 20 230.000000 1 1
1978 09 21 227.000000 1 1
1978 09 22 223.000000 1 1
1978 09 23 218.000000 1 1
1978 09 24 212.000000 1 1
1978 09 25 208.000000 1 1
1978 09 26 204.000000 1 1
1978 09 27 201.000000 1 1
1978 09 28 199.000000 1 1
1978 09 29 197.000000 1 1
1978 09 30 195.000000 1 1
1978 10 01 192.000000 1 1
1978 10 02 190.000000 1 1
1978 10 03 186.000000 1 1
1978 10 04 182.000000 1 1
1978 10 05 178.000000 1 1
1978 10 06 176.000000 1 1
1978 10 07 174.000000 1 1
1978 10 08 174.000000 1 1
1978 10 09 172.000000 1 1
1978 10 10 170.000000 1 1
1978 10 11 169.000000 1 1
1978 10 12 172.000000 1 1
1978 10 13 177.000000 1 1
1978 10 14 181.000000 1 1
1978 10 15 187.000000 1 1
1978 10 16 193.000000 1 1
1978 10 17 200.000000 1 1
1978 10 18 207.000000 1 1
1978 10 19 213.000000 1 1
1978 10 20 220.000000 1 1
1978 10 21 230.000000 1 1
1978 10 22 238.800000 1 1
1978 10 23 248.700000 1 1
1978 10 24 259.700000 1 1
1978 10 25 260.800000 1 1
1978 10 26 256.400000 1 1
1978 10 27 256.400000 1 1
1978 10 28 259.700000 1 1
1978 10 29 258.600000 1 1
1978 10 30 253.100000 1 1
1978 10 31 247.600000 1 1
1978 11 01 244.300000 1 1
1978 11 02 242.100000 1 1
1978 11 03 239.900000 1 1
1978 11 04 237.700000 1 1
1978 11 05 238.800000 1 1
1978 11 06 243.200000 1 1
1978 11 07 245.400000 1 1
1978 11 08 250.900000 1 1
1978 11 09 257.500000 1 1
1978 11 10 264.100000 1 1
1978 11 11 270.700000 1 1
1978 11 12 276.200000 1 1
1978 11 13 282.800000 1 1
1978 11 14 290.500000 1 1
1978 11 15 298.200000 1 1
1978 11 16 307.000000 1 1
1978 11 17 316.600000 1 1
1978 11 18 323.800000 1 1
1978 11 19 331.000000 1 1
1978 11 20 327.400000 1 1
1978 11 21 319.000000 1 1
1978 11 22 311.800000 1 1
1978 11 23 304.800000 1 1
1978 11 24 297.100000 1 1
1978 11 25 294.900000 1 1
1978 11 26 299.300000 1 1
1978 11 27 307.000000 1 1
1978 11 28 313.000000 1 1
1978 11 29 317.800000 1 1
1978 11 30 320.200000 1 1
1978 12 01 320.200000 1 1
1978 12 02 315.400000 1 1
1978 12 03 309.400000 1 1
1978 12 04 304.800000 1 1
1978 12 05 300.400000 1 1
1978 12 06 294.900000 1 1
1978 12 07 290.500000 1 1
1978 12 08 288.300000 1 1
1978 12 09 283.900000 1 1
1978 12 10 281.700000 1 1
1978 12 11 288.300000 1 1
1978 12 12 300.400000 1 1
1978 12 13 320.200000 1 1
1978 12 14 328.600000 1 1
1978 12 15 338.200000 1 1
1978 12 16 346.600000 1 1
1978 12 17 356.200000 1 1
1978 12 18 363.400000 1 1
1978 12 19 367.000000 1 1
1978 12 20 369.600000 1 1
1978 12 21 372.200000 1 1
1978 12 22 372.200000 1 1
1978 12 23 370.900000 1 1
1978 12 24 368.300000 1 1
1978 12 25 369.600000 1 1
1978 12 26 374.800000 1 1
1978 12 27 378.700000 1 1
1978 12 28 381.300000 1 1
1978 12 29 381.300000 1 1
1978 12 30 381.300000 1 1
1978 12 31 381.300000 1 1
1979 01 01 387.800000 1 1
1979 01 02 393.000000 1 1
1979 01 03 396.900000 1 1
1979 01 04 402.100000 1 1
1979 01 05 404.700000 1 1
1979 01 06 404.700000 1 1
1979 01 07 404.700000 1 1
1979 01 08 404.700000 1 1
1979 01 09 404.700000 1 1
1979 01 10 403.400000 1 1
1979 01 11 403.400000 1 1
1979 01 12 402.100000 1 1
1979 01 13 403.400000 1 1
1979 01 14 406.000000 1 1
1979 01 15 404.700000 1 1
1979 01 16 403.400000 1 1
1979 01 17 404.700000 1 1
1979 01 18 407.300000 1 1
1979 01 19 407.300000 1 1
1979 01 20 407.300000 1 1
1979 01 21 408.600000 1 1
1979 01 22 407.300000 1 1
1979 01 23 406.000000 1 1
1979 01 24 406.000000 1 1
1979 01 25 404.700000 1 1
1979 01 26 404.700000 1 1
1979 01 27 402.100000 1 1
1979 01 28 402.100000 1 1
1979 01 29 404.700000 1 1
1979 01 30 403.400000 1 1
1979 01 31 402.100000 1 1
1979 02 01 404.700000 1 1
1979 02 02 407.300000 1 1
1979 02 03 407.300000 1 1
1979 02 04 404.700000 1 1
1979 02 05 402.100000 1 1
1979 02 06 402.100000 1 1
1979 02 07 402.100000 1 1
1979 02 08 400.800000 1 1
1979 02 09 399.500000 1 1
1979 02 10 398.200000 1 1
1979 02 11 396.900000 1 1
1979 02 12 396.900000 1 1
1979 02 13 395.600000 1 1
1979 02 14 394.300000 1 1
1979 02 15 393.000000 1 1
1979 02 16 393.000000 1 1
1979 02 17 394.300000 1 1
1979 02 18 393.000000 1 1
1979 02 19 393.000000 1 1
1979 02 20 393.000000 1 1
1979 02 21 395.600000 1 1
1979 02 22 396.900000 1 1
1979 02 23 398.200000 1 1
1979 02 24 399.500000 1 1
1979 02 25 399.500000 1 1
1979 02 26 399.500000 1 1
1979 02 27 396.900000 1 1
1979 02 28 396.900000 1 1
1979 03 01 399.500000 1 1
1979 03 02 395.600000 1 1
1979 03 03 394.300000 1 1
1979 03 04 393.000000 1 1
1979 03 05 390.400000 1 1
1979 03 06 390.400000 1 1
1979 03 07 389.100000 1 1
1979 03 08 386.500000 1 1
1979 03 09 386.500000 1 1
1979 03 10 386.500000 1 1
1979 03 11 387.800000 1 1
1979 03 12 387.800000 1 1
1979 03 13 381.300000 1 1
1979 03 14 373.500000 1 1
1979 03 15 368.300000 1 1
1979 03 16 363.400000 1 1
1979 03 17 364.600000 1 1
1979 03 18 362.200000 1 1
1979 03 19 361.000000 1 1
1979 03 20 363.400000 1 1
1979 03 21 365.800000 1 1
1979 03 22 393.000000 1 1
1979 03 23 395.600000 1 1
1979 03 24 398.200000 1 1
1979 03 25 403.400000 1 1
1979 03 26 403.400000 1 1
1979 03 27 402.100000 1 1
1979 03 28 400.800000 1 1
1979 03 29 399.500000 1 1
1979 03 30 396.900000 1 1
1979 03 31 393.000000 1 1
1979 04 01 391.700000 1 1
1979 04 02 389.100000 1 1
1979 04 03 387.800000 1 1
1979 04 04 385.200000 1 1
1979 04 05 385.200000 1 1
1979 04 06 387.800000 1 1
1979 04 07 389.100000 1 1
1979 04 08 386.500000 1 1
1979 04 09 386.500000 1 1
1979 04 10 387.800000 1 1
1979 04 11 390.400000 1 1
1979 04 12 390.400000 1 1
1979 04 13 393.000000 1 1
1979 04 14 393.000000 1 1
1979 04 15 389.100000 1 1
1979 04 16 387.800000 1 1
1979 04 17 385.200000 1 1
1979 04 18 385.200000 1 1
1979 04 19 382.600000 1 1
1979 04 20 381.300000 1 1
1979 04 21 380.000000 1 1
1979 04 22 378.700000 1 1
1979 04 23 376.100000 1 1
1979 04 24 374.800000 1 1
1979 04 25 373.500000 1 1
1979 04 26 370.900000 1 1
1979 04 27 367.000000 1 1
1979 04 28 364.600000 1 1
1979 04 29 363.400000 1 1
1979 04 30 363.400000 1 1
1979 05 01 367.000000 1 1
1979 05 02 367.000000 1 1
1979 05 03 367.000000 1 1
1979 05 04 368.300000 1 1
1979 05 05 368.300000 1 1
1979 05 06 365.800000 1 1
1979 05 07 367.000000 1 1
1979 05 08 368.300000 1 1
1979 05 09 368.300000 1 1
1979 05 10 369.600000 1 1
1979 05 11 369.600000 1 1
1979 05 12 372.200000 1 1
1979 05 13 373.500000 1 1
1979 05 14 372.200000 1 1
1979 05 15 372.200000 1 1
1979 05 16 368.300000 1 1
1979 05 17 363.400000 1 1
1979 05 18 359.800000 1 1
1979 05 19 357.400000 1 1
1979 05 20 353.800000 1 1
1979 05 21 349.000000 1 1
1979 05 22 347.800000 1 1
1979 05 23 343.000000 1 1
1979 05 24 339.400000 1 1
1979 05 25 337.000000 1 1
1979 05 26 335.800000 1 1
1979 05 27 332.200000 1 1
1979 05 28 328.600000 1 1
1979 05 29 325.000000 1 1
1979 05 30 323.800000 1 1
1979 05 31 321.400000 1 1
1979 06 01 322.600000 1 1
1979 06 02 325.000000 1 1
1979 06 03 326.200000 1 1
1979 06 04 328.600000 1 1
1979 06 05 326.200000 1 1
1979 06 06 322.600000 1 1
1979 06 07 317.800000 1 1
1979 06 08 313.000000 1 1
1979 06 09 307.000000 1 1
1979 06 10 301.500000 1 1
1979 06 11 298.200000 1 1
1979 06 12 293.800000 1 1
1979 06 13 290.500000 1 1
1979 06 14 288.300000 1 1
1979 06 15 287.200000 1 1
1979 06 16 286.100000 1 1
1979 06 17 283.900000 1 1
1979 06 18 282.800000 1 1
1979 06 19 285.000000 1 1
1979 06 20 283.900000 1 1
1979 06 21 279.500000 1 1
1979 06 22 278.400000 1 1
1979 06 23 276.200000 1 1
1979 06 24 272.900000 1 1
1979 06 25 269.600000 1 1
1979 06 26 267.400000 1 1
1979 06 27 265.200000 1 1
1979 06 28 263.000000 1 1
1979 06 29 260.800000 1 1
1979 06 30 257.500000 1 1
1979 07 01 255.300000 1 1
1979 07 02 253.100000 1 1
1979 07 03 252.000000 1 1
1979 07 04 252.000000 1 1
1979 07 05 252.000000 1 1
1979 07 06 248.700000 1 1
1979 07 07 247.600000 1 1
1979 07 08 245.400000 1 1
1979 07 09 243.200000 1 1
1979 07 10 242.100000 1 1
1979 07 11 241.000000 1 1
1979 07 12 239.900000 1 1
1979 07 13 238.800000 1 1
1979 07 14 237.700000 1 1
1979 07 15 238.800000 1 1
1979 07 16 237.700000 1 1
1979 07 17 235.500000 1 1
1979 07 18 234.400000 1 1
1979 07 19 234.400000 1 1
1979 07 20 232.200000 1 1
1979 07 21 230.000000 1 1
1979 07 22 231.100000 1 1
1979 07 23 229.000000 1 1
1979 07 24 236.600000 1 1
1979 07 25 241.000000 1 1
1979 07 26 238.800000 1 1
1979 07 27 238.800000 1 1
1979 07 28 239.900000 1 1
1979 07 29 236.600000 1 1
1979 07 30 232.200000 1 1
1979 07 31 229.000000 1 1
1979 08 01 227.000000 1 1
1979 08 02 224.000000 1 1
1979 08 03 214.000000 1 1
1979 08 04 213.000000 1 1
1979 08 05 214.000000 1 1
1979 08 06 202.000000 1 1
1979 08 07 203.000000 1 1
1979 08 08 204.000000 1 1
1979 08 09 204.000000 1 1
1979 08 10 202.000000 1 1
1979 08 11 202.000000 1 1
1979 08 12 200.000000 1 1
1979 08 13 199.000000 1 1
1979 08 14 197.000000 1 1
1979 08 15 197.000000 1 1
1979 08 16 198.000000 1 1
1979 08 17 198.000000 1 1
1979 08 18 198.000000 1 1
1979 08 19 197.000000 1 1
1979 08 20 194.000000 1 1
1979 08 21 193.000000 1 1
1979 08 22 192.000000 1 1
1979 08 23 192.000000 1 1
1979 08 24 191.000000 1 1
1979 08 25 190.000000 1 1
1979 08 26 191.000000 1 1
1979 08 27 190.000000 1 1
1979 08 28 189.000000 1 1
1979 08 29 191.000000 1 1
1979 08 30 211.000000 1 1
1979 08 31 229.000000 1 1
1979 09 01 217.000000 1 1
1979 09 02 217.000000 1 1
1979 09 03 225.000000 1 1
1979 09 04 228.000000 1 1
1979 09 05 218.000000 1 1
1979 09 06 212.000000 1 1
1979 09 07 215.000000 1 1
1979 09 08 229.000000 1 1
1979 09 09 246.500000 1 1
1979 09 10 255.300000 1 1
1979 09 11 256.400000 1 1
1979 09 12 270.700000 1 1
1979 09 13 290.500000 1 1
1979 09 14 301.500000 1 1
1979 09 15 315.400000 1 1
1979 09 16 325.000000 1 1
1979 09 17 328.600000 1 1
1979 09 18 325.000000 1 1
1979 09 19 316.600000 1 1
1979 09 20 293.800000 1 1
1979 09 21 280.600000 1 1
1979 09 22 277.300000 1 1
1979 09 23 282.800000 1 1
1979 09 24 275.100000 1 1
1979 09 25 265.200000 1 1
1979 09 26 268.500000 1 1
1979 09 27 268.500000 1 1
1979 09 28 268.500000 1 1
1979 09 29 265.200000 1 1
1979 09 30 265.200000 1 1
1979 10 01 263.000000 1 1
1979 10 02 260.800000 1 1
1979 10 03 261.900000 1 1
1979 10 04 258.600000 1 1
1979 10 05 246.500000 1 1
1979 10 06 242.100000 1 1
1979 10 07 238.800000 1 1
1979 10 08 228.000000 1 1
1979 10 09 226.000000 1 1
1979 10 10 220.000000 1 1
1979 10 11 218.000000 1 1
1979 10 12 219.000000 1 1
1979 10 13 224.000000 1 1
1979 10 14 225.000000 1 1
1979 10 15 227.000000 1 1
1979 10 16 229.000000 1 1
1979 10 17 234.400000 1 1
1979 10 18 247.600000 1 1
1979 10 19 261.900000 1 1
1979 10 20 260.800000 1 1
1979 10 21 252.000000 1 1
1979 10 22 234.400000 1 1
1979 10 23 217.000000 1 1
1979 10 24 213.000000 1 1
1979 10 25 204.000000 1 1
1979 10 26 199.000000 1 1
1979 10 27 193.000000 1 1
1979 10 28 191.000000 1 1
1979 10 29 187.000000 1 1
1979 10 30 191.000000 1 1
1979 10 31 190.000000 1 1
1979 11 01 184.000000 1 1
1979 11 02 184.000000 1 1
1979 11 03 185.000000 1 1
1979 11 04 189.000000 1 1
1979 11 05 208.000000 1 1
1979 11 06 228.000000 1 1
1979 11 07 247.600000 1 1
1979 11 08 272.900000 1 1
1979 11 09 277.300000 1 1
1979 11 10 267.400000 1 1
1979 11 11 257.500000 1 1
1979 11 12 257.500000 1 1
1979 11 13 256.400000 1 1
1979 11 14 255.300000 1 1
1979 11 15 237.700000 1 1
1979 11 16 218.000000 1 1
1979 11 17 212.000000 1 1
1979 11 18 217.000000 1 1
1979 11 19 213.000000 1 1
1979 11 20 219.000000 1 1
1979 11 21 227.000000 1 1
1979 11 22 232.200000 1 1
1979 11 23 261.900000 1 1
1979 11 24 280.600000 1 1
1979 11 25 283.900000 1 1
1979 11 26 265.200000 1 1
1979 11 27 252.000000 1 1
1979 11 28 244.300000 1 1
1979 11 29 259.700000 1 1
1979 11 30 274.000000 1 1
1979 12 01 279.500000 1 1
1979 12 02 260.800000 1 1
1979 12 03 249.800000 1 1
1979 12 04 244.300000 1 1
1979 12 05 256.400000 1 1
1979 12 06 267.400000 1 1
1979 12 07 283.900000 1 1
1979 12 08 296.000000 1 1
1979 12 09 304.800000 1 1
1979 12 10 296.000000 1 1
1979 12 11 277.300000 1 1
1979 12 12 266.300000 1 1
1979 12 13 279.500000 1 1
1979 12 14 289.400000 1 1
1979 12 15 298.200000 1 1
1979 12 16 304.800000 1 1
1979 12 17 307.000000 1 1
1979 12 18 311.800000 1 1
1979 12 19 321.400000 1 1
1979 12 20 329.800000 1 1
1979 12 21 334.600000 1 1
1979 12 22 340.600000 1 1
1979 12 23 340.600000 1 1
1979 12 24 347.800000 1 1
1979 12 25 345.400000 1 1
1979 12 26 347.800000 1 1
1979 12 27 350.200000 1 1
1979 12 28 362.200000 1 1
1979 12 29 362.200000 1 1
1979 12 30 369.600000 1 1
1979 12 31 378.700000 1 1
1980 01 01 378.700000 1 1
1980 01 02 383.900000 1 1
1980 01 03 387.800000 1 1
1980 01 04 394.300000 1 1
1980 01 05 393.000000 1 1
1980 01 06 389.100000 1 1
1980 01 07 387.800000 1 1
1980 01 08 386.500000 1 1
1980 01 09 383.900000 1 1
1980 01 10 370.900000 1 1
1980 01 11 382.600000 1 1
1980 01 12 382.600000 1 1
1980 01 13 381.300000 1 1
1980 01 14 370.900000 1 1
1980 01 15 382.600000 1 1
1980 01 16 385.200000 1 1
1980 01 17 385.200000 1 1
1980 01 18 391.700000 1 1
1980 01 19 393.000000 1 1
1980 01 20 398.200000 1 1
1980 01 21 400.800000 1 1
1980 01 22 394.300000 1 1
1980 01 23 403.400000 1 1
1980 01 24 396.900000 1 1
1980 01 25 395.600000 1 1
1980 01 26 395.600000 1 1
1980 01 27 402.100000 1 1
1980 01 28 417.700000 1 1
1980 01 29 411.200000 1 1
1980 01 30 398.200000 1 1
1980 01 31 394.300000 1 1
1980 02 01 394.300000 1 1
1980 02 02 396.900000 1 1
1980 02 03 395.600000 1 1
1980 02 04 396.900000 1 1
1980 02 05 396.900000 1 1
1980 02 06 396.900000 1 1
1980 02 07 396.900000 1 1
1980 02 08 400.800000 1 1
1980 02 09 399.500000 1 1
1980 02 10 398.200000 1 1
1980 02 11 396.900000 1 1
1980 02 12 400.800000 1 1
1980 02 13 402.100000 1 1
1980 02 14 399.500000 1 1
1980 02 15 400.800000 1 1
1980 02 16 400.800000 1 1
1980 02 17 402.100000 1 1
1980 02 18 399.500000 1 1
1980 02 19 402.100000 1 1
1980 02 20 407.300000 1 1
1980 02 21 409.900000 1 1
1980 02 22 412.500000 1 1
1980 02 23 411.200000 1 1
1980 02 24 407.300000 1 1
1980 02 25 412.500000 1 1
1980 02 26 415.100000 1 1
1980 02 27 413.800000 1 1
1980 02 28 411.200000 1 1
1980 02 29 411.200000 1 1
1980 03 01 408.600000 1 1
1980 03 02 406.000000 1 1
1980 03 03 406.000000 1 1
1980 03 04 406.000000 1 1
1980 03 05 411.200000 1 1
1980 03 06 408.600000 1 1
1980 03 07 406.000000 1 1
1980 03 08 403.400000 1 1
1980 03 09 403.400000 1 1
1980 03 10 403.400000 1 1
1980 03 11 403.400000 1 1
1980 03 12 402.100000 1 1
1980 03 13 399.500000 1 1
1980 03 14 402.100000 1 1
1980 03 15 399.500000 1 1
1980 03 16 400.800000 1 1
1980 03 17 402.100000 1 1
1980 03 18 403.400000 1 1
1980 03 19 403.400000 1 1
1980 03 20 404.700000 1 1
1980 03 21 403.400000 1 1
1980 03 22 399.500000 1 1
1980 03 23 396.900000 1 1
1980 03 24 395.600000 1 1
1980 03 25 394.300000 1 1
1980 03 26 393.000000 1 1
1980 03 27 391.700000 1 1
1980 03 28 391.700000 1 1
1980 03 29 390.400000 1 1
1980 03 30 390.400000 1 1
1980 03 31 389.100000 1 1
1980 04 01 389.100000 1 1
1980 04 02 391.700000 1 1
1980 04 03 395.600000 1 1
1980 04 04 398.200000 1 1
1980 04 05 400.800000 1 1
1980 04 06 393.000000 1 1
1980 04 07 390.400000 1 1
1980 04 08 389.100000 1 1
1980 04 09 385.200000 1 1
1980 04 10 389.100000 1 1
1980 04 11 390.400000 1 1
1980 04 12 387.800000 1 1
1980 04 13 385.200000 1 1
1980 04 14 389.100000 1 1
1980 04 15 391.700000 1 1
1980 04 16 387.800000 1 1
1980 04 17 386.500000 1 1
1980 04 18 389.100000 1 1
1980 04 19 390.400000 1 1
1980 04 20 387.800000 1 1
1980 04 21 389.100000 1 1
1980 04 22 389.100000 1 1
1980 04 23 387.800000 1 1
1980 04 24 389.100000 1 1
1980 04 25 387.800000 1 1
1980 04 26 386.500000 1 1
1980 04 27 385.200000 1 1
1980 04 28 382.600000 1 1
1980 04 29 378.700000 1 1
1980 04 30 362.200000 1 1
1980 05 01 357.400000 1 1
1980 05 02 352.600000 1 1
1980 05 03 350.200000 1 1
1980 05 04 347.800000 1 1
1980 05 05 351.400000 1 1
1980 05 06 349.000000 1 1
1980 05 07 349.000000 1 1
1980 05 08 347.800000 1 1
1980 05 09 347.800000 1 1
1980 05 10 349.000000 1 1
1980 05 11 344.200000 1 1
1980 05 12 344.200000 1 1
1980 05 13 341.800000 1 1
1980 05 14 329.800000 1 1
1980 05 15 329.800000 1 1
1980 05 16 328.600000 1 1
1980 05 17 326.200000 1 1
1980 05 18 322.600000 1 1
1980 05 19 319.000000 1 1
1980 05 20 315.400000 1 1
1980 05 21 316.600000 1 1
1980 05 22 327.400000 1 1
1980 05 23 322.600000 1 1
1980 05 24 325.000000 1 1
1980 05 25 328.600000 1 1
1980 05 26 339.400000 1 1
1980 05 27 344.200000 1 1
1980 05 28 351.400000 1 1
1980 05 29 358.600000 1 1
1980 05 30 358.600000 1 1
1980 05 31 353.800000 1 1
1980 06 01 350.200000 1 1
1980 06 02 341.800000 1 1
1980 06 03 332.200000 1 1
1980 06 04 325.000000 1 1
1980 06 05 317.800000 1 1
1980 06 06 314.200000 1 1
1980 06 07 307.000000 1 1
1980 06 08 303.700000 1 1
1980 06 09 300.400000 1 1
1980 06 10 294.900000 1 1
1980 06 11 290.500000 1 1
1980 06 12 286.100000 1 1
1980 06 13 281.700000 1 1
1980 06 14 278.400000 1 1
1980 06 15 276.200000 1 1
1980 06 16 274.000000 1 1
1980 06 17 270.700000 1 1
1980 06 18 270.700000 1 1
1980 06 19 270.700000 1 1
1980 06 20 269.600000 1 1
1980 06 21 266.300000 1 1
1980 06 22 263.000000 1 1
1980 06 23 260.800000 1 1
1980 06 24 259.700000 1 1
1980 06 25 257.500000 1 1
1980 06 26 257.500000 1 1
1980 06 27 258.600000 1 1
1980 06 28 257.500000 1 1
1980 06 29 259.700000 1 1
1980 06 30 263.000000 1 1
1980 07 01 271.800000 1 1
1980 07 02 274.000000 1 1
1980 07 03 270.700000 1 1
1980 07 04 264.100000 1 1
1980 07 05 259.700000 1 1
1980 07 06 255.300000 1 1
1980 07 07 256.400000 1 1
1980 07 08 252.000000 1 1
1980 07 09 252.000000 1 1
1980 07 10 252.000000 1 1
1980 07 11 249.800000 1 1
1980 07 12 246.500000 1 1
1980 07 13 245.400000 1 1
1980 07 14 242.100000 1 1
1980 07 15 244.300000 1 1
1980 07 16 237.700000 1 1
1980 07 17 236.600000 1 1
1980 07 18 239.900000 1 1
1980 07 19 237.700000 1 1
1980 07 20 235.500000 1 1
1980 07 21 230.000000 1 1
1980 07 22 228.000000 1 1
1980 07 23 226.000000 1 1
1980 07 24 220.000000 1 1
1980 07 25 216.000000 1 1
1980 07 26 217.000000 1 1
1980 07 27 217.000000 1 1
1980 07 28 203.000000 1 1
1980 07 29 201.000000 1 1
1980 07 30 199.000000 1 1
1980 07 31 198.000000 1 1
1980 08 01 198.000000 1 1
1980 08 02 205.000000 1 1
1980 08 03 204.000000 1 1
1980 08 04 208.000000 1 1
1980 08 05 202.000000 1 1
1980 08 06 198.000000 1 1
1980 08 07 172.000000 1 1
1980 08 08 179.000000 1 1
1980 08 09 175.000000 1 1
1980 08 10 192.000000 1 1
1980 08 11 187.000000 1 1
1980 08 12 190.000000 1 1
1980 08 13 188.000000 1 1
1980 08 14 189.000000 1 1
1980 08 15 187.000000 1 1
1980 08 16 189.000000 1 1
1980 08 17 188.000000 1 1
1980 08 18 188.000000 1 1
1980 08 19 187.000000 1 1
1980 08 20 186.000000 1 1
1980 08 21 186.000000 1 1
1980 08 22 185.000000 1 1
1980 08 23 186.000000 1 1
1980 08 24 187.000000 1 1
1980 08 25 188.000000 1 1
1980 08 26 194.000000 1 1
1980 08 27 190.000000 1 1
1980 08 28 191.000000 1 1
1980 08 29 193.000000 1 1
1980 08 30 194.000000 1 1
1980 08 31 193.000000 1 1
1980 09 01 191.000000 1 1
1980 09 02 189.000000 1 1
1980 09 03 188.000000 1 1
1980 09 04 186.000000 1 1
1980 09 05 185.000000 1 1
1980 09 06 183.000000 1 1
1980 09 07 180.000000 1 1
1980 09 08 177.000000 1 1
1980 09 09 178.000000 1 1
1980 09 10 185.000000 1 1
1980 09 11 189.000000 1 1
1980 09 12 192.000000 1 1
1980 09 13 219.000000 1 1
1980 09 14 228.000000 1 1
1980 09 15 226.000000 1 1
1980 09 16 224.000000 1 1
1980 09 17 217.000000 1 1
1980 09 18 221.000000 1 1
1980 09 19 226.000000 1 1
1980 09 20 231.100000 1 1
1980 09 21 220.000000 1 1
1980 09 22 223.000000 1 1
1980 09 23 219.000000 1 1
1980 09 24 224.000000 1 1
1980 09 25 268.500000 1 1
1980 09 26 271.800000 1 1
1980 09 27 269.600000 1 1
1980 09 28 246.500000 1 1
1980 09 29 227.000000 1 1
1980 09 30 212.000000 1 1
1980 10 01 207.000000 1 1
1980 10 02 209.000000 1 1
1980 10 03 209.000000 1 1
1980 10 04 206.000000 1 1
1980 10 05 207.000000 1 1
1980 10 06 195.000000 1 1
1980 10 07 194.000000 1 1
1980 10 08 197.000000 1 1
1980 10 09 201.000000 1 1
1980 10 10 205.000000 1 1
1980 10 11 209.000000 1 1
1980 10 12 212.000000 1 1
1980 10 13 215.000000 1 1
1980 10 14 217.000000 1 1
1980 10 15 219.000000 1 1
1980 10 16 221.000000 1 1
1980 10 17 225.000000 1 1
1980 10 18 220.000000 1 1
1980 10 19 209.000000 1 1
1980 10 20 194.000000 1 1
1980 10 21 188.000000 1 1
1980 10 22 187.000000 1 1
1980 10 23 188.000000 1 1
1980 10 24 189.000000 1 1
1980 10 25 183.000000 1 1
1980 10 26 182.000000 1 1
1980 10 27 188.000000 1 1
1980 10 28 199.000000 1 1
1980 10 29 198.000000 1 1
1980 10 30 200.000000 1 1
1980 10 31 199.000000 1 1
1980 11 01 201.000000 1 1
1980 11 02 203.000000 1 1
1980 11 03 231.100000 1 1
1980 11 04 280.600000 1 1
1980 11 05 282.800000 1 1
1980 11 06 280.600000 1 1
1980 11 07 281.700000 1 1
1980 11 08 286.100000 1 1
1980 11 09 290.500000 1 1
1980 11 10 307.000000 1 1
1980 11 11 313.000000 1 1
1980 11 12 316.600000 1 1
1980 11 13 317.800000 1 1
1980 11 14 304.800000 1 1
1980 11 15 283.900000 1 1
1980 11 16 286.100000 1 1
1980 11 17 280.600000 1 1
1980 11 18 264.100000 1 1
1980 11 19 231.100000 1 1
1980 11 20 226.000000 1 1
1980 11 21 227.000000 1 1
1980 11 22 225.000000 1 1
1980 11 23 226.000000 1 1
1980 11 24 231.100000 1 1
1980 11 25 257.500000 1 1
1980 11 26 268.500000 1 1
1980 11 27 270.700000 1 1
1980 11 28 271.800000 1 1
1980 11 29 272.900000 1 1
1980 11 30 270.700000 1 1
1980 12 01 275.100000 1 1
1980 12 02 289.400000 1 1
1980 12 03 290.500000 1 1
1980 12 04 297.100000 1 1
1980 12 05 301.500000 1 1
1980 12 06 314.200000 1 1
1980 12 07 323.800000 1 1
1980 12 08 331.000000 1 1
1980 12 09 334.600000 1 1
1980 12 10 335.800000 1 1
1980 12 11 335.800000 1 1
1980 12 12 334.600000 1 1
1980 12 13 335.800000 1 1
1980 12 14 338.200000 1 1
1980 12 15 340.600000 1 1
1980 12 16 343.000000 1 1
1980 12 17 347.800000 1 1
1980 12 18 350.200000 1 1
1980 12 19 352.600000 1 1
1980 12 20 355.000000 1 1
1980 12 21 355.000000 1 1
1980 12 22 356.200000 1 1
1980 12 23 358.600000 1 1
1980 12 24 363.400000 1 1
1980 12 25 367.000000 1 1
1980 12 26 369.600000 1 1
1980 12 27 374.800000 1 1
1980 12 28 377.400000 1 1
1980 12 29 380.000000 1 1
1980 12 30 382.600000 1 1
1980 12 31 385.200000 1 1
1981 01 01 389.100000 1 1
1981 01 02 391.700000 1 1
1981 01 03 394.300000 1 1
1981 01 04 393.000000 1 1
1981 01 05 390.400000 1 1
1981 01 06 389.100000 1 1
1981 01 07 387.800000 1 1
1981 01 08 386.500000 1 1
1981 01 09 389.100000 1 1
1981 01 10 391.700000 1 1
1981 01 11 391.700000 1 1
1981 01 12 391.700000 1 1
1981 01 13 390.400000 1 1
1981 01 14 393.000000 1 1
1981 01 15 393.000000 1 1
1981 01 16 391.700000 1 1
1981 01 17 390.400000 1 1
1981 01 18 386.500000 1 1
1981 01 19 383.900000 1 1
1981 01 20 382.600000 1 1
1981 01 21 391.700000 1 1
1981 01 22 394.300000 1 1
1981 01 23 391.700000 1 1
1981 01 24 389.100000 1 1
1981 01 25 389.100000 1 1
1981 01 26 386.500000 1 1
1981 01 27 391.700000 1 1
1981 01 28 390.400000 1 1
1981 01 29 389.100000 1 1
1981 01 30 386.500000 1 1
1981 01 31 386.500000 1 1
1981 02 01 387.800000 1 1
1981 02 02 390.400000 1 1
1981 02 03 390.400000 1 1
1981 02 04 393.000000 1 1
1981 02 05 391.700000 1 1
1981 02 06 394.300000 1 1
1981 02 07 406.000000 1 1
1981 02 08 393.000000 1 1
1981 02 09 390.400000 1 1
1981 02 10 389.100000 1 1
1981 02 11 391.700000 1 1
1981 02 12 394.300000 1 1
1981 02 13 391.700000 1 1
1981 02 14 389.100000 1 1
1981 02 15 386.500000 1 1
1981 02 16 386.500000 1 1
1981 02 17 389.100000 1 1
1981 02 18 391.700000 1 1
1981 02 19 393.000000 1 1
1981 02 20 390.400000 1 1
1981 02 21 387.800000 1 1
1981 02 22 386.500000 1 1
1981 02 23 387.800000 1 1
1981 02 24 390.400000 1 1
1981 02 25 389.100000 1 1
1981 02 26 387.800000 1 1
1981 02 27 391.700000 1 1
1981 02 28 393.000000 1 1
1981 03 01 390.400000 1 1
1981 03 02 387.800000 1 1
1981 03 03 391.700000 1 1
1981 03 04 394.300000 1 1
1981 03 05 393.000000 1 1
1981 03 06 390.400000 1 1
1981 03 07 387.800000 1 1
1981 03 08 389.100000 1 1
1981 03 09 387.800000 1 1
1981 03 10 390.400000 1 1
1981 03 11 393.000000 1 1
1981 03 12 391.700000 1 1
1981 03 13 390.400000 1 1
1981 03 14 391.700000 1 1
1981 03 15 393.000000 1 1
1981 03 16 394.300000 1 1
1981 03 17 396.900000 1 1
1981 03 18 402.100000 1 1
1981 03 19 403.400000 1 1
1981 03 20 400.800000 1 1
1981 03 21 402.100000 1 1
1981 03 22 404.700000 1 1
1981 03 23 404.700000 1 1
1981 03 24 404.700000 1 1
1981 03 25 406.000000 1 1
1981 03 26 404.700000 1 1
1981 03 27 402.100000 1 1
1981 03 28 402.100000 1 1
1981 03 29 403.400000 1 1
1981 03 30 404.700000 1 1
1981 03 31 404.700000 1 1
