year month day streamflow_m3s qual_control_by_ana qual_flag
2014 07 01 nan nan 0
2014 07 02 nan nan 0
2014 07 03 nan nan 0
2014 07 04 nan nan 0
2014 07 05 nan nan 0
2014 07 06 nan nan 0
2014 07 07 nan nan 0
2014 07 08 nan nan 0
2014 07 09 nan nan 0
2014 07 10 nan nan 0
2014 07 11 nan nan 0
2014 07 12 nan nan 0
2014 07 13 nan nan 0
2014 07 14 nan nan 0
2014 07 15 nan nan 0
2014 07 16 nan nan 0
2014 07 17 nan nan 0
2014 07 18 nan nan 0
2014 07 19 nan nan 0
2014 07 20 nan nan 0
2014 07 21 nan nan 0
2014 07 22 nan nan 0
2014 07 23 nan nan 0
2014 07 24 nan nan 0
2014 07 25 nan nan 0
2014 07 26 nan nan 0
2014 07 27 nan nan 0
2014 07 28 nan nan 0
2014 07 29 nan nan 0
2014 07 30 nan nan 0
2014 07 31 0.586000 1 1
2014 08 01 0.658000 1 1
2014 08 02 0.670000 1 1
2014 08 03 0.706000 1 1
2014 08 04 0.658000 1 1
2014 08 05 0.663000 1 1
2014 08 06 0.662000 1 1
2014 08 07 0.690000 1 1
2014 08 08 0.650000 1 1
2014 08 09 0.603000 1 1
2014 08 10 0.612000 1 1
2014 08 11 0.634000 1 1
2014 08 12 0.595000 1 1
2014 08 13 1.591000 1 1
2014 08 14 1.029000 1 1
2014 08 15 0.589000 1 1
2014 08 16 0.664000 1 1
2014 08 17 0.743000 1 1
2014 08 18 0.632000 1 1
2014 08 19 0.601000 1 1
2014 08 20 0.542000 1 1
2014 08 21 0.487000 1 1
2014 08 22 0.510000 1 1
2014 08 23 0.523000 1 1
2014 08 24 0.532000 1 1
2014 08 25 0.515000 1 1
2014 08 26 0.644000 1 1
2014 08 27 0.572000 1 1
2014 08 28 0.482000 1 1
2014 08 29 0.458000 1 1
2014 08 30 0.441000 1 1
2014 08 31 0.660000 1 1
2014 09 01 1.136000 1 1
2014 09 02 0.672000 1 1
2014 09 03 4.199000 1 1
2014 09 04 1.164000 1 1
2014 09 05 0.767000 1 1
2014 09 06 0.626000 1 1
2014 09 07 0.668000 1 1
2014 09 08 0.687000 1 1
2014 09 09 0.528000 1 1
2014 09 10 0.540000 1 1
2014 09 11 0.520000 1 1
2014 09 12 0.576000 1 1
2014 09 13 0.542000 1 1
2014 09 14 0.474000 1 1
2014 09 15 0.438000 1 1
2014 09 16 0.472000 1 1
2014 09 17 0.449000 1 1
2014 09 18 0.446000 1 1
2014 09 19 1.336000 1 1
2014 09 20 1.219000 1 1
2014 09 21 1.164000 1 1
2014 09 22 0.708000 1 1
2014 09 23 0.515000 1 1
2014 09 24 0.822000 1 1
2014 09 25 1.258000 1 1
2014 09 26 2.735000 1 1
2014 09 27 2.280000 1 1
2014 09 28 1.082000 1 1
2014 09 29 1.912000 1 1
2014 09 30 2.670000 1 1
2014 10 01 3.887000 1 1
2014 10 02 2.131000 1 1
2014 10 03 1.280000 1 1
2014 10 04 1.084000 1 1
2014 10 05 0.932000 1 1
2014 10 06 0.878000 1 1
2014 10 07 0.822000 1 1
2014 10 08 0.753000 1 1
2014 10 09 0.734000 1 1
2014 10 10 0.696000 1 1
2014 10 11 0.678000 1 1
2014 10 12 0.624000 1 1
2014 10 13 0.612000 1 1
2014 10 14 0.609000 1 1
2014 10 15 0.634000 1 1
2014 10 16 0.586000 1 1
2014 10 17 0.570000 1 1
2014 10 18 0.849000 1 1
2014 10 19 0.960000 1 1
2014 10 20 1.217000 1 1
2014 10 21 0.674000 1 1
2014 10 22 0.580000 1 1
2014 10 23 0.707000 1 1
2014 10 24 0.657000 1 1
2014 10 25 0.593000 1 1
2014 10 26 0.542000 1 1
2014 10 27 0.534000 1 1
2014 10 28 0.308000 1 1
2014 10 29 0.397000 1 1
2014 10 30 0.609000 1 1
2014 10 31 0.692000 1 1
2014 11 01 0.535000 1 1
2014 11 02 0.449000 1 1
2014 11 03 0.537000 1 1
2014 11 04 0.539000 1 1
2014 11 05 1.026000 1 1
2014 11 06 0.725000 1 1
2014 11 07 1.719000 1 1
2014 11 08 1.680000 1 1
2014 11 09 0.792000 1 1
2014 11 10 0.646000 1 1
2014 11 11 0.604000 1 1
2014 11 12 0.472000 1 1
2014 11 13 0.458000 1 1
2014 11 14 0.844000 1 1
2014 11 15 0.917000 1 1
2014 11 16 0.609000 1 1
2014 11 17 0.627000 1 1
2014 11 18 0.595000 1 1
2014 11 19 0.542000 1 1
2014 11 20 0.481000 1 1
2014 11 21 0.465000 1 1
2014 11 22 0.590000 1 1
2014 11 23 0.362000 1 1
2014 11 24 0.468000 1 1
2014 11 25 0.493000 1 1
2014 11 26 3.042000 1 1
2014 11 27 0.935000 1 1
2014 11 28 0.698000 1 1
2014 11 29 0.674000 1 1
2014 11 30 0.480000 1 1
2014 12 01 0.484000 1 1
2014 12 02 0.450000 1 1
2014 12 03 0.468000 1 1
2014 12 04 0.609000 1 1
2014 12 05 0.338000 1 1
2014 12 06 0.356000 1 1
2014 12 07 0.418000 1 1
2014 12 08 0.427000 1 1
2014 12 09 0.436000 1 1
2014 12 10 0.902000 1 1
2014 12 11 1.004000 1 1
2014 12 12 1.245000 1 1
2014 12 13 1.106000 1 1
2014 12 14 0.723000 1 1
2014 12 15 0.541000 1 1
2014 12 16 0.498000 1 1
2014 12 17 0.487000 1 1
2014 12 18 0.465000 1 1
2014 12 19 0.440000 1 1
2014 12 20 0.434000 1 1
2014 12 21 0.428000 1 1
2014 12 22 6.030000 1 1
2014 12 23 nan nan 0
2014 12 24 nan nan 0
2014 12 25 nan nan 0
2014 12 26 nan nan 0
2014 12 27 nan nan 0
2014 12 28 nan nan 0
2014 12 29 nan nan 0
2014 12 30 6.298000 1 1
2014 12 31 4.597000 1 1
2015 01 01 2.802000 1 1
2015 01 02 2.952000 1 1
2015 01 03 3.440000 1 1
2015 01 04 5.042000 1 1
2015 01 05 4.183000 1 1
2015 01 06 3.615000 1 1
2015 01 07 2.259000 1 1
2015 01 08 2.259000 1 1
2015 01 09 2.136000 1 1
2015 01 10 2.386000 1 1
2015 01 11 3.271000 1 1
2015 01 12 2.386000 1 1
2015 01 13 2.259000 1 1
2015 01 14 6.030000 1 1
2015 01 15 2.952000 1 1
2015 01 16 2.136000 1 1
2015 01 17 1.799000 1 1
2015 01 18 1.799000 1 1
2015 01 19 1.907000 1 1
2015 01 20 1.799000 1 1
2015 01 21 1.907000 1 1
2015 01 22 1.598000 1 1
2015 01 23 1.598000 1 1
2015 01 24 1.505000 1 1
2015 01 25 1.505000 1 1
2015 01 26 1.505000 1 1
2015 01 27 1.415000 1 1
2015 01 28 5.276000 1 1
2015 01 29 2.658000 1 1
2015 01 30 2.259000 1 1
2015 01 31 1.697000 1 1
2015 02 01 1.598000 1 1
2015 02 02 1.505000 1 1
2015 02 03 1.505000 1 1
2015 02 04 1.907000 1 1
2015 02 05 6.298000 1 1
2015 02 06 3.271000 1 1
2015 02 07 1.799000 1 1
2015 02 08 1.505000 1 1
2015 02 09 1.799000 1 1
2015 02 10 1.505000 1 1
2015 02 11 1.248000 1 1
2015 02 12 1.415000 1 1
2015 02 13 1.505000 1 1
2015 02 14 2.658000 1 1
2015 02 15 5.519000 1 1
2015 02 16 3.440000 1 1
2015 02 17 2.519000 1 1
2015 02 18 2.658000 1 1
2015 02 19 5.276000 1 1
2015 02 20 2.952000 1 1
2015 02 21 2.259000 1 1
2015 02 22 1.907000 1 1
2015 02 23 1.697000 1 1
2015 02 24 1.697000 1 1
2015 02 25 1.907000 1 1
2015 02 26 1.799000 1 1
2015 02 27 2.658000 1 1
2015 02 28 1.799000 1 1
2015 03 01 1.500000 1 1
2015 03 02 1.800000 1 1
2015 03 03 1.700000 1 1
2015 03 04 1.500000 1 1
2015 03 05 1.500000 1 1
2015 03 06 1.600000 1 1
2015 03 07 1.600000 1 1
2015 03 08 2.020000 1 1
2015 03 09 2.520000 1 1
2015 03 10 1.800000 1 1
2015 03 11 1.600000 1 1
2015 03 12 1.420000 1 1
2015 03 13 2.520000 1 1
2015 03 14 1.800000 1 1
2015 03 15 1.420000 1 1
2015 03 16 1.330000 1 1
2015 03 17 1.420000 1 1
2015 03 18 1.420000 1 1
2015 03 19 1.330000 1 1
2015 03 20 1.170000 1 1
2015 03 21 1.420000 1 1
2015 03 22 1.800000 1 1
2015 03 23 1.420000 1 1
2015 03 24 1.330000 1 1
2015 03 25 1.330000 1 1
2015 03 26 nan nan 0
2015 03 27 0.233000 1 1
2015 03 28 nan nan 0
2015 03 29 2.710000 1 1
2015 03 30 3.190000 1 1
2015 03 31 2.380000 1 1
2015 04 01 1.940000 1 1
2015 04 02 1.775000 1 1
2015 04 03 1.714000 1 1
2015 04 04 1.817000 1 1
2015 04 05 1.689000 1 1
2015 04 06 1.743000 1 1
2015 04 07 1.782000 1 1
2015 04 08 1.661000 1 1
2015 04 09 1.475000 1 1
2015 04 10 1.615000 1 1
2015 04 11 1.532000 1 1
2015 04 12 1.532000 1 1
2015 04 13 1.512000 1 1
2015 04 14 1.423000 1 1
2015 04 15 1.443000 1 1
2015 04 16 1.556000 1 1
2015 04 17 1.543000 1 1
2015 04 18 1.362000 1 1
2015 04 19 1.415000 1 1
2015 04 20 1.423000 1 1
2015 04 21 2.519000 1 1
2015 04 22 5.492000 1 1
2015 04 23 3.497000 1 1
2015 04 24 1.942000 1 1
2015 04 25 1.809000 1 1
2015 04 26 1.761000 1 1
2015 04 27 1.607000 1 1
2015 04 28 1.587000 1 1
2015 04 29 1.535000 1 1
2015 04 30 1.430000 1 1
2015 05 01 1.340000 1 1
2015 05 02 1.408000 1 1
2015 05 03 1.397000 1 1
2015 05 04 5.030000 1 1
2015 05 05 2.958000 1 1
2015 05 06 1.917000 1 1
2015 05 07 1.742000 1 1
2015 05 08 1.547000 1 1
2015 05 09 1.649000 1 1
2015 05 10 2.399000 1 1
2015 05 11 4.912000 1 1
2015 05 12 2.330000 1 1
2015 05 13 1.960000 1 1
2015 05 14 1.766000 1 1
2015 05 15 1.535000 1 1
2015 05 16 1.561000 1 1
2015 05 17 1.649000 1 1
2015 05 18 1.587000 1 1
2015 05 19 1.575000 1 1
2015 05 20 1.553000 1 1
2015 05 21 1.556000 1 1
2015 05 22 1.323000 1 1
2015 05 23 1.308000 1 1
2015 05 24 1.449000 1 1
2015 05 25 2.452000 1 1
2015 05 26 6.491000 1 1
2015 05 27 2.676000 1 1
2015 05 28 2.645000 1 1
2015 05 29 2.110000 1 1
2015 05 30 1.869000 1 1
2015 05 31 1.701000 1 1
2015 06 01 0.911000 1 1
2015 06 02 1.215000 1 1
2015 06 03 1.415000 1 1
2015 06 04 1.438000 1 1
2015 06 05 1.823000 1 1
2015 06 06 1.759000 1 1
2015 06 07 1.415000 1 1
2015 06 08 1.453000 1 1
2015 06 09 1.540000 1 1
2015 06 10 1.400000 1 1
2015 06 11 1.330000 1 1
2015 06 12 1.688000 1 1
2015 06 13 2.136000 1 1
2015 06 14 1.769000 1 1
2015 06 15 2.855000 1 1
2015 06 16 2.496000 1 1
2015 06 17 1.623000 1 1
2015 06 18 1.710000 1 1
2015 06 19 1.561000 1 1
2015 06 20 1.444000 1 1
2015 06 21 1.457000 1 1
2015 06 22 1.399000 1 1
2015 06 23 1.568000 1 1
2015 06 24 1.309000 1 1
2015 06 25 1.344000 1 1
2015 06 26 1.378000 1 1
2015 06 27 1.279000 1 1
2015 06 28 1.213000 1 1
2015 06 29 1.268000 1 1
2015 06 30 1.319000 1 1
2015 07 01 1.390000 1 1
2015 07 02 1.364000 1 1
2015 07 03 2.127000 1 1
2015 07 04 2.000000 1 1
2015 07 05 1.629000 1 1
2015 07 06 1.370000 1 1
2015 07 07 1.305000 1 1
2015 07 08 2.347000 1 1
2015 07 09 2.658000 1 1
2015 07 10 1.733000 1 1
2015 07 11 4.421000 1 1
2015 07 12 3.069000 1 1
2015 07 13 7.918000 1 1
2015 07 14 4.109000 1 1
2015 07 15 3.036000 1 1
2015 07 16 2.300000 1 1
2015 07 17 23.833000 1 1
2015 07 18 9.465000 1 1
2015 07 19 4.606000 1 1
2015 07 20 3.471000 1 1
2015 07 21 4.490000 1 1
2015 07 22 3.336000 1 1
2015 07 23 2.611000 1 1
2015 07 24 3.164000 1 1
2015 07 25 7.068000 1 1
2015 07 26 3.594000 1 1
2015 07 27 2.992000 1 1
2015 07 28 2.749000 1 1
2015 07 29 2.611000 1 1
2015 07 30 2.447000 1 1
2015 07 31 2.408000 1 1
2015 08 01 2.369000 1 1
2015 08 02 2.315000 1 1
2015 08 03 2.259000 1 1
2015 08 04 2.280000 1 1
2015 08 05 2.503000 1 1
2015 08 06 1.911000 1 1
2015 08 07 1.595000 1 1
2015 08 08 1.887000 1 1
2015 08 09 1.968000 1 1
2015 08 10 1.975000 1 1
2015 08 11 1.860000 1 1
2015 08 12 2.199000 1 1
2015 08 13 1.921000 1 1
2015 08 14 1.804000 1 1
2015 08 15 1.642000 1 1
2015 08 16 1.674000 1 1
2015 08 17 1.755000 1 1
2015 08 18 1.627000 1 1
2015 08 19 1.733000 1 1
2015 08 20 1.773000 1 1
2015 08 21 1.655000 1 1
2015 08 22 1.549000 1 1
2015 08 23 1.668000 1 1
2015 08 24 1.880000 1 1
2015 08 25 1.743000 1 1
2015 08 26 1.622000 1 1
2015 08 27 1.804000 1 1
2015 08 28 2.421000 1 1
2015 08 29 1.766000 1 1
2015 08 30 1.574000 1 1
2015 08 31 1.549000 1 1
2015 09 01 1.561000 1 1
2015 09 02 1.517000 1 1
2015 09 03 1.606000 1 1
2015 09 04 2.176000 1 1
2015 09 05 1.939000 1 1
2015 09 06 1.543000 1 1
2015 09 07 1.520000 1 1
2015 09 08 10.251000 1 1
2015 09 09 8.062000 1 1
2015 09 10 3.217000 1 1
2015 09 11 7.905000 1 1
2015 09 12 3.312000 1 1
2015 09 13 2.524000 1 1
2015 09 14 2.191000 1 1
2015 09 15 1.967000 1 1
2015 09 16 nan nan 0
2015 09 17 0.129000 1 1
2015 09 18 nan nan 0
2015 09 19 nan nan 0
2015 09 20 0.377000 1 1
2015 09 21 nan nan 0
2015 09 22 nan nan 0
2015 09 23 nan nan 0
2015 09 24 nan nan 0
2015 09 25 nan nan 0
2015 09 26 2.178000 1 1
2015 09 27 2.054000 1 1
2015 09 28 7.605000 1 1
2015 09 29 2.851000 1 1
2015 09 30 2.582000 1 1
2015 10 01 4.370000 1 1
2015 10 02 2.221000 1 1
2015 10 03 6.203000 1 1
2015 10 04 3.411000 1 1
2015 10 05 3.050000 1 1
2015 10 06 2.324000 1 1
2015 10 07 1.629000 1 1
2015 10 08 1.647000 1 1
2015 10 09 4.569000 1 1
2015 10 10 6.064000 1 1
2015 10 11 5.633000 1 1
2015 10 12 18.936000 1 1
2015 10 13 9.611000 1 1
2015 10 14 4.883000 1 1
2015 10 15 3.685000 1 1
2015 10 16 4.312000 1 1
2015 10 17 5.214000 1 1
2015 10 18 4.044000 1 1
2015 10 19 2.742000 1 1
2015 10 20 2.327000 1 1
2015 10 21 2.379000 1 1
2015 10 22 nan nan 0
2015 10 23 nan nan 0
2015 10 24 nan nan 0
2015 10 25 nan nan 0
2015 10 26 nan nan 0
2015 10 27 nan nan 0
2015 10 28 nan nan 0
2015 10 29 nan nan 0
2015 10 30 nan nan 0
2015 10 31 nan nan 0
2015 11 01 nan nan 0
2015 11 02 nan nan 0
2015 11 03 nan nan 0
2015 11 04 nan nan 0
2015 11 05 nan nan 0
2015 11 06 nan nan 0
2015 11 07 nan nan 0
2015 11 08 nan nan 0
2015 11 09 nan nan 0
2015 11 10 nan nan 0
2015 11 11 nan nan 0
2015 11 12 nan nan 0
2015 11 13 nan nan 0
2015 11 14 nan nan 0
2015 11 15 nan nan 0
2015 11 16 nan nan 0
2015 11 17 nan nan 0
2015 11 18 nan nan 0
2015 11 19 nan nan 0
2015 11 20 nan nan 0
2015 11 21 nan nan 0
2015 11 22 nan nan 0
2015 11 23 nan nan 0
2015 11 24 nan nan 0
2015 11 25 nan nan 0
2015 11 26 nan nan 0
2015 11 27 nan nan 0
2015 11 28 nan nan 0
2015 11 29 nan nan 0
2015 11 30 nan nan 0
2015 12 01 3.440000 1 1
2015 12 02 3.797000 1 1
2015 12 03 6.030000 1 1
2015 12 04 4.386000 1 1
2015 12 05 3.986000 1 1
2015 12 06 5.770000 1 1
2015 12 07 8.441000 1 1
2015 12 08 4.386000 1 1
2015 12 09 4.597000 1 1
2015 12 10 6.298000 1 1
2015 12 11 4.815000 1 1
2015 12 12 4.386000 1 1
2015 12 13 3.986000 1 1
2015 12 14 4.183000 1 1
2015 12 15 4.597000 1 1
2015 12 16 5.042000 1 1
2015 12 17 3.271000 1 1
2015 12 18 3.440000 1 1
2015 12 19 5.276000 1 1
2015 12 20 10.283000 1 1
2015 12 21 5.042000 1 1
2015 12 22 3.615000 1 1
2015 12 23 3.271000 1 1
2015 12 24 3.797000 1 1
2015 12 25 3.986000 1 1
2015 12 26 5.770000 1 1
2015 12 27 4.183000 1 1
2015 12 28 6.575000 1 1
2015 12 29 9.892000 1 1
2015 12 30 5.770000 1 1
2015 12 31 4.183000 1 1
2016 01 01 4.597000 1 1
2016 01 02 9.513000 1 1
2016 01 03 17.089000 1 1
2016 01 04 7.158000 1 1
2016 01 05 5.770000 1 1
2016 01 06 4.386000 1 1
2016 01 07 4.386000 1 1
2016 01 08 4.597000 1 1
2016 01 09 5.276000 1 1
2016 01 10 11.526000 1 1
2016 01 11 13.358000 1 1
2016 01 12 8.788000 1 1
2016 01 13 6.862000 1 1
2016 01 14 6.298000 1 1
2016 01 15 6.030000 1 1
2016 01 16 6.298000 1 1
2016 01 17 5.770000 1 1
2016 01 18 5.519000 1 1
2016 01 19 5.042000 1 1
2016 01 20 4.815000 1 1
2016 01 21 5.042000 1 1
2016 01 22 4.815000 1 1
2016 01 23 3.986000 1 1
2016 01 24 3.440000 1 1
2016 01 25 4.183000 1 1
2016 01 26 3.986000 1 1
2016 01 27 8.105000 1 1
2016 01 28 6.030000 1 1
2016 01 29 4.597000 1 1
2016 01 30 5.519000 1 1
2016 01 31 3.986000 1 1
2016 02 01 3.986000 1 1
2016 02 02 5.276000 1 1
2016 02 03 3.271000 1 1
2016 02 04 8.441000 1 1
2016 02 05 5.276000 1 1
2016 02 06 3.986000 1 1
2016 02 07 3.271000 1 1
2016 02 08 3.440000 1 1
2016 02 09 3.108000 1 1
2016 02 10 4.597000 1 1
2016 02 11 5.519000 1 1
2016 02 12 4.597000 1 1
2016 02 13 3.108000 1 1
2016 02 14 3.271000 1 1
2016 02 15 4.183000 1 1
2016 02 16 3.797000 1 1
2016 02 17 4.597000 1 1
2016 02 18 4.386000 1 1
2016 02 19 4.183000 1 1
2016 02 20 5.276000 1 1
2016 02 21 6.298000 1 1
2016 02 22 7.158000 1 1
2016 02 23 14.353000 1 1
2016 02 24 8.441000 1 1
2016 02 25 5.042000 1 1
2016 02 26 7.780000 1 1
2016 02 27 12.417000 1 1
2016 02 28 11.526000 1 1
2016 02 29 11.965000 1 1
2016 03 01 8.788000 1 1
2016 03 02 5.519000 1 1
2016 03 03 4.815000 1 1
2016 03 04 5.770000 1 1
2016 03 05 4.815000 1 1
2016 03 06 4.386000 1 1
2016 03 07 3.986000 1 1
2016 03 08 3.797000 1 1
2016 03 09 3.797000 1 1
2016 03 10 11.526000 1 1
2016 03 11 7.158000 1 1
2016 03 12 6.030000 1 1
2016 03 13 6.298000 1 1
2016 03 14 5.519000 1 1
2016 03 15 3.986000 1 1
2016 03 16 5.042000 1 1
2016 03 17 3.986000 1 1
2016 03 18 3.440000 1 1
2016 03 19 3.440000 1 1
2016 03 20 4.183000 1 1
2016 03 21 3.440000 1 1
2016 03 22 4.815000 1 1
2016 03 23 4.597000 1 1
2016 03 24 6.030000 1 1
2016 03 25 4.815000 1 1
2016 03 26 3.986000 1 1
2016 03 27 4.597000 1 1
2016 03 28 3.986000 1 1
2016 03 29 3.271000 1 1
2016 03 30 3.271000 1 1
2016 03 31 4.815000 1 1
2016 04 01 3.797000 1 1
2016 04 02 2.802000 1 1
2016 04 03 2.658000 1 1
2016 04 04 3.797000 1 1
2016 04 05 3.615000 1 1
2016 04 06 3.108000 1 1
2016 04 07 2.952000 1 1
2016 04 08 3.271000 1 1
2016 04 09 2.952000 1 1
2016 04 10 5.519000 1 1
2016 04 11 7.780000 1 1
2016 04 12 4.597000 1 1
2016 04 13 8.105000 1 1
2016 04 14 4.183000 1 1
2016 04 15 3.615000 1 1
2016 04 16 3.271000 1 1
2016 04 17 3.615000 1 1
2016 04 18 3.986000 1 1
2016 04 19 3.440000 1 1
2016 04 20 3.440000 1 1
2016 04 21 3.108000 1 1
2016 04 22 2.952000 1 1
2016 04 23 2.519000 1 1
2016 04 24 2.952000 1 1
2016 04 25 3.108000 1 1
2016 04 26 5.519000 1 1
2016 04 27 8.788000 1 1
2016 04 28 6.030000 1 1
2016 04 29 3.440000 1 1
2016 04 30 2.658000 1 1
2016 05 01 3.108000 1 1
2016 05 02 2.658000 1 1
2016 05 03 2.136000 1 1
2016 05 04 2.259000 1 1
2016 05 05 2.136000 1 1
2016 05 06 2.259000 1 1
2016 05 07 2.519000 1 1
2016 05 08 2.259000 1 1
2016 05 09 2.658000 1 1
2016 05 10 3.615000 1 1
2016 05 11 3.271000 1 1
2016 05 12 8.788000 1 1
2016 05 13 5.276000 1 1
2016 05 14 3.108000 1 1
2016 05 15 1.598000 1 1
2016 05 16 2.952000 1 1
2016 05 17 2.136000 1 1
2016 05 18 1.598000 1 1
2016 05 19 2.259000 1 1
2016 05 20 1.799000 1 1
2016 05 21 6.862000 1 1
2016 05 22 6.862000 1 1
2016 05 23 10.686000 1 1
2016 05 24 4.386000 1 1
2016 05 25 2.802000 1 1
2016 05 26 2.019000 1 1
2016 05 27 3.271000 1 1
2016 05 28 2.802000 1 1
2016 05 29 2.519000 1 1
2016 05 30 2.519000 1 1
2016 05 31 2.952000 1 1
2016 06 01 2.519000 1 1
2016 06 02 5.770000 1 1
2016 06 03 3.797000 1 1
2016 06 04 2.519000 1 1
2016 06 05 2.952000 1 1
2016 06 06 nan nan 0
2016 06 07 3.797000 1 1
2016 06 08 2.519000 1 1
2016 06 09 2.386000 1 1
2016 06 10 2.019000 1 1
2016 06 11 2.019000 1 1
2016 06 12 1.799000 1 1
2016 06 13 1.598000 1 1
2016 06 14 1.697000 1 1
2016 06 15 1.598000 1 1
2016 06 16 1.598000 1 1
2016 06 17 1.697000 1 1
2016 06 18 nan nan 0
2016 06 19 3.108000 1 1
2016 06 20 3.615000 1 1
2016 06 21 nan nan 0
2016 06 22 nan nan 0
2016 06 23 5.042000 1 1
2016 06 24 2.658000 1 1
2016 06 25 2.259000 1 1
2016 06 26 2.259000 1 1
2016 06 27 2.386000 1 1
2016 06 28 2.136000 1 1
2016 06 29 2.019000 1 1
2016 06 30 1.907000 1 1
2016 07 01 1.907000 1 1
2016 07 02 1.907000 1 1
2016 07 03 1.799000 1 1
2016 07 04 1.697000 1 1
2016 07 05 1.598000 1 1
2016 07 06 1.907000 1 1
2016 07 07 nan nan 0
2016 07 08 1.907000 1 1
2016 07 09 1.415000 1 1
2016 07 10 1.330000 1 1
2016 07 11 1.330000 1 1
2016 07 12 1.505000 1 1
2016 07 13 10.283000 1 1
2016 07 14 4.597000 1 1
2016 07 15 2.386000 1 1
2016 07 16 8.788000 1 1
2016 07 17 8.441000 1 1
2016 07 18 3.797000 1 1
2016 07 19 2.386000 1 1
2016 07 20 2.259000 1 1
2016 07 21 2.136000 1 1
2016 07 22 2.136000 1 1
2016 07 23 1.907000 1 1
2016 07 24 1.907000 1 1
2016 07 25 2.136000 1 1
2016 07 26 1.697000 1 1
2016 07 27 1.907000 1 1
2016 07 28 2.019000 1 1
2016 07 29 1.799000 1 1
2016 07 30 1.697000 1 1
2016 07 31 1.799000 1 1
2016 08 01 1.598000 1 1
2016 08 02 1.907000 1 1
2016 08 03 1.697000 1 1
2016 08 04 1.598000 1 1
2016 08 05 1.415000 1 1
2016 08 06 1.415000 1 1
2016 08 07 1.598000 1 1
2016 08 08 3.271000 1 1
2016 08 09 3.440000 1 1
2016 08 10 2.658000 1 1
2016 08 11 1.907000 1 1
2016 08 12 1.598000 1 1
2016 08 13 1.171000 1 1
2016 08 14 1.248000 1 1
2016 08 15 1.697000 1 1
2016 08 16 1.697000 1 1
2016 08 17 1.697000 1 1
2016 08 18 9.513000 1 1
2016 08 19 3.986000 1 1
2016 08 20 15.404000 1 1
2016 08 21 22.271000 1 1
2016 08 22 8.105000 1 1
2016 08 23 4.386000 1 1
2016 08 24 2.952000 1 1
2016 08 25 2.802000 1 1
2016 08 26 2.519000 1 1
2016 08 27 2.658000 1 1
2016 08 28 2.519000 1 1
2016 08 29 2.386000 1 1
2016 08 30 2.952000 1 1
2016 08 31 3.440000 1 1
2016 09 01 3.271000 1 1
2016 09 02 2.259000 1 1
2016 09 03 4.183000 1 1
2016 09 04 26.069000 1 1
2016 09 05 7.464000 1 1
2016 09 06 4.815000 1 1
2016 09 07 5.276000 1 1
2016 09 08 4.183000 1 1
2016 09 09 3.271000 1 1
2016 09 10 2.952000 1 1
2016 09 11 2.386000 1 1
2016 09 12 1.907000 1 1
2016 09 13 2.136000 1 1
2016 09 14 3.797000 1 1
2016 09 15 3.986000 1 1
2016 09 16 2.952000 1 1
2016 09 17 2.019000 1 1
2016 09 18 2.802000 1 1
2016 09 19 3.615000 1 1
2016 09 20 3.271000 1 1
2016 09 21 3.271000 1 1
2016 09 22 2.136000 1 1
2016 09 23 1.799000 1 1
2016 09 24 2.386000 1 1
2016 09 25 2.136000 1 1
2016 09 26 2.519000 1 1
2016 09 27 2.019000 1 1
2016 09 28 2.019000 1 1
2016 09 29 1.907000 1 1
2016 09 30 2.386000 1 1
2016 10 01 2.386000 1 1
2016 10 02 1.907000 1 1
2016 10 03 2.136000 1 1
2016 10 04 1.598000 1 1
2016 10 05 1.697000 1 1
2016 10 06 2.386000 1 1
2016 10 07 2.658000 1 1
2016 10 08 1.799000 1 1
2016 10 09 2.019000 1 1
2016 10 10 2.019000 1 1
2016 10 11 2.259000 1 1
2016 10 12 1.330000 1 1
2016 10 13 5.770000 1 1
2016 10 14 4.386000 1 1
2016 10 15 2.136000 1 1
2016 10 16 1.248000 1 1
2016 10 17 1.171000 1 1
2016 10 18 1.799000 1 1
2016 10 19 6.862000 1 1
2016 10 20 3.797000 1 1
2016 10 21 4.183000 1 1
2016 10 22 3.986000 1 1
2016 10 23 2.802000 1 1
2016 10 24 2.019000 1 1
2016 10 25 1.907000 1 1
2016 10 26 2.136000 1 1
2016 10 27 2.658000 1 1
2016 10 28 4.597000 1 1
2016 10 29 5.770000 1 1
2016 10 30 4.183000 1 1
2016 10 31 2.386000 1 1
2016 11 01 1.505000 1 1
2016 11 02 2.519000 1 1
2016 11 03 3.986000 1 1
2016 11 04 3.615000 1 1
2016 11 05 3.108000 1 1
2016 11 06 2.519000 1 1
2016 11 07 1.907000 1 1
2016 11 08 2.136000 1 1
2016 11 09 3.108000 1 1
2016 11 10 2.658000 1 1
2016 11 11 2.136000 1 1
2016 11 12 3.797000 1 1
2016 11 13 3.108000 1 1
2016 11 14 2.136000 1 1
2016 11 15 1.907000 1 1
2016 11 16 2.519000 1 1
2016 11 17 2.952000 1 1
2016 11 18 2.952000 1 1
2016 11 19 3.797000 1 1
2016 11 20 3.108000 1 1
2016 11 21 2.019000 1 1
2016 11 22 2.802000 1 1
2016 11 23 2.019000 1 1
2016 11 24 2.019000 1 1
2016 11 25 2.658000 1 1
2016 11 26 2.019000 1 1
2016 11 27 1.799000 1 1
2016 11 28 2.019000 1 1
2016 11 29 3.108000 1 1
2016 11 30 4.815000 1 1
2016 12 01 3.986000 1 1
2016 12 02 2.658000 1 1
2016 12 03 2.386000 1 1
2016 12 04 1.907000 1 1
2016 12 05 2.136000 1 1
2016 12 06 1.907000 1 1
2016 12 07 1.598000 1 1
2016 12 08 1.907000 1 1
2016 12 09 2.386000 1 1
2016 12 10 2.519000 1 1
2016 12 11 2.952000 1 1
2016 12 12 4.386000 1 1
2016 12 13 2.136000 1 1
2016 12 14 2.386000 1 1
2016 12 15 4.183000 1 1
2016 12 16 4.597000 1 1
2016 12 17 2.519000 1 1
2016 12 18 1.598000 1 1
2016 12 19 1.697000 1 1
2016 12 20 2.259000 1 1
2016 12 21 3.108000 1 1
2016 12 22 2.519000 1 1
2016 12 23 2.386000 1 1
2016 12 24 2.386000 1 1
2016 12 25 2.658000 1 1
2016 12 26 1.248000 1 1
2016 12 27 1.697000 1 1
2016 12 28 2.136000 1 1
2016 12 29 2.136000 1 1
2016 12 30 5.770000 1 1
2016 12 31 2.386000 1 1
2017 01 01 2.019000 1 1
2017 01 02 2.519000 1 1
2017 01 03 2.519000 1 1
2017 01 04 2.386000 1 1
2017 01 05 4.386000 1 1
2017 01 06 12.417000 1 1
2017 01 07 12.417000 1 1
2017 01 08 5.042000 1 1
2017 01 09 2.952000 1 1
2017 01 10 3.108000 1 1
2017 01 11 2.519000 1 1
2017 01 12 3.108000 1 1
2017 01 13 2.952000 1 1
2017 01 14 1.907000 1 1
2017 01 15 1.799000 1 1
2017 01 16 2.386000 1 1
2017 01 17 2.952000 1 1
2017 01 18 3.615000 1 1
2017 01 19 5.276000 1 1
2017 01 20 4.183000 1 1
2017 01 21 3.615000 1 1
2017 01 22 4.386000 1 1
2017 01 23 3.108000 1 1
2017 01 24 3.108000 1 1
2017 01 25 8.441000 1 1
2017 01 26 3.615000 1 1
2017 01 27 6.862000 1 1
2017 01 28 5.770000 1 1
2017 01 29 4.815000 1 1
2017 01 30 5.276000 1 1
2017 01 31 3.797000 1 1
2017 02 01 3.108000 1 1
2017 02 02 2.658000 1 1
2017 02 03 5.042000 1 1
2017 02 04 3.440000 1 1
2017 02 05 2.136000 1 1
2017 02 06 2.019000 1 1
2017 02 07 1.799000 1 1
2017 02 08 2.658000 1 1
2017 02 09 3.440000 1 1
2017 02 10 2.802000 1 1
2017 02 11 2.259000 1 1
2017 02 12 5.042000 1 1
2017 02 13 16.512000 1 1
2017 02 14 5.770000 1 1
2017 02 15 3.797000 1 1
2017 02 16 2.802000 1 1
2017 02 17 2.259000 1 1
2017 02 18 2.658000 1 1
2017 02 19 2.259000 1 1
2017 02 20 2.952000 1 1
2017 02 21 2.658000 1 1
2017 02 22 2.658000 1 1
2017 02 23 2.386000 1 1
2017 02 24 3.108000 1 1
2017 02 25 3.271000 1 1
2017 02 26 2.952000 1 1
2017 02 27 2.658000 1 1
2017 02 28 2.658000 1 1
2017 03 01 2.658000 1 1
2017 03 02 5.276000 1 1
2017 03 03 3.986000 1 1
2017 03 04 1.799000 1 1
2017 03 05 2.019000 1 1
2017 03 06 3.440000 1 1
2017 03 07 2.259000 1 1
2017 03 08 1.799000 1 1
2017 03 09 1.248000 1 1
2017 03 10 1.330000 1 1
2017 03 11 1.799000 1 1
2017 03 12 2.136000 1 1
2017 03 13 4.183000 1 1
2017 03 14 2.386000 1 1
2017 03 15 1.505000 1 1
2017 03 16 1.505000 1 1
2017 03 17 2.136000 1 1
2017 03 18 3.271000 1 1
2017 03 19 4.386000 1 1
2017 03 20 2.802000 1 1
2017 03 21 2.386000 1 1
2017 03 22 2.136000 1 1
2017 03 23 1.598000 1 1
2017 03 24 1.171000 1 1
2017 03 25 1.026000 1 1
2017 03 26 1.415000 1 1
2017 03 27 1.697000 1 1
2017 03 28 1.505000 1 1
2017 03 29 1.248000 1 1
2017 03 30 1.505000 1 1
2017 03 31 2.136000 1 1
2017 04 01 2.519000 1 1
2017 04 02 1.505000 1 1
2017 04 03 1.415000 1 1
2017 04 04 1.026000 1 1
2017 04 05 0.896000 1 1
2017 04 06 1.598000 1 1
2017 04 07 3.797000 1 1
2017 04 08 1.598000 1 1
2017 04 09 1.330000 1 1
2017 04 10 1.097000 1 1
2017 04 11 0.960000 1 1
2017 04 12 1.598000 1 1
2017 04 13 1.799000 1 1
2017 04 14 1.330000 1 1
2017 04 15 1.248000 1 1
2017 04 16 0.960000 1 1
2017 04 17 1.171000 1 1
2017 04 18 1.330000 1 1
2017 04 19 1.697000 1 1
2017 04 20 0.836000 1 1
2017 04 21 1.026000 1 1
2017 04 22 1.907000 1 1
2017 04 23 2.019000 1 1
2017 04 24 1.330000 1 1
2017 04 25 0.725000 1 1
2017 04 26 1.598000 1 1
2017 04 27 3.271000 1 1
2017 04 28 3.108000 1 1
2017 04 29 2.802000 1 1
2017 04 30 2.259000 1 1
2017 05 01 1.907000 1 1
2017 05 02 1.415000 1 1
2017 05 03 1.248000 1 1
2017 05 04 1.026000 1 1
2017 05 05 1.248000 1 1
2017 05 06 1.415000 1 1
2017 05 07 1.415000 1 1
2017 05 08 1.248000 1 1
2017 05 09 1.026000 1 1
2017 05 10 1.026000 1 1
2017 05 11 1.248000 1 1
2017 05 12 1.505000 1 1
2017 05 13 0.779000 1 1
2017 05 14 0.960000 1 1
2017 05 15 1.598000 1 1
2017 05 16 1.415000 1 1
2017 05 17 1.415000 1 1
2017 05 18 1.330000 1 1
2017 05 19 3.797000 1 1
2017 05 20 2.519000 1 1
2017 05 21 2.019000 1 1
2017 05 22 2.952000 1 1
2017 05 23 2.136000 1 1
2017 05 24 1.598000 1 1
2017 05 25 1.248000 1 1
2017 05 26 1.097000 1 1
2017 05 27 1.415000 1 1
2017 05 28 1.505000 1 1
2017 05 29 1.097000 1 1
2017 05 30 1.097000 1 1
2017 05 31 1.097000 1 1
2017 06 01 3.110000 1 1
2017 06 02 2.660000 1 1
2017 06 03 2.140000 1 1
2017 06 04 1.420000 1 1
2017 06 05 3.990000 1 1
2017 06 06 nan nan 0
2017 06 07 nan nan 0
2017 06 08 5.040000 1 1
2017 06 09 7.160000 1 1
2017 06 10 8.440000 1 1
2017 06 11 6.300000 1 1
2017 06 12 5.280000 1 1
2017 06 13 4.180000 1 1
2017 06 14 3.440000 1 1
2017 06 15 3.620000 1 1
2017 06 16 3.270000 1 1
2017 06 17 2.260000 1 1
2017 06 18 1.800000 1 1
2017 06 19 2.660000 1 1
2017 06 20 5.770000 1 1
2017 06 21 3.990000 1 1
2017 06 22 2.520000 1 1
2017 06 23 2.520000 1 1
2017 06 24 2.390000 1 1
2017 06 25 2.660000 1 1
2017 06 26 2.660000 1 1
2017 06 27 2.020000 1 1
2017 06 28 2.140000 1 1
2017 06 29 2.020000 1 1
2017 06 30 1.700000 1 1
2017 07 01 2.019000 1 1
2017 07 02 2.658000 1 1
2017 07 03 2.802000 1 1
2017 07 04 2.519000 1 1
2017 07 05 2.658000 1 1
2017 07 06 2.386000 1 1
2017 07 07 2.136000 1 1
2017 07 08 1.598000 1 1
2017 07 09 1.415000 1 1
2017 07 10 1.415000 1 1
2017 07 11 1.505000 1 1
2017 07 12 1.598000 1 1
2017 07 13 1.415000 1 1
2017 07 14 1.026000 1 1
2017 07 15 1.026000 1 1
2017 07 16 1.026000 1 1
2017 07 17 1.097000 1 1
2017 07 18 3.271000 1 1
2017 07 19 3.271000 1 1
2017 07 20 1.505000 1 1
2017 07 21 1.248000 1 1
2017 07 22 1.697000 1 1
2017 07 23 1.415000 1 1
2017 07 24 1.248000 1 1
2017 07 25 1.415000 1 1
2017 07 26 1.415000 1 1
2017 07 27 1.330000 1 1
2017 07 28 1.505000 1 1
2017 07 29 1.415000 1 1
2017 07 30 0.960000 1 1
2017 07 31 0.779000 1 1
2017 08 01 0.896000 1 1
2017 08 02 0.496000 1 1
2017 08 03 0.779000 1 1
2017 08 04 1.697000 1 1
2017 08 05 1.598000 1 1
2017 08 06 1.171000 1 1
2017 08 07 0.960000 1 1
2017 08 08 0.580000 1 1
2017 08 09 0.458000 1 1
2017 08 10 0.674000 1 1
2017 08 11 0.725000 1 1
2017 08 12 0.580000 1 1
2017 08 13 0.389000 1 1
2017 08 14 1.097000 1 1
2017 08 15 1.248000 1 1
2017 08 16 0.896000 1 1
2017 08 17 0.960000 1 1
2017 08 18 0.779000 1 1
2017 08 19 0.779000 1 1
2017 08 20 2.802000 1 1
2017 08 21 5.770000 1 1
2017 08 22 2.802000 1 1
2017 08 23 1.097000 1 1
2017 08 24 0.836000 1 1
2017 08 25 0.960000 1 1
2017 08 26 0.626000 1 1
2017 08 27 0.626000 1 1
2017 08 28 0.626000 1 1
2017 08 29 0.537000 1 1
2017 08 30 0.580000 1 1
2017 08 31 0.836000 1 1
2017 09 01 1.171000 1 1
2017 09 02 1.097000 1 1
2017 09 03 0.674000 1 1
2017 09 04 0.836000 1 1
2017 09 05 0.725000 1 1
2017 09 06 0.674000 1 1
2017 09 07 0.725000 1 1
2017 09 08 0.674000 1 1
2017 09 09 0.626000 1 1
2017 09 10 0.580000 1 1
2017 09 11 0.674000 1 1
2017 09 12 0.537000 1 1
2017 09 13 0.674000 1 1
2017 09 14 0.458000 1 1
2017 09 15 0.458000 1 1
2017 09 16 0.496000 1 1
2017 09 17 0.580000 1 1
2017 09 18 0.779000 1 1
2017 09 19 0.725000 1 1
2017 09 20 1.248000 1 1
2017 09 21 1.598000 1 1
2017 09 22 1.097000 1 1
2017 09 23 1.171000 1 1
2017 09 24 1.598000 1 1
2017 09 25 1.248000 1 1
2017 09 26 1.330000 1 1
2017 09 27 0.960000 1 1
2017 09 28 0.896000 1 1
2017 09 29 1.907000 1 1
2017 09 30 2.019000 1 1
2017 10 01 1.248000 1 1
2017 10 02 2.519000 1 1
2017 10 03 3.271000 1 1
2017 10 04 3.108000 1 1
2017 10 05 2.019000 1 1
2017 10 06 1.415000 1 1
2017 10 07 3.271000 1 1
2017 10 08 2.952000 1 1
2017 10 09 2.386000 1 1
2017 10 10 1.907000 1 1
2017 10 11 1.026000 1 1
2017 10 12 1.505000 1 1
2017 10 13 0.960000 1 1
2017 10 14 1.799000 1 1
2017 10 15 6.030000 1 1
2017 10 16 3.108000 1 1
2017 10 17 2.019000 1 1
2017 10 18 1.097000 1 1
2017 10 19 1.330000 1 1
2017 10 20 2.519000 1 1
2017 10 21 1.907000 1 1
2017 10 22 3.271000 1 1
2017 10 23 3.986000 1 1
2017 10 24 2.658000 1 1
2017 10 25 2.519000 1 1
2017 10 26 4.183000 1 1
2017 10 27 4.597000 1 1
2017 10 28 3.986000 1 1
2017 10 29 3.271000 1 1
2017 10 30 7.464000 1 1
2017 10 31 4.597000 1 1
2017 11 01 3.615000 1 1
2017 11 02 3.108000 1 1
2017 11 03 3.108000 1 1
2017 11 04 2.952000 1 1
2017 11 05 4.183000 1 1
2017 11 06 3.271000 1 1
2017 11 07 2.658000 1 1
2017 11 08 2.658000 1 1
2017 11 09 1.697000 1 1
2017 11 10 2.136000 1 1
2017 11 11 8.441000 1 1
2017 11 12 3.271000 1 1
2017 11 13 2.952000 1 1
2017 11 14 2.386000 1 1
2017 11 15 1.505000 1 1
2017 11 16 1.248000 1 1
2017 11 17 2.136000 1 1
2017 11 18 2.519000 1 1
2017 11 19 2.136000 1 1
2017 11 20 2.019000 1 1
2017 11 21 1.907000 1 1
2017 11 22 2.802000 1 1
2017 11 23 2.802000 1 1
2017 11 24 1.799000 1 1
2017 11 25 1.799000 1 1
2017 11 26 1.799000 1 1
2017 11 27 1.171000 1 1
2017 11 28 1.505000 1 1
2017 11 29 1.598000 1 1
2017 11 30 1.505000 1 1
2017 12 01 1.697000 1 1
2017 12 02 1.598000 1 1
2017 12 03 1.415000 1 1
2017 12 04 0.725000 1 1
2017 12 05 1.505000 1 1
2017 12 06 1.415000 1 1
2017 12 07 1.415000 1 1
2017 12 08 0.960000 1 1
2017 12 09 0.896000 1 1
2017 12 10 0.836000 1 1
2017 12 11 1.171000 1 1
2017 12 12 2.136000 1 1
2017 12 13 2.136000 1 1
2017 12 14 1.248000 1 1
2017 12 15 1.697000 1 1
2017 12 16 1.330000 1 1
2017 12 17 1.330000 1 1
2017 12 18 3.615000 1 1
2017 12 19 1.907000 1 1
2017 12 20 2.136000 1 1
2017 12 21 4.386000 1 1
2017 12 22 2.136000 1 1
2017 12 23 1.907000 1 1
2017 12 24 2.658000 1 1
2017 12 25 11.526000 1 1
2017 12 26 6.575000 1 1
2017 12 27 4.183000 1 1
2017 12 28 4.183000 1 1
2017 12 29 14.872000 1 1
2017 12 30 11.100000 1 1
2017 12 31 7.464000 1 1
