year month day streamflow_m3s qual_control_by_ana qual_flag
1997 12 01 7.460000 1 1
1997 12 02 8.660000 1 1
1997 12 03 7.580000 1 1
1997 12 04 7.130000 1 1
1997 12 05 7.120000 1 1
1997 12 06 7.140000 1 1
1997 12 07 7.210000 1 1
1997 12 08 7.280000 1 1
1997 12 09 8.670000 1 1
1997 12 10 6.350000 1 1
1997 12 11 7.040000 1 1
1997 12 12 6.200000 1 1
1997 12 13 6.250000 1 1
1997 12 14 5.680000 1 1
1997 12 15 7.000000 1 1
1997 12 16 5.710000 1 1
1997 12 17 6.000000 1 1
1997 12 18 7.020000 1 1
1997 12 19 7.120000 1 1
1997 12 20 7.210000 1 1
1997 12 21 7.120000 1 1
1997 12 22 7.110000 1 1
1997 12 23 6.950000 1 1
1997 12 24 6.740000 1 1
1997 12 25 8.790000 1 1
1997 12 26 8.150000 1 1
1997 12 27 5.750000 1 1
1997 12 28 7.120000 1 1
1997 12 29 6.910000 1 1
1997 12 30 11.000000 1 1
1997 12 31 10.900000 1 1
1998 01 01 nan nan nan
1998 01 02 nan nan nan
1998 01 03 nan nan nan
1998 01 04 nan nan nan
1998 01 05 nan nan nan
1998 01 06 nan nan nan
1998 01 07 nan nan nan
1998 01 08 nan nan nan
1998 01 09 nan nan nan
1998 01 10 nan nan nan
1998 01 11 nan nan nan
1998 01 12 nan nan nan
1998 01 13 nan nan nan
1998 01 14 nan nan nan
1998 01 15 nan nan nan
1998 01 16 nan nan nan
1998 01 17 nan nan nan
1998 01 18 nan nan nan
1998 01 19 nan nan nan
1998 01 20 nan nan nan
1998 01 21 nan nan nan
1998 01 22 nan nan nan
1998 01 23 nan nan nan
1998 01 24 nan nan nan
1998 01 25 nan nan nan
1998 01 26 nan nan nan
1998 01 27 nan nan nan
1998 01 28 nan nan nan
1998 01 29 nan nan nan
1998 01 30 nan nan nan
1998 01 31 nan nan nan
1998 02 01 nan nan nan
1998 02 02 nan nan nan
1998 02 03 nan nan nan
1998 02 04 nan nan nan
1998 02 05 nan nan nan
1998 02 06 nan nan nan
1998 02 07 nan nan nan
1998 02 08 nan nan nan
1998 02 09 nan nan nan
1998 02 10 nan nan nan
1998 02 11 nan nan nan
1998 02 12 nan nan nan
1998 02 13 nan nan nan
1998 02 14 nan nan nan
1998 02 15 nan nan nan
1998 02 16 nan nan nan
1998 02 17 nan nan nan
1998 02 18 nan nan nan
1998 02 19 nan nan nan
1998 02 20 nan nan nan
1998 02 21 nan nan nan
1998 02 22 nan nan nan
1998 02 23 nan nan nan
1998 02 24 nan nan nan
1998 02 25 nan nan nan
1998 02 26 nan nan nan
1998 02 27 nan nan nan
1998 02 28 nan nan nan
1998 03 01 nan nan nan
1998 03 02 nan nan nan
1998 03 03 nan nan nan
1998 03 04 nan nan nan
1998 03 05 nan nan nan
1998 03 06 nan nan nan
1998 03 07 nan nan nan
1998 03 08 nan nan nan
1998 03 09 nan nan nan
1998 03 10 nan nan nan
1998 03 11 nan nan nan
1998 03 12 nan nan nan
1998 03 13 nan nan nan
1998 03 14 nan nan nan
1998 03 15 nan nan nan
1998 03 16 nan nan nan
1998 03 17 nan nan nan
1998 03 18 nan nan nan
1998 03 19 nan nan nan
1998 03 20 nan nan nan
1998 03 21 nan nan nan
1998 03 22 nan nan nan
1998 03 23 nan nan nan
1998 03 24 nan nan nan
1998 03 25 nan nan nan
1998 03 26 nan nan nan
1998 03 27 nan nan nan
1998 03 28 nan nan nan
1998 03 29 nan nan nan
1998 03 30 nan nan nan
1998 03 31 nan nan nan
1998 04 01 nan nan nan
1998 04 02 nan nan nan
1998 04 03 nan nan nan
1998 04 04 nan nan nan
1998 04 05 nan nan nan
1998 04 06 nan nan nan
1998 04 07 nan nan nan
1998 04 08 nan nan nan
1998 04 09 nan nan nan
1998 04 10 nan nan nan
1998 04 11 nan nan nan
1998 04 12 nan nan nan
1998 04 13 nan nan nan
1998 04 14 nan nan nan
1998 04 15 nan nan nan
1998 04 16 nan nan nan
1998 04 17 nan nan nan
1998 04 18 nan nan nan
1998 04 19 nan nan nan
1998 04 20 nan nan nan
1998 04 21 nan nan nan
1998 04 22 nan nan nan
1998 04 23 nan nan nan
1998 04 24 nan nan nan
1998 04 25 nan nan nan
1998 04 26 nan nan nan
1998 04 27 nan nan nan
1998 04 28 nan nan nan
1998 04 29 nan nan nan
1998 04 30 nan nan nan
1998 05 01 nan nan nan
1998 05 02 nan nan nan
1998 05 03 nan nan nan
1998 05 04 nan nan nan
1998 05 05 nan nan nan
1998 05 06 nan nan nan
1998 05 07 nan nan nan
1998 05 08 nan nan nan
1998 05 09 nan nan nan
1998 05 10 nan nan nan
1998 05 11 nan nan nan
1998 05 12 nan nan nan
1998 05 13 nan nan nan
1998 05 14 nan nan nan
1998 05 15 nan nan nan
1998 05 16 nan nan nan
1998 05 17 nan nan nan
1998 05 18 nan nan nan
1998 05 19 nan nan nan
1998 05 20 nan nan nan
1998 05 21 nan nan nan
1998 05 22 nan nan nan
1998 05 23 nan nan nan
1998 05 24 nan nan nan
1998 05 25 nan nan nan
1998 05 26 nan nan nan
1998 05 27 nan nan nan
1998 05 28 nan nan nan
1998 05 29 nan nan nan
1998 05 30 nan nan nan
1998 05 31 nan nan nan
1998 06 01 nan nan nan
1998 06 02 nan nan nan
1998 06 03 nan nan nan
1998 06 04 nan nan nan
1998 06 05 nan nan nan
1998 06 06 nan nan nan
1998 06 07 nan nan nan
1998 06 08 nan nan nan
1998 06 09 nan nan nan
1998 06 10 nan nan nan
1998 06 11 nan nan nan
1998 06 12 nan nan nan
1998 06 13 nan nan nan
1998 06 14 nan nan nan
1998 06 15 nan nan nan
1998 06 16 nan nan nan
1998 06 17 nan nan nan
1998 06 18 nan nan nan
1998 06 19 nan nan nan
1998 06 20 nan nan nan
1998 06 21 nan nan nan
1998 06 22 nan nan nan
1998 06 23 nan nan nan
1998 06 24 nan nan nan
1998 06 25 nan nan nan
1998 06 26 nan nan nan
1998 06 27 nan nan nan
1998 06 28 nan nan nan
1998 06 29 nan nan nan
1998 06 30 nan nan nan
1998 07 01 nan nan nan
1998 07 02 nan nan nan
1998 07 03 nan nan nan
1998 07 04 nan nan nan
1998 07 05 nan nan nan
1998 07 06 nan nan nan
1998 07 07 nan nan nan
1998 07 08 nan nan nan
1998 07 09 nan nan nan
1998 07 10 nan nan nan
1998 07 11 nan nan nan
1998 07 12 nan nan nan
1998 07 13 nan nan nan
1998 07 14 nan nan nan
1998 07 15 nan nan nan
1998 07 16 nan nan nan
1998 07 17 nan nan nan
1998 07 18 nan nan nan
1998 07 19 nan nan nan
1998 07 20 nan nan nan
1998 07 21 nan nan nan
1998 07 22 nan nan nan
1998 07 23 nan nan nan
1998 07 24 nan nan nan
1998 07 25 nan nan nan
1998 07 26 nan nan nan
1998 07 27 nan nan nan
1998 07 28 nan nan nan
1998 07 29 nan nan nan
1998 07 30 nan nan nan
1998 07 31 nan nan nan
1998 08 01 nan nan nan
1998 08 02 nan nan nan
1998 08 03 nan nan nan
1998 08 04 nan nan nan
1998 08 05 nan nan nan
1998 08 06 nan nan nan
1998 08 07 nan nan nan
1998 08 08 nan nan nan
1998 08 09 nan nan nan
1998 08 10 nan nan nan
1998 08 11 nan nan nan
1998 08 12 nan nan nan
1998 08 13 nan nan nan
1998 08 14 nan nan nan
1998 08 15 nan nan nan
1998 08 16 nan nan nan
1998 08 17 nan nan nan
1998 08 18 nan nan nan
1998 08 19 nan nan nan
1998 08 20 nan nan nan
1998 08 21 nan nan nan
1998 08 22 nan nan nan
1998 08 23 nan nan nan
1998 08 24 nan nan nan
1998 08 25 nan nan nan
1998 08 26 nan nan nan
1998 08 27 nan nan nan
1998 08 28 nan nan nan
1998 08 29 nan nan nan
1998 08 30 nan nan nan
1998 08 31 nan nan nan
1998 09 01 nan nan nan
1998 09 02 nan nan nan
1998 09 03 nan nan nan
1998 09 04 nan nan nan
1998 09 05 nan nan nan
1998 09 06 nan nan nan
1998 09 07 nan nan nan
1998 09 08 nan nan nan
1998 09 09 nan nan nan
1998 09 10 nan nan nan
1998 09 11 nan nan nan
1998 09 12 nan nan nan
1998 09 13 nan nan nan
1998 09 14 nan nan nan
1998 09 15 nan nan nan
1998 09 16 nan nan nan
1998 09 17 nan nan nan
1998 09 18 nan nan nan
1998 09 19 nan nan nan
1998 09 20 nan nan nan
1998 09 21 nan nan nan
1998 09 22 nan nan nan
1998 09 23 nan nan nan
1998 09 24 nan nan nan
1998 09 25 nan nan nan
1998 09 26 nan nan nan
1998 09 27 nan nan nan
1998 09 28 nan nan nan
1998 09 29 nan nan nan
1998 09 30 nan nan nan
1998 10 01 nan nan nan
1998 10 02 nan nan nan
1998 10 03 nan nan nan
1998 10 04 nan nan nan
1998 10 05 nan nan nan
1998 10 06 nan nan nan
1998 10 07 nan nan nan
1998 10 08 nan nan nan
1998 10 09 nan nan nan
1998 10 10 nan nan nan
1998 10 11 nan nan nan
1998 10 12 nan nan nan
1998 10 13 nan nan nan
1998 10 14 nan nan nan
1998 10 15 nan nan nan
1998 10 16 nan nan nan
1998 10 17 nan nan nan
1998 10 18 nan nan nan
1998 10 19 nan nan nan
1998 10 20 nan nan nan
1998 10 21 nan nan nan
1998 10 22 nan nan nan
1998 10 23 nan nan nan
1998 10 24 nan nan nan
1998 10 25 nan nan nan
1998 10 26 nan nan nan
1998 10 27 nan nan nan
1998 10 28 nan nan nan
1998 10 29 nan nan nan
1998 10 30 nan nan nan
1998 10 31 nan nan nan
1998 11 01 nan nan nan
1998 11 02 nan nan nan
1998 11 03 nan nan nan
1998 11 04 nan nan nan
1998 11 05 nan nan nan
1998 11 06 nan nan nan
1998 11 07 nan nan nan
1998 11 08 nan nan nan
1998 11 09 nan nan nan
1998 11 10 nan nan nan
1998 11 11 nan nan nan
1998 11 12 nan nan nan
1998 11 13 nan nan nan
1998 11 14 nan nan nan
1998 11 15 nan nan nan
1998 11 16 nan nan nan
1998 11 17 nan nan nan
1998 11 18 nan nan nan
1998 11 19 nan nan nan
1998 11 20 nan nan nan
1998 11 21 nan nan nan
1998 11 22 nan nan nan
1998 11 23 nan nan nan
1998 11 24 nan nan nan
1998 11 25 nan nan nan
1998 11 26 nan nan nan
1998 11 27 nan nan nan
1998 11 28 nan nan nan
1998 11 29 nan nan nan
1998 11 30 nan nan nan
1998 12 01 nan nan nan
1998 12 02 nan nan nan
1998 12 03 nan nan nan
1998 12 04 nan nan nan
1998 12 05 nan nan nan
1998 12 06 nan nan nan
1998 12 07 nan nan nan
1998 12 08 nan nan nan
1998 12 09 nan nan nan
1998 12 10 nan nan nan
1998 12 11 nan nan nan
1998 12 12 nan nan nan
1998 12 13 nan nan nan
1998 12 14 nan nan nan
1998 12 15 nan nan nan
1998 12 16 nan nan nan
1998 12 17 nan nan nan
1998 12 18 nan nan nan
1998 12 19 nan nan nan
1998 12 20 nan nan nan
1998 12 21 nan nan nan
1998 12 22 nan nan nan
1998 12 23 nan nan nan
1998 12 24 nan nan nan
1998 12 25 nan nan nan
1998 12 26 nan nan nan
1998 12 27 nan nan nan
1998 12 28 nan nan nan
1998 12 29 nan nan nan
1998 12 30 nan nan nan
1998 12 31 nan nan nan
1999 01 01 nan nan nan
1999 01 02 nan nan nan
1999 01 03 nan nan nan
1999 01 04 nan nan nan
1999 01 05 nan nan nan
1999 01 06 nan nan nan
1999 01 07 nan nan nan
1999 01 08 nan nan nan
1999 01 09 nan nan nan
1999 01 10 nan nan nan
1999 01 11 nan nan nan
1999 01 12 nan nan nan
1999 01 13 nan nan nan
1999 01 14 nan nan nan
1999 01 15 nan nan nan
1999 01 16 nan nan nan
1999 01 17 nan nan nan
1999 01 18 nan nan nan
1999 01 19 nan nan nan
1999 01 20 nan nan nan
1999 01 21 nan nan nan
1999 01 22 nan nan nan
1999 01 23 nan nan nan
1999 01 24 nan nan nan
1999 01 25 nan nan nan
1999 01 26 nan nan nan
1999 01 27 nan nan nan
1999 01 28 nan nan nan
1999 01 29 nan nan nan
1999 01 30 nan nan nan
1999 01 31 nan nan nan
1999 02 01 nan nan nan
1999 02 02 nan nan nan
1999 02 03 nan nan nan
1999 02 04 nan nan nan
1999 02 05 nan nan nan
1999 02 06 nan nan nan
1999 02 07 nan nan nan
1999 02 08 nan nan nan
1999 02 09 nan nan nan
1999 02 10 nan nan nan
1999 02 11 nan nan nan
1999 02 12 nan nan nan
1999 02 13 nan nan nan
1999 02 14 nan nan nan
1999 02 15 nan nan nan
1999 02 16 nan nan nan
1999 02 17 nan nan nan
1999 02 18 nan nan nan
1999 02 19 nan nan nan
1999 02 20 nan nan nan
1999 02 21 nan nan nan
1999 02 22 nan nan nan
1999 02 23 nan nan nan
1999 02 24 nan nan nan
1999 02 25 nan nan nan
1999 02 26 nan nan nan
1999 02 27 nan nan nan
1999 02 28 nan nan nan
1999 03 01 nan nan nan
1999 03 02 nan nan nan
1999 03 03 nan nan nan
1999 03 04 nan nan nan
1999 03 05 nan nan nan
1999 03 06 nan nan nan
1999 03 07 nan nan nan
1999 03 08 nan nan nan
1999 03 09 nan nan nan
1999 03 10 nan nan nan
1999 03 11 nan nan nan
1999 03 12 nan nan nan
1999 03 13 nan nan nan
1999 03 14 nan nan nan
1999 03 15 nan nan nan
1999 03 16 nan nan nan
1999 03 17 nan nan nan
1999 03 18 nan nan nan
1999 03 19 nan nan nan
1999 03 20 nan nan nan
1999 03 21 nan nan nan
1999 03 22 nan nan nan
1999 03 23 nan nan nan
1999 03 24 nan nan nan
1999 03 25 nan nan nan
1999 03 26 nan nan nan
1999 03 27 nan nan nan
1999 03 28 nan nan nan
1999 03 29 nan nan nan
1999 03 30 nan nan nan
1999 03 31 nan nan nan
1999 04 01 nan nan nan
1999 04 02 nan nan nan
1999 04 03 nan nan nan
1999 04 04 nan nan nan
1999 04 05 nan nan nan
1999 04 06 nan nan nan
1999 04 07 nan nan nan
1999 04 08 nan nan nan
1999 04 09 nan nan nan
1999 04 10 nan nan nan
1999 04 11 nan nan nan
1999 04 12 nan nan nan
1999 04 13 nan nan nan
1999 04 14 nan nan nan
1999 04 15 nan nan nan
1999 04 16 nan nan nan
1999 04 17 nan nan nan
1999 04 18 nan nan nan
1999 04 19 nan nan nan
1999 04 20 nan nan nan
1999 04 21 nan nan nan
1999 04 22 nan nan nan
1999 04 23 nan nan nan
1999 04 24 nan nan nan
1999 04 25 nan nan nan
1999 04 26 nan nan nan
1999 04 27 nan nan nan
1999 04 28 nan nan nan
1999 04 29 nan nan nan
1999 04 30 nan nan nan
1999 05 01 nan nan nan
1999 05 02 nan nan nan
1999 05 03 nan nan nan
1999 05 04 nan nan nan
1999 05 05 nan nan nan
1999 05 06 nan nan nan
1999 05 07 nan nan nan
1999 05 08 nan nan nan
1999 05 09 nan nan nan
1999 05 10 nan nan nan
1999 05 11 nan nan nan
1999 05 12 nan nan nan
1999 05 13 nan nan nan
1999 05 14 nan nan nan
1999 05 15 nan nan nan
1999 05 16 nan nan nan
1999 05 17 nan nan nan
1999 05 18 nan nan nan
1999 05 19 nan nan nan
1999 05 20 nan nan nan
1999 05 21 nan nan nan
1999 05 22 nan nan nan
1999 05 23 nan nan nan
1999 05 24 nan nan nan
1999 05 25 nan nan nan
1999 05 26 nan nan nan
1999 05 27 nan nan nan
1999 05 28 nan nan nan
1999 05 29 nan nan nan
1999 05 30 nan nan nan
1999 05 31 nan nan nan
1999 06 01 nan nan nan
1999 06 02 nan nan nan
1999 06 03 nan nan nan
1999 06 04 nan nan nan
1999 06 05 nan nan nan
1999 06 06 nan nan nan
1999 06 07 nan nan nan
1999 06 08 nan nan nan
1999 06 09 nan nan nan
1999 06 10 nan nan nan
1999 06 11 nan nan nan
1999 06 12 nan nan nan
1999 06 13 nan nan nan
1999 06 14 nan nan nan
1999 06 15 nan nan nan
1999 06 16 nan nan nan
1999 06 17 nan nan nan
1999 06 18 nan nan nan
1999 06 19 nan nan nan
1999 06 20 nan nan nan
1999 06 21 nan nan nan
1999 06 22 nan nan nan
1999 06 23 nan nan nan
1999 06 24 nan nan nan
1999 06 25 nan nan nan
1999 06 26 nan nan nan
1999 06 27 nan nan nan
1999 06 28 nan nan nan
1999 06 29 nan nan nan
1999 06 30 nan nan nan
1999 07 01 nan nan nan
1999 07 02 nan nan nan
1999 07 03 nan nan nan
1999 07 04 nan nan nan
1999 07 05 nan nan nan
1999 07 06 nan nan nan
1999 07 07 nan nan nan
1999 07 08 nan nan nan
1999 07 09 nan nan nan
1999 07 10 nan nan nan
1999 07 11 nan nan nan
1999 07 12 nan nan nan
1999 07 13 nan nan nan
1999 07 14 nan nan nan
1999 07 15 nan nan nan
1999 07 16 nan nan nan
1999 07 17 nan nan nan
1999 07 18 nan nan nan
1999 07 19 nan nan nan
1999 07 20 nan nan nan
1999 07 21 nan nan nan
1999 07 22 nan nan nan
1999 07 23 nan nan nan
1999 07 24 nan nan nan
1999 07 25 nan nan nan
1999 07 26 nan nan nan
1999 07 27 nan nan nan
1999 07 28 nan nan nan
1999 07 29 nan nan nan
1999 07 30 nan nan nan
1999 07 31 nan nan nan
1999 08 01 nan nan nan
1999 08 02 nan nan nan
1999 08 03 nan nan nan
1999 08 04 nan nan nan
1999 08 05 nan nan nan
1999 08 06 nan nan nan
1999 08 07 nan nan nan
1999 08 08 nan nan nan
1999 08 09 nan nan nan
1999 08 10 nan nan nan
1999 08 11 nan nan nan
1999 08 12 nan nan nan
1999 08 13 nan nan nan
1999 08 14 nan nan nan
1999 08 15 nan nan nan
1999 08 16 nan nan nan
1999 08 17 nan nan nan
1999 08 18 nan nan nan
1999 08 19 nan nan nan
1999 08 20 nan nan nan
1999 08 21 nan nan nan
1999 08 22 nan nan nan
1999 08 23 nan nan nan
1999 08 24 nan nan nan
1999 08 25 nan nan nan
1999 08 26 nan nan nan
1999 08 27 nan nan nan
1999 08 28 nan nan nan
1999 08 29 nan nan nan
1999 08 30 nan nan nan
1999 08 31 nan nan nan
1999 09 01 nan nan nan
1999 09 02 nan nan nan
1999 09 03 nan nan nan
1999 09 04 nan nan nan
1999 09 05 nan nan nan
1999 09 06 nan nan nan
1999 09 07 nan nan nan
1999 09 08 nan nan nan
1999 09 09 nan nan nan
1999 09 10 nan nan nan
1999 09 11 nan nan nan
1999 09 12 nan nan nan
1999 09 13 nan nan nan
1999 09 14 nan nan nan
1999 09 15 nan nan nan
1999 09 16 nan nan nan
1999 09 17 nan nan nan
1999 09 18 nan nan nan
1999 09 19 nan nan nan
1999 09 20 nan nan nan
1999 09 21 nan nan nan
1999 09 22 nan nan nan
1999 09 23 nan nan nan
1999 09 24 nan nan nan
1999 09 25 nan nan nan
1999 09 26 nan nan nan
1999 09 27 nan nan nan
1999 09 28 nan nan nan
1999 09 29 nan nan nan
1999 09 30 nan nan nan
1999 10 01 nan nan nan
1999 10 02 nan nan nan
1999 10 03 nan nan nan
1999 10 04 nan nan nan
1999 10 05 nan nan nan
1999 10 06 nan nan nan
1999 10 07 nan nan nan
1999 10 08 nan nan nan
1999 10 09 nan nan nan
1999 10 10 nan nan nan
1999 10 11 nan nan nan
1999 10 12 nan nan nan
1999 10 13 nan nan nan
1999 10 14 nan nan nan
1999 10 15 nan nan nan
1999 10 16 nan nan nan
1999 10 17 nan nan nan
1999 10 18 nan nan nan
1999 10 19 nan nan nan
1999 10 20 nan nan nan
1999 10 21 nan nan nan
1999 10 22 nan nan nan
1999 10 23 nan nan nan
1999 10 24 nan nan nan
1999 10 25 nan nan nan
1999 10 26 nan nan nan
1999 10 27 nan nan nan
1999 10 28 nan nan nan
1999 10 29 nan nan nan
1999 10 30 nan nan nan
1999 10 31 nan nan nan
1999 11 01 nan nan nan
1999 11 02 nan nan nan
1999 11 03 nan nan nan
1999 11 04 nan nan nan
1999 11 05 nan nan nan
1999 11 06 nan nan nan
1999 11 07 nan nan nan
1999 11 08 nan nan nan
1999 11 09 nan nan nan
1999 11 10 nan nan nan
1999 11 11 nan nan nan
1999 11 12 nan nan nan
1999 11 13 nan nan nan
1999 11 14 nan nan nan
1999 11 15 nan nan nan
1999 11 16 nan nan nan
1999 11 17 nan nan nan
1999 11 18 nan nan nan
1999 11 19 nan nan nan
1999 11 20 nan nan nan
1999 11 21 nan nan nan
1999 11 22 nan nan nan
1999 11 23 nan nan nan
1999 11 24 nan nan nan
1999 11 25 nan nan nan
1999 11 26 nan nan nan
1999 11 27 nan nan nan
1999 11 28 nan nan nan
1999 11 29 nan nan nan
1999 11 30 nan nan nan
1999 12 01 nan nan nan
1999 12 02 nan nan nan
1999 12 03 nan nan nan
1999 12 04 nan nan nan
1999 12 05 nan nan nan
1999 12 06 nan nan nan
1999 12 07 nan nan nan
1999 12 08 nan nan nan
1999 12 09 nan nan nan
1999 12 10 nan nan nan
1999 12 11 nan nan nan
1999 12 12 nan nan nan
1999 12 13 nan nan nan
1999 12 14 nan nan nan
1999 12 15 nan nan nan
1999 12 16 nan nan nan
1999 12 17 nan nan nan
1999 12 18 nan nan nan
1999 12 19 nan nan nan
1999 12 20 nan nan nan
1999 12 21 nan nan nan
1999 12 22 nan nan nan
1999 12 23 nan nan nan
1999 12 24 nan nan nan
1999 12 25 nan nan nan
1999 12 26 nan nan nan
1999 12 27 nan nan nan
1999 12 28 nan nan nan
1999 12 29 nan nan nan
1999 12 30 nan nan nan
1999 12 31 nan nan nan
2000 01 01 0.490000 1 1
2000 01 02 1.820000 1 1
2000 01 03 0.000000 1 1
2000 01 04 0.000000 1 1
2000 01 05 0.000000 1 1
2000 01 06 0.000000 1 1
2000 01 07 0.000000 1 1
2000 01 08 0.000000 1 1
2000 01 09 0.000000 1 1
2000 01 10 0.000000 1 1
2000 01 11 0.000000 1 1
2000 01 12 0.000000 1 1
2000 01 13 0.270000 1 1
2000 01 14 0.150000 1 1
2000 01 15 0.000000 1 1
2000 01 16 0.000000 1 1
2000 01 17 0.000000 1 1
2000 01 18 0.000000 1 1
2000 01 19 0.020000 1 1
2000 01 20 0.000000 1 1
2000 01 21 0.000000 1 1
2000 01 22 0.000000 1 1
2000 01 23 0.000000 1 1
2000 01 24 0.000000 1 1
2000 01 25 2.810000 1 1
2000 01 26 2.740000 1 1
2000 01 27 0.000000 1 1
2000 01 28 0.000000 1 1
2000 01 29 0.000000 1 1
2000 01 30 0.000000 1 1
2000 01 31 0.730000 1 1
2000 02 01 0.030000 1 1
2000 02 02 0.000000 1 1
2000 02 03 0.000000 1 1
2000 02 04 0.000000 1 1
2000 02 05 0.000000 1 1
2000 02 06 0.000000 1 1
2000 02 07 0.000000 1 1
2000 02 08 0.000000 1 1
2000 02 09 0.000000 1 1
2000 02 10 0.000000 1 1
2000 02 11 0.000000 1 1
2000 02 12 0.000000 1 1
2000 02 13 0.000000 1 1
2000 02 14 0.080000 1 1
2000 02 15 13.600000 1 1
2000 02 16 32.200000 1 1
2000 02 17 2.600000 1 1
2000 02 18 7.100000 1 1
2000 02 19 3.120000 1 1
2000 02 20 1.440000 1 1
2000 02 21 0.860000 1 1
2000 02 22 0.170000 1 1
2000 02 23 0.810000 1 1
2000 02 24 1.430000 1 1
2000 02 25 0.000000 1 1
2000 02 26 0.040000 1 1
2000 02 27 0.040000 1 1
2000 02 28 0.340000 1 1
2000 02 29 39.900000 1 1
2000 03 01 59.100000 1 1
2000 03 02 3.610000 1 1
2000 03 03 0.070000 1 1
2000 03 04 0.000000 1 1
2000 03 05 0.000000 1 1
2000 03 06 0.000000 1 1
2000 03 07 1.040000 1 1
2000 03 08 0.300000 1 1
2000 03 09 0.390000 1 1
2000 03 10 4.380000 1 1
2000 03 11 0.680000 1 1
2000 03 12 0.050000 1 1
2000 03 13 0.000000 1 1
2000 03 14 0.000000 1 1
2000 03 15 0.000000 1 1
2000 03 16 0.000000 1 1
2000 03 17 0.000000 1 1
2000 03 18 0.000000 1 1
2000 03 19 0.000000 1 1
2000 03 20 0.000000 1 1
2000 03 21 0.000000 1 1
2000 03 22 0.000000 1 1
2000 03 23 0.000000 1 1
2000 03 24 0.000000 1 1
2000 03 25 0.000000 1 1
2000 03 26 0.000000 1 1
2000 03 27 0.000000 1 1
2000 03 28 0.000000 1 1
2000 03 29 0.000000 1 1
2000 03 30 0.000000 1 1
2000 03 31 0.000000 1 1
2000 04 01 0.000000 1 1
2000 04 02 0.000000 1 1
2000 04 03 0.000000 1 1
2000 04 04 0.000000 1 1
2000 04 05 0.290000 1 1
2000 04 06 0.000000 1 1
2000 04 07 0.000000 1 1
2000 04 08 0.000000 1 1
2000 04 09 0.000000 1 1
2000 04 10 0.000000 1 1
2000 04 11 0.000000 1 1
2000 04 12 0.000000 1 1
2000 04 13 0.000000 1 1
2000 04 14 0.000000 1 1
2000 04 15 0.000000 1 1
2000 04 16 0.000000 1 1
2000 04 17 0.000000 1 1
2000 04 18 0.000000 1 1
2000 04 19 0.000000 1 1
2000 04 20 0.000000 1 1
2000 04 21 0.000000 1 1
2000 04 22 0.000000 1 1
2000 04 23 0.000000 1 1
2000 04 24 0.000000 1 1
2000 04 25 0.000000 1 1
2000 04 26 0.000000 1 1
2000 04 27 0.000000 1 1
2000 04 28 0.000000 1 1
2000 04 29 0.000000 1 1
2000 04 30 0.000000 1 1
2000 05 01 0.000000 1 1
2000 05 02 0.000000 1 1
2000 05 03 0.000000 1 1
2000 05 04 0.000000 1 1
2000 05 05 0.000000 1 1
2000 05 06 0.000000 1 1
2000 05 07 0.000000 1 1
2000 05 08 0.000000 1 1
2000 05 09 0.000000 1 1
2000 05 10 0.000000 1 1
2000 05 11 0.000000 1 1
2000 05 12 0.000000 1 1
2000 05 13 0.000000 1 1
2000 05 14 0.000000 1 1
2000 05 15 0.000000 1 1
2000 05 16 0.000000 1 1
2000 05 17 0.000000 1 1
2000 05 18 0.000000 1 1
2000 05 19 0.000000 1 1
2000 05 20 0.000000 1 1
2000 05 21 0.000000 1 1
2000 05 22 0.000000 1 1
2000 05 23 0.000000 1 1
2000 05 24 0.000000 1 1
2000 05 25 0.000000 1 1
2000 05 26 0.000000 1 1
2000 05 27 0.000000 1 1
2000 05 28 0.000000 1 1
2000 05 29 0.000000 1 1
2000 05 30 0.000000 1 1
2000 05 31 0.000000 1 1
2000 06 01 0.000000 1 1
2000 06 02 0.000000 1 1
2000 06 03 0.000000 1 1
2000 06 04 0.000000 1 1
2000 06 05 0.000000 1 1
2000 06 06 0.000000 1 1
2000 06 07 0.000000 1 1
2000 06 08 0.000000 1 1
2000 06 09 0.000000 1 1
2000 06 10 0.000000 1 1
2000 06 11 0.000000 1 1
2000 06 12 0.000000 1 1
2000 06 13 0.000000 1 1
2000 06 14 0.000000 1 1
2000 06 15 0.000000 1 1
2000 06 16 0.000000 1 1
2000 06 17 0.000000 1 1
2000 06 18 0.110000 1 1
2000 06 19 0.030000 1 1
2000 06 20 0.360000 1 1
2000 06 21 0.020000 1 1
2000 06 22 0.000000 1 1
2000 06 23 0.000000 1 1
2000 06 24 0.000000 1 1
2000 06 25 0.000000 1 1
2000 06 26 0.060000 1 1
2000 06 27 0.080000 1 1
2000 06 28 0.000000 1 1
2000 06 29 0.000000 1 1
2000 06 30 0.000000 1 1
2000 07 01 0.000000 1 1
2000 07 02 0.000000 1 1
2000 07 03 0.000000 1 1
2000 07 04 0.000000 1 1
2000 07 05 0.000000 1 1
2000 07 06 0.000000 1 1
2000 07 07 0.000000 1 1
2000 07 08 0.000000 1 1
2000 07 09 0.000000 1 1
2000 07 10 0.000000 1 1
2000 07 11 0.000000 1 1
2000 07 12 0.000000 1 1
2000 07 13 0.000000 1 1
2000 07 14 0.000000 1 1
2000 07 15 0.000000 1 1
2000 07 16 0.000000 1 1
2000 07 17 0.000000 1 1
2000 07 18 0.000000 1 1
2000 07 19 0.000000 1 1
2000 07 20 0.000000 1 1
2000 07 21 0.000000 1 1
2000 07 22 0.000000 1 1
2000 07 23 0.000000 1 1
2000 07 24 0.000000 1 1
2000 07 25 0.000000 1 1
2000 07 26 0.000000 1 1
2000 07 27 0.000000 1 1
2000 07 28 0.000000 1 1
2000 07 29 0.000000 1 1
2000 07 30 0.000000 1 1
2000 07 31 0.000000 1 1
2000 08 01 0.000000 1 1
2000 08 02 0.000000 1 1
2000 08 03 0.000000 1 1
2000 08 04 0.000000 1 1
2000 08 05 0.000000 1 1
2000 08 06 0.000000 1 1
2000 08 07 0.000000 1 1
2000 08 08 0.000000 1 1
2000 08 09 0.000000 1 1
2000 08 10 0.000000 1 1
2000 08 11 0.000000 1 1
2000 08 12 0.000000 1 1
2000 08 13 0.000000 1 1
2000 08 14 0.000000 1 1
2000 08 15 0.000000 1 1
2000 08 16 0.000000 1 1
2000 08 17 0.000000 1 1
2000 08 18 0.000000 1 1
2000 08 19 0.000000 1 1
2000 08 20 0.000000 1 1
2000 08 21 0.000000 1 1
2000 08 22 0.000000 1 1
2000 08 23 0.000000 1 1
2000 08 24 0.000000 1 1
2000 08 25 0.000000 1 1
2000 08 26 0.000000 1 1
2000 08 27 0.000000 1 1
2000 08 28 0.000000 1 1
2000 08 29 0.000000 1 1
2000 08 30 0.000000 1 1
2000 08 31 0.000000 1 1
2000 09 01 0.000000 1 1
2000 09 02 0.000000 1 1
2000 09 03 0.000000 1 1
2000 09 04 0.000000 1 1
2000 09 05 0.000000 1 1
2000 09 06 0.000000 1 1
2000 09 07 0.000000 1 1
2000 09 08 0.000000 1 1
2000 09 09 0.000000 1 1
2000 09 10 0.000000 1 1
2000 09 11 1.330000 1 1
2000 09 12 6.080000 1 1
2000 09 13 0.010000 1 1
2000 09 14 0.000000 1 1
2000 09 15 2.110000 1 1
2000 09 16 6.180000 1 1
2000 09 17 4.530000 1 1
2000 09 18 0.380000 1 1
2000 09 19 0.000000 1 1
2000 09 20 0.000000 1 1
2000 09 21 0.000000 1 1
2000 09 22 0.000000 1 1
2000 09 23 0.000000 1 1
2000 09 24 0.000000 1 1
2000 09 25 0.000000 1 1
2000 09 26 0.000000 1 1
2000 09 27 0.000000 1 1
2000 09 28 0.000000 1 1
2000 09 29 0.000000 1 1
2000 09 30 0.000000 1 1
2000 10 01 0.000000 1 1
2000 10 02 0.000000 1 1
2000 10 03 0.000000 1 1
2000 10 04 0.000000 1 1
2000 10 05 0.000000 1 1
2000 10 06 0.000000 1 1
2000 10 07 0.000000 1 1
2000 10 08 0.000000 1 1
2000 10 09 0.000000 1 1
2000 10 10 0.000000 1 1
2000 10 11 0.000000 1 1
2000 10 12 0.000000 1 1
2000 10 13 0.170000 1 1
2000 10 14 0.000000 1 1
2000 10 15 0.000000 1 1
2000 10 16 0.080000 1 1
2000 10 17 0.000000 1 1
2000 10 18 0.000000 1 1
2000 10 19 0.000000 1 1
2000 10 20 0.000000 1 1
2000 10 21 0.000000 1 1
2000 10 22 0.000000 1 1
2000 10 23 0.000000 1 1
2000 10 24 0.000000 1 1
2000 10 25 0.000000 1 1
2000 10 26 0.000000 1 1
2000 10 27 0.000000 1 1
2000 10 28 0.000000 1 1
2000 10 29 0.000000 1 1
2000 10 30 0.000000 1 1
2000 10 31 0.000000 1 1
2000 11 01 0.000000 1 1
2000 11 02 0.000000 1 1
2000 11 03 0.000000 1 1
2000 11 04 0.000000 1 1
2000 11 05 0.000000 1 1
2000 11 06 0.000000 1 1
2000 11 07 0.000000 1 1
2000 11 08 0.000000 1 1
2000 11 09 0.000000 1 1
2000 11 10 0.000000 1 1
2000 11 11 0.000000 1 1
2000 11 12 0.000000 1 1
2000 11 13 0.000000 1 1
2000 11 14 0.000000 1 1
2000 11 15 0.000000 1 1
2000 11 16 0.000000 1 1
2000 11 17 0.170000 1 1
2000 11 18 0.030000 1 1
2000 11 19 0.000000 1 1
2000 11 20 0.000000 1 1
2000 11 21 0.000000 1 1
2000 11 22 0.000000 1 1
2000 11 23 0.000000 1 1
2000 11 24 0.000000 1 1
2000 11 25 0.000000 1 1
2000 11 26 0.000000 1 1
2000 11 27 0.000000 1 1
2000 11 28 0.000000 1 1
2000 11 29 0.000000 1 1
2000 11 30 1.740000 1 1
2000 12 01 0.120000 1 1
2000 12 02 0.000000 1 1
2000 12 03 0.000000 1 1
2000 12 04 0.000000 1 1
2000 12 05 0.000000 1 1
2000 12 06 0.000000 1 1
2000 12 07 0.000000 1 1
2000 12 08 0.000000 1 1
2000 12 09 0.000000 1 1
2000 12 10 0.000000 1 1
2000 12 11 0.000000 1 1
2000 12 12 0.000000 1 1
2000 12 13 0.000000 1 1
2000 12 14 0.000000 1 1
2000 12 15 0.000000 1 1
2000 12 16 0.000000 1 1
2000 12 17 0.000000 1 1
2000 12 18 0.000000 1 1
2000 12 19 0.000000 1 1
2000 12 20 0.000000 1 1
2000 12 21 0.000000 1 1
2000 12 22 0.000000 1 1
2000 12 23 0.000000 1 1
2000 12 24 0.000000 1 1
2000 12 25 0.000000 1 1
2000 12 26 0.010000 1 1
2000 12 27 0.010000 1 1
2000 12 28 0.000000 1 1
2000 12 29 0.000000 1 1
2000 12 30 0.000000 1 1
2000 12 31 0.000000 1 1
2001 01 01 0.000000 1 1
2001 01 02 0.000000 1 1
2001 01 03 0.000000 1 1
2001 01 04 0.000000 1 1
2001 01 05 0.000000 1 1
2001 01 06 0.000000 1 1
2001 01 07 0.000000 1 1
2001 01 08 0.000000 1 1
2001 01 09 0.000000 1 1
2001 01 10 0.000000 1 1
2001 01 11 0.000000 1 1
2001 01 12 0.000000 1 1
2001 01 13 0.000000 1 1
2001 01 14 0.000000 1 1
2001 01 15 0.000000 1 1
2001 01 16 0.000000 1 1
2001 01 17 0.000000 1 1
2001 01 18 0.000000 1 1
2001 01 19 9.150000 1 1
2001 01 20 0.000000 1 1
2001 01 21 0.000000 1 1
2001 01 22 0.000000 1 1
2001 01 23 0.000000 1 1
2001 01 24 0.000000 1 1
2001 01 25 0.000000 1 1
2001 01 26 0.000000 1 1
2001 01 27 0.000000 1 1
2001 01 28 0.000000 1 1
2001 01 29 0.000000 1 1
2001 01 30 6.120000 1 1
2001 01 31 9.040000 1 1
2001 02 01 0.810000 1 1
2001 02 02 0.000000 1 1
2001 02 03 0.000000 1 1
2001 02 04 0.000000 1 1
2001 02 05 4.080000 1 1
2001 02 06 1.150000 1 1
2001 02 07 0.000000 1 1
2001 02 08 0.000000 1 1
2001 02 09 0.000000 1 1
2001 02 10 0.000000 1 1
2001 02 11 0.000000 1 1
2001 02 12 0.630000 1 1
2001 02 13 18.300000 1 1
2001 02 14 15.900000 1 1
2001 02 15 7.740000 1 1
2001 02 16 0.980000 1 1
2001 02 17 0.850000 1 1
2001 02 18 0.000000 1 1
2001 02 19 1.750000 1 1
2001 02 20 13.400000 1 1
2001 02 21 19.200000 1 1
2001 02 22 2.500000 1 1
2001 02 23 15.100000 1 1
2001 02 24 8.130000 1 1
2001 02 25 0.400000 1 1
2001 02 26 0.060000 1 1
2001 02 27 0.620000 1 1
2001 02 28 0.270000 1 1
2001 03 01 4.560000 1 1
2001 03 02 1.810000 1 1
2001 03 03 0.000000 1 1
2001 03 04 0.000000 1 1
2001 03 05 0.000000 1 1
2001 03 06 0.000000 1 1
2001 03 07 8.820000 1 1
2001 03 08 11.400000 1 1
2001 03 09 4.790000 1 1
2001 03 10 4.310000 1 1
2001 03 11 0.440000 1 1
2001 03 12 0.000000 1 1
2001 03 13 0.010000 1 1
2001 03 14 0.000000 1 1
2001 03 15 0.000000 1 1
2001 03 16 0.000000 1 1
2001 03 17 2.380000 1 1
2001 03 18 1.750000 1 1
2001 03 19 0.710000 1 1
2001 03 20 0.000000 1 1
2001 03 21 0.000000 1 1
2001 03 22 0.000000 1 1
2001 03 23 0.000000 1 1
2001 03 24 0.040000 1 1
2001 03 25 2.150000 1 1
2001 03 26 5.280000 1 1
2001 03 27 2.010000 1 1
2001 03 28 5.300000 1 1
2001 03 29 1.160000 1 1
2001 03 30 0.000000 1 1
2001 03 31 0.000000 1 1
2001 04 01 0.000000 1 1
2001 04 02 0.000000 1 1
2001 04 03 0.000000 1 1
2001 04 04 0.000000 1 1
2001 04 05 0.000000 1 1
2001 04 06 0.000000 1 1
2001 04 07 0.000000 1 1
2001 04 08 0.000000 1 1
2001 04 09 0.000000 1 1
2001 04 10 0.000000 1 1
2001 04 11 0.000000 1 1
2001 04 12 0.000000 1 1
2001 04 13 0.000000 1 1
2001 04 14 0.000000 1 1
2001 04 15 0.000000 1 1
2001 04 16 0.000000 1 1
2001 04 17 0.000000 1 1
2001 04 18 0.000000 1 1
2001 04 19 0.000000 1 1
2001 04 20 0.000000 1 1
2001 04 21 0.000000 1 1
2001 04 22 0.000000 1 1
2001 04 23 0.000000 1 1
2001 04 24 0.000000 1 1
2001 04 25 0.000000 1 1
2001 04 26 0.000000 1 1
2001 04 27 0.000000 1 1
2001 04 28 0.000000 1 1
2001 04 29 0.000000 1 1
2001 04 30 0.000000 1 1
2001 05 01 0.000000 1 1
2001 05 02 0.000000 1 1
2001 05 03 0.000000 1 1
2001 05 04 8.860000 1 1
2001 05 05 0.120000 1 1
2001 05 06 0.000000 1 1
2001 05 07 0.000000 1 1
2001 05 08 0.000000 1 1
2001 05 09 0.000000 1 1
2001 05 10 0.120000 1 1
2001 05 11 2.350000 1 1
2001 05 12 0.000000 1 1
2001 05 13 0.000000 1 1
2001 05 14 0.000000 1 1
2001 05 15 0.880000 1 1
2001 05 16 7.170000 1 1
2001 05 17 0.000000 1 1
2001 05 18 0.000000 1 1
2001 05 19 0.000000 1 1
2001 05 20 0.000000 1 1
2001 05 21 0.000000 1 1
2001 05 22 0.000000 1 1
2001 05 23 0.000000 1 1
2001 05 24 0.000000 1 1
2001 05 25 0.000000 1 1
2001 05 26 0.000000 1 1
2001 05 27 0.000000 1 1
2001 05 28 0.000000 1 1
2001 05 29 0.000000 1 1
2001 05 30 0.000000 1 1
2001 05 31 0.000000 1 1
2001 06 01 nan nan nan
2001 06 02 nan nan nan
2001 06 03 nan nan nan
2001 06 04 nan nan nan
2001 06 05 nan nan nan
2001 06 06 nan nan nan
2001 06 07 nan nan nan
2001 06 08 nan nan nan
2001 06 09 nan nan nan
2001 06 10 nan nan nan
2001 06 11 nan nan nan
2001 06 12 nan nan nan
2001 06 13 nan nan nan
2001 06 14 nan nan nan
2001 06 15 nan nan nan
2001 06 16 nan nan nan
2001 06 17 nan nan nan
2001 06 18 nan nan nan
2001 06 19 nan nan nan
2001 06 20 nan nan nan
2001 06 21 nan nan nan
2001 06 22 nan nan nan
2001 06 23 nan nan nan
2001 06 24 nan nan nan
2001 06 25 nan nan nan
2001 06 26 nan nan nan
2001 06 27 nan nan nan
2001 06 28 nan nan nan
2001 06 29 nan nan nan
2001 06 30 nan nan nan
2001 07 01 0.000000 1 1
2001 07 02 0.000000 1 1
2001 07 03 0.000000 1 1
2001 07 04 0.000000 1 1
2001 07 05 0.000000 1 1
2001 07 06 0.000000 1 1
2001 07 07 0.000000 1 1
2001 07 08 0.000000 1 1
2001 07 09 0.000000 1 1
2001 07 10 0.000000 1 1
2001 07 11 0.000000 1 1
2001 07 12 0.000000 1 1
2001 07 13 nan nan 0
2001 07 14 nan nan 0
2001 07 15 nan nan 0
2001 07 16 nan nan 0
2001 07 17 nan nan 0
2001 07 18 nan nan 0
2001 07 19 nan nan 0
2001 07 20 nan nan 0
2001 07 21 nan nan 0
2001 07 22 nan nan 0
2001 07 23 nan nan 0
2001 07 24 nan nan 0
2001 07 25 nan nan 0
2001 07 26 nan nan 0
2001 07 27 nan nan 0
2001 07 28 nan nan 0
2001 07 29 nan nan 0
2001 07 30 nan nan 0
2001 07 31 nan nan 0
2001 08 01 5.500000 1 1
2001 08 02 2.050000 1 1
2001 08 03 0.000000 1 1
2001 08 04 0.180000 1 1
2001 08 05 0.000000 1 1
2001 08 06 0.000000 1 1
2001 08 07 0.000000 1 1
2001 08 08 0.000000 1 1
2001 08 09 0.000000 1 1
2001 08 10 0.000000 1 1
2001 08 11 0.000000 1 1
2001 08 12 0.000000 1 1
2001 08 13 0.000000 1 1
2001 08 14 0.000000 1 1
2001 08 15 0.000000 1 1
2001 08 16 0.000000 1 1
2001 08 17 0.000000 1 1
2001 08 18 0.000000 1 1
2001 08 19 0.000000 1 1
2001 08 20 0.000000 1 1
2001 08 21 0.000000 1 1
2001 08 22 0.000000 1 1
2001 08 23 0.000000 1 1
2001 08 24 0.000000 1 1
2001 08 25 0.000000 1 1
2001 08 26 0.000000 1 1
2001 08 27 0.210000 1 1
2001 08 28 0.020000 1 1
2001 08 29 0.000000 1 1
2001 08 30 0.000000 1 1
2001 08 31 0.000000 1 1
2001 09 01 0.000000 1 1
2001 09 02 0.000000 1 1
2001 09 03 0.000000 1 1
2001 09 04 0.000000 1 1
2001 09 05 0.000000 1 1
2001 09 06 0.000000 1 1
2001 09 07 0.000000 1 1
2001 09 08 0.000000 1 1
2001 09 09 0.000000 1 1
2001 09 10 0.000000 1 1
2001 09 11 0.000000 1 1
2001 09 12 0.000000 1 1
2001 09 13 0.000000 1 1
2001 09 14 0.000000 1 1
2001 09 15 0.000000 1 1
2001 09 16 0.000000 1 1
2001 09 17 0.000000 1 1
2001 09 18 0.000000 1 1
2001 09 19 0.000000 1 1
2001 09 20 0.000000 1 1
2001 09 21 0.000000 1 1
2001 09 22 1.070000 1 1
2001 09 23 0.000000 1 1
2001 09 24 0.000000 1 1
2001 09 25 0.000000 1 1
2001 09 26 0.000000 1 1
2001 09 27 0.000000 1 1
2001 09 28 2.440000 1 1
2001 09 29 0.000000 1 1
2001 09 30 2.930000 1 1
2001 10 01 1.590000 1 1
2001 10 02 80.400000 1 1
2001 10 03 8.460000 1 1
2001 10 04 2.330000 1 1
2001 10 05 0.080000 1 1
2001 10 06 0.000000 1 1
2001 10 07 2.800000 1 1
2001 10 08 9.090000 1 1
2001 10 09 5.330000 1 1
2001 10 10 2.930000 1 1
2001 10 11 0.280000 1 1
2001 10 12 0.000000 1 1
2001 10 13 0.000000 1 1
2001 10 14 0.000000 1 1
2001 10 15 0.000000 1 1
2001 10 16 0.000000 1 1
2001 10 17 0.000000 1 1
2001 10 18 0.000000 1 1
2001 10 19 0.300000 1 1
2001 10 20 0.020000 1 1
2001 10 21 0.000000 1 1
2001 10 22 0.000000 1 1
2001 10 23 0.000000 1 1
2001 10 24 0.000000 1 1
2001 10 25 0.000000 1 1
2001 10 26 0.000000 1 1
2001 10 27 0.000000 1 1
2001 10 28 0.000000 1 1
2001 10 29 0.000000 1 1
2001 10 30 0.000000 1 1
2001 10 31 0.000000 1 1
2001 11 01 nan nan nan
2001 11 02 nan nan nan
2001 11 03 nan nan nan
2001 11 04 nan nan nan
2001 11 05 nan nan nan
2001 11 06 nan nan nan
2001 11 07 nan nan nan
2001 11 08 nan nan nan
2001 11 09 nan nan nan
2001 11 10 nan nan nan
2001 11 11 nan nan nan
2001 11 12 nan nan nan
2001 11 13 nan nan nan
2001 11 14 nan nan nan
2001 11 15 nan nan nan
2001 11 16 nan nan nan
2001 11 17 nan nan nan
2001 11 18 nan nan nan
2001 11 19 nan nan nan
2001 11 20 nan nan nan
2001 11 21 nan nan nan
2001 11 22 nan nan nan
2001 11 23 nan nan nan
2001 11 24 nan nan nan
2001 11 25 nan nan nan
2001 11 26 nan nan nan
2001 11 27 nan nan nan
2001 11 28 nan nan nan
2001 11 29 nan nan nan
2001 11 30 nan nan nan
2001 12 01 7.150000 1 1
2001 12 02 7.140000 1 1
2001 12 03 7.200000 1 1
2001 12 04 7.200000 1 1
2001 12 05 7.190000 1 1
2001 12 06 6.950000 1 1
2001 12 07 7.050000 1 1
2001 12 08 6.920000 1 1
2001 12 09 7.200000 1 1
2001 12 10 7.000000 1 1
2001 12 11 7.240000 1 1
2001 12 12 7.240000 1 1
2001 12 13 7.190000 1 1
2001 12 14 5.270000 1 1
2001 12 15 6.810000 1 1
2001 12 16 7.170000 1 1
2001 12 17 7.230000 1 1
2001 12 18 6.680000 1 1
2001 12 19 7.240000 1 1
2001 12 20 7.160000 1 1
2001 12 21 7.250000 1 1
2001 12 22 7.240000 1 1
2001 12 23 7.240000 1 1
2001 12 24 7.250000 1 1
2001 12 25 7.210000 1 1
2001 12 26 7.220000 1 1
2001 12 27 7.200000 1 1
2001 12 28 7.200000 1 1
2001 12 29 7.220000 1 1
2001 12 30 7.190000 1 1
2001 12 31 7.220000 1 1
