year month day streamflow_m3s qual_control_by_ana qual_flag
1943 04 01 nan nan 0
1943 04 02 nan nan 0
1943 04 03 nan nan 0
1943 04 04 nan nan 0
1943 04 05 nan nan 0
1943 04 06 nan nan 0
1943 04 07 nan nan 0
1943 04 08 nan nan 0
1943 04 09 nan nan 0
1943 04 10 nan nan 0
1943 04 11 nan nan 0
1943 04 12 nan nan 0
1943 04 13 nan nan 0
1943 04 14 nan nan 0
1943 04 15 nan nan 0
1943 04 16 nan nan 0
1943 04 17 nan nan 0
1943 04 18 nan nan 0
1943 04 19 nan nan 0
1943 04 20 nan nan 0
1943 04 21 nan nan 0
1943 04 22 nan nan 0
1943 04 23 nan nan 0
1943 04 24 nan nan 0
1943 04 25 nan nan 0
1943 04 26 nan nan 0
1943 04 27 nan nan 0
1943 04 28 nan nan 0
1943 04 29 0.552000 1 1
1943 04 30 0.552000 1 1
1943 05 01 0.505000 1 1
1943 05 02 0.505000 1 1
1943 05 03 0.505000 1 1
1943 05 04 0.505000 1 1
1943 05 05 0.505000 1 1
1943 05 06 0.458000 1 1
1943 05 07 0.458000 1 1
1943 05 08 0.458000 1 1
1943 05 09 0.458000 1 1
1943 05 10 0.458000 1 1
1943 05 11 0.505000 1 1
1943 05 12 0.505000 1 1
1943 05 13 0.458000 1 1
1943 05 14 0.458000 1 1
1943 05 15 0.458000 1 1
1943 05 16 0.411000 1 1
1943 05 17 0.411000 1 1
1943 05 18 0.411000 1 1
1943 05 19 0.364000 1 1
1943 05 20 0.317000 1 1
1943 05 21 0.458000 1 1
1943 05 22 0.458000 1 1
1943 05 23 8.410000 1 1
1943 05 24 1.910000 1 1
1943 05 25 1.500000 1 1
1943 05 26 1.160000 1 1
1943 05 27 1.240000 1 1
1943 05 28 1.160000 1 1
1943 05 29 0.992000 1 1
1943 05 30 0.992000 1 1
1943 05 31 3.790000 1 1
1943 06 01 2.240000 1 1
1943 06 02 2.240000 1 1
1943 06 03 1.910000 1 1
1943 06 04 1.410000 1 1
1943 06 05 1.240000 1 1
1943 06 06 1.910000 1 1
1943 06 07 1.580000 1 1
1943 06 08 4.420000 1 1
1943 06 09 3.680000 1 1
1943 06 10 2.570000 1 1
1943 06 11 3.790000 1 1
1943 06 12 5.050000 1 1
1943 06 13 2.460000 1 1
1943 06 14 2.460000 1 1
1943 06 15 1.910000 1 1
1943 06 16 2.460000 1 1
1943 06 17 2.020000 1 1
1943 06 18 3.790000 1 1
1943 06 19 5.320000 1 1
1943 06 20 5.860000 1 1
1943 06 21 4.550000 1 1
1943 06 22 3.680000 1 1
1943 06 23 3.120000 1 1
1943 06 24 2.680000 1 1
1943 06 25 2.240000 1 1
1943 06 26 2.020000 1 1
1943 06 27 1.800000 1 1
1943 06 28 1.690000 1 1
1943 06 29 1.580000 1 1
1943 06 30 1.500000 1 1
1943 07 01 1.410000 1 1
1943 07 02 1.410000 1 1
1943 07 03 1.580000 1 1
1943 07 04 1.690000 1 1
1943 07 05 1.410000 1 1
1943 07 06 2.020000 1 1
1943 07 07 1.690000 1 1
1943 07 08 2.240000 1 1
1943 07 09 2.130000 1 1
1943 07 10 1.910000 1 1
1943 07 11 2.460000 1 1
1943 07 12 2.240000 1 1
1943 07 13 1.910000 1 1
1943 07 14 1.580000 1 1
1943 07 15 1.410000 1 1
1943 07 16 1.330000 1 1
1943 07 17 1.240000 1 1
1943 07 18 1.580000 1 1
1943 07 19 1.410000 1 1
1943 07 20 1.240000 1 1
1943 07 21 1.160000 1 1
1943 07 22 1.080000 1 1
1943 07 23 1.080000 1 1
1943 07 24 1.080000 1 1
1943 07 25 1.080000 1 1
1943 07 26 1.080000 1 1
1943 07 27 0.992000 1 1
1943 07 28 0.908000 1 1
1943 07 29 0.824000 1 1
1943 07 30 2.680000 1 1
1943 07 31 3.790000 1 1
1943 08 01 11.500000 1 1
1943 08 02 15.600000 1 1
1943 08 03 9.260000 1 1
1943 08 04 4.670000 1 1
1943 08 05 3.680000 1 1
1943 08 06 3.010000 1 1
1943 08 07 2.570000 1 1
1943 08 08 2.570000 1 1
1943 08 09 2.240000 1 1
1943 08 10 2.020000 1 1
1943 08 11 2.130000 1 1
1943 08 12 1.910000 1 1
1943 08 13 1.580000 1 1
1943 08 14 1.500000 1 1
1943 08 15 1.410000 1 1
1943 08 16 1.410000 1 1
1943 08 17 1.330000 1 1
1943 08 18 1.330000 1 1
1943 08 19 1.240000 1 1
1943 08 20 1.080000 1 1
1943 08 21 1.410000 1 1
1943 08 22 9.790000 1 1
1943 08 23 2.900000 1 1
1943 08 24 2.790000 1 1
1943 08 25 2.680000 1 1
1943 08 26 2.460000 1 1
1943 08 27 2.240000 1 1
1943 08 28 1.910000 1 1
1943 08 29 1.580000 1 1
1943 08 30 1.580000 1 1
1943 08 31 1.580000 1 1
1943 09 01 1.800000 1 1
1943 09 02 3.120000 1 1
1943 09 03 2.020000 1 1
1943 09 04 1.800000 1 1
1943 09 05 1.580000 1 1
1943 09 06 1.410000 1 1
1943 09 07 1.410000 1 1
1943 09 08 1.240000 1 1
1943 09 09 1.240000 1 1
1943 09 10 1.240000 1 1
1943 09 11 1.160000 1 1
1943 09 12 1.080000 1 1
1943 09 13 5.320000 1 1
1943 09 14 3.120000 1 1
1943 09 15 2.680000 1 1
1943 09 16 1.910000 1 1
1943 09 17 1.580000 1 1
1943 09 18 2.680000 1 1
1943 09 19 2.680000 1 1
1943 09 20 2.350000 1 1
1943 09 21 2.020000 1 1
1943 09 22 2.900000 1 1
1943 09 23 2.900000 1 1
1943 09 24 2.570000 1 1
1943 09 25 2.570000 1 1
1943 09 26 2.900000 1 1
1943 09 27 2.240000 1 1
1943 09 28 2.130000 1 1
1943 09 29 2.020000 1 1
1943 09 30 1.800000 1 1
1943 10 01 1.690000 1 1
1943 10 02 1.580000 1 1
1943 10 03 1.410000 1 1
1943 10 04 1.800000 1 1
1943 10 05 5.320000 1 1
1943 10 06 6.000000 1 1
1943 10 07 4.170000 1 1
1943 10 08 3.010000 1 1
1943 10 09 2.680000 1 1
1943 10 10 2.460000 1 1
1943 10 11 2.130000 1 1
1943 10 12 2.460000 1 1
1943 10 13 3.460000 1 1
1943 10 14 3.920000 1 1
1943 10 15 3.570000 1 1
1943 10 16 5.320000 1 1
1943 10 17 5.320000 1 1
1943 10 18 3.570000 1 1
1943 10 19 2.900000 1 1
1943 10 20 2.680000 1 1
1943 10 21 2.460000 1 1
1943 10 22 2.240000 1 1
1943 10 23 2.350000 1 1
1943 10 24 2.460000 1 1
1943 10 25 2.020000 1 1
1943 10 26 1.800000 1 1
1943 10 27 1.800000 1 1
1943 10 28 2.020000 1 1
1943 10 29 1.800000 1 1
1943 10 30 1.580000 1 1
1943 10 31 1.580000 1 1
1943 11 01 1.580000 1 1
1943 11 02 2.460000 1 1
1943 11 03 4.670000 1 1
1943 11 04 2.790000 1 1
1943 11 05 2.240000 1 1
1943 11 06 2.240000 1 1
1943 11 07 2.020000 1 1
1943 11 08 1.910000 1 1
1943 11 09 1.580000 1 1
1943 11 10 1.800000 1 1
1943 11 11 1.690000 1 1
1943 11 12 1.410000 1 1
1943 11 13 1.240000 1 1
1943 11 14 1.240000 1 1
1943 11 15 1.080000 1 1
1943 11 16 1.080000 1 1
1943 11 17 1.240000 1 1
1943 11 18 1.500000 1 1
1943 11 19 1.240000 1 1
1943 11 20 1.080000 1 1
1943 11 21 0.992000 1 1
1943 11 22 0.908000 1 1
1943 11 23 0.992000 1 1
1943 11 24 0.992000 1 1
1943 11 25 0.908000 1 1
1943 11 26 0.824000 1 1
1943 11 27 0.824000 1 1
1943 11 28 0.740000 1 1
1943 11 29 0.740000 1 1
1943 11 30 0.646000 1 1
1943 12 01 0.693000 1 1
1943 12 02 0.740000 1 1
1943 12 03 0.740000 1 1
1943 12 04 1.410000 1 1
1943 12 05 1.410000 1 1
1943 12 06 1.240000 1 1
1943 12 07 0.908000 1 1
1943 12 08 0.740000 1 1
1943 12 09 0.740000 1 1
1943 12 10 0.693000 1 1
1943 12 11 0.740000 1 1
1943 12 12 0.740000 1 1
1943 12 13 0.693000 1 1
1943 12 14 0.693000 1 1
1943 12 15 0.740000 1 1
1943 12 16 0.693000 1 1
1943 12 17 0.646000 1 1
1943 12 18 0.599000 1 1
1943 12 19 0.599000 1 1
1943 12 20 0.599000 1 1
1943 12 21 0.552000 1 1
1943 12 22 0.505000 1 1
1943 12 23 0.505000 1 1
1943 12 24 0.505000 1 1
1943 12 25 0.740000 1 1
1943 12 26 0.599000 1 1
1943 12 27 0.505000 1 1
1943 12 28 0.458000 1 1
1943 12 29 0.458000 1 1
1943 12 30 0.458000 1 1
1943 12 31 0.458000 1 1
1944 01 01 0.646000 1 1
1944 01 02 0.740000 1 1
1944 01 03 0.599000 1 1
1944 01 04 0.552000 1 1
1944 01 05 1.580000 1 1
1944 01 06 1.240000 1 1
1944 01 07 1.330000 1 1
1944 01 08 1.800000 1 1
1944 01 09 2.680000 1 1
1944 01 10 5.460000 1 1
1944 01 11 3.460000 1 1
1944 01 12 1.800000 1 1
1944 01 13 1.410000 1 1
1944 01 14 1.910000 1 1
1944 01 15 2.350000 1 1
1944 01 16 3.120000 1 1
1944 01 17 3.790000 1 1
1944 01 18 2.460000 1 1
1944 01 19 1.800000 1 1
1944 01 20 1.580000 1 1
1944 01 21 1.580000 1 1
1944 01 22 1.410000 1 1
1944 01 23 3.680000 1 1
1944 01 24 3.120000 1 1
1944 01 25 1.800000 1 1
1944 01 26 1.580000 1 1
1944 01 27 1.800000 1 1
1944 01 28 1.580000 1 1
1944 01 29 1.330000 1 1
1944 01 30 1.240000 1 1
1944 01 31 1.080000 1 1
1944 02 01 1.240000 1 1
1944 02 02 4.040000 1 1
1944 02 03 2.020000 1 1
1944 02 04 2.460000 1 1
1944 02 05 1.800000 1 1
1944 02 06 1.580000 1 1
1944 02 07 1.580000 1 1
1944 02 08 1.410000 1 1
1944 02 09 1.240000 1 1
1944 02 10 2.460000 1 1
1944 02 11 1.410000 1 1
1944 02 12 1.160000 1 1
1944 02 13 1.080000 1 1
1944 02 14 0.992000 1 1
1944 02 15 0.908000 1 1
1944 02 16 0.908000 1 1
1944 02 17 0.908000 1 1
1944 02 18 3.240000 1 1
1944 02 19 1.580000 1 1
1944 02 20 1.800000 1 1
1944 02 21 2.460000 1 1
1944 02 22 1.580000 1 1
1944 02 23 3.350000 1 1
1944 02 24 6.130000 1 1
1944 02 25 3.240000 1 1
1944 02 26 3.120000 1 1
1944 02 27 3.790000 1 1
1944 02 28 3.570000 1 1
1944 02 29 3.120000 1 1
1944 03 01 2.680000 1 1
1944 03 02 3.350000 1 1
1944 03 03 3.120000 1 1
1944 03 04 4.040000 1 1
1944 03 05 5.190000 1 1
1944 03 06 4.290000 1 1
1944 03 07 3.120000 1 1
1944 03 08 2.680000 1 1
1944 03 09 3.570000 1 1
1944 03 10 3.240000 1 1
1944 03 11 4.040000 1 1
1944 03 12 9.260000 1 1
1944 03 13 5.590000 1 1
1944 03 14 4.800000 1 1
1944 03 15 3.790000 1 1
1944 03 16 3.460000 1 1
1944 03 17 5.050000 1 1
1944 03 18 4.040000 1 1
1944 03 19 3.790000 1 1
1944 03 20 3.570000 1 1
1944 03 21 2.900000 1 1
1944 03 22 2.680000 1 1
1944 03 23 2.460000 1 1
1944 03 24 2.020000 1 1
1944 03 25 1.690000 1 1
1944 03 26 1.580000 1 1
1944 03 27 1.580000 1 1
1944 03 28 1.500000 1 1
1944 03 29 1.410000 1 1
1944 03 30 1.330000 1 1
1944 03 31 1.240000 1 1
1944 04 01 1.080000 1 1
1944 04 02 1.080000 1 1
1944 04 03 1.080000 1 1
1944 04 04 0.992000 1 1
1944 04 05 0.908000 1 1
1944 04 06 0.908000 1 1
1944 04 07 0.824000 1 1
1944 04 08 0.740000 1 1
1944 04 09 0.740000 1 1
1944 04 10 0.740000 1 1
1944 04 11 0.740000 1 1
1944 04 12 0.824000 1 1
1944 04 13 0.740000 1 1
1944 04 14 0.740000 1 1
1944 04 15 1.410000 1 1
1944 04 16 1.240000 1 1
1944 04 17 3.240000 1 1
1944 04 18 3.570000 1 1
1944 04 19 4.290000 1 1
1944 04 20 2.900000 1 1
1944 04 21 2.020000 1 1
1944 04 22 1.580000 1 1
1944 04 23 1.240000 1 1
1944 04 24 1.080000 1 1
1944 04 25 0.992000 1 1
1944 04 26 0.908000 1 1
1944 04 27 0.908000 1 1
1944 04 28 0.824000 1 1
1944 04 29 0.740000 1 1
1944 04 30 0.740000 1 1
1944 05 01 0.740000 1 1
1944 05 02 0.693000 1 1
1944 05 03 0.693000 1 1
1944 05 04 0.693000 1 1
1944 05 05 0.646000 1 1
1944 05 06 0.646000 1 1
1944 05 07 0.646000 1 1
1944 05 08 0.646000 1 1
1944 05 09 0.646000 1 1
1944 05 10 0.599000 1 1
1944 05 11 0.599000 1 1
1944 05 12 0.599000 1 1
1944 05 13 0.599000 1 1
1944 05 14 0.599000 1 1
1944 05 15 0.552000 1 1
1944 05 16 0.552000 1 1
1944 05 17 0.552000 1 1
1944 05 18 0.646000 1 1
1944 05 19 0.646000 1 1
1944 05 20 0.599000 1 1
1944 05 21 0.599000 1 1
1944 05 22 0.552000 1 1
1944 05 23 0.552000 1 1
1944 05 24 0.505000 1 1
1944 05 25 0.458000 1 1
1944 05 26 0.505000 1 1
1944 05 27 0.552000 1 1
1944 05 28 0.505000 1 1
1944 05 29 0.505000 1 1
1944 05 30 0.505000 1 1
1944 05 31 0.458000 1 1
1944 06 01 0.458000 1 1
1944 06 02 0.458000 1 1
1944 06 03 0.411000 1 1
1944 06 04 0.599000 1 1
1944 06 05 0.693000 1 1
1944 06 06 0.599000 1 1
1944 06 07 0.552000 1 1
1944 06 08 0.505000 1 1
1944 06 09 0.458000 1 1
1944 06 10 0.411000 1 1
1944 06 11 0.411000 1 1
1944 06 12 0.411000 1 1
1944 06 13 0.364000 1 1
1944 06 14 0.364000 1 1
1944 06 15 0.364000 1 1
1944 06 16 0.364000 1 1
1944 06 17 0.552000 1 1
1944 06 18 0.646000 1 1
1944 06 19 1.410000 1 1
1944 06 20 0.646000 1 1
1944 06 21 0.599000 1 1
1944 06 22 0.552000 1 1
1944 06 23 0.552000 1 1
1944 06 24 0.505000 1 1
1944 06 25 0.505000 1 1
1944 06 26 0.458000 1 1
1944 06 27 0.411000 1 1
1944 06 28 0.411000 1 1
1944 06 29 0.364000 1 1
1944 06 30 0.364000 1 1
1944 07 01 0.364000 1 1
1944 07 02 0.364000 1 1
1944 07 03 0.317000 1 1
1944 07 04 0.270000 1 1
1944 07 05 0.364000 1 1
1944 07 06 0.824000 1 1
1944 07 07 0.646000 1 1
1944 07 08 0.411000 1 1
1944 07 09 0.364000 1 1
1944 07 10 0.458000 1 1
1944 07 11 0.411000 1 1
1944 07 12 0.411000 1 1
1944 07 13 0.411000 1 1
1944 07 14 0.411000 1 1
1944 07 15 0.364000 1 1
1944 07 16 0.364000 1 1
1944 07 17 0.317000 1 1
1944 07 18 0.317000 1 1
1944 07 19 0.317000 1 1
1944 07 20 0.270000 1 1
1944 07 21 0.270000 1 1
1944 07 22 0.270000 1 1
1944 07 23 0.270000 1 1
1944 07 24 0.270000 1 1
1944 07 25 0.270000 1 1
1944 07 26 0.411000 1 1
1944 07 27 0.364000 1 1
1944 07 28 0.364000 1 1
1944 07 29 0.317000 1 1
1944 07 30 0.270000 1 1
1944 07 31 0.270000 1 1
1944 08 01 0.270000 1 1
1944 08 02 0.270000 1 1
1944 08 03 0.270000 1 1
1944 08 04 0.270000 1 1
1944 08 05 0.252000 1 1
1944 08 06 0.252000 1 1
1944 08 07 0.252000 1 1
1944 08 08 0.599000 1 1
1944 08 09 0.505000 1 1
1944 08 10 0.411000 1 1
1944 08 11 0.270000 1 1
1944 08 12 0.270000 1 1
1944 08 13 0.270000 1 1
1944 08 14 0.270000 1 1
1944 08 15 0.270000 1 1
1944 08 16 0.252000 1 1
1944 08 17 0.270000 1 1
1944 08 18 0.270000 1 1
1944 08 19 0.270000 1 1
1944 08 20 0.364000 1 1
1944 08 21 1.240000 1 1
1944 08 22 0.908000 1 1
1944 08 23 0.458000 1 1
1944 08 24 0.411000 1 1
1944 08 25 0.364000 1 1
1944 08 26 0.270000 1 1
1944 08 27 0.270000 1 1
1944 08 28 0.270000 1 1
1944 08 29 11.500000 1 1
1944 08 30 5.190000 1 1
1944 08 31 5.050000 1 1
1944 09 01 2.020000 1 1
1944 09 02 1.330000 1 1
1944 09 03 1.080000 1 1
1944 09 04 0.908000 1 1
1944 09 05 0.740000 1 1
1944 09 06 0.599000 1 1
1944 09 07 1.580000 1 1
1944 09 08 1.580000 1 1
1944 09 09 1.500000 1 1
1944 09 10 0.693000 1 1
1944 09 11 0.693000 1 1
1944 09 12 0.646000 1 1
1944 09 13 0.599000 1 1
1944 09 14 0.552000 1 1
1944 09 15 0.458000 1 1
1944 09 16 0.458000 1 1
1944 09 17 0.505000 1 1
1944 09 18 0.740000 1 1
1944 09 19 0.740000 1 1
1944 09 20 0.646000 1 1
1944 09 21 0.599000 1 1
1944 09 22 0.552000 1 1
1944 09 23 0.505000 1 1
1944 09 24 0.505000 1 1
1944 09 25 0.693000 1 1
1944 09 26 0.740000 1 1
1944 09 27 0.646000 1 1
1944 09 28 0.599000 1 1
1944 09 29 0.505000 1 1
1944 09 30 0.505000 1 1
1944 10 01 0.458000 1 1
1944 10 02 0.458000 1 1
1944 10 03 0.411000 1 1
1944 10 04 3.010000 1 1
1944 10 05 1.160000 1 1
1944 10 06 0.505000 1 1
1944 10 07 0.992000 1 1
1944 10 08 0.824000 1 1
1944 10 09 0.693000 1 1
1944 10 10 0.693000 1 1
1944 10 11 0.740000 1 1
1944 10 12 0.824000 1 1
1944 10 13 0.824000 1 1
1944 10 14 1.500000 1 1
1944 10 15 1.410000 1 1
1944 10 16 1.160000 1 1
1944 10 17 0.740000 1 1
1944 10 18 0.693000 1 1
1944 10 19 0.646000 1 1
1944 10 20 0.599000 1 1
1944 10 21 0.552000 1 1
1944 10 22 0.552000 1 1
1944 10 23 0.505000 1 1
1944 10 24 0.458000 1 1
1944 10 25 0.599000 1 1
1944 10 26 1.080000 1 1
1944 10 27 0.908000 1 1
1944 10 28 0.693000 1 1
1944 10 29 0.599000 1 1
1944 10 30 0.552000 1 1
1944 10 31 0.411000 1 1
1944 11 01 0.411000 1 1
1944 11 02 0.411000 1 1
1944 11 03 0.646000 1 1
1944 11 04 0.599000 1 1
1944 11 05 0.505000 1 1
1944 11 06 0.458000 1 1
1944 11 07 2.350000 1 1
1944 11 08 11.100000 1 1
1944 11 09 2.570000 1 1
1944 11 10 1.690000 1 1
1944 11 11 1.330000 1 1
1944 11 12 1.240000 1 1
1944 11 13 1.800000 1 1
1944 11 14 1.410000 1 1
1944 11 15 1.240000 1 1
1944 11 16 0.992000 1 1
1944 11 17 0.740000 1 1
1944 11 18 0.693000 1 1
1944 11 19 0.693000 1 1
1944 11 20 0.693000 1 1
1944 11 21 0.740000 1 1
1944 11 22 0.646000 1 1
1944 11 23 0.599000 1 1
1944 11 24 5.320000 1 1
1944 11 25 8.750000 1 1
1944 11 26 30.800000 1 1
1944 11 27 nan nan 0
1944 11 28 8.670000 1 1
1944 11 29 4.220000 1 1
1944 11 30 4.000000 1 1
1944 12 01 2.760000 1 1
1944 12 02 2.590000 1 1
1944 12 03 8.670000 1 1
1944 12 04 13.800000 1 1
1944 12 05 12.100000 1 1
1944 12 06 9.120000 1 1
1944 12 07 6.880000 1 1
1944 12 08 5.910000 1 1
1944 12 09 4.660000 1 1
1944 12 10 3.730000 1 1
1944 12 11 3.020000 1 1
1944 12 12 2.760000 1 1
1944 12 13 2.340000 1 1
1944 12 14 2.090000 1 1
1944 12 15 1.850000 1 1
1944 12 16 1.610000 1 1
1944 12 17 1.530000 1 1
1944 12 18 1.450000 1 1
1944 12 19 0.994000 1 1
1944 12 20 0.994000 1 1
1944 12 21 0.918000 1 1
1944 12 22 0.842000 1 1
1944 12 23 1.690000 1 1
1944 12 24 2.010000 1 1
1944 12 25 1.370000 1 1
1944 12 26 1.300000 1 1
1944 12 27 1.450000 1 1
1944 12 28 1.370000 1 1
1944 12 29 1.220000 1 1
1944 12 30 1.070000 1 1
1944 12 31 0.994000 1 1
1945 01 01 0.918000 1 1
1945 01 02 0.842000 1 1
1945 01 03 0.766000 1 1
1945 01 04 0.646000 1 1
1945 01 05 0.558000 1 1
1945 01 06 1.300000 1 1
1945 01 07 1.220000 1 1
1945 01 08 0.690000 1 1
1945 01 09 0.602000 1 1
1945 01 10 0.558000 1 1
1945 01 11 0.470000 1 1
1945 01 12 0.426000 1 1
1945 01 13 0.382000 1 1
1945 01 14 0.382000 1 1
1945 01 15 0.382000 1 1
1945 01 16 0.382000 1 1
1945 01 17 0.426000 1 1
1945 01 18 0.426000 1 1
1945 01 19 0.558000 1 1
1945 01 20 0.602000 1 1
1945 01 21 0.558000 1 1
1945 01 22 0.646000 1 1
1945 01 23 0.514000 1 1
1945 01 24 0.426000 1 1
1945 01 25 0.426000 1 1
1945 01 26 1.070000 1 1
1945 01 27 0.842000 1 1
1945 01 28 2.340000 1 1
1945 01 29 0.918000 1 1
1945 01 30 0.646000 1 1
1945 01 31 4.660000 1 1
1945 02 01 4.440000 1 1
1945 02 02 2.340000 1 1
1945 02 03 1.610000 1 1
1945 02 04 0.918000 1 1
1945 02 05 0.690000 1 1
1945 02 06 0.690000 1 1
1945 02 07 1.770000 1 1
1945 02 08 1.930000 1 1
1945 02 09 1.770000 1 1
1945 02 10 1.450000 1 1
1945 02 11 1.300000 1 1
1945 02 12 0.994000 1 1
1945 02 13 0.842000 1 1
1945 02 14 0.690000 1 1
1945 02 15 0.646000 1 1
1945 02 16 0.842000 1 1
1945 02 17 3.730000 1 1
1945 02 18 6.250000 1 1
1945 02 19 3.550000 1 1
1945 02 20 4.330000 1 1
1945 02 21 3.370000 1 1
1945 02 22 4.330000 1 1
1945 02 23 8.150000 1 1
1945 02 24 8.020000 1 1
1945 02 25 4.880000 1 1
1945 02 26 5.680000 1 1
1945 02 27 6.140000 1 1
1945 02 28 4.000000 1 1
1945 03 01 3.460000 1 1
1945 03 02 3.100000 1 1
1945 03 03 3.100000 1 1
1945 03 04 2.680000 1 1
1945 03 05 2.170000 1 1
1945 03 06 2.250000 1 1
1945 03 07 2.340000 1 1
1945 03 08 2.250000 1 1
1945 03 09 2.250000 1 1
1945 03 10 2.010000 1 1
1945 03 11 1.850000 1 1
1945 03 12 1.690000 1 1
1945 03 13 1.610000 1 1
1945 03 14 1.450000 1 1
1945 03 15 1.450000 1 1
1945 03 16 1.300000 1 1
1945 03 17 1.150000 1 1
1945 03 18 1.070000 1 1
1945 03 19 1.450000 1 1
1945 03 20 2.420000 1 1
1945 03 21 2.590000 1 1
1945 03 22 2.010000 1 1
1945 03 23 1.930000 1 1
1945 03 24 2.510000 1 1
1945 03 25 2.850000 1 1
1945 03 26 2.760000 1 1
1945 03 27 3.550000 1 1
1945 03 28 2.930000 1 1
1945 03 29 2.250000 1 1
1945 03 30 1.930000 1 1
1945 03 31 1.690000 1 1
1945 04 01 1.610000 1 1
1945 04 02 1.450000 1 1
1945 04 03 1.370000 1 1
1945 04 04 3.550000 1 1
1945 04 05 3.020000 1 1
1945 04 06 2.340000 1 1
1945 04 07 1.850000 1 1
1945 04 08 1.610000 1 1
1945 04 09 1.610000 1 1
1945 04 10 2.170000 1 1
1945 04 11 2.170000 1 1
1945 04 12 3.910000 1 1
1945 04 13 2.930000 1 1
1945 04 14 2.170000 1 1
1945 04 15 1.770000 1 1
1945 04 16 1.610000 1 1
1945 04 17 1.450000 1 1
1945 04 18 1.370000 1 1
1945 04 19 1.220000 1 1
1945 04 20 1.150000 1 1
1945 04 21 1.150000 1 1
1945 04 22 1.150000 1 1
1945 04 23 1.070000 1 1
1945 04 24 1.070000 1 1
1945 04 25 0.994000 1 1
1945 04 26 0.994000 1 1
1945 04 27 0.918000 1 1
1945 04 28 0.994000 1 1
1945 04 29 0.918000 1 1
1945 04 30 0.842000 1 1
1945 05 01 0.766000 1 1
1945 05 02 0.690000 1 1
1945 05 03 0.690000 1 1
1945 05 04 0.690000 1 1
1945 05 05 0.646000 1 1
1945 05 06 0.646000 1 1
1945 05 07 0.646000 1 1
1945 05 08 0.602000 1 1
1945 05 09 0.558000 1 1
1945 05 10 0.470000 1 1
1945 05 11 0.470000 1 1
1945 05 12 0.426000 1 1
1945 05 13 0.382000 1 1
1945 05 14 0.382000 1 1
1945 05 15 0.558000 1 1
1945 05 16 0.426000 1 1
1945 05 17 1.450000 1 1
1945 05 18 1.770000 1 1
1945 05 19 0.690000 1 1
1945 05 20 0.646000 1 1
1945 05 21 0.602000 1 1
1945 05 22 0.602000 1 1
1945 05 23 0.558000 1 1
1945 05 24 0.514000 1 1
1945 05 25 0.514000 1 1
1945 05 26 0.470000 1 1
1945 05 27 0.470000 1 1
1945 05 28 0.470000 1 1
1945 05 29 0.470000 1 1
1945 05 30 0.426000 1 1
1945 05 31 0.426000 1 1
1945 06 01 0.426000 1 1
1945 06 02 0.382000 1 1
1945 06 03 0.382000 1 1
1945 06 04 0.426000 1 1
1945 06 05 1.370000 1 1
1945 06 06 0.514000 1 1
1945 06 07 0.470000 1 1
1945 06 08 0.426000 1 1
1945 06 09 0.382000 1 1
1945 06 10 0.382000 1 1
1945 06 11 0.382000 1 1
1945 06 12 0.382000 1 1
1945 06 13 0.338000 1 1
1945 06 14 0.338000 1 1
1945 06 15 0.338000 1 1
1945 06 16 0.338000 1 1
1945 06 17 0.338000 1 1
1945 06 18 0.338000 1 1
1945 06 19 0.382000 1 1
1945 06 20 0.918000 1 1
1945 06 21 1.220000 1 1
1945 06 22 1.850000 1 1
1945 06 23 3.550000 1 1
1945 06 24 1.850000 1 1
1945 06 25 1.150000 1 1
1945 06 26 0.918000 1 1
1945 06 27 0.690000 1 1
1945 06 28 0.646000 1 1
1945 06 29 0.602000 1 1
1945 06 30 0.514000 1 1
1945 07 01 0.514000 1 1
1945 07 02 0.514000 1 1
1945 07 03 0.514000 1 1
1945 07 04 0.602000 1 1
1945 07 05 0.514000 1 1
1945 07 06 0.514000 1 1
1945 07 07 0.514000 1 1
1945 07 08 0.602000 1 1
1945 07 09 14.800000 1 1
1945 07 10 7.250000 1 1
1945 07 11 3.550000 1 1
1945 07 12 0.994000 1 1
1945 07 13 3.460000 1 1
1945 07 14 2.590000 1 1
1945 07 15 2.170000 1 1
1945 07 16 1.850000 1 1
1945 07 17 1.690000 1 1
1945 07 18 1.530000 1 1
1945 07 19 1.450000 1 1
1945 07 20 1.370000 1 1
1945 07 21 1.220000 1 1
1945 07 22 1.150000 1 1
1945 07 23 1.150000 1 1
1945 07 24 1.070000 1 1
1945 07 25 1.070000 1 1
1945 07 26 0.994000 1 1
1945 07 27 0.994000 1 1
1945 07 28 0.918000 1 1
1945 07 29 0.842000 1 1
1945 07 30 0.766000 1 1
1945 07 31 0.766000 1 1
1945 08 01 0.690000 1 1
1945 08 02 0.646000 1 1
1945 08 03 0.646000 1 1
1945 08 04 0.602000 1 1
1945 08 05 0.558000 1 1
1945 08 06 0.558000 1 1
1945 08 07 0.514000 1 1
1945 08 08 0.514000 1 1
1945 08 09 0.514000 1 1
1945 08 10 0.514000 1 1
1945 08 11 0.514000 1 1
1945 08 12 0.514000 1 1
1945 08 13 0.514000 1 1
1945 08 14 0.514000 1 1
1945 08 15 0.514000 1 1
1945 08 16 0.470000 1 1
1945 08 17 0.426000 1 1
1945 08 18 0.426000 1 1
1945 08 19 0.426000 1 1
1945 08 20 0.558000 1 1
1945 08 21 1.370000 1 1
1945 08 22 0.842000 1 1
1945 08 23 0.558000 1 1
1945 08 24 0.470000 1 1
1945 08 25 0.470000 1 1
1945 08 26 0.470000 1 1
1945 08 27 0.470000 1 1
1945 08 28 0.426000 1 1
1945 08 29 0.382000 1 1
1945 08 30 0.382000 1 1
1945 08 31 0.690000 1 1
1945 09 01 1.070000 1 1
1945 09 02 0.918000 1 1
1945 09 03 1.300000 1 1
1945 09 04 3.640000 1 1
1945 09 05 1.770000 1 1
1945 09 06 1.370000 1 1
1945 09 07 1.150000 1 1
1945 09 08 0.918000 1 1
1945 09 09 1.220000 1 1
1945 09 10 1.450000 1 1
1945 09 11 1.220000 1 1
1945 09 12 1.220000 1 1
1945 09 13 1.370000 1 1
1945 09 14 1.450000 1 1
1945 09 15 1.930000 1 1
1945 09 16 5.560000 1 1
1945 09 17 2.850000 1 1
1945 09 18 2.510000 1 1
1945 09 19 2.250000 1 1
1945 09 20 1.930000 1 1
1945 09 21 1.850000 1 1
1945 09 22 1.610000 1 1
1945 09 23 1.450000 1 1
1945 09 24 1.370000 1 1
1945 09 25 1.070000 1 1
1945 09 26 1.070000 1 1
1945 09 27 2.340000 1 1
1945 09 28 2.010000 1 1
1945 09 29 1.530000 1 1
1945 09 30 1.610000 1 1
1945 10 01 1.300000 1 1
1945 10 02 1.150000 1 1
1945 10 03 1.300000 1 1
1945 10 04 3.550000 1 1
1945 10 05 8.280000 1 1
1945 10 06 8.150000 1 1
1945 10 07 7.380000 1 1
1945 10 08 6.750000 1 1
1945 10 09 5.790000 1 1
1945 10 10 4.880000 1 1
1945 10 11 3.820000 1 1
1945 10 12 3.280000 1 1
1945 10 13 2.850000 1 1
1945 10 14 2.420000 1 1
1945 10 15 2.010000 1 1
1945 10 16 2.340000 1 1
1945 10 17 2.170000 1 1
1945 10 18 2.250000 1 1
1945 10 19 1.610000 1 1
1945 10 20 1.450000 1 1
1945 10 21 1.300000 1 1
1945 10 22 1.300000 1 1
1945 10 23 1.220000 1 1
1945 10 24 1.150000 1 1
1945 10 25 1.150000 1 1
1945 10 26 1.150000 1 1
1945 10 27 2.420000 1 1
1945 10 28 1.690000 1 1
1945 10 29 1.450000 1 1
1945 10 30 1.300000 1 1
1945 10 31 1.150000 1 1
1945 11 01 4.000000 1 1
1945 11 02 1.690000 1 1
1945 11 03 0.602000 1 1
1945 11 04 0.215000 1 1
1945 11 05 0.198000 1 1
1945 11 06 0.198000 1 1
1945 11 07 0.198000 1 1
1945 11 08 3.820000 1 1
1945 11 09 2.090000 1 1
1945 11 10 0.338000 1 1
1945 11 11 0.215000 1 1
1945 11 12 0.198000 1 1
1945 11 13 0.198000 1 1
1945 11 14 1.930000 1 1
1945 11 15 1.850000 1 1
1945 11 16 1.150000 1 1
1945 11 17 0.918000 1 1
1945 11 18 0.918000 1 1
1945 11 19 0.918000 1 1
1945 11 20 0.918000 1 1
1945 11 21 0.842000 1 1
1945 11 22 0.514000 1 1
1945 11 23 1.690000 1 1
1945 11 24 2.420000 1 1
1945 11 25 6.880000 1 1
1945 11 26 4.330000 1 1
1945 11 27 3.370000 1 1
1945 11 28 3.280000 1 1
1945 11 29 2.930000 1 1
1945 11 30 2.170000 1 1
1945 12 01 1.930000 1 1
1945 12 02 1.770000 1 1
1945 12 03 1.450000 1 1
1945 12 04 4.990000 1 1
1945 12 05 4.990000 1 1
1945 12 06 2.850000 1 1
1945 12 07 2.170000 1 1
1945 12 08 1.690000 1 1
1945 12 09 1.530000 1 1
1945 12 10 1.450000 1 1
1945 12 11 1.530000 1 1
1945 12 12 1.530000 1 1
1945 12 13 1.690000 1 1
1945 12 14 2.510000 1 1
1945 12 15 3.820000 1 1
1945 12 16 3.460000 1 1
1945 12 17 1.930000 1 1
1945 12 18 3.460000 1 1
1945 12 19 3.370000 1 1
1945 12 20 3.100000 1 1
1945 12 21 2.850000 1 1
1945 12 22 2.590000 1 1
1945 12 23 2.340000 1 1
1945 12 24 1.930000 1 1
1945 12 25 1.850000 1 1
1945 12 26 1.770000 1 1
1945 12 27 1.770000 1 1
1945 12 28 1.690000 1 1
1945 12 29 2.010000 1 1
1945 12 30 1.610000 1 1
1945 12 31 1.610000 1 1
1946 01 01 8.280000 1 1
1946 01 02 3.820000 1 1
1946 01 03 3.190000 1 1
1946 01 04 2.680000 1 1
1946 01 05 2.250000 1 1
1946 01 06 2.090000 1 1
1946 01 07 1.770000 1 1
1946 01 08 1.930000 1 1
1946 01 09 4.550000 1 1
1946 01 10 5.100000 1 1
1946 01 11 4.770000 1 1
1946 01 12 3.550000 1 1
1946 01 13 6.750000 1 1
1946 01 14 4.660000 1 1
1946 01 15 4.550000 1 1
1946 01 16 7.000000 1 1
1946 01 17 5.100000 1 1
1946 01 18 4.880000 1 1
1946 01 19 5.450000 1 1
1946 01 20 5.560000 1 1
1946 01 21 4.990000 1 1
1946 01 22 4.770000 1 1
1946 01 23 4.550000 1 1
1946 01 24 4.440000 1 1
1946 01 25 4.330000 1 1
1946 01 26 3.460000 1 1
1946 01 27 6.880000 1 1
1946 01 28 5.450000 1 1
1946 01 29 4.770000 1 1
1946 01 30 4.550000 1 1
1946 01 31 9.600000 1 1
1946 02 01 11.100000 1 1
1946 02 02 10.100000 1 1
1946 02 03 8.410000 1 1
1946 02 04 5.680000 1 1
1946 02 05 3.550000 1 1
1946 02 06 3.020000 1 1
1946 02 07 2.760000 1 1
1946 02 08 2.510000 1 1
1946 02 09 2.340000 1 1
1946 02 10 2.340000 1 1
1946 02 11 2.170000 1 1
1946 02 12 2.010000 1 1
1946 02 13 1.770000 1 1
1946 02 14 1.770000 1 1
1946 02 15 1.770000 1 1
1946 02 16 4.880000 1 1
1946 02 17 7.380000 1 1
1946 02 18 12.900000 1 1
1946 02 19 10.400000 1 1
1946 02 20 9.120000 1 1
1946 02 21 7.380000 1 1
1946 02 22 4.990000 1 1
1946 02 23 5.450000 1 1
1946 02 24 7.500000 1 1
1946 02 25 6.630000 1 1
1946 02 26 4.550000 1 1
1946 02 27 7.380000 1 1
1946 02 28 6.140000 1 1
1946 03 01 3.910000 1 1
1946 03 02 3.460000 1 1
1946 03 03 3.100000 1 1
1946 03 04 3.280000 1 1
1946 03 05 2.850000 1 1
1946 03 06 2.510000 1 1
1946 03 07 2.510000 1 1
1946 03 08 2.510000 1 1
1946 03 09 2.420000 1 1
1946 03 10 2.510000 1 1
1946 03 11 2.930000 1 1
1946 03 12 2.250000 1 1
1946 03 13 2.850000 1 1
1946 03 14 4.880000 1 1
1946 03 15 4.880000 1 1
1946 03 16 3.910000 1 1
1946 03 17 3.190000 1 1
1946 03 18 2.680000 1 1
1946 03 19 2.420000 1 1
1946 03 20 2.170000 1 1
1946 03 21 1.930000 1 1
1946 03 22 1.930000 1 1
1946 03 23 1.850000 1 1
1946 03 24 4.660000 1 1
1946 03 25 3.910000 1 1
1946 03 26 2.930000 1 1
1946 03 27 2.680000 1 1
1946 03 28 2.590000 1 1
1946 03 29 2.590000 1 1
1946 03 30 3.910000 1 1
1946 03 31 7.250000 1 1
1946 04 01 6.500000 1 1
1946 04 02 5.680000 1 1
1946 04 03 4.990000 1 1
1946 04 04 4.330000 1 1
1946 04 05 4.220000 1 1
1946 04 06 3.640000 1 1
1946 04 07 2.250000 1 1
1946 04 08 2.250000 1 1
1946 04 09 2.090000 1 1
1946 04 10 2.010000 1 1
1946 04 11 1.930000 1 1
1946 04 12 1.850000 1 1
1946 04 13 1.690000 1 1
1946 04 14 1.450000 1 1
1946 04 15 1.450000 1 1
1946 04 16 1.370000 1 1
1946 04 17 1.220000 1 1
1946 04 18 1.220000 1 1
1946 04 19 1.150000 1 1
1946 04 20 1.150000 1 1
1946 04 21 1.150000 1 1
1946 04 22 1.150000 1 1
1946 04 23 1.070000 1 1
1946 04 24 1.070000 1 1
1946 04 25 1.070000 1 1
1946 04 26 0.994000 1 1
1946 04 27 0.918000 1 1
1946 04 28 0.918000 1 1
1946 04 29 0.842000 1 1
1946 04 30 0.842000 1 1
1946 05 01 0.994000 1 1
1946 05 02 0.994000 1 1
1946 05 03 0.918000 1 1
1946 05 04 0.918000 1 1
1946 05 05 0.842000 1 1
1946 05 06 0.842000 1 1
1946 05 07 0.842000 1 1
1946 05 08 0.766000 1 1
1946 05 09 0.766000 1 1
1946 05 10 0.766000 1 1
1946 05 11 2.760000 1 1
1946 05 12 2.250000 1 1
1946 05 13 1.930000 1 1
1946 05 14 1.770000 1 1
1946 05 15 1.530000 1 1
1946 05 16 1.220000 1 1
1946 05 17 0.842000 1 1
1946 05 18 1.300000 1 1
1946 05 19 2.680000 1 1
1946 05 20 1.370000 1 1
1946 05 21 1.220000 1 1
1946 05 22 1.150000 1 1
1946 05 23 1.070000 1 1
1946 05 24 0.994000 1 1
1946 05 25 0.842000 1 1
1946 05 26 0.842000 1 1
1946 05 27 0.766000 1 1
1946 05 28 0.766000 1 1
1946 05 29 0.766000 1 1
1946 05 30 0.666000 1 2
1946 05 31 0.566000 1 2
1946 06 01 1.300000 1 2
1946 06 02 2.420000 1 2
1946 06 03 2.850000 1 2
1946 06 04 2.590000 1 2
1946 06 05 2.010000 1 2
1946 06 06 1.530000 1 2
1946 06 07 1.450000 1 2
1946 06 08 2.170000 1 2
1946 06 09 1.850000 1 2
1946 06 10 1.610000 1 1
1946 06 11 1.610000 1 2
1946 06 12 1.450000 1 2
1946 06 13 1.220000 1 2
1946 06 14 1.070000 1 1
1946 06 15 1.070000 1 1
1946 06 16 0.994000 1 1
1946 06 17 0.918000 1 1
1946 06 18 0.918000 1 1
1946 06 19 0.918000 1 1
1946 06 20 0.842000 1 1
1946 06 21 1.150000 1 1
1946 06 22 0.918000 1 1
1946 06 23 4.550000 1 1
1946 06 24 3.020000 1 1
1946 06 25 2.590000 1 1
1946 06 26 2.170000 1 1
1946 06 27 1.850000 1 1
1946 06 28 1.450000 1 1
1946 06 29 1.450000 1 1
1946 06 30 1.220000 1 1
1946 07 01 1.450000 1 1
1946 07 02 1.450000 1 1
1946 07 03 1.300000 1 1
1946 07 04 1.150000 1 1
1946 07 05 1.150000 1 1
1946 07 06 2.010000 1 1
1946 07 07 1.610000 1 1
1946 07 08 1.150000 1 1
1946 07 09 1.530000 1 1
1946 07 10 1.930000 1 1
1946 07 11 1.370000 1 1
1946 07 12 1.220000 1 1
1946 07 13 1.220000 1 1
1946 07 14 1.220000 1 1
1946 07 15 2.170000 1 1
1946 07 16 4.550000 1 1
1946 07 17 2.760000 1 1
1946 07 18 2.680000 1 1
1946 07 19 2.590000 1 1
1946 07 20 2.760000 1 1
1946 07 21 2.510000 1 1
1946 07 22 2.510000 1 1
1946 07 23 2.930000 1 1
1946 07 24 3.280000 1 1
1946 07 25 4.990000 1 1
1946 07 26 2.930000 1 1
1946 07 27 2.170000 1 1
1946 07 28 1.930000 1 1
1946 07 29 1.770000 1 1
1946 07 30 1.690000 1 1
1946 07 31 1.690000 1 1
1946 08 01 1.610000 1 1
1946 08 02 1.610000 1 1
1946 08 03 1.300000 1 1
1946 08 04 1.300000 1 1
1946 08 05 1.220000 1 1
1946 08 06 1.220000 1 1
1946 08 07 1.300000 1 1
1946 08 08 1.220000 1 1
1946 08 09 1.150000 1 1
1946 08 10 1.070000 1 1
1946 08 11 0.918000 1 1
1946 08 12 0.918000 1 1
1946 08 13 1.150000 1 1
1946 08 14 0.918000 1 1
1946 08 15 0.842000 1 1
1946 08 16 0.842000 1 1
1946 08 17 0.690000 1 1
1946 08 18 0.690000 1 1
1946 08 19 0.690000 1 1
1946 08 20 0.646000 1 1
1946 08 21 0.470000 1 1
1946 08 22 0.470000 1 1
1946 08 23 1.370000 1 1
1946 08 24 1.070000 1 1
1946 08 25 0.918000 1 1
1946 08 26 1.530000 1 1
1946 08 27 4.110000 1 1
1946 08 28 4.440000 1 1
1946 08 29 4.550000 1 1
1946 08 30 2.680000 1 1
1946 08 31 1.610000 1 1
1946 09 01 1.070000 1 1
1946 09 02 0.994000 1 1
1946 09 03 0.994000 1 1
1946 09 04 0.994000 1 1
1946 09 05 0.994000 1 1
1946 09 06 0.994000 1 1
1946 09 07 0.918000 1 1
1946 09 08 0.918000 1 1
1946 09 09 0.918000 1 1
1946 09 10 0.842000 1 1
1946 09 11 0.766000 1 1
1946 09 12 0.766000 1 1
1946 09 13 0.690000 1 1
1946 09 14 0.690000 1 1
1946 09 15 0.690000 1 1
1946 09 16 0.690000 1 1
1946 09 17 0.602000 1 1
1946 09 18 0.558000 1 1
1946 09 19 0.558000 1 1
1946 09 20 0.558000 1 1
1946 09 21 0.426000 1 1
1946 09 22 0.426000 1 1
1946 09 23 1.690000 1 1
1946 09 24 0.994000 1 1
1946 09 25 0.690000 1 1
1946 09 26 1.850000 1 1
1946 09 27 0.690000 1 1
1946 09 28 1.300000 1 1
1946 09 29 2.930000 1 1
1946 09 30 1.450000 1 1
1946 10 01 1.070000 1 1
1946 10 02 0.842000 1 1
1946 10 03 0.690000 1 1
1946 10 04 0.646000 1 1
1946 10 05 0.646000 1 1
1946 10 06 1.070000 1 1
1946 10 07 3.550000 1 1
1946 10 08 2.850000 1 1
1946 10 09 1.450000 1 1
1946 10 10 1.220000 1 1
1946 10 11 1.220000 1 1
1946 10 12 0.602000 1 1
1946 10 13 0.766000 1 1
1946 10 14 1.220000 1 1
1946 10 15 1.610000 1 1
1946 10 16 1.690000 1 1
1946 10 17 2.510000 1 1
1946 10 18 3.910000 1 1
1946 10 19 2.930000 1 1
1946 10 20 9.440000 1 1
1946 10 21 8.020000 1 1
1946 10 22 5.680000 1 1
1946 10 23 3.550000 1 1
1946 10 24 2.930000 1 1
1946 10 25 3.190000 1 1
1946 10 26 2.930000 1 1
1946 10 27 2.590000 1 1
1946 10 28 2.250000 1 1
1946 10 29 2.010000 1 1
1946 10 30 1.450000 1 1
1946 10 31 0.918000 1 1
1946 11 01 1.220000 1 1
1946 11 02 2.850000 1 1
1946 11 03 4.770000 1 1
1946 11 04 3.820000 1 1
1946 11 05 3.370000 1 1
1946 11 06 3.280000 1 1
1946 11 07 3.280000 1 1
1946 11 08 3.190000 1 1
1946 11 09 3.020000 1 1
1946 11 10 2.170000 1 1
1946 11 11 2.090000 1 1
1946 11 12 1.370000 1 1
1946 11 13 1.220000 1 1
1946 11 14 1.220000 1 1
1946 11 15 1.220000 1 1
1946 11 16 1.220000 1 1
1946 11 17 1.070000 1 1
1946 11 18 1.070000 1 1
1946 11 19 1.070000 1 1
1946 11 20 1.370000 1 1
1946 11 21 1.690000 1 1
1946 11 22 1.370000 1 1
1946 11 23 1.070000 1 1
1946 11 24 0.994000 1 1
1946 11 25 0.994000 1 1
1946 11 26 0.994000 1 1
1946 11 27 0.842000 1 1
1946 11 28 0.690000 1 1
1946 11 29 0.690000 1 1
1946 11 30 0.690000 1 1
1946 12 01 0.690000 1 1
1946 12 02 0.690000 1 1
1946 12 03 0.690000 1 1
1946 12 04 0.646000 1 1
1946 12 05 1.070000 1 1
1946 12 06 0.918000 1 1
1946 12 07 0.842000 1 1
1946 12 08 1.070000 1 1
1946 12 09 1.070000 1 1
1946 12 10 1.070000 1 1
1946 12 11 4.660000 1 1
1946 12 12 2.590000 1 1
1946 12 13 4.990000 1 1
1946 12 14 1.930000 1 1
1946 12 15 1.530000 1 1
1946 12 16 1.610000 1 1
1946 12 17 1.530000 1 1
1946 12 18 1.300000 1 1
1946 12 19 1.300000 1 1
1946 12 20 1.220000 1 1
1946 12 21 4.550000 1 1
1946 12 22 8.280000 1 1
1946 12 23 6.380000 1 1
1946 12 24 4.880000 1 1
1946 12 25 3.550000 1 1
1946 12 26 2.590000 1 1
1946 12 27 2.250000 1 1
1946 12 28 1.930000 1 1
1946 12 29 1.690000 1 1
1946 12 30 1.690000 1 1
1946 12 31 1.450000 1 1
1947 01 01 1.220000 1 1
1947 01 02 0.918000 1 1
1947 01 03 7.760000 1 1
1947 01 04 4.000000 1 1
1947 01 05 2.340000 1 1
1947 01 06 2.010000 1 1
1947 01 07 1.850000 1 1
1947 01 08 1.690000 1 1
1947 01 09 1.850000 1 1
1947 01 10 1.850000 1 1
1947 01 11 1.850000 1 1
1947 01 12 1.850000 1 1
1947 01 13 1.850000 1 1
1947 01 14 1.690000 1 1
1947 01 15 1.450000 1 1
1947 01 16 1.450000 1 1
1947 01 17 1.690000 1 1
1947 01 18 2.010000 1 1
1947 01 19 2.510000 1 1
1947 01 20 1.930000 1 1
1947 01 21 1.530000 1 1
1947 01 22 1.220000 1 1
1947 01 23 1.220000 1 1
1947 01 24 1.220000 1 1
1947 01 25 1.150000 1 1
1947 01 26 2.250000 1 1
1947 01 27 3.550000 1 1
1947 01 28 3.460000 1 1
1947 01 29 2.510000 1 1
1947 01 30 2.090000 1 1
1947 01 31 1.530000 1 1
1947 02 01 1.770000 1 1
1947 02 02 1.850000 1 1
1947 02 03 4.550000 1 1
1947 02 04 2.590000 1 1
1947 02 05 4.550000 1 1
1947 02 06 3.100000 1 1
1947 02 07 2.170000 1 1
1947 02 08 2.010000 1 1
1947 02 09 2.510000 1 1
1947 02 10 2.090000 1 1
1947 02 11 4.550000 1 1
1947 02 12 3.550000 1 1
1947 02 13 5.680000 1 1
1947 02 14 6.020000 1 1
1947 02 15 6.020000 1 1
1947 02 16 6.630000 1 1
1947 02 17 6.630000 1 1
1947 02 18 7.890000 1 1
1947 02 19 7.500000 1 1
1947 02 20 8.150000 1 1
1947 02 21 5.450000 1 1
1947 02 22 4.000000 1 1
1947 02 23 3.730000 1 1
1947 02 24 3.730000 1 1
1947 02 25 3.460000 1 1
1947 02 26 3.550000 1 1
1947 02 27 3.730000 1 1
1947 02 28 3.190000 1 1
1947 03 01 3.820000 1 1
1947 03 02 3.020000 1 1
1947 03 03 2.760000 1 1
1947 03 04 2.420000 1 1
1947 03 05 2.170000 1 1
1947 03 06 2.930000 1 1
1947 03 07 6.750000 1 1
1947 03 08 3.460000 1 1
1947 03 09 3.100000 1 1
1947 03 10 2.510000 1 1
1947 03 11 2.510000 1 1
1947 03 12 2.590000 1 1
1947 03 13 2.930000 1 1
1947 03 14 3.190000 1 1
1947 03 15 3.190000 1 1
1947 03 16 2.930000 1 1
1947 03 17 3.100000 1 1
1947 03 18 2.760000 1 1
1947 03 19 2.680000 1 1
1947 03 20 2.680000 1 1
1947 03 21 2.590000 1 1
1947 03 22 2.510000 1 1
1947 03 23 2.420000 1 1
1947 03 24 3.730000 1 1
1947 03 25 3.020000 1 1
1947 03 26 2.930000 1 1
1947 03 27 2.510000 1 1
1947 03 28 2.420000 1 1
1947 03 29 2.170000 1 1
1947 03 30 1.930000 1 1
1947 03 31 1.770000 1 1
1947 04 01 1.850000 1 1
1947 04 02 1.770000 1 1
1947 04 03 1.610000 1 1
1947 04 04 1.850000 1 1
1947 04 05 1.610000 1 1
1947 04 06 1.530000 1 1
1947 04 07 2.010000 1 1
1947 04 08 3.020000 1 1
1947 04 09 2.680000 1 1
1947 04 10 2.850000 1 1
1947 04 11 2.760000 1 1
1947 04 12 2.510000 1 1
1947 04 13 2.090000 1 1
1947 04 14 1.450000 1 1
1947 04 15 1.300000 1 1
1947 04 16 1.220000 1 1
1947 04 17 1.150000 1 1
1947 04 18 1.300000 1 1
1947 04 19 1.300000 1 1
1947 04 20 1.300000 1 1
1947 04 21 1.220000 1 1
1947 04 22 1.150000 1 1
1947 04 23 1.070000 1 1
1947 04 24 1.150000 1 1
1947 04 25 1.370000 1 1
1947 04 26 1.220000 1 1
1947 04 27 1.150000 1 1
1947 04 28 1.150000 1 1
1947 04 29 1.070000 1 1
1947 04 30 1.150000 1 1
1947 05 01 1.770000 1 1
1947 05 02 2.090000 1 1
1947 05 03 2.680000 1 1
1947 05 04 3.640000 1 1
1947 05 05 2.510000 1 1
1947 05 06 1.930000 1 1
1947 05 07 1.850000 1 1
1947 05 08 1.690000 1 1
1947 05 09 1.610000 1 1
1947 05 10 1.450000 1 1
1947 05 11 1.300000 1 1
1947 05 12 1.150000 1 1
1947 05 13 1.150000 1 1
1947 05 14 1.150000 1 1
1947 05 15 1.070000 1 1
1947 05 16 0.994000 1 1
1947 05 17 0.994000 1 1
1947 05 18 4.440000 1 1
1947 05 19 5.910000 1 1
1947 05 20 5.560000 1 1
1947 05 21 4.880000 1 1
1947 05 22 3.460000 1 1
1947 05 23 5.450000 1 1
1947 05 24 3.550000 1 1
1947 05 25 2.250000 1 1
1947 05 26 2.090000 1 1
1947 05 27 1.930000 1 1
1947 05 28 1.770000 1 1
1947 05 29 1.770000 1 1
1947 05 30 1.690000 1 1
1947 05 31 1.610000 1 1
1947 06 01 1.850000 1 1
1947 06 02 1.450000 1 1
1947 06 03 1.370000 1 1
1947 06 04 1.150000 1 1
1947 06 05 0.994000 1 1
1947 06 06 0.994000 1 1
1947 06 07 0.994000 1 1
1947 06 08 0.918000 1 1
1947 06 09 0.842000 1 1
1947 06 10 0.766000 1 1
1947 06 11 3.370000 1 1
1947 06 12 4.110000 1 1
1947 06 13 2.090000 1 1
1947 06 14 2.510000 1 1
1947 06 15 2.010000 1 1
1947 06 16 1.770000 1 1
1947 06 17 1.690000 1 1
1947 06 18 1.610000 1 1
1947 06 19 2.010000 1 1
1947 06 20 2.590000 1 1
1947 06 21 3.100000 1 1
1947 06 22 3.460000 1 1
1947 06 23 2.930000 1 1
1947 06 24 2.510000 1 1
1947 06 25 2.250000 1 1
1947 06 26 2.090000 1 1
1947 06 27 2.010000 1 1
1947 06 28 1.930000 1 1
1947 06 29 1.850000 1 1
1947 06 30 1.690000 1 1
1947 07 01 1.530000 1 1
1947 07 02 1.370000 1 1
1947 07 03 1.300000 1 1
1947 07 04 1.220000 1 1
1947 07 05 2.680000 1 1
1947 07 06 2.340000 1 1
1947 07 07 2.170000 1 1
1947 07 08 1.930000 1 1
1947 07 09 1.770000 1 1
1947 07 10 1.770000 1 1
1947 07 11 1.690000 1 1
1947 07 12 1.610000 1 1
1947 07 13 1.530000 1 1
1947 07 14 1.530000 1 1
1947 07 15 1.450000 1 1
1947 07 16 1.450000 1 1
1947 07 17 1.370000 1 1
1947 07 18 1.300000 1 1
1947 07 19 1.300000 1 1
1947 07 20 1.220000 1 1
1947 07 21 1.220000 1 1
1947 07 22 1.150000 1 1
1947 07 23 1.070000 1 1
1947 07 24 1.070000 1 1
1947 07 25 0.994000 1 1
1947 07 26 1.220000 1 1
1947 07 27 2.510000 1 1
1947 07 28 4.990000 1 1
1947 07 29 4.660000 1 1
1947 07 30 4.000000 1 1
1947 07 31 4.000000 1 1
1947 08 01 1.450000 1 1
1947 08 02 1.450000 1 1
1947 08 03 1.450000 1 1
1947 08 04 1.300000 1 1
1947 08 05 1.530000 1 1
1947 08 06 1.930000 1 1
1947 08 07 2.170000 1 1
1947 08 08 2.340000 1 1
1947 08 09 2.170000 1 1
1947 08 10 2.010000 1 1
1947 08 11 1.930000 1 1
1947 08 12 1.850000 1 1
1947 08 13 1.850000 1 1
1947 08 14 1.770000 1 1
1947 08 15 1.770000 1 1
1947 08 16 1.770000 1 1
1947 08 17 1.690000 1 1
1947 08 18 1.690000 1 1
1947 08 19 1.690000 1 1
1947 08 20 1.850000 1 1
1947 08 21 1.690000 1 1
1947 08 22 1.450000 1 1
1947 08 23 1.450000 1 1
1947 08 24 1.370000 1 1
1947 08 25 1.370000 1 1
1947 08 26 1.300000 1 1
1947 08 27 1.220000 1 1
1947 08 28 1.150000 1 1
1947 08 29 1.370000 1 1
1947 08 30 1.610000 1 1
1947 08 31 5.680000 1 1
1947 09 01 8.540000 1 1
1947 09 02 5.910000 1 1
1947 09 03 3.550000 1 1
1947 09 04 3.100000 1 1
1947 09 05 3.640000 1 1
1947 09 06 3.020000 1 1
1947 09 07 2.930000 1 1
1947 09 08 2.760000 1 1
1947 09 09 2.170000 1 1
1947 09 10 1.850000 1 1
1947 09 11 1.770000 1 1
1947 09 12 2.170000 1 1
1947 09 13 3.370000 1 1
1947 09 14 3.020000 1 1
1947 09 15 2.930000 1 1
1947 09 16 4.220000 1 1
1947 09 17 4.110000 1 1
1947 09 18 5.680000 1 1
1947 09 19 5.560000 1 1
1947 09 20 4.550000 1 1
1947 09 21 3.460000 1 1
1947 09 22 4.000000 1 1
1947 09 23 4.990000 1 1
1947 09 24 6.250000 1 1
1947 09 25 6.250000 1 1
1947 09 26 5.910000 1 1
1947 09 27 6.880000 1 1
1947 09 28 4.880000 1 1
1947 09 29 4.330000 1 1
1947 09 30 4.220000 1 1
1947 10 01 3.460000 1 1
1947 10 02 3.370000 1 1
1947 10 03 3.640000 1 1
1947 10 04 3.280000 1 1
1947 10 05 5.910000 1 1
1947 10 06 7.890000 1 1
1947 10 07 6.020000 1 1
1947 10 08 9.920000 1 1
1947 10 09 6.750000 1 1
1947 10 10 4.660000 1 1
1947 10 11 3.910000 1 1
1947 10 12 3.280000 1 1
1947 10 13 3.190000 1 1
1947 10 14 2.850000 1 1
1947 10 15 2.590000 1 1
1947 10 16 2.420000 1 1
1947 10 17 2.250000 1 1
1947 10 18 2.090000 1 1
1947 10 19 2.340000 1 1
1947 10 20 2.680000 1 1
1947 10 21 2.250000 1 1
1947 10 22 2.170000 1 1
1947 10 23 4.440000 1 1
1947 10 24 4.770000 1 1
1947 10 25 7.890000 1 1
1947 10 26 4.550000 1 1
1947 10 27 3.460000 1 1
1947 10 28 3.280000 1 1
1947 10 29 3.550000 1 1
1947 10 30 3.460000 1 1
1947 10 31 3.640000 1 1
1947 11 01 4.110000 1 1
1947 11 02 6.250000 1 1
1947 11 03 7.630000 1 1
1947 11 04 6.020000 1 1
1947 11 05 4.220000 1 1
1947 11 06 3.460000 1 1
1947 11 07 3.190000 1 1
1947 11 08 2.930000 1 1
1947 11 09 3.020000 1 1
1947 11 10 2.680000 1 1
1947 11 11 2.170000 1 1
1947 11 12 3.280000 1 1
1947 11 13 6.020000 1 1
1947 11 14 6.020000 1 1
1947 11 15 5.330000 1 1
1947 11 16 5.220000 1 1
1947 11 17 4.000000 1 1
1947 11 18 3.100000 1 1
1947 11 19 3.020000 1 1
1947 11 20 2.930000 1 1
1947 11 21 3.190000 1 1
1947 11 22 3.280000 1 1
1947 11 23 3.280000 1 1
1947 11 24 3.100000 1 1
1947 11 25 2.930000 1 1
1947 11 26 2.760000 1 1
1947 11 27 3.100000 1 1
1947 11 28 3.460000 1 1
1947 11 29 3.550000 1 1
1947 11 30 3.190000 1 1
1947 12 01 5.100000 1 1
1947 12 02 8.540000 1 1
1947 12 03 6.380000 1 1
1947 12 04 4.770000 1 1
1947 12 05 3.100000 1 1
1947 12 06 2.850000 1 1
1947 12 07 2.340000 1 1
1947 12 08 2.250000 1 1
1947 12 09 2.170000 1 1
1947 12 10 4.330000 1 1
1947 12 11 4.110000 1 1
1947 12 12 3.460000 1 1
1947 12 13 4.330000 1 1
1947 12 14 3.820000 1 1
1947 12 15 2.760000 1 1
1947 12 16 3.370000 1 1
1947 12 17 3.550000 1 1
1947 12 18 4.330000 1 1
1947 12 19 4.550000 1 1
1947 12 20 4.880000 1 1
1947 12 21 5.220000 1 1
1947 12 22 4.990000 1 1
1947 12 23 4.330000 1 1
1947 12 24 4.110000 1 1
1947 12 25 3.910000 1 1
1947 12 26 3.460000 1 1
1947 12 27 3.370000 1 1
1947 12 28 3.020000 1 1
1947 12 29 3.370000 1 1
1947 12 30 3.550000 1 1
1947 12 31 3.460000 1 1
1948 01 01 3.370000 1 1
1948 01 02 3.280000 1 1
1948 01 03 3.190000 1 1
1948 01 04 3.100000 1 1
1948 01 05 3.100000 1 1
1948 01 06 3.020000 1 1
1948 01 07 2.850000 1 1
1948 01 08 2.760000 1 1
1948 01 09 2.510000 1 1
1948 01 10 2.170000 1 1
1948 01 11 1.850000 1 1
1948 01 12 1.690000 1 1
1948 01 13 1.610000 1 1
1948 01 14 3.100000 1 1
1948 01 15 1.770000 1 1
1948 01 16 1.450000 1 1
1948 01 17 1.530000 1 1
1948 01 18 5.910000 1 1
1948 01 19 3.730000 1 1
1948 01 20 4.000000 1 1
1948 01 21 10.100000 1 1
1948 01 22 7.890000 1 1
1948 01 23 6.630000 1 1
1948 01 24 5.450000 1 1
1948 01 25 4.330000 1 1
1948 01 26 3.730000 1 1
1948 01 27 3.190000 1 1
1948 01 28 3.020000 1 1
1948 01 29 3.100000 1 1
1948 01 30 3.640000 1 1
1948 01 31 3.190000 1 1
1948 02 01 3.190000 1 1
1948 02 02 3.730000 1 1
1948 02 03 3.190000 1 1
1948 02 04 2.340000 1 1
1948 02 05 2.090000 1 1
1948 02 06 1.930000 1 1
1948 02 07 2.010000 1 1
1948 02 08 2.340000 1 1
1948 02 09 2.340000 1 1
1948 02 10 2.170000 1 1
1948 02 11 2.090000 1 1
1948 02 12 2.090000 1 1
1948 02 13 2.510000 1 1
1948 02 14 8.410000 1 1
1948 02 15 12.100000 1 1
1948 02 16 7.250000 1 1
1948 02 17 5.450000 1 1
1948 02 18 4.660000 1 1
1948 02 19 4.110000 1 1
1948 02 20 3.640000 1 1
1948 02 21 3.640000 1 1
1948 02 22 3.640000 1 1
1948 02 23 3.020000 1 1
1948 02 24 2.590000 1 1
1948 02 25 2.010000 1 1
1948 02 26 1.850000 1 1
1948 02 27 2.170000 1 1
1948 02 28 2.340000 1 1
1948 02 29 2.760000 1 1
1948 03 01 2.510000 1 1
1948 03 02 2.590000 1 1
1948 03 03 2.340000 1 1
1948 03 04 2.090000 1 1
1948 03 05 2.010000 1 1
1948 03 06 2.170000 1 1
1948 03 07 3.460000 1 1
1948 03 08 3.190000 1 1
1948 03 09 2.850000 1 1
1948 03 10 2.760000 1 1
1948 03 11 2.680000 1 1
1948 03 12 2.510000 1 1
1948 03 13 2.170000 1 1
1948 03 14 1.930000 1 1
1948 03 15 1.850000 1 1
1948 03 16 1.850000 1 1
1948 03 17 2.010000 1 1
1948 03 18 2.010000 1 1
1948 03 19 1.930000 1 1
1948 03 20 1.850000 1 1
1948 03 21 1.770000 1 1
1948 03 22 1.770000 1 1
1948 03 23 1.690000 1 1
1948 03 24 2.170000 1 1
1948 03 25 4.990000 1 1
1948 03 26 3.910000 1 1
1948 03 27 3.100000 1 1
1948 03 28 2.680000 1 1
1948 03 29 2.170000 1 1
1948 03 30 1.850000 1 1
1948 03 31 2.170000 1 1
1948 04 01 1.770000 1 1
1948 04 02 1.930000 1 1
1948 04 03 5.910000 1 1
1948 04 04 6.750000 1 1
1948 04 05 5.450000 1 1
1948 04 06 5.220000 1 1
1948 04 07 4.990000 1 1
1948 04 08 4.880000 1 1
1948 04 09 4.330000 1 1
1948 04 10 3.370000 1 1
1948 04 11 3.020000 1 1
1948 04 12 2.760000 1 1
1948 04 13 2.510000 1 1
1948 04 14 2.090000 1 1
1948 04 15 2.090000 1 1
1948 04 16 2.090000 1 1
1948 04 17 1.850000 1 1
1948 04 18 1.770000 1 1
1948 04 19 1.610000 1 1
1948 04 20 1.450000 1 1
1948 04 21 1.450000 1 1
1948 04 22 1.370000 1 1
1948 04 23 1.300000 1 1
1948 04 24 1.300000 1 1
1948 04 25 1.220000 1 1
1948 04 26 1.150000 1 1
1948 04 27 1.150000 1 1
1948 04 28 1.150000 1 1
1948 04 29 1.070000 1 1
1948 04 30 1.070000 1 1
1948 05 01 1.150000 1 1
1948 05 02 1.690000 1 1
1948 05 03 2.090000 1 1
1948 05 04 2.510000 1 1
1948 05 05 2.850000 1 1
1948 05 06 2.420000 1 1
1948 05 07 1.930000 1 1
1948 05 08 1.770000 1 1
1948 05 09 1.530000 1 1
1948 05 10 1.300000 1 1
1948 05 11 1.150000 1 1
1948 05 12 1.150000 1 1
1948 05 13 1.070000 1 1
1948 05 14 1.070000 1 1
1948 05 15 0.994000 1 1
1948 05 16 1.150000 1 1
1948 05 17 18.400000 1 1
1948 05 18 10.100000 1 1
1948 05 19 7.250000 1 1
1948 05 20 6.140000 1 1
1948 05 21 5.560000 1 1
1948 05 22 5.330000 1 1
1948 05 23 4.550000 1 1
1948 05 24 3.820000 1 1
1948 05 25 3.100000 1 1
1948 05 26 2.760000 1 1
1948 05 27 2.680000 1 1
1948 05 28 2.930000 1 1
1948 05 29 4.330000 1 1
1948 05 30 4.000000 1 1
1948 05 31 3.020000 1 1
1948 06 01 2.680000 1 1
1948 06 02 2.420000 1 1
1948 06 03 2.170000 1 1
1948 06 04 2.010000 1 1
1948 06 05 1.850000 1 1
1948 06 06 1.690000 1 1
1948 06 07 1.610000 1 1
1948 06 08 1.530000 1 1
1948 06 09 1.450000 1 1
1948 06 10 1.450000 1 1
1948 06 11 1.450000 1 1
1948 06 12 1.370000 1 1
1948 06 13 1.300000 1 1
1948 06 14 1.220000 1 1
1948 06 15 1.220000 1 1
1948 06 16 1.150000 1 1
1948 06 17 1.070000 1 1
1948 06 18 0.994000 1 1
1948 06 19 0.994000 1 1
1948 06 20 0.994000 1 1
1948 06 21 0.918000 1 1
1948 06 22 0.918000 1 1
1948 06 23 0.918000 1 1
1948 06 24 0.842000 1 1
1948 06 25 0.842000 1 1
1948 06 26 0.766000 1 1
1948 06 27 0.766000 1 1
1948 06 28 0.690000 1 1
1948 06 29 0.690000 1 1
1948 06 30 0.690000 1 1
1948 07 01 0.690000 1 1
1948 07 02 0.690000 1 1
1948 07 03 0.690000 1 1
1948 07 04 0.646000 1 1
1948 07 05 0.646000 1 1
1948 07 06 0.646000 1 1
1948 07 07 0.646000 1 1
1948 07 08 0.646000 1 1
1948 07 09 0.602000 1 1
1948 07 10 0.602000 1 1
1948 07 11 0.602000 1 1
1948 07 12 0.558000 1 1
1948 07 13 0.558000 1 1
1948 07 14 0.514000 1 1
1948 07 15 0.514000 1 1
1948 07 16 0.602000 1 1
1948 07 17 2.680000 1 1
1948 07 18 2.590000 1 1
1948 07 19 2.170000 1 1
1948 07 20 1.930000 1 1
1948 07 21 1.850000 1 1
1948 07 22 1.610000 1 1
1948 07 23 2.010000 1 1
1948 07 24 2.340000 1 1
1948 07 25 2.090000 1 1
1948 07 26 2.090000 1 1
1948 07 27 2.930000 1 1
1948 07 28 3.280000 1 1
1948 07 29 3.730000 1 1
1948 07 30 5.450000 1 1
1948 07 31 5.910000 1 1
1948 08 01 7.500000 1 1
1948 08 02 6.250000 1 1
1948 08 03 4.770000 1 1
1948 08 04 3.190000 1 1
1948 08 05 3.820000 1 1
1948 08 06 4.990000 1 1
1948 08 07 7.250000 1 1
1948 08 08 6.500000 1 1
1948 08 09 3.910000 1 1
1948 08 10 3.020000 1 1
1948 08 11 2.680000 1 1
1948 08 12 2.590000 1 1
1948 08 13 2.510000 1 1
1948 08 14 2.340000 1 1
1948 08 15 2.170000 1 1
1948 08 16 2.090000 1 1
1948 08 17 2.010000 1 1
1948 08 18 2.010000 1 1
1948 08 19 1.850000 1 1
1948 08 20 1.770000 1 1
1948 08 21 1.690000 1 1
1948 08 22 1.610000 1 1
1948 08 23 1.530000 1 1
1948 08 24 1.450000 1 1
1948 08 25 1.370000 1 1
1948 08 26 1.300000 1 1
1948 08 27 1.220000 1 1
1948 08 28 1.150000 1 1
1948 08 29 1.070000 1 1
1948 08 30 1.070000 1 1
1948 08 31 0.994000 1 1
1948 09 01 0.994000 1 1
1948 09 02 0.918000 1 1
1948 09 03 0.918000 1 1
1948 09 04 0.842000 1 1
1948 09 05 0.842000 1 1
1948 09 06 0.766000 1 1
1948 09 07 0.766000 1 1
1948 09 08 0.690000 1 1
1948 09 09 0.690000 1 1
1948 09 10 3.550000 1 1
1948 09 11 3.100000 1 1
1948 09 12 2.850000 1 1
1948 09 13 2.680000 1 1
1948 09 14 2.340000 1 1
1948 09 15 2.170000 1 1
1948 09 16 1.850000 1 1
1948 09 17 1.610000 1 1
1948 09 18 1.450000 1 1
1948 09 19 1.450000 1 1
1948 09 20 1.370000 1 1
1948 09 21 1.300000 1 1
1948 09 22 1.220000 1 1
1948 09 23 1.150000 1 1
1948 09 24 1.150000 1 1
1948 09 25 1.070000 1 1
1948 09 26 0.994000 1 1
1948 09 27 0.994000 1 1
1948 09 28 0.918000 1 1
1948 09 29 0.842000 1 1
1948 09 30 0.842000 1 1
1948 10 01 0.842000 1 1
1948 10 02 0.842000 1 1
1948 10 03 0.842000 1 1
1948 10 04 0.766000 1 1
1948 10 05 0.766000 1 1
1948 10 06 0.766000 1 1
1948 10 07 0.766000 1 1
1948 10 08 0.690000 1 1
1948 10 09 0.690000 1 1
1948 10 10 0.766000 1 1
1948 10 11 2.340000 1 1
1948 10 12 2.590000 1 1
1948 10 13 2.170000 1 1
1948 10 14 2.010000 1 1
1948 10 15 1.930000 1 1
1948 10 16 1.850000 1 1
1948 10 17 1.770000 1 1
1948 10 18 1.690000 1 1
1948 10 19 1.610000 1 1
1948 10 20 1.220000 1 1
1948 10 21 0.994000 1 1
1948 10 22 0.842000 1 1
1948 10 23 0.766000 1 1
1948 10 24 2.170000 1 1
1948 10 25 3.020000 1 1
1948 10 26 1.770000 1 1
1948 10 27 1.300000 1 1
1948 10 28 5.100000 1 1
1948 10 29 4.110000 1 1
1948 10 30 2.930000 1 1
1948 10 31 3.100000 1 1
1948 11 01 3.100000 1 1
1948 11 02 2.850000 1 1
1948 11 03 2.010000 1 1
1948 11 04 0.842000 1 1
1948 11 05 0.842000 1 1
1948 11 06 0.766000 1 1
1948 11 07 1.300000 1 1
1948 11 08 4.880000 1 1
1948 11 09 2.680000 1 1
1948 11 10 2.680000 1 1
1948 11 11 3.460000 1 1
1948 11 12 6.380000 1 1
1948 11 13 4.110000 1 1
1948 11 14 3.190000 1 1
1948 11 15 2.850000 1 1
1948 11 16 3.020000 1 1
1948 11 17 2.850000 1 1
1948 11 18 2.850000 1 1
1948 11 19 2.760000 1 1
1948 11 20 2.760000 1 1
1948 11 21 2.680000 1 1
1948 11 22 2.680000 1 1
1948 11 23 2.590000 1 1
1948 11 24 2.590000 1 1
1948 11 25 2.510000 1 1
1948 11 26 2.510000 1 1
1948 11 27 2.340000 1 1
1948 11 28 2.170000 1 1
1948 11 29 2.090000 1 1
1948 11 30 2.010000 1 1
1948 12 01 2.010000 1 1
1948 12 02 1.930000 1 1
1948 12 03 1.930000 1 1
1948 12 04 1.770000 1 1
1948 12 05 1.770000 1 1
1948 12 06 1.690000 1 1
1948 12 07 1.610000 1 1
1948 12 08 1.530000 1 1
1948 12 09 1.450000 1 1
1948 12 10 1.300000 1 1
1948 12 11 1.150000 1 1
1948 12 12 0.994000 1 1
1948 12 13 0.842000 1 1
1948 12 14 0.690000 1 1
1948 12 15 0.602000 1 1
1948 12 16 0.766000 1 1
1948 12 17 1.220000 1 1
1948 12 18 1.150000 1 1
1948 12 19 1.150000 1 1
1948 12 20 1.070000 1 1
1948 12 21 0.994000 1 1
1948 12 22 0.918000 1 1
1948 12 23 0.842000 1 1
1948 12 24 0.842000 1 1
1948 12 25 0.766000 1 1
1948 12 26 0.690000 1 1
1948 12 27 0.646000 1 1
1948 12 28 2.420000 1 1
1948 12 29 1.690000 1 1
1948 12 30 0.994000 1 1
1948 12 31 0.646000 1 1
1949 01 01 0.602000 1 1
1949 01 02 0.558000 1 1
1949 01 03 0.558000 1 1
1949 01 04 0.558000 1 1
1949 01 05 0.514000 1 1
1949 01 06 0.426000 1 1
1949 01 07 0.766000 1 1
1949 01 08 3.370000 1 1
1949 01 09 2.930000 1 1
1949 01 10 3.020000 1 1
1949 01 11 1.770000 1 1
1949 01 12 1.610000 1 1
1949 01 13 3.640000 1 1
1949 01 14 3.100000 1 1
1949 01 15 1.610000 1 1
1949 01 16 1.150000 1 1
1949 01 17 1.150000 1 1
1949 01 18 1.300000 1 1
1949 01 19 1.220000 1 1
1949 01 20 1.150000 1 1
1949 01 21 1.070000 1 1
1949 01 22 0.918000 1 1
1949 01 23 0.842000 1 1
1949 01 24 0.766000 1 1
1949 01 25 0.690000 1 1
1949 01 26 0.994000 1 1
1949 01 27 1.150000 1 1
1949 01 28 1.220000 1 1
1949 01 29 1.220000 1 1
1949 01 30 1.070000 1 1
1949 01 31 0.994000 1 1
1949 02 01 1.070000 1 1
1949 02 02 1.070000 1 1
1949 02 03 0.994000 1 1
1949 02 04 1.150000 1 1
1949 02 05 1.150000 1 1
1949 02 06 1.070000 1 1
1949 02 07 1.150000 1 1
1949 02 08 0.994000 1 1
1949 02 09 0.842000 1 1
1949 02 10 0.766000 1 1
1949 02 11 0.690000 1 1
1949 02 12 0.602000 1 1
1949 02 13 0.514000 1 1
1949 02 14 0.470000 1 1
1949 02 15 0.426000 1 1
1949 02 16 5.450000 1 1
1949 02 17 4.330000 1 1
1949 02 18 3.730000 1 1
1949 02 19 3.100000 1 1
1949 02 20 2.850000 1 1
1949 02 21 2.420000 1 1
1949 02 22 2.010000 1 1
1949 02 23 1.850000 1 1
1949 02 24 1.610000 1 1
1949 02 25 1.220000 1 1
1949 02 26 1.070000 1 1
1949 02 27 0.994000 1 1
1949 02 28 1.070000 1 1
1949 03 01 0.994000 1 1
1949 03 02 1.150000 1 1
1949 03 03 7.250000 1 1
1949 03 04 7.380000 1 1
1949 03 05 5.910000 1 1
1949 03 06 4.990000 1 1
1949 03 07 4.660000 1 1
1949 03 08 4.550000 1 1
1949 03 09 3.460000 1 1
1949 03 10 2.930000 1 1
1949 03 11 2.850000 1 1
1949 03 12 2.590000 1 1
1949 03 13 2.510000 1 1
1949 03 14 2.250000 1 1
1949 03 15 2.090000 1 1
1949 03 16 2.170000 1 1
1949 03 17 1.770000 1 1
1949 03 18 1.530000 1 1
1949 03 19 1.450000 1 1
1949 03 20 1.370000 1 1
1949 03 21 1.370000 1 1
1949 03 22 1.300000 1 1
1949 03 23 1.220000 1 1
1949 03 24 1.150000 1 1
1949 03 25 2.090000 1 1
1949 03 26 3.640000 1 1
1949 03 27 4.880000 1 1
1949 03 28 3.550000 1 1
1949 03 29 3.820000 1 1
1949 03 30 4.000000 1 1
1949 03 31 3.020000 1 1
1949 04 01 3.100000 1 1
1949 04 02 2.930000 1 1
1949 04 03 2.850000 1 1
1949 04 04 2.760000 1 1
1949 04 05 2.420000 1 1
1949 04 06 2.010000 1 1
1949 04 07 1.930000 1 1
1949 04 08 1.850000 1 1
1949 04 09 1.770000 1 1
1949 04 10 1.610000 1 1
1949 04 11 1.610000 1 1
1949 04 12 1.530000 1 1
1949 04 13 1.450000 1 1
1949 04 14 1.370000 1 1
1949 04 15 1.300000 1 1
1949 04 16 1.220000 1 1
1949 04 17 1.150000 1 1
1949 04 18 1.070000 1 1
1949 04 19 1.070000 1 1
1949 04 20 0.994000 1 1
1949 04 21 0.918000 1 1
1949 04 22 0.842000 1 1
1949 04 23 0.842000 1 1
1949 04 24 2.930000 1 1
1949 04 25 3.370000 1 1
1949 04 26 3.020000 1 1
1949 04 27 2.850000 1 1
1949 04 28 2.420000 1 1
1949 04 29 2.090000 1 1
1949 04 30 1.770000 1 1
1949 05 01 1.690000 1 1
1949 05 02 1.690000 1 1
1949 05 03 1.690000 1 1
1949 05 04 1.610000 1 1
1949 05 05 1.610000 1 1
1949 05 06 1.530000 1 1
1949 05 07 1.690000 1 1
1949 05 08 1.690000 1 1
1949 05 09 1.690000 1 1
1949 05 10 3.640000 1 1
1949 05 11 3.020000 1 1
1949 05 12 2.420000 1 1
1949 05 13 2.340000 1 1
1949 05 14 2.250000 1 1
1949 05 15 2.090000 1 1
1949 05 16 2.010000 1 1
1949 05 17 2.010000 1 1
1949 05 18 1.850000 1 1
1949 05 19 1.770000 1 1
1949 05 20 1.610000 1 1
1949 05 21 1.370000 1 1
1949 05 22 1.150000 1 1
1949 05 23 0.994000 1 1
1949 05 24 0.842000 1 1
1949 05 25 0.766000 1 1
1949 05 26 0.766000 1 1
1949 05 27 0.690000 1 1
1949 05 28 0.690000 1 1
1949 05 29 0.646000 1 1
1949 05 30 0.646000 1 1
1949 05 31 0.602000 1 1
1949 06 01 0.602000 1 1
1949 06 02 0.602000 1 1
1949 06 03 0.602000 1 1
1949 06 04 0.602000 1 1
1949 06 05 1.070000 1 1
1949 06 06 1.150000 1 1
1949 06 07 1.220000 1 1
1949 06 08 0.918000 1 1
1949 06 09 1.530000 1 1
1949 06 10 2.250000 1 1
1949 06 11 4.770000 1 1
1949 06 12 2.760000 1 1
1949 06 13 1.770000 1 1
1949 06 14 1.610000 1 1
1949 06 15 5.680000 1 1
1949 06 16 2.590000 1 1
1949 06 17 2.170000 1 1
1949 06 18 1.930000 1 1
1949 06 19 1.770000 1 1
1949 06 20 1.610000 1 1
1949 06 21 1.610000 1 1
1949 06 22 1.530000 1 1
1949 06 23 1.530000 1 1
1949 06 24 1.450000 1 1
1949 06 25 1.370000 1 1
1949 06 26 1.300000 1 1
1949 06 27 1.220000 1 1
1949 06 28 1.150000 1 1
1949 06 29 1.220000 1 1
1949 06 30 1.300000 1 1
1949 07 01 1.220000 1 1
1949 07 02 1.150000 1 1
1949 07 03 1.070000 1 1
1949 07 04 0.994000 1 1
1949 07 05 0.842000 1 1
1949 07 06 0.690000 1 1
1949 07 07 1.070000 1 1
1949 07 08 1.150000 1 1
1949 07 09 1.070000 1 1
1949 07 10 0.994000 1 1
1949 07 11 0.842000 1 1
1949 07 12 0.766000 1 1
1949 07 13 0.690000 1 1
1949 07 14 0.690000 1 1
1949 07 15 0.646000 1 1
1949 07 16 0.690000 1 1
1949 07 17 0.690000 1 1
1949 07 18 0.766000 1 1
1949 07 19 2.250000 1 1
1949 07 20 1.850000 1 1
1949 07 21 1.770000 1 1
1949 07 22 1.610000 1 1
1949 07 23 1.530000 1 1
1949 07 24 1.450000 1 1
1949 07 25 1.370000 1 1
1949 07 26 1.220000 1 1
1949 07 27 1.150000 1 1
1949 07 28 1.070000 1 1
1949 07 29 0.918000 1 1
1949 07 30 0.766000 1 1
1949 07 31 0.646000 1 1
1949 08 01 0.602000 1 1
1949 08 02 0.558000 1 1
1949 08 03 0.514000 1 1
1949 08 04 0.514000 1 1
1949 08 05 0.558000 1 1
1949 08 06 0.842000 1 1
1949 08 07 3.100000 1 1
1949 08 08 1.690000 1 1
1949 08 09 1.150000 1 1
1949 08 10 1.150000 1 1
1949 08 11 1.070000 1 1
1949 08 12 1.070000 1 1
1949 08 13 0.994000 1 1
1949 08 14 0.994000 1 1
1949 08 15 0.842000 1 1
1949 08 16 0.766000 1 1
1949 08 17 0.690000 1 1
1949 08 18 0.690000 1 1
1949 08 19 0.646000 1 1
1949 08 20 0.690000 1 1
1949 08 21 0.646000 1 1
1949 08 22 1.370000 1 1
1949 08 23 4.330000 1 1
1949 08 24 2.680000 1 1
1949 08 25 2.250000 1 1
1949 08 26 2.250000 1 1
1949 08 27 2.850000 1 1
1949 08 28 2.420000 1 1
1949 08 29 1.930000 1 1
1949 08 30 1.300000 1 1
1949 08 31 0.842000 1 1
1949 09 01 0.690000 1 1
1949 09 02 0.602000 1 1
1949 09 03 0.558000 1 1
1949 09 04 0.514000 1 1
1949 09 05 0.690000 1 1
1949 09 06 0.646000 1 1
1949 09 07 0.602000 1 1
1949 09 08 0.558000 1 1
1949 09 09 0.514000 1 1
1949 09 10 0.558000 1 1
1949 09 11 0.842000 1 1
1949 09 12 0.994000 1 1
1949 09 13 3.550000 1 1
1949 09 14 4.880000 1 1
1949 09 15 5.560000 1 1
1949 09 16 4.330000 1 1
1949 09 17 4.000000 1 1
1949 09 18 3.020000 1 1
1949 09 19 2.930000 1 1
1949 09 20 2.930000 1 1
1949 09 21 3.020000 1 1
1949 09 22 2.170000 1 1
1949 09 23 1.930000 1 1
1949 09 24 1.850000 1 1
1949 09 25 1.770000 1 1
1949 09 26 1.530000 1 1
1949 09 27 1.370000 1 1
1949 09 28 1.150000 1 1
1949 09 29 1.070000 1 1
1949 09 30 0.918000 1 1
1949 10 01 0.690000 1 1
1949 10 02 0.690000 1 1
1949 10 03 0.646000 1 1
1949 10 04 1.220000 1 1
1949 10 05 1.150000 1 1
1949 10 06 1.070000 1 1
1949 10 07 1.300000 1 1
1949 10 08 1.220000 1 1
1949 10 09 1.070000 1 1
1949 10 10 2.420000 1 1
1949 10 11 2.680000 1 1
1949 10 12 2.680000 1 1
1949 10 13 2.250000 1 1
1949 10 14 1.770000 1 1
1949 10 15 1.450000 1 1
1949 10 16 1.300000 1 1
1949 10 17 1.610000 1 1
1949 10 18 1.770000 1 1
1949 10 19 2.010000 1 1
1949 10 20 4.000000 1 1
1949 10 21 6.250000 1 1
1949 10 22 3.370000 1 1
1949 10 23 2.590000 1 1
1949 10 24 2.170000 1 1
1949 10 25 2.010000 1 1
1949 10 26 1.930000 1 1
1949 10 27 1.770000 1 1
1949 10 28 1.610000 1 1
1949 10 29 1.450000 1 1
1949 10 30 1.300000 1 1
1949 10 31 1.220000 1 1
1949 11 01 1.150000 1 1
1949 11 02 1.150000 1 1
1949 11 03 1.070000 1 1
1949 11 04 0.994000 1 1
1949 11 05 3.460000 1 1
1949 11 06 3.550000 1 1
1949 11 07 2.010000 1 1
1949 11 08 1.530000 1 1
1949 11 09 1.850000 1 1
1949 11 10 2.420000 1 1
1949 11 11 1.850000 1 1
1949 11 12 1.530000 1 1
1949 11 13 1.370000 1 1
1949 11 14 1.300000 1 1
1949 11 15 1.150000 1 1
1949 11 16 1.150000 1 1
1949 11 17 1.070000 1 1
1949 11 18 0.994000 1 1
1949 11 19 0.918000 1 1
1949 11 20 0.994000 1 1
1949 11 21 1.370000 1 1
1949 11 22 1.220000 1 1
1949 11 23 1.150000 1 1
1949 11 24 1.070000 1 1
1949 11 25 1.150000 1 1
1949 11 26 1.300000 1 1
1949 11 27 1.300000 1 1
1949 11 28 1.150000 1 1
1949 11 29 0.994000 1 1
1949 11 30 0.918000 1 1
1949 12 01 0.994000 1 1
1949 12 02 0.918000 1 1
1949 12 03 0.918000 1 1
1949 12 04 0.766000 1 1
1949 12 05 0.690000 1 1
1949 12 06 0.918000 1 1
1949 12 07 6.880000 1 1
1949 12 08 4.110000 1 1
1949 12 09 3.280000 1 1
1949 12 10 2.760000 1 1
1949 12 11 2.420000 1 1
1949 12 12 2.250000 1 1
1949 12 13 2.090000 1 1
1949 12 14 2.420000 1 1
1949 12 15 2.090000 1 1
1949 12 16 1.850000 1 1
1949 12 17 1.690000 1 1
1949 12 18 1.530000 1 1
1949 12 19 1.370000 1 1
1949 12 20 1.220000 1 1
1949 12 21 1.150000 1 1
1949 12 22 0.918000 1 1
1949 12 23 0.766000 1 1
1949 12 24 0.690000 1 1
1949 12 25 0.646000 1 1
1949 12 26 0.558000 1 1
1949 12 27 1.530000 1 1
1949 12 28 1.450000 1 1
1949 12 29 1.770000 1 1
1949 12 30 1.450000 1 1
1949 12 31 1.300000 1 1
1950 01 01 1.220000 1 1
1950 01 02 1.150000 1 1
1950 01 03 1.150000 1 1
1950 01 04 1.220000 1 1
1950 01 05 1.220000 1 1
1950 01 06 1.300000 1 1
1950 01 07 1.300000 1 1
1950 01 08 1.370000 1 1
1950 01 09 4.330000 1 1
1950 01 10 4.330000 1 1
1950 01 11 2.850000 1 1
1950 01 12 2.170000 1 1
1950 01 13 2.010000 1 1
1950 01 14 2.010000 1 1
1950 01 15 1.930000 1 1
1950 01 16 1.850000 1 1
1950 01 17 1.690000 1 1
1950 01 18 1.610000 1 1
1950 01 19 1.770000 1 1
1950 01 20 1.770000 1 1
1950 01 21 1.690000 1 1
1950 01 22 3.100000 1 1
1950 01 23 3.460000 1 1
1950 01 24 2.760000 1 1
1950 01 25 2.170000 1 1
1950 01 26 1.850000 1 1
1950 01 27 1.690000 1 1
1950 01 28 1.610000 1 1
1950 01 29 1.930000 1 1
1950 01 30 2.010000 1 1
1950 01 31 2.090000 1 1
1950 02 01 2.010000 1 1
1950 02 02 1.850000 1 1
1950 02 03 1.770000 1 1
1950 02 04 1.690000 1 1
1950 02 05 1.610000 1 1
1950 02 06 1.530000 1 1
1950 02 07 1.850000 1 1
1950 02 08 1.850000 1 1
1950 02 09 1.770000 1 1
1950 02 10 1.690000 1 1
1950 02 11 1.610000 1 1
1950 02 12 1.610000 1 1
1950 02 13 1.530000 1 1
1950 02 14 1.530000 1 1
1950 02 15 1.690000 1 1
1950 02 16 1.690000 1 1
1950 02 17 1.690000 1 1
1950 02 18 1.690000 1 1
1950 02 19 1.610000 1 1
1950 02 20 1.770000 1 1
1950 02 21 1.850000 1 1
1950 02 22 2.090000 1 1
1950 02 23 3.460000 1 1
1950 02 24 3.100000 1 1
1950 02 25 2.850000 1 1
1950 02 26 2.510000 1 1
1950 02 27 3.190000 1 1
1950 02 28 3.100000 1 1
1950 03 01 3.020000 1 1
1950 03 02 2.930000 1 1
1950 03 03 3.100000 1 1
1950 03 04 3.100000 1 1
1950 03 05 3.020000 1 1
1950 03 06 2.680000 1 1
1950 03 07 2.420000 1 1
1950 03 08 2.170000 1 1
1950 03 09 2.090000 1 1
1950 03 10 1.930000 1 1
1950 03 11 2.250000 1 1
1950 03 12 2.090000 1 1
1950 03 13 2.010000 1 1
1950 03 14 1.850000 1 1
1950 03 15 1.770000 1 1
1950 03 16 2.250000 1 1
1950 03 17 2.170000 1 1
1950 03 18 1.850000 1 1
1950 03 19 1.770000 1 1
1950 03 20 1.610000 1 1
1950 03 21 1.370000 1 1
1950 03 22 1.150000 1 1
1950 03 23 0.918000 1 1
1950 03 24 0.918000 1 1
1950 03 25 0.842000 1 1
1950 03 26 0.918000 1 1
1950 03 27 0.994000 1 1
1950 03 28 0.994000 1 1
1950 03 29 1.070000 1 1
1950 03 30 0.994000 1 1
1950 03 31 0.918000 1 1
1950 04 01 0.842000 1 1
1950 04 02 0.766000 1 1
1950 04 03 0.690000 1 1
1950 04 04 0.646000 1 1
1950 04 05 1.070000 1 1
1950 04 06 1.610000 1 1
1950 04 07 1.450000 1 1
1950 04 08 1.300000 1 1
1950 04 09 1.150000 1 1
1950 04 10 1.070000 1 1
1950 04 11 0.994000 1 1
1950 04 12 1.220000 1 1
1950 04 13 1.370000 1 1
1950 04 14 1.300000 1 1
1950 04 15 1.610000 1 1
1950 04 16 2.010000 1 1
1950 04 17 3.280000 1 1
1950 04 18 3.370000 1 1
1950 04 19 3.100000 1 1
1950 04 20 2.680000 1 1
1950 04 21 2.340000 1 1
1950 04 22 1.930000 1 1
1950 04 23 1.690000 1 1
1950 04 24 1.530000 1 1
1950 04 25 1.370000 1 1
1950 04 26 1.300000 1 1
1950 04 27 1.220000 1 1
1950 04 28 1.150000 1 1
1950 04 29 1.070000 1 1
1950 04 30 1.070000 1 1
1950 05 01 0.994000 1 1
1950 05 02 1.220000 1 1
1950 05 03 2.760000 1 1
1950 05 04 2.420000 1 1
1950 05 05 2.090000 1 1
1950 05 06 1.770000 1 1
1950 05 07 1.610000 1 1
1950 05 08 1.300000 1 1
1950 05 09 1.220000 1 1
1950 05 10 1.150000 1 1
1950 05 11 1.070000 1 1
1950 05 12 0.994000 1 1
1950 05 13 0.994000 1 1
1950 05 14 0.994000 1 1
1950 05 15 1.070000 1 1
1950 05 16 1.150000 1 1
1950 05 17 0.994000 1 1
1950 05 18 1.300000 1 1
1950 05 19 4.330000 1 1
1950 05 20 5.330000 1 1
1950 05 21 3.730000 1 1
1950 05 22 2.170000 1 1
1950 05 23 1.770000 1 1
1950 05 24 1.770000 1 1
1950 05 25 1.610000 1 1
1950 05 26 1.450000 1 1
1950 05 27 1.450000 1 1
1950 05 28 1.370000 1 1
1950 05 29 1.370000 1 1
1950 05 30 1.150000 1 1
1950 05 31 2.010000 1 1
1950 06 01 1.850000 1 1
1950 06 02 1.610000 1 1
1950 06 03 1.370000 1 1
1950 06 04 1.220000 1 1
1950 06 05 1.150000 1 1
1950 06 06 2.090000 1 1
1950 06 07 3.910000 1 1
1950 06 08 3.020000 1 1
1950 06 09 2.170000 1 1
1950 06 10 2.010000 1 1
1950 06 11 1.370000 1 1
1950 06 12 0.994000 1 1
1950 06 13 1.770000 1 1
1950 06 14 1.610000 1 1
1950 06 15 1.530000 1 1
1950 06 16 1.450000 1 1
1950 06 17 1.370000 1 1
1950 06 18 1.300000 1 1
1950 06 19 1.220000 1 1
1950 06 20 1.150000 1 1
1950 06 21 1.070000 1 1
1950 06 22 1.070000 1 1
1950 06 23 0.994000 1 1
1950 06 24 0.994000 1 1
1950 06 25 0.918000 1 1
1950 06 26 0.918000 1 1
1950 06 27 0.842000 1 1
1950 06 28 0.842000 1 1
1950 06 29 0.842000 1 1
1950 06 30 0.766000 1 1
1950 07 01 0.690000 1 1
1950 07 02 0.690000 1 1
1950 07 03 0.646000 1 1
1950 07 04 0.766000 1 1
1950 07 05 0.842000 1 1
1950 07 06 0.690000 1 1
1950 07 07 0.690000 1 1
1950 07 08 0.690000 1 1
1950 07 09 2.420000 1 1
1950 07 10 1.530000 1 1
1950 07 11 0.842000 1 1
1950 07 12 0.842000 1 1
1950 07 13 0.766000 1 1
1950 07 14 0.766000 1 1
1950 07 15 0.690000 1 1
1950 07 16 0.690000 1 1
1950 07 17 0.690000 1 1
1950 07 18 0.646000 1 1
1950 07 19 0.646000 1 1
1950 07 20 0.646000 1 1
1950 07 21 0.602000 1 1
1950 07 22 0.602000 1 1
1950 07 23 0.558000 1 1
1950 07 24 0.514000 1 1
1950 07 25 0.514000 1 1
1950 07 26 0.470000 1 1
1950 07 27 0.602000 1 1
1950 07 28 0.602000 1 1
1950 07 29 0.558000 1 1
1950 07 30 0.514000 1 1
1950 07 31 0.514000 1 1
1950 08 01 0.514000 1 1
1950 08 02 0.918000 1 1
1950 08 03 1.450000 1 1
1950 08 04 1.450000 1 1
1950 08 05 1.370000 1 1
1950 08 06 1.370000 1 1
1950 08 07 1.300000 1 1
1950 08 08 1.220000 1 1
1950 08 09 1.220000 1 1
1950 08 10 1.150000 1 1
1950 08 11 1.300000 1 1
1950 08 12 1.300000 1 1
1950 08 13 1.220000 1 1
1950 08 14 0.842000 1 1
1950 08 15 0.602000 1 1
1950 08 16 0.514000 1 1
1950 08 17 0.470000 1 1
1950 08 18 0.470000 1 1
1950 08 19 0.426000 1 1
1950 08 20 0.514000 1 1
1950 08 21 0.558000 1 1
1950 08 22 0.514000 1 1
1950 08 23 0.514000 1 1
1950 08 24 0.470000 1 1
1950 08 25 0.426000 1 1
1950 08 26 0.426000 1 1
1950 08 27 0.382000 1 1
1950 08 28 0.382000 1 1
1950 08 29 0.382000 1 1
1950 08 30 0.338000 1 1
1950 08 31 0.338000 1 1
1950 09 01 0.338000 1 1
1950 09 02 0.338000 1 1
1950 09 03 0.338000 1 1
1950 09 04 0.338000 1 1
1950 09 05 0.294000 1 1
1950 09 06 0.294000 1 1
1950 09 07 0.294000 1 1
1950 09 08 0.918000 1 1
1950 09 09 1.770000 1 1
1950 09 10 1.370000 1 1
1950 09 11 0.842000 1 1
1950 09 12 0.470000 1 1
1950 09 13 0.382000 1 1
1950 09 14 0.338000 1 1
1950 09 15 0.338000 1 1
1950 09 16 0.470000 1 1
1950 09 17 0.470000 1 1
1950 09 18 0.426000 1 1
1950 09 19 0.338000 1 1
1950 09 20 0.250000 1 1
1950 09 21 2.170000 1 1
1950 09 22 1.690000 1 1
1950 09 23 5.100000 1 1
1950 09 24 2.510000 1 1
1950 09 25 1.850000 1 1
1950 09 26 1.450000 1 1
1950 09 27 1.450000 1 1
1950 09 28 1.220000 1 1
1950 09 29 0.994000 1 1
1950 09 30 0.842000 1 1
1950 10 01 0.690000 1 1
1950 10 02 0.690000 1 1
1950 10 03 0.646000 1 1
1950 10 04 0.558000 1 1
1950 10 05 0.558000 1 1
1950 10 06 0.918000 1 1
1950 10 07 0.558000 1 1
1950 10 08 0.558000 1 1
1950 10 09 1.770000 1 1
1950 10 10 2.760000 1 1
1950 10 11 3.190000 1 1
1950 10 12 4.110000 1 1
1950 10 13 3.190000 1 1
1950 10 14 2.760000 1 1
1950 10 15 6.250000 1 1
1950 10 16 7.380000 1 1
1950 10 17 7.130000 1 1
1950 10 18 4.110000 1 1
1950 10 19 5.680000 1 1
1950 10 20 3.550000 1 1
1950 10 21 2.930000 1 1
1950 10 22 2.510000 1 1
1950 10 23 2.170000 1 1
1950 10 24 2.010000 1 1
1950 10 25 1.850000 1 1
1950 10 26 1.690000 1 1
1950 10 27 1.610000 1 1
1950 10 28 1.690000 1 1
1950 10 29 1.610000 1 1
1950 10 30 1.370000 1 1
1950 10 31 1.220000 1 1
1950 11 01 1.150000 1 1
1950 11 02 1.070000 1 1
1950 11 03 0.994000 1 1
1950 11 04 0.994000 1 1
1950 11 05 0.918000 1 1
1950 11 06 0.842000 1 1
1950 11 07 0.842000 1 1
1950 11 08 0.842000 1 1
1950 11 09 0.918000 1 1
1950 11 10 0.994000 1 1
1950 11 11 1.070000 1 1
1950 11 12 1.770000 1 1
1950 11 13 1.300000 1 1
1950 11 14 0.994000 1 1
1950 11 15 0.842000 1 1
1950 11 16 0.690000 1 1
1950 11 17 0.766000 1 1
1950 11 18 0.690000 1 1
1950 11 19 0.842000 1 1
1950 11 20 0.842000 1 1
1950 11 21 0.766000 1 1
1950 11 22 0.690000 1 1
1950 11 23 0.690000 1 1
1950 11 24 0.690000 1 1
1950 11 25 0.690000 1 1
1950 11 26 0.646000 1 1
1950 11 27 0.646000 1 1
1950 11 28 3.730000 1 1
1950 11 29 2.510000 1 1
1950 11 30 1.690000 1 1
