year month day streamflow_m3s qual_control_by_ana qual_flag
2005 01 01 1.027000 1 1
2005 01 02 1.027000 1 1
2005 01 03 1.027000 1 1
2005 01 04 1.422000 1 1
2005 01 05 1.215000 1 1
2005 01 06 1.027000 1 1
2005 01 07 2.032000 1 1
2005 01 08 1.215000 1 1
2005 01 09 2.463000 1 1
2005 01 10 4.510000 1 1
2005 01 11 5.701000 1 1
2005 01 12 2.619000 1 1
2005 01 13 1.772000 1 1
2005 01 14 1.316000 1 1
2005 01 15 1.215000 1 1
2005 01 16 1.899000 1 1
2005 01 17 1.316000 1 1
2005 01 18 1.027000 1 1
2005 01 19 1.027000 1 1
2005 01 20 1.027000 1 1
2005 01 21 0.858000 1 1
2005 01 22 0.781000 1 1
2005 01 23 0.940000 1 1
2005 01 24 1.118000 1 1
2005 01 25 10.742000 1 1
2005 01 26 3.876000 1 1
2005 01 27 1.650000 1 1
2005 01 28 1.316000 1 1
2005 01 29 1.899000 1 1
2005 01 30 2.170000 1 1
2005 01 31 2.780000 1 1
2005 02 01 1.899000 1 1
2005 02 02 3.121000 1 1
2005 02 03 1.533000 1 1
2005 02 04 1.316000 1 1
2005 02 05 1.215000 1 1
2005 02 06 1.215000 1 1
2005 02 07 1.027000 1 1
2005 02 08 0.858000 1 1
2005 02 09 0.708000 1 1
2005 02 10 0.708000 1 1
2005 02 11 0.708000 1 1
2005 02 12 1.027000 1 1
2005 02 13 3.300000 1 1
2005 02 14 1.533000 1 1
2005 02 15 1.316000 1 1
2005 02 16 1.118000 1 1
2005 02 17 0.858000 1 1
2005 02 18 1.316000 1 1
2005 02 19 2.314000 1 1
2005 02 20 1.027000 1 1
2005 02 21 0.858000 1 1
2005 02 22 0.858000 1 1
2005 02 23 2.619000 1 1
2005 02 24 1.650000 1 1
2005 02 25 3.121000 1 1
2005 02 26 2.314000 1 1
2005 02 27 3.121000 1 1
2005 02 28 1.533000 1 1
2005 03 01 1.215000 1 1
2005 03 02 1.027000 1 1
2005 03 03 0.858000 1 1
2005 03 04 0.708000 1 1
2005 03 05 0.708000 1 1
2005 03 06 0.639000 1 1
2005 03 07 0.593000 1 1
2005 03 08 0.593000 1 1
2005 03 09 0.593000 1 1
2005 03 10 0.593000 1 1
2005 03 11 0.940000 1 1
2005 03 12 0.708000 1 1
2005 03 13 0.940000 1 1
2005 03 14 4.735000 1 1
2005 03 15 1.772000 1 1
2005 03 16 1.316000 1 1
2005 03 17 1.118000 1 1
2005 03 18 1.316000 1 1
2005 03 19 0.940000 1 1
2005 03 20 0.708000 1 1
2005 03 21 0.708000 1 1
2005 03 22 0.593000 1 1
2005 03 23 0.639000 1 1
2005 03 24 2.170000 1 1
2005 03 25 1.118000 1 1
2005 03 26 1.027000 1 1
2005 03 27 0.858000 1 1
2005 03 28 0.781000 1 1
2005 03 29 0.593000 1 1
2005 03 30 0.526000 1 1
2005 03 31 0.526000 1 1
2005 04 01 0.526000 1 1
2005 04 02 5.449000 1 1
2005 04 03 3.300000 1 1
2005 04 04 11.123000 1 1
2005 04 05 3.486000 1 1
2005 04 06 3.121000 1 1
2005 04 07 2.032000 1 1
2005 04 08 1.533000 1 1
2005 04 09 1.215000 1 1
2005 04 10 0.708000 1 1
2005 04 11 1.027000 1 1
2005 04 12 0.940000 1 1
2005 04 13 1.650000 1 1
2005 04 14 0.940000 1 1
2005 04 15 0.940000 1 1
2005 04 16 0.858000 1 1
2005 04 17 0.781000 1 1
2005 04 18 0.708000 1 1
2005 04 19 0.593000 1 1
2005 04 20 2.314000 1 1
2005 04 21 0.940000 1 1
2005 04 22 2.463000 1 1
2005 04 23 1.027000 1 1
2005 04 24 0.858000 1 1
2005 04 25 5.204000 1 1
2005 04 26 1.650000 1 1
2005 04 27 1.215000 1 1
2005 04 28 1.027000 1 1
2005 04 29 0.858000 1 1
2005 04 30 1.118000 1 1
2005 05 01 0.708000 1 1
2005 05 02 0.639000 1 1
2005 05 03 0.593000 1 1
2005 05 04 0.559000 1 1
2005 05 05 0.526000 1 1
2005 05 06 0.526000 1 1
2005 05 07 0.526000 1 1
2005 05 08 0.526000 1 1
2005 05 09 3.300000 1 1
2005 05 10 2.619000 1 1
2005 05 11 2.032000 1 1
2005 05 12 5.701000 1 1
2005 05 13 1.899000 1 1
2005 05 14 1.316000 1 1
2005 05 15 1.215000 1 1
2005 05 16 1.027000 1 1
2005 05 17 1.027000 1 1
2005 05 18 198.032000 1 1
2005 05 19 58.481000 1 1
2005 05 20 16.361000 1 1
2005 05 21 16.855000 1 1
2005 05 22 6.227000 1 1
2005 05 23 3.876000 1 1
2005 05 24 11.513000 1 1
2005 05 25 7.069000 1 1
2005 05 26 4.292000 1 1
2005 05 27 3.876000 1 1
2005 05 28 3.300000 1 1
2005 05 29 2.780000 1 1
2005 05 30 2.463000 1 1
2005 05 31 2.314000 1 1
2005 06 01 1.899000 1 1
2005 06 02 1.899000 1 1
2005 06 03 1.650000 1 1
2005 06 04 1.650000 1 1
2005 06 05 1.422000 1 1
2005 06 06 1.422000 1 1
2005 06 07 1.316000 1 1
2005 06 08 1.215000 1 1
2005 06 09 1.215000 1 1
2005 06 10 1.215000 1 1
2005 06 11 1.215000 1 1
2005 06 12 1.215000 1 1
2005 06 13 1.422000 1 1
2005 06 14 1.650000 1 1
2005 06 15 2.463000 1 1
2005 06 16 1.772000 1 1
2005 06 17 12.317000 1 1
2005 06 18 4.966000 1 1
2005 06 19 3.121000 1 1
2005 06 20 1.899000 1 1
2005 06 21 1.533000 1 1
2005 06 22 1.316000 1 1
2005 06 23 1.215000 1 1
2005 06 24 1.215000 1 1
2005 06 25 1.215000 1 1
2005 06 26 1.215000 1 1
2005 06 27 1.215000 1 1
2005 06 28 1.027000 1 1
2005 06 29 1.215000 1 1
2005 06 30 1.215000 1 1
2005 07 01 1.027000 1 1
2005 07 02 1.027000 1 1
2005 07 03 1.027000 1 1
2005 07 04 0.858000 1 1
2005 07 05 9.646000 1 1
2005 07 06 3.876000 1 1
2005 07 07 2.314000 1 1
2005 07 08 1.316000 1 1
2005 07 09 1.533000 1 1
2005 07 10 1.422000 1 1
2005 07 11 1.422000 1 1
2005 07 12 1.316000 1 1
2005 07 13 1.215000 1 1
2005 07 14 1.027000 1 1
2005 07 15 1.027000 1 1
2005 07 16 1.027000 1 1
2005 07 17 14.028000 1 1
2005 07 18 2.619000 1 1
2005 07 19 1.899000 1 1
2005 07 20 1.422000 1 1
2005 07 21 1.422000 1 1
2005 07 22 30.108000 1 1
2005 07 23 13.155000 1 1
2005 07 24 18.390000 1 1
2005 07 25 7.667000 1 1
2005 07 26 5.204000 1 1
2005 07 27 2.780000 1 1
2005 07 28 2.947000 1 1
2005 07 29 2.314000 1 1
2005 07 30 1.772000 1 1
2005 07 31 1.027000 1 1
2005 08 01 1.899000 1 1
2005 08 02 1.772000 1 1
2005 08 03 1.650000 1 1
2005 08 04 1.422000 1 1
2005 08 05 1.422000 1 1
2005 08 06 1.215000 1 1
2005 08 07 1.215000 1 1
2005 08 08 1.215000 1 1
2005 08 09 11.513000 1 1
2005 08 10 26.678000 1 1
2005 08 11 6.781000 1 1
2005 08 12 4.081000 1 1
2005 08 13 2.780000 1 1
2005 08 14 2.463000 1 1
2005 08 15 2.170000 1 1
2005 08 16 1.899000 1 1
2005 08 17 1.772000 1 1
2005 08 18 1.650000 1 1
2005 08 19 1.422000 1 1
2005 08 20 1.422000 1 1
2005 08 21 1.422000 1 1
2005 08 22 1.316000 1 1
2005 08 23 1.215000 1 1
2005 08 24 1.422000 1 1
2005 08 25 1.316000 1 1
2005 08 26 1.215000 1 1
2005 08 27 1.027000 1 1
2005 08 28 1.027000 1 1
2005 08 29 1.027000 1 1
2005 08 30 5.204000 1 1
2005 08 31 16.361000 1 1
2005 09 01 18.920000 1 1
2005 09 02 10.003000 1 1
2005 09 03 87.771000 1 1
2005 09 04 35.347000 1 1
2005 09 05 24.742000 1 1
2005 09 06 8.955000 1 1
2005 09 07 7.069000 1 1
2005 09 08 5.449000 1 1
2005 09 09 4.510000 1 1
2005 09 10 3.876000 1 1
2005 09 11 4.735000 1 1
2005 09 12 13.587000 1 1
2005 09 13 10.003000 1 1
2005 09 14 7.364000 1 1
2005 09 15 10.742000 1 1
2005 09 16 7.667000 1 1
2005 09 17 6.500000 1 1
2005 09 18 6.500000 1 1
2005 09 19 24.742000 1 1
2005 09 20 11.513000 1 1
2005 09 21 7.667000 1 2
2005 09 22 6.781000 1 1
2005 09 23 23.500000 1 1
2005 09 24 15.877000 1 1
2005 09 25 13.155000 1 1
2005 09 26 14.935000 1 1
2005 09 27 7.978000 1 1
2005 09 28 6.500000 1 1
2005 09 29 5.960000 1 1
2005 09 30 5.204000 1 2
2005 10 01 4.735000 1 1
2005 10 02 4.081000 1 1
2005 10 03 3.300000 1 1
2005 10 04 7.069000 1 1
2005 10 05 21.711000 1 1
2005 10 06 9.297000 1 1
2005 10 07 7.667000 1 1
2005 10 08 13.587000 1 1
2005 10 09 10.742000 1 1
2005 10 10 7.978000 1 1
2005 10 11 5.701000 1 1
2005 10 12 4.966000 1 1
2005 10 13 4.292000 1 1
2005 10 14 8.296000 1 1
2005 10 15 4.510000 1 1
2005 10 16 18.920000 1 1
2005 10 17 30.825000 1 1
2005 10 18 11.513000 1 1
2005 10 19 8.296000 1 1
2005 10 20 6.227000 1 1
2005 10 21 4.735000 1 1
2005 10 22 5.960000 1 1
2005 10 23 4.292000 1 1
2005 10 24 3.678000 1 1
2005 10 25 3.121000 1 1
2005 10 26 2.780000 1 1
2005 10 27 2.619000 1 1
2005 10 28 7.069000 1 1
2005 10 29 9.646000 1 1
2005 10 30 5.701000 1 1
2005 10 31 8.296000 1 1
2005 11 01 4.966000 1 1
2005 11 02 4.081000 1 1
2005 11 03 3.300000 1 1
2005 11 04 2.780000 1 1
2005 11 05 2.619000 1 1
2005 11 06 2.463000 1 1
2005 11 07 4.735000 1 1
2005 11 08 2.947000 1 1
2005 11 09 2.780000 1 1
2005 11 10 2.619000 1 1
2005 11 11 2.947000 1 1
2005 11 12 2.947000 1 1
2005 11 13 2.314000 1 1
2005 11 14 2.314000 1 1
2005 11 15 4.510000 1 1
2005 11 16 4.510000 1 1
2005 11 17 4.081000 1 1
2005 11 18 3.486000 1 1
2005 11 19 3.300000 1 1
2005 11 20 3.121000 1 1
2005 11 21 2.314000 1 1
2005 11 22 1.899000 1 1
2005 11 23 1.533000 1 1
2005 11 24 1.533000 1 1
2005 11 25 3.300000 1 1
2005 11 26 1.533000 1 1
2005 11 27 1.316000 1 1
2005 11 28 1.215000 1 1
2005 11 29 1.215000 1 1
2005 11 30 1.118000 1 1
2005 12 01 1.027000 1 1
2005 12 02 1.027000 1 1
2005 12 03 1.027000 1 1
2005 12 04 1.027000 1 1
2005 12 05 0.858000 1 1
2005 12 06 1.027000 1 1
2005 12 07 1.772000 1 1
2005 12 08 1.027000 1 1
2005 12 09 0.858000 1 1
2005 12 10 0.858000 1 1
2005 12 11 0.781000 1 1
2005 12 12 0.708000 1 1
2005 12 13 0.940000 1 1
2005 12 14 1.772000 1 1
2005 12 15 1.316000 1 1
2005 12 16 1.118000 1 1
2005 12 17 1.650000 1 1
2005 12 18 1.650000 1 1
2005 12 19 1.316000 1 1
2005 12 20 4.510000 1 1
2005 12 21 4.735000 1 1
2005 12 22 1.899000 1 1
2005 12 23 1.215000 1 1
2005 12 24 1.772000 1 1
2005 12 25 1.118000 1 1
2005 12 26 1.027000 1 1
2005 12 27 1.027000 1 1
2005 12 28 0.858000 1 1
2005 12 29 0.858000 1 1
2005 12 30 0.708000 1 1
2005 12 31 0.708000 1 1
2006 01 01 1.215000 1 1
2006 01 02 10.003000 1 1
2006 01 03 2.463000 1 1
2006 01 04 3.300000 1 1
2006 01 05 2.170000 1 1
2006 01 06 1.215000 1 1
2006 01 07 2.170000 1 1
2006 01 08 1.215000 1 1
2006 01 09 1.118000 1 1
2006 01 10 1.027000 1 1
2006 01 11 0.708000 1 1
2006 01 12 0.593000 1 1
2006 01 13 0.593000 1 1
2006 01 14 0.526000 1 1
2006 01 15 0.559000 1 1
2006 01 16 0.559000 1 1
2006 01 17 0.526000 1 1
2006 01 18 0.708000 1 1
2006 01 19 0.781000 1 1
2006 01 20 0.593000 1 1
2006 01 21 2.170000 1 1
2006 01 22 1.316000 1 1
2006 01 23 1.422000 1 1
2006 01 24 4.292000 1 1
2006 01 25 2.314000 1 1
2006 01 26 1.772000 1 1
2006 01 27 1.027000 1 1
2006 01 28 1.215000 1 1
2006 01 29 1.118000 1 1
2006 01 30 1.118000 1 1
2006 01 31 0.639000 1 1
2006 02 01 0.593000 1 1
2006 02 02 0.593000 1 1
2006 02 03 0.593000 1 1
2006 02 04 1.422000 1 1
2006 02 05 2.619000 1 1
2006 02 06 1.650000 1 1
2006 02 07 0.781000 1 1
2006 02 08 1.118000 1 1
2006 02 09 0.940000 1 1
2006 02 10 4.292000 1 1
2006 02 11 2.463000 1 1
2006 02 12 1.533000 1 1
2006 02 13 1.422000 1 1
2006 02 14 1.027000 1 1
2006 02 15 0.858000 1 1
2006 02 16 0.940000 1 1
2006 02 17 0.940000 1 1
2006 02 18 2.619000 1 1
2006 02 19 1.215000 1 1
2006 02 20 1.027000 1 1
2006 02 21 2.170000 1 1
2006 02 22 1.899000 1 1
2006 02 23 1.215000 1 1
2006 02 24 1.027000 1 1
2006 02 25 0.708000 1 1
2006 02 26 0.593000 1 1
2006 02 27 0.593000 1 1
2006 02 28 0.559000 1 1
2006 03 01 0.526000 1 2
2006 03 02 0.465000 1 2
2006 03 03 0.436000 1 2
2006 03 04 0.409000 1 2
2006 03 05 0.383000 1 2
2006 03 06 0.335000 1 2
2006 03 07 0.313000 1 2
2006 03 08 0.291000 1 2
2006 03 09 0.271000 1 2
2006 03 10 0.234000 1 2
2006 03 11 0.217000 1 2
2006 03 12 0.201000 1 2
2006 03 13 0.186000 1 2
2006 03 14 0.158000 1 2
2006 03 15 0.145000 1 2
2006 03 16 0.145000 1 2
2006 03 17 0.145000 1 2
2006 03 18 0.145000 1 2
2006 03 19 0.145000 1 2
2006 03 20 0.465000 1 2
2006 03 21 0.291000 1 2
2006 03 22 0.234000 1 2
2006 03 23 0.201000 1 2
2006 03 24 0.186000 1 1
2006 03 25 0.201000 1 1
2006 03 26 0.171000 1 1
2006 03 27 0.158000 1 1
2006 03 28 0.145000 1 1
2006 03 29 0.383000 1 2
2006 03 30 0.271000 1 2
2006 03 31 0.252000 1 2
2006 04 01 1.650000 1 1
2006 04 02 1.215000 1 1
2006 04 03 0.593000 1 1
2006 04 04 0.593000 1 1
2006 04 05 0.593000 1 1
2006 04 06 0.526000 1 1
2006 04 07 0.526000 1 1
2006 04 08 0.526000 1 1
2006 04 09 0.526000 1 1
2006 04 10 2.314000 1 1
2006 04 11 1.215000 1 1
2006 04 12 0.781000 1 1
2006 04 13 0.593000 1 1
2006 04 14 0.526000 1 1
2006 04 15 0.526000 1 1
2006 04 16 0.526000 1 1
2006 04 17 0.526000 1 1
2006 04 18 0.526000 1 1
2006 04 19 0.359000 1 1
2006 04 20 0.465000 1 1
2006 04 21 0.465000 1 1
2006 04 22 1.027000 1 1
2006 04 23 0.436000 1 1
2006 04 24 0.271000 1 1
2006 04 25 0.436000 1 2
2006 04 26 0.409000 1 2
2006 04 27 0.526000 1 2
2006 04 28 0.526000 1 2
2006 04 29 0.526000 1 2
2006 04 30 0.495000 1 2
2006 05 01 0.465000 1 1
2006 05 02 0.465000 1 1
2006 05 03 0.465000 1 1
2006 05 04 0.465000 1 1
2006 05 05 0.465000 1 1
2006 05 06 0.465000 1 1
2006 05 07 0.465000 1 1
2006 05 08 0.465000 1 1
2006 05 09 0.465000 1 1
2006 05 10 0.465000 1 1
2006 05 11 10.368000 1 1
2006 05 12 2.170000 1 1
2006 05 13 1.118000 1 1
2006 05 14 0.639000 1 1
2006 05 15 0.593000 1 1
2006 05 16 0.526000 1 1
2006 05 17 0.495000 1 1
2006 05 18 0.465000 1 1
2006 05 19 0.465000 1 1
2006 05 20 0.495000 1 1
2006 05 21 0.593000 1 1
2006 05 22 0.708000 1 1
2006 05 23 0.708000 1 1
2006 05 24 0.639000 1 1
2006 05 25 0.593000 1 1
2006 05 26 0.526000 1 1
2006 05 27 0.526000 1 1
2006 05 28 0.526000 1 1
2006 05 29 0.465000 1 1
2006 05 30 0.465000 1 1
2006 05 31 0.465000 1 1
2006 06 01 0.465000 1 1
2006 06 02 0.465000 1 1
2006 06 03 0.465000 1 1
2006 06 04 0.436000 1 1
2006 06 05 0.409000 1 1
2006 06 06 0.409000 1 1
2006 06 07 0.409000 1 1
2006 06 08 0.409000 1 1
2006 06 09 0.409000 1 1
2006 06 10 0.409000 1 1
2006 06 11 0.465000 1 1
2006 06 12 0.465000 1 1
2006 06 13 0.409000 1 1
2006 06 14 0.409000 1 1
2006 06 15 0.409000 1 1
2006 06 16 0.465000 1 1
2006 06 17 0.465000 1 1
2006 06 18 0.465000 1 1
2006 06 19 0.465000 1 1
2006 06 20 0.465000 1 1
2006 06 21 0.465000 1 1
2006 06 22 0.940000 1 1
2006 06 23 0.495000 1 1
2006 06 24 0.383000 1 1
2006 06 25 0.383000 1 1
2006 06 26 0.465000 1 1
2006 06 27 0.436000 1 1
2006 06 28 0.313000 1 1
2006 06 29 0.252000 1 1
2006 06 30 0.234000 1 1
2006 07 01 0.234000 1 1
2006 07 02 0.252000 1 1
2006 07 03 0.234000 1 1
2006 07 04 0.217000 1 1
2006 07 05 0.201000 1 1
2006 07 06 0.201000 1 1
2006 07 07 0.201000 1 1
2006 07 08 0.201000 1 1
2006 07 09 0.526000 1 2
2006 07 10 1.650000 1 1
2006 07 11 0.217000 1 1
2006 07 12 0.171000 1 1
2006 07 13 0.133000 1 1
2006 07 14 0.133000 1 1
2006 07 15 0.145000 1 1
2006 07 16 0.171000 1 1
2006 07 17 0.359000 1 1
2006 07 18 0.271000 1 1
2006 07 19 0.234000 1 1
2006 07 20 0.217000 1 1
2006 07 21 0.201000 1 1
2006 07 22 0.201000 1 1
2006 07 23 0.201000 1 1
2006 07 24 0.234000 1 1
2006 07 25 0.252000 1 1
2006 07 26 0.359000 1 1
2006 07 27 0.359000 1 1
2006 07 28 2.314000 1 1
2006 07 29 1.772000 1 1
2006 07 30 0.781000 1 1
2006 07 31 0.383000 1 1
2006 08 01 0.313000 1 1
2006 08 02 0.313000 1 1
2006 08 03 0.291000 1 1
2006 08 04 0.271000 1 1
2006 08 05 0.271000 1 1
2006 08 06 0.271000 1 1
2006 08 07 0.271000 1 1
2006 08 08 0.252000 1 1
2006 08 09 0.234000 1 1
2006 08 10 0.234000 1 1
2006 08 11 0.234000 1 1
2006 08 12 0.201000 1 1
2006 08 13 0.201000 1 1
2006 08 14 0.201000 1 1
2006 08 15 0.201000 1 1
2006 08 16 24.742000 1 1
2006 08 17 4.081000 1 1
2006 08 18 2.947000 1 1
2006 08 19 2.314000 1 1
2006 08 20 1.899000 1 1
2006 08 21 0.858000 1 1
2006 08 22 0.495000 1 1
2006 08 23 0.465000 1 1
2006 08 24 0.409000 1 1
2006 08 25 0.409000 1 1
2006 08 26 0.409000 1 1
2006 08 27 0.383000 1 1
2006 08 28 0.335000 1 1
2006 08 29 0.436000 1 1
2006 08 30 0.593000 1 1
2006 08 31 0.593000 1 1
2006 09 01 0.639000 1 1
2006 09 02 5.960000 1 1
2006 09 03 0.781000 1 1
2006 09 04 0.526000 1 1
2006 09 05 0.559000 1 1
2006 09 06 0.639000 1 1
2006 09 07 0.593000 1 1
2006 09 08 0.781000 1 1
2006 09 09 0.858000 1 1
2006 09 10 0.781000 1 1
2006 09 11 0.593000 1 1
2006 09 12 0.593000 1 1
2006 09 13 0.526000 1 1
2006 09 14 0.526000 1 1
2006 09 15 0.639000 1 1
2006 09 16 1.118000 1 1
2006 09 17 0.708000 1 1
2006 09 18 0.593000 1 2
2006 09 19 0.593000 1 1
2006 09 20 0.593000 1 1
2006 09 21 0.708000 1 1
2006 09 22 0.593000 1 1
2006 09 23 0.526000 1 1
2006 09 24 0.526000 1 1
2006 09 25 0.465000 1 1
2006 09 26 0.465000 1 1
2006 09 27 0.465000 1 1
2006 09 28 0.465000 1 1
2006 09 29 0.495000 1 1
2006 09 30 0.593000 1 1
2006 10 01 0.526000 1 1
2006 10 02 1.650000 1 1
2006 10 03 1.533000 1 1
2006 10 04 0.940000 1 1
2006 10 05 0.858000 1 1
2006 10 06 5.449000 1 1
2006 10 07 2.032000 1 1
2006 10 08 1.215000 1 1
2006 10 09 1.118000 1 1
2006 10 10 0.858000 1 1
2006 10 11 0.708000 1 1
2006 10 12 7.667000 1 2
2006 10 13 3.876000 1 2
2006 10 14 2.170000 1 2
2006 10 15 1.422000 1 2
2006 10 16 2.314000 1 2
2006 10 17 1.650000 1 2
2006 10 18 1.316000 1 2
2006 10 19 1.118000 1 2
2006 10 20 1.027000 1 2
2006 10 21 0.940000 1 2
2006 10 22 0.858000 1 2
2006 10 23 0.858000 1 2
2006 10 24 0.858000 1 2
2006 10 25 0.708000 1 2
2006 10 26 0.639000 1 2
2006 10 27 0.639000 1 2
2006 10 28 0.559000 1 2
2006 10 29 0.526000 1 1
2006 10 30 0.526000 1 1
2006 10 31 0.465000 1 2
2006 11 01 0.526000 1 2
2006 11 02 6.500000 1 2
2006 11 03 4.081000 1 2
2006 11 04 2.170000 1 2
2006 11 05 1.215000 1 1
2006 11 06 8.296000 1 1
2006 11 07 3.300000 1 1
2006 11 08 1.422000 1 1
2006 11 09 1.215000 1 1
2006 11 10 1.215000 1 1
2006 11 11 0.858000 1 1
2006 11 12 0.781000 1 1
2006 11 13 0.858000 1 1
2006 11 14 0.708000 1 1
2006 11 15 0.708000 1 1
2006 11 16 0.593000 1 1
2006 11 17 0.858000 1 1
2006 11 18 6.781000 1 1
2006 11 19 28.020000 1 1
2006 11 20 16.361000 1 1
2006 11 21 10.003000 1 1
2006 11 22 3.486000 1 1
2006 11 23 2.463000 1 1
2006 11 24 1.772000 1 1
2006 11 25 1.422000 1 1
2006 11 26 1.422000 1 2
2006 11 27 2.032000 1 1
2006 11 28 3.300000 1 1
2006 11 29 5.701000 1 1
2006 11 30 5.204000 1 1
2006 12 01 2.170000 1 2
2006 12 02 1.899000 1 2
2006 12 03 1.422000 1 1
2006 12 04 1.215000 1 1
2006 12 05 1.118000 1 1
2006 12 06 1.899000 1 1
2006 12 07 3.678000 1 1
2006 12 08 1.772000 1 1
2006 12 09 1.316000 1 1
2006 12 10 1.772000 1 1
2006 12 11 3.300000 1 1
2006 12 12 1.316000 1 1
2006 12 13 1.899000 1 1
2006 12 14 1.772000 1 1
2006 12 15 1.650000 1 1
2006 12 16 1.650000 1 1
2006 12 17 1.533000 1 1
2006 12 18 1.215000 1 1
2006 12 19 1.316000 1 1
2006 12 20 1.772000 1 1
2006 12 21 2.463000 1 1
2006 12 22 2.170000 1 1
2006 12 23 2.032000 1 1
2006 12 24 1.772000 1 1
2006 12 25 1.533000 1 1
2006 12 26 3.300000 1 1
2006 12 27 1.316000 1 1
2006 12 28 1.027000 1 1
2006 12 29 3.300000 1 1
2006 12 30 1.118000 1 2
2006 12 31 0.858000 1 2
2007 01 01 0.858000 1 2
2007 01 02 0.781000 1 2
2007 01 03 0.708000 1 2
2007 01 04 0.858000 1 2
2007 01 05 1.118000 1 2
2007 01 06 1.650000 1 2
2007 01 07 1.533000 1 2
2007 01 08 1.650000 1 2
2007 01 09 1.533000 1 2
2007 01 10 1.316000 1 2
2007 01 11 1.215000 1 2
2007 01 12 7.364000 1 2
2007 01 13 3.486000 1 2
2007 01 14 1.899000 1 2
2007 01 15 1.215000 1 2
2007 01 16 1.027000 1 2
2007 01 17 0.858000 1 2
2007 01 18 0.781000 1 2
2007 01 19 0.708000 1 2
2007 01 20 5.449000 1 2
2007 01 21 2.314000 1 2
2007 01 22 1.027000 1 2
2007 01 23 0.858000 1 2
2007 01 24 0.781000 1 2
2007 01 25 0.708000 1 2
2007 01 26 0.495000 1 2
2007 01 27 1.533000 1 2
2007 01 28 1.422000 1 2
2007 01 29 1.316000 1 2
2007 01 30 0.940000 1 2
2007 01 31 0.781000 1 2
2007 02 01 1.027000 1 2
2007 02 02 1.027000 1 2
2007 02 03 0.708000 1 2
2007 02 04 0.495000 1 2
2007 02 05 0.409000 1 2
2007 02 06 0.409000 1 2
2007 02 07 0.409000 1 2
2007 02 08 0.409000 1 2
2007 02 09 0.409000 1 2
2007 02 10 0.359000 1 2
2007 02 11 1.027000 1 2
2007 02 12 0.781000 1 2
2007 02 13 0.593000 1 2
2007 02 14 0.409000 1 2
2007 02 15 0.940000 1 2
2007 02 16 0.708000 1 2
2007 02 17 0.495000 1 2
2007 02 18 0.409000 1 2
2007 02 19 7.978000 1 2
2007 02 20 2.463000 1 2
2007 02 21 13.587000 1 2
2007 02 22 10.003000 1 2
2007 02 23 4.510000 1 2
2007 02 24 4.735000 1 2
2007 02 25 4.292000 1 2
2007 02 26 2.780000 1 2
2007 02 27 2.032000 1 2
2007 02 28 1.422000 1 2
2007 03 01 1.118000 1 2
2007 03 02 1.772000 1 2
2007 03 03 2.947000 1 2
2007 03 04 1.899000 1 2
2007 03 05 1.316000 1 2
2007 03 06 3.486000 1 2
2007 03 07 2.032000 1 2
2007 03 08 1.316000 1 2
2007 03 09 1.118000 1 2
2007 03 10 1.772000 1 2
2007 03 11 2.947000 1 2
2007 03 12 2.032000 1 2
2007 03 13 1.118000 1 2
2007 03 14 2.314000 1 2
2007 03 15 1.533000 1 2
2007 03 16 1.422000 1 2
2007 03 17 1.118000 1 2
2007 03 18 1.027000 1 2
2007 03 19 7.667000 1 2
2007 03 20 2.619000 1 2
2007 03 21 1.772000 1 2
2007 03 22 1.422000 1 2
2007 03 23 1.118000 1 2
2007 03 24 2.463000 1 2
2007 03 25 1.772000 1 2
2007 03 26 2.463000 1 2
2007 03 27 2.619000 1 2
2007 03 28 1.422000 1 2
2007 03 29 1.215000 1 2
2007 03 30 1.027000 1 2
2007 03 31 0.858000 1 2
2007 04 01 1.118000 1 2
2007 04 02 1.533000 1 2
2007 04 03 1.422000 1 2
2007 04 04 2.314000 1 2
2007 04 05 1.215000 1 2
2007 04 06 0.940000 1 2
2007 04 07 0.708000 1 2
2007 04 08 1.215000 1 2
2007 04 09 1.533000 1 2
2007 04 10 1.118000 1 2
2007 04 11 0.781000 1 2
2007 04 12 0.593000 1 2
2007 04 13 0.559000 1 2
2007 04 14 0.559000 1 2
2007 04 15 0.526000 1 2
2007 04 16 0.495000 1 2
2007 04 17 0.495000 1 2
2007 04 18 0.495000 1 2
2007 04 19 0.495000 1 2
2007 04 20 0.436000 1 2
2007 04 21 0.409000 1 2
2007 04 22 0.409000 1 2
2007 04 23 0.409000 1 2
2007 04 24 0.359000 1 2
2007 04 25 0.335000 1 2
2007 04 26 0.559000 1 2
2007 04 27 0.495000 1 2
2007 04 28 0.409000 1 2
2007 04 29 0.409000 1 2
2007 04 30 0.335000 1 2
2007 05 01 0.335000 1 2
2007 05 02 0.335000 1 2
2007 05 03 0.335000 1 2
2007 05 04 0.359000 1 2
2007 05 05 0.359000 1 2
2007 05 06 0.359000 1 2
2007 05 07 0.559000 1 2
2007 05 08 5.960000 1 2
2007 05 09 4.081000 1 2
2007 05 10 2.314000 1 2
2007 05 11 1.533000 1 2
2007 05 12 1.118000 1 2
2007 05 13 2.170000 1 2
2007 05 14 8.622000 1 2
2007 05 15 4.292000 1 2
2007 05 16 2.947000 1 2
2007 05 17 24.116000 1 2
2007 05 18 11.513000 1 2
2007 05 19 7.667000 1 2
2007 05 20 5.701000 1 2
2007 05 21 25.377000 1 2
2007 05 22 10.003000 1 2
2007 05 23 5.204000 1 2
2007 05 24 4.081000 1 2
2007 05 25 3.486000 1 2
2007 05 26 2.947000 1 2
2007 05 27 2.619000 1 2
2007 05 28 2.170000 1 2
2007 05 29 3.121000 1 2
2007 05 30 2.314000 1 2
2007 05 31 1.899000 1 2
2007 06 01 1.899000 1 2
2007 06 02 1.899000 1 2
2007 06 03 2.032000 1 2
2007 06 04 1.772000 1 2
2007 06 05 1.533000 1 2
2007 06 06 1.422000 1 2
2007 06 07 1.650000 1 2
2007 06 08 1.899000 1 2
2007 06 09 1.772000 1 2
2007 06 10 1.650000 1 2
2007 06 11 1.422000 1 2
2007 06 12 1.422000 1 2
2007 06 13 1.316000 1 2
2007 06 14 1.215000 1 2
2007 06 15 1.215000 1 2
2007 06 16 1.118000 1 2
2007 06 17 1.027000 1 2
2007 06 18 0.940000 1 2
2007 06 19 0.858000 1 2
2007 06 20 0.858000 1 2
2007 06 21 0.858000 1 2
2007 06 22 0.858000 1 2
2007 06 23 0.858000 1 2
2007 06 24 0.858000 1 2
2007 06 25 0.858000 1 2
2007 06 26 0.858000 1 2
2007 06 27 0.858000 1 2
2007 06 28 0.858000 1 2
2007 06 29 1.027000 1 2
2007 06 30 0.940000 1 2
2007 07 01 0.858000 1 2
2007 07 02 0.858000 1 2
2007 07 03 0.781000 1 2
2007 07 04 0.781000 1 2
2007 07 05 0.781000 1 2
2007 07 06 0.708000 1 2
2007 07 07 0.708000 1 2
2007 07 08 1.215000 1 2
2007 07 09 3.678000 1 2
2007 07 10 7.667000 1 2
2007 07 11 8.296000 1 2
2007 07 12 6.227000 1 2
2007 07 13 4.735000 1 2
2007 07 14 4.966000 1 2
2007 07 15 4.966000 1 2
2007 07 16 3.876000 1 2
2007 07 17 3.121000 1 2
2007 07 18 3.300000 1 2
2007 07 19 3.678000 1 2
2007 07 20 3.486000 1 2
2007 07 21 2.780000 1 2
2007 07 22 3.486000 1 2
2007 07 23 6.781000 1 2
2007 07 24 10.003000 1 2
2007 07 25 9.646000 1 2
2007 07 26 8.296000 1 2
2007 07 27 6.500000 1 2
2007 07 28 5.204000 1 2
2007 07 29 4.081000 1 2
2007 07 30 3.121000 1 2
2007 07 31 2.619000 1 2
2007 08 01 2.314000 1 2
2007 08 02 2.170000 1 2
2007 08 03 2.170000 1 2
2007 08 04 2.170000 1 2
2007 08 05 2.170000 1 2
2007 08 06 1.899000 1 2
2007 08 07 1.772000 1 2
2007 08 08 1.650000 1 2
2007 08 09 1.650000 1 2
2007 08 10 1.422000 1 2
2007 08 11 1.422000 1 2
2007 08 12 1.316000 1 2
2007 08 13 1.215000 1 2
2007 08 14 1.215000 1 2
2007 08 15 1.215000 1 2
2007 08 16 1.215000 1 2
2007 08 17 1.215000 1 2
2007 08 18 1.118000 1 2
2007 08 19 1.027000 1 2
2007 08 20 1.027000 1 2
2007 08 21 1.027000 1 2
2007 08 22 1.027000 1 2
2007 08 23 0.940000 1 2
2007 08 24 0.940000 1 2
2007 08 25 0.940000 1 2
2007 08 26 0.940000 1 2
2007 08 27 0.940000 1 2
2007 08 28 0.940000 1 2
2007 08 29 0.940000 1 2
2007 08 30 1.422000 1 2
2007 08 31 4.292000 1 2
2007 09 01 9.297000 1 2
2007 09 02 11.123000 1 2
2007 09 03 9.297000 1 2
2007 09 04 6.781000 1 2
2007 09 05 5.204000 1 2
2007 09 06 4.510000 1 2
2007 09 07 3.486000 1 2
2007 09 08 2.463000 1 2
2007 09 09 1.899000 1 2
2007 09 10 1.650000 1 2
2007 09 11 1.650000 1 2
2007 09 12 1.422000 1 2
2007 09 13 1.316000 1 2
2007 09 14 1.215000 1 2
2007 09 15 1.118000 1 2
2007 09 16 1.027000 1 2
2007 09 17 1.027000 1 2
2007 09 18 1.027000 1 2
2007 09 19 1.118000 1 2
2007 09 20 1.422000 1 2
2007 09 21 2.463000 1 2
2007 09 22 4.735000 1 2
2007 09 23 6.500000 1 2
2007 09 24 7.667000 1 2
2007 09 25 7.364000 1 2
2007 09 26 5.701000 1 2
2007 09 27 4.510000 1 2
2007 09 28 5.449000 1 2
2007 09 29 5.960000 1 2
2007 09 30 4.735000 1 2
2007 10 01 3.300000 1 2
2007 10 02 2.619000 1 2
2007 10 03 2.170000 1 2
2007 10 04 2.032000 1 2
2007 10 05 1.899000 1 2
2007 10 06 1.772000 1 2
2007 10 07 1.650000 1 2
2007 10 08 1.650000 1 2
2007 10 09 1.650000 1 2
2007 10 10 1.650000 1 2
2007 10 11 1.650000 1 2
2007 10 12 1.772000 1 2
2007 10 13 2.619000 1 2
2007 10 14 3.300000 1 2
2007 10 15 3.678000 1 2
2007 10 16 5.701000 1 2
2007 10 17 10.368000 1 2
2007 10 18 11.911000 1 2
2007 10 19 10.003000 1 2
2007 10 20 8.622000 1 2
2007 10 21 7.667000 1 2
2007 10 22 7.069000 1 2
2007 10 23 4.966000 1 2
2007 10 24 3.300000 1 2
2007 10 25 2.619000 1 2
2007 10 26 2.463000 1 2
2007 10 27 2.463000 1 2
2007 10 28 2.314000 1 2
2007 10 29 2.463000 1 2
2007 10 30 3.876000 1 2
2007 10 31 6.227000 1 2
2007 11 01 7.667000 1 2
2007 11 02 31.553000 1 1
2007 11 03 13.587000 1 1
2007 11 04 7.978000 1 1
2007 11 05 5.449000 1 1
2007 11 06 4.292000 1 1
2007 11 07 4.081000 1 1
2007 11 08 3.486000 1 1
2007 11 09 2.619000 1 1
2007 11 10 2.463000 1 1
2007 11 11 3.876000 1 1
2007 11 12 2.463000 1 1
2007 11 13 2.170000 1 1
2007 11 14 3.486000 1 1
2007 11 15 3.876000 1 1
2007 11 16 2.463000 1 1
2007 11 17 2.032000 1 1
2007 11 18 2.170000 1 2
2007 11 19 2.463000 1 1
2007 11 20 2.032000 1 1
2007 11 21 1.772000 1 1
2007 11 22 1.422000 1 1
2007 11 23 1.316000 1 1
2007 11 24 1.215000 1 1
2007 11 25 1.422000 1 1
2007 11 26 1.215000 1 1
2007 11 27 1.118000 1 1
2007 11 28 1.027000 1 1
2007 11 29 1.027000 1 1
2007 11 30 1.027000 1 2
2007 12 01 0.858000 1 2
2007 12 02 0.858000 1 2
2007 12 03 0.858000 1 2
2007 12 04 0.858000 1 2
2007 12 05 1.027000 1 2
2007 12 06 2.032000 1 2
2007 12 07 3.486000 1 2
2007 12 08 3.876000 1 2
2007 12 09 2.947000 1 2
2007 12 10 2.032000 1 2
2007 12 11 2.170000 1 2
2007 12 12 2.780000 1 2
2007 12 13 2.780000 1 2
2007 12 14 2.170000 1 2
2007 12 15 1.650000 1 2
2007 12 16 1.316000 1 2
2007 12 17 1.118000 1 2
2007 12 18 1.118000 1 2
2007 12 19 1.215000 1 2
2007 12 20 1.316000 1 2
2007 12 21 1.533000 1 2
2007 12 22 1.422000 1 2
2007 12 23 1.215000 1 2
2007 12 24 1.118000 1 2
2007 12 25 1.118000 1 2
2007 12 26 1.422000 1 2
2007 12 27 1.899000 1 2
2007 12 28 2.314000 1 2
2007 12 29 2.780000 1 2
2007 12 30 2.780000 1 2
2007 12 31 2.463000 1 2
2008 01 01 2.314000 1 2
2008 01 02 2.947000 1 1
2008 01 03 2.780000 1 1
2008 01 04 6.781000 1 1
2008 01 05 6.500000 1 1
2008 01 06 3.300000 1 1
2008 01 07 2.619000 1 1
2008 01 08 2.032000 1 1
2008 01 09 5.960000 1 1
2008 01 10 4.292000 1 1
2008 01 11 4.292000 1 1
2008 01 12 14.028000 1 1
2008 01 13 5.960000 1 1
2008 01 14 4.081000 1 1
2008 01 15 3.300000 1 1
2008 01 16 2.619000 1 1
2008 01 17 2.314000 1 1
2008 01 18 4.292000 1 1
2008 01 19 16.361000 1 1
2008 01 20 9.297000 1 1
2008 01 21 8.296000 1 1
2008 01 22 4.081000 1 1
2008 01 23 3.486000 1 1
2008 01 24 2.780000 1 1
2008 01 25 1.533000 1 1
2008 01 26 2.780000 1 1
2008 01 27 2.463000 1 1
2008 01 28 2.170000 1 1
2008 01 29 3.121000 1 1
2008 01 30 11.513000 1 1
2008 01 31 61.748000 1 2
2008 02 01 26.023000 1 2
2008 02 02 11.513000 1 2
2008 02 03 4.735000 1 2
2008 02 04 3.486000 1 2
2008 02 05 3.300000 1 2
2008 02 06 2.947000 1 2
2008 02 07 2.619000 1 2
2008 02 08 2.314000 1 2
2008 02 09 2.170000 1 2
2008 02 10 2.032000 1 2
2008 02 11 2.780000 1 2
2008 02 12 2.780000 1 2
2008 02 13 4.510000 1 2
2008 02 14 1.899000 1 2
2008 02 15 1.533000 1 2
2008 02 16 1.316000 1 2
2008 02 17 9.297000 1 2
2008 02 18 5.701000 1 2
2008 02 19 2.780000 1 2
2008 02 20 2.032000 1 2
2008 02 21 3.121000 1 2
2008 02 22 2.463000 1 2
2008 02 23 2.032000 1 2
2008 02 24 2.619000 1 2
2008 02 25 2.170000 1 2
2008 02 26 2.032000 1 2
2008 02 27 2.619000 1 2
2008 02 28 2.947000 1 2
2008 02 29 22.298000 1 2
2008 03 01 18.920000 1 2
2008 03 02 9.297000 1 2
2008 03 03 5.960000 1 1
2008 03 04 4.735000 1 1
2008 03 05 3.121000 1 1
2008 03 06 2.314000 1 1
2008 03 07 1.650000 1 1
2008 03 08 1.533000 1 1
2008 03 09 0.858000 1 1
2008 03 10 0.593000 1 1
2008 03 11 0.940000 1 1
2008 03 12 3.678000 1 1
2008 03 13 3.300000 1 1
2008 03 14 1.899000 1 1
2008 03 15 1.533000 1 1
2008 03 16 1.422000 1 1
2008 03 17 1.316000 1 1
2008 03 18 1.215000 1 1
2008 03 19 1.215000 1 1
2008 03 20 1.215000 1 1
2008 03 21 4.510000 1 1
2008 03 22 2.463000 1 1
2008 03 23 3.876000 1 1
2008 03 24 4.510000 1 1
2008 03 25 3.486000 1 1
2008 03 26 2.314000 1 1
2008 03 27 1.772000 1 1
2008 03 28 1.650000 1 1
2008 03 29 1.772000 1 1
2008 03 30 2.463000 1 1
2008 03 31 1.772000 1 1
2008 04 01 1.422000 1 1
2008 04 02 1.422000 1 1
2008 04 03 1.215000 1 1
2008 04 04 1.118000 1 1
2008 04 05 1.027000 1 1
2008 04 06 1.027000 1 1
2008 04 07 0.858000 1 1
2008 04 08 0.858000 1 1
2008 04 09 0.858000 1 1
2008 04 10 0.708000 1 1
2008 04 11 0.708000 1 1
2008 04 12 0.708000 1 1
2008 04 13 0.708000 1 1
2008 04 14 0.781000 1 1
2008 04 15 0.858000 1 1
2008 04 16 2.947000 1 1
2008 04 17 2.314000 1 1
2008 04 18 1.422000 1 1
2008 04 19 1.650000 1 1
2008 04 20 6.781000 1 1
2008 04 21 7.978000 1 1
2008 04 22 3.300000 1 1
2008 04 23 2.314000 1 1
2008 04 24 1.772000 1 1
2008 04 25 1.422000 1 1
2008 04 26 0.858000 1 1
2008 04 27 1.215000 1 1
2008 04 28 5.204000 1 1
2008 04 29 6.781000 1 1
2008 04 30 4.292000 1 1
2008 05 01 3.876000 1 1
2008 05 02 4.081000 1 1
2008 05 03 10.742000 1 2
2008 05 04 21.711000 1 1
2008 05 05 10.003000 1 1
2008 05 06 5.204000 1 1
2008 05 07 3.876000 1 1
2008 05 08 2.619000 1 1
2008 05 09 2.947000 1 1
2008 05 10 2.463000 1 1
2008 05 11 2.170000 1 1
2008 05 12 1.899000 1 1
2008 05 13 1.899000 1 1
2008 05 14 1.650000 1 1
2008 05 15 1.650000 1 1
2008 05 16 1.422000 1 1
2008 05 17 1.422000 1 1
2008 05 18 1.215000 1 1
2008 05 19 1.215000 1 1
2008 05 20 1.118000 1 1
2008 05 21 1.027000 1 1
2008 05 22 1.027000 1 1
2008 05 23 0.940000 1 1
2008 05 24 0.858000 1 1
2008 05 25 0.858000 1 1
2008 05 26 0.858000 1 1
2008 05 27 0.858000 1 1
2008 05 28 0.708000 1 1
2008 05 29 1.316000 1 1
2008 05 30 1.215000 1 1
2008 05 31 1.118000 1 1
2008 06 01 0.940000 1 1
2008 06 02 0.858000 1 1
2008 06 03 1.899000 1 1
2008 06 04 2.170000 1 1
2008 06 05 1.316000 1 1
2008 06 06 1.118000 1 1
2008 06 07 1.772000 1 1
2008 06 08 1.316000 1 1
2008 06 09 0.940000 1 1
2008 06 10 1.316000 1 1
2008 06 11 0.940000 1 1
2008 06 12 2.170000 1 1
2008 06 13 1.316000 1 1
2008 06 14 2.170000 1 1
2008 06 15 1.650000 1 2
2008 06 16 1.316000 1 1
2008 06 17 1.027000 1 1
2008 06 18 0.858000 1 1
2008 06 19 1.027000 1 1
2008 06 20 1.027000 1 1
2008 06 21 0.858000 1 1
2008 06 22 0.858000 1 1
2008 06 23 0.858000 1 1
2008 06 24 0.708000 1 1
2008 06 25 0.708000 1 1
2008 06 26 0.940000 1 1
2008 06 27 2.619000 1 2
2008 06 28 3.300000 1 2
2008 06 29 5.701000 1 2
2008 06 30 3.876000 1 2
2008 07 01 2.619000 1 2
2008 07 02 2.314000 1 2
2008 07 03 2.032000 1 2
2008 07 04 1.772000 1 2
2008 07 05 1.650000 1 2
2008 07 06 1.533000 1 2
2008 07 07 1.422000 1 2
2008 07 08 1.316000 1 2
2008 07 09 4.081000 1 2
2008 07 10 1.899000 1 2
2008 07 11 1.533000 1 2
2008 07 12 1.316000 1 2
2008 07 13 1.215000 1 2
2008 07 14 1.118000 1 2
2008 07 15 1.118000 1 2
2008 07 16 1.027000 1 2
2008 07 17 1.027000 1 2
2008 07 18 1.027000 1 2
2008 07 19 0.940000 1 2
2008 07 20 0.940000 1 2
2008 07 21 0.858000 1 2
2008 07 22 0.858000 1 2
2008 07 23 0.858000 1 2
2008 07 24 1.215000 1 2
2008 07 25 1.215000 1 2
2008 07 26 1.118000 1 2
2008 07 27 0.940000 1 2
2008 07 28 0.858000 1 2
2008 07 29 0.858000 1 2
2008 07 30 0.858000 1 2
2008 07 31 0.940000 1 2
2008 08 01 0.940000 1 2
2008 08 02 7.667000 1 2
2008 08 03 2.314000 1 1
2008 08 04 1.772000 1 1
2008 08 05 0.940000 1 1
2008 08 06 1.027000 1 1
2008 08 07 1.316000 1 1
2008 08 08 1.027000 1 1
2008 08 09 1.027000 1 1
2008 08 10 1.215000 1 1
2008 08 11 1.316000 1 1
2008 08 12 1.422000 1 1
2008 08 13 2.314000 1 1
2008 08 14 1.650000 1 1
2008 08 15 1.422000 1 1
2008 08 16 1.215000 1 1
2008 08 17 1.118000 1 1
2008 08 18 1.027000 1 1
2008 08 19 0.940000 1 1
2008 08 20 0.858000 1 1
2008 08 21 0.858000 1 1
2008 08 22 4.081000 1 1
2008 08 23 3.678000 1 1
2008 08 24 2.170000 1 1
2008 08 25 1.533000 1 1
2008 08 26 1.215000 1 1
2008 08 27 1.215000 1 1
2008 08 28 1.027000 1 1
2008 08 29 0.940000 1 1
2008 08 30 0.858000 1 1
2008 08 31 0.858000 1 1
2008 09 01 0.708000 1 1
2008 09 02 0.708000 1 1
2008 09 03 0.593000 1 1
2008 09 04 0.593000 1 1
2008 09 05 0.593000 1 1
2008 09 06 2.314000 1 1
2008 09 07 10.003000 1 1
2008 09 08 14.028000 1 1
2008 09 09 3.121000 1 1
2008 09 10 2.170000 1 1
2008 09 11 1.533000 1 1
2008 09 12 17.357000 1 1
2008 09 13 8.296000 1 1
2008 09 14 2.619000 1 1
2008 09 15 3.300000 1 1
2008 09 16 2.619000 1 1
2008 09 17 2.314000 1 1
2008 09 18 1.215000 1 1
2008 09 19 0.708000 1 1
2008 09 20 0.593000 1 1
2008 09 21 4.292000 1 1
2008 09 22 3.486000 1 1
2008 09 23 2.780000 1 1
2008 09 24 3.121000 1 1
2008 09 25 1.533000 1 1
2008 09 26 1.533000 1 1
2008 09 27 1.650000 1 1
2008 09 28 6.781000 1 1
2008 09 29 4.292000 1 1
2008 09 30 3.300000 1 1
2008 10 01 2.780000 1 1
2008 10 02 6.781000 1 1
2008 10 03 3.486000 1 1
2008 10 04 6.227000 1 1
2008 10 05 7.667000 1 1
2008 10 06 6.500000 1 1
2008 10 07 3.486000 1 1
2008 10 08 2.619000 1 1
2008 10 09 2.463000 1 1
2008 10 10 2.463000 1 1
2008 10 11 2.463000 1 1
2008 10 12 4.292000 1 1
2008 10 13 2.619000 1 1
2008 10 14 6.227000 1 1
2008 10 15 9.297000 1 1
2008 10 16 13.587000 1 1
2008 10 17 11.123000 1 1
2008 10 18 27.344000 1 1
2008 10 19 11.513000 1 1
2008 10 20 10.003000 1 1
2008 10 21 6.227000 1 1
2008 10 22 4.966000 1 1
2008 10 23 4.510000 1 1
2008 10 24 8.296000 1 1
2008 10 25 39.410000 1 1
2008 10 26 35.347000 1 1
2008 10 27 15.877000 1 1
2008 10 28 9.297000 1 1
2008 10 29 8.296000 1 1
2008 10 30 8.955000 1 1
2008 10 31 63.987000 1 1
2008 11 01 8.296000 1 1
2008 11 02 8.296000 1 1
2008 11 03 7.069000 1 1
2008 11 04 4.966000 1 1
2008 11 05 4.081000 1 1
2008 11 06 5.701000 1 1
2008 11 07 4.510000 1 1
2008 11 08 4.081000 1 1
2008 11 09 3.678000 1 1
2008 11 10 3.876000 1 1
2008 11 11 3.678000 1 1
2008 11 12 24.116000 1 1
2008 11 13 18.920000 1 1
2008 11 14 9.646000 1 1
2008 11 15 7.667000 1 1
2008 11 16 6.227000 1 1
2008 11 17 4.081000 1 1
2008 11 18 4.081000 1 1
2008 11 19 4.081000 1 1
2008 11 20 2.619000 1 1
2008 11 21 11.513000 1 1
2008 11 22 18.920000 1 1
2008 11 23 24.742000 1 1
2008 11 24 21.711000 1 1
2008 11 25 12.317000 1 1
2008 11 26 10.742000 1 1
2008 11 27 6.781000 1 1
2008 11 28 5.960000 1 1
2008 11 29 4.510000 1 1
2008 11 30 4.292000 1 1
2008 12 01 4.081000 1 1
2008 12 02 3.876000 1 1
2008 12 03 3.678000 1 1
2008 12 04 3.121000 1 1
2008 12 05 2.619000 1 1
2008 12 06 2.463000 1 1
2008 12 07 2.170000 1 1
2008 12 08 1.899000 1 1
2008 12 09 2.170000 1 1
2008 12 10 2.463000 1 1
2008 12 11 2.463000 1 1
2008 12 12 2.314000 1 1
2008 12 13 2.463000 1 1
2008 12 14 2.780000 1 1
2008 12 15 2.619000 1 1
2008 12 16 2.947000 1 1
2008 12 17 2.947000 1 1
2008 12 18 2.947000 1 1
2008 12 19 2.314000 1 1
2008 12 20 1.899000 1 1
2008 12 21 1.650000 1 1
2008 12 22 1.422000 1 1
2008 12 23 1.650000 1 1
2008 12 24 1.118000 1 1
2008 12 25 1.027000 1 1
2008 12 26 1.215000 1 1
2008 12 27 1.533000 1 1
2008 12 28 1.650000 1 1
2008 12 29 1.422000 1 1
2008 12 30 1.533000 1 2
2008 12 31 1.772000 1 2
2009 01 01 1.899000 1 1
2009 01 02 2.463000 1 1
2009 01 03 2.463000 1 1
2009 01 04 2.170000 1 1
2009 01 05 2.170000 1 1
2009 01 06 1.316000 1 1
2009 01 07 1.533000 1 1
2009 01 08 1.422000 1 1
2009 01 09 1.422000 1 1
2009 01 10 1.533000 1 1
2009 01 11 2.619000 1 1
2009 01 12 5.449000 1 1
2009 01 13 2.032000 1 1
2009 01 14 1.533000 1 1
2009 01 15 1.422000 1 1
2009 01 16 1.772000 1 1
2009 01 17 1.215000 1 1
2009 01 18 2.170000 1 1
2009 01 19 2.032000 1 1
2009 01 20 5.449000 1 1
2009 01 21 3.300000 1 1
2009 01 22 2.170000 1 1
2009 01 23 1.650000 1 1
2009 01 24 1.422000 1 1
2009 01 25 1.422000 1 1
2009 01 26 1.533000 1 1
2009 01 27 2.314000 1 1
2009 01 28 1.772000 1 1
2009 01 29 2.032000 1 1
2009 01 30 1.422000 1 1
2009 01 31 1.422000 1 1
2009 02 01 1.316000 1 1
2009 02 02 1.215000 1 1
2009 02 03 1.316000 1 1
2009 02 04 1.533000 1 1
2009 02 05 3.300000 1 1
2009 02 06 1.772000 1 1
2009 02 07 2.032000 1 1
2009 02 08 8.296000 1 1
2009 02 09 3.300000 1 1
2009 02 10 2.463000 1 1
2009 02 11 2.170000 1 1
2009 02 12 1.772000 1 1
2009 02 13 1.422000 1 1
2009 02 14 1.027000 1 2
2009 02 15 0.781000 1 1
2009 02 16 0.526000 1 1
2009 02 17 8.622000 1 1
2009 02 18 3.876000 1 1
2009 02 19 2.947000 1 1
2009 02 20 2.619000 1 1
2009 02 21 2.314000 1 1
2009 02 22 2.032000 1 1
2009 02 23 18.920000 1 1
2009 02 24 3.300000 1 1
2009 02 25 4.081000 1 1
2009 02 26 2.947000 1 1
2009 02 27 2.947000 1 1
2009 02 28 2.463000 1 2
2009 03 01 2.170000 1 2
2009 03 02 2.032000 1 2
2009 03 03 3.486000 1 2
2009 03 04 2.170000 1 2
2009 03 05 1.772000 1 2
2009 03 06 1.533000 1 2
2009 03 07 1.316000 1 2
2009 03 08 7.978000 1 2
2009 03 09 13.155000 1 2
2009 03 10 5.449000 1 2
2009 03 11 4.081000 1 2
2009 03 12 4.510000 1 2
2009 03 13 4.735000 1 2
2009 03 14 2.780000 1 2
2009 03 15 2.170000 1 2
2009 03 16 2.032000 1 2
2009 03 17 1.899000 1 2
2009 03 18 1.772000 1 2
2009 03 19 1.650000 1 2
2009 03 20 1.422000 1 2
2009 03 21 1.422000 1 2
2009 03 22 1.422000 1 2
2009 03 23 1.422000 1 2
2009 03 24 1.422000 1 2
2009 03 25 3.300000 1 2
2009 03 26 1.650000 1 2
2009 03 27 2.170000 1 2
2009 03 28 2.032000 1 2
2009 03 29 1.772000 1 2
2009 03 30 1.533000 1 2
2009 03 31 2.780000 1 2
2009 04 01 2.170000 1 2
2009 04 02 1.899000 1 1
2009 04 03 1.422000 1 1
2009 04 04 1.316000 1 1
2009 04 05 1.215000 1 1
2009 04 06 2.032000 1 1
2009 04 07 2.947000 1 1
2009 04 08 2.619000 1 1
2009 04 09 1.899000 1 1
2009 04 10 1.650000 1 1
2009 04 11 1.422000 1 1
2009 04 12 1.215000 1 1
2009 04 13 1.027000 1 1
2009 04 14 1.118000 1 1
2009 04 15 1.027000 1 1
2009 04 16 0.858000 1 1
2009 04 17 0.858000 1 1
2009 04 18 0.708000 1 1
2009 04 19 0.359000 1 2
2009 04 20 0.465000 1 2
2009 04 21 0.639000 1 1
2009 04 22 1.316000 1 1
2009 04 23 14.935000 1 1
2009 04 24 4.081000 1 1
2009 04 25 2.314000 1 1
2009 04 26 2.170000 1 1
2009 04 27 1.772000 1 1
2009 04 28 1.533000 1 1
2009 04 29 1.215000 1 1
2009 04 30 1.027000 1 1
2009 05 01 1.215000 1 1
2009 05 02 1.027000 1 1
2009 05 03 1.027000 1 1
2009 05 04 0.858000 1 1
2009 05 05 0.858000 1 1
2009 05 06 0.858000 1 1
2009 05 07 0.858000 1 1
2009 05 08 0.708000 1 1
2009 05 09 0.858000 1 1
2009 05 10 0.858000 1 1
2009 05 11 0.708000 1 1
2009 05 12 0.708000 1 1
2009 05 13 2.170000 1 1
2009 05 14 2.170000 1 1
2009 05 15 2.032000 1 1
2009 05 16 1.899000 1 1
2009 05 17 1.650000 1 1
2009 05 18 1.422000 1 1
2009 05 19 1.215000 1 1
2009 05 20 1.027000 1 1
2009 05 21 1.027000 1 1
2009 05 22 0.940000 1 1
2009 05 23 0.858000 1 1
2009 05 24 0.858000 1 1
2009 05 25 0.858000 1 1
2009 05 26 0.940000 1 1
2009 05 27 1.118000 1 1
2009 05 28 5.449000 1 1
2009 05 29 1.533000 1 1
2009 05 30 5.449000 1 1
2009 05 31 3.678000 1 1
2009 06 01 2.170000 1 1
2009 06 02 1.533000 1 1
2009 06 03 1.316000 1 1
2009 06 04 1.027000 1 1
2009 06 05 0.858000 1 1
2009 06 06 0.858000 1 1
2009 06 07 0.858000 1 1
2009 06 08 0.940000 1 1
2009 06 09 0.940000 1 1
2009 06 10 0.858000 1 1
2009 06 11 0.708000 1 1
2009 06 12 0.708000 1 1
2009 06 13 0.708000 1 1
2009 06 14 0.639000 1 1
2009 06 15 0.639000 1 1
2009 06 16 2.947000 1 1
2009 06 17 2.314000 1 1
2009 06 18 1.650000 1 1
2009 06 19 1.650000 1 1
2009 06 20 1.533000 1 1
2009 06 21 1.422000 1 1
2009 06 22 1.422000 1 1
2009 06 23 1.422000 1 1
2009 06 24 1.650000 1 1
2009 06 25 2.619000 1 1
2009 06 26 1.899000 1 1
2009 06 27 1.533000 1 1
2009 06 28 1.215000 1 1
2009 06 29 1.422000 1 1
2009 06 30 2.032000 1 1
2009 07 01 1.650000 1 1
2009 07 02 1.422000 1 1
2009 07 03 1.215000 1 1
2009 07 04 1.027000 1 1
2009 07 05 1.027000 1 1
2009 07 06 0.858000 1 1
2009 07 07 1.215000 1 1
2009 07 08 2.463000 1 1
2009 07 09 3.486000 1 1
2009 07 10 10.742000 1 1
2009 07 11 8.622000 1 1
2009 07 12 6.781000 1 1
2009 07 13 3.486000 1 1
2009 07 14 2.619000 1 1
2009 07 15 2.463000 1 1
2009 07 16 96.259000 1 1
2009 07 17 14.028000 1 1
2009 07 18 6.227000 1 1
2009 07 19 3.876000 1 1
2009 07 20 3.876000 1 1
2009 07 21 3.121000 1 1
2009 07 22 2.780000 1 1
2009 07 23 2.463000 1 1
2009 07 24 2.463000 1 1
2009 07 25 2.170000 1 1
2009 07 26 1.899000 1 1
2009 07 27 1.650000 1 1
2009 07 28 1.899000 1 1
2009 07 29 1.899000 1 1
2009 07 30 1.899000 1 1
2009 07 31 2.170000 1 1
2009 08 01 21.711000 1 1
2009 08 02 96.259000 1 1
2009 08 03 14.028000 1 1
2009 08 04 6.500000 1 1
2009 08 05 4.735000 1 1
2009 08 06 4.292000 1 1
2009 08 07 4.966000 1 1
2009 08 08 3.300000 1 1
2009 08 09 11.513000 1 1
2009 08 10 5.449000 1 1
2009 08 11 3.876000 1 1
2009 08 12 3.678000 1 1
2009 08 13 3.300000 1 1
2009 08 14 0.526000 1 1
2009 08 15 0.526000 1 1
2009 08 16 2.170000 1 1
2009 08 17 2.947000 1 1
2009 08 18 5.204000 1 1
2009 08 19 21.711000 1 1
2009 08 20 8.296000 1 1
2009 08 21 3.300000 1 1
2009 08 22 3.876000 1 1
2009 08 23 3.678000 1 1
2009 08 24 3.300000 1 1
2009 08 25 3.121000 1 1
2009 08 26 2.947000 1 1
2009 08 27 4.292000 1 1
2009 08 28 4.292000 1 1
2009 08 29 2.463000 1 1
2009 08 30 2.170000 1 1
2009 08 31 2.170000 1 1
2009 09 01 2.032000 1 1
2009 09 02 2.170000 1 1
2009 09 03 5.449000 1 1
2009 09 04 2.947000 1 1
2009 09 05 2.780000 1 1
2009 09 06 2.463000 1 1
2009 09 07 5.960000 1 1
2009 09 08 14.935000 1 1
2009 09 09 7.978000 1 1
2009 09 10 7.978000 1 1
2009 09 11 6.781000 1 1
2009 09 12 96.259000 1 1
2009 09 13 14.028000 1 1
2009 09 14 7.667000 1 1
2009 09 15 5.960000 1 1
2009 09 16 4.510000 1 1
2009 09 17 3.678000 1 1
2009 09 18 21.711000 1 1
2009 09 19 6.500000 1 1
2009 09 20 4.510000 1 1
2009 09 21 3.486000 1 1
2009 09 22 3.486000 1 1
2009 09 23 3.876000 1 1
2009 09 24 3.300000 1 1
2009 09 25 2.463000 1 1
2009 09 26 3.486000 1 1
2009 09 27 6.781000 1 1
2009 09 28 35.347000 1 1
2009 09 29 21.711000 1 1
2009 09 30 9.297000 1 1
2009 10 01 14.028000 1 1
2009 10 02 13.587000 1 1
2009 10 03 8.296000 1 1
2009 10 04 3.876000 1 1
2009 10 05 3.876000 1 1
2009 10 06 17.869000 1 1
2009 10 07 8.296000 1 1
2009 10 08 6.781000 1 1
2009 10 09 6.227000 1 1
2009 10 10 5.701000 1 1
2009 10 11 7.364000 1 1
2009 10 12 11.513000 1 1
2009 10 13 11.123000 1 1
2009 10 14 6.781000 1 1
2009 10 15 8.296000 1 1
2009 10 16 5.449000 1 1
2009 10 17 9.297000 1 1
2009 10 18 9.297000 1 1
2009 10 19 6.500000 1 1
2009 10 20 4.081000 1 1
2009 10 21 3.678000 1 1
2009 10 22 3.121000 1 1
2009 10 23 2.780000 1 1
2009 10 24 2.619000 1 1
2009 10 25 2.314000 1 1
2009 10 26 2.170000 1 1
2009 10 27 2.170000 1 1
2009 10 28 1.899000 1 1
2009 10 29 1.772000 1 1
2009 10 30 1.533000 1 1
2009 10 31 1.422000 1 2
2009 11 01 1.422000 1 1
2009 11 02 1.215000 1 1
2009 11 03 1.118000 1 1
2009 11 04 1.027000 1 1
2009 11 05 0.940000 1 1
2009 11 06 1.027000 1 1
2009 11 07 1.899000 1 1
2009 11 08 46.486000 1 1
2009 11 09 6.227000 1 1
2009 11 10 3.678000 1 1
2009 11 11 2.947000 1 1
2009 11 12 2.314000 1 1
2009 11 13 2.032000 1 1
2009 11 14 1.316000 1 1
2009 11 15 1.118000 1 1
2009 11 16 1.027000 1 1
2009 11 17 1.027000 1 1
2009 11 18 2.463000 1 1
2009 11 19 2.170000 1 1
2009 11 20 6.227000 1 1
2009 11 21 4.735000 1 1
2009 11 22 4.735000 1 1
2009 11 23 2.619000 1 1
2009 11 24 2.170000 1 1
2009 11 25 2.463000 1 1
2009 11 26 2.170000 1 1
2009 11 27 2.314000 1 1
2009 11 28 3.300000 1 1
2009 11 29 2.780000 1 1
2009 11 30 2.032000 1 1
2009 12 01 1.899000 1 1
2009 12 02 1.899000 1 1
2009 12 03 1.899000 1 1
2009 12 04 1.772000 1 1
2009 12 05 1.533000 1 1
2009 12 06 1.422000 1 1
2009 12 07 1.422000 1 1
2009 12 08 1.215000 1 1
2009 12 09 1.215000 1 1
2009 12 10 1.027000 1 1
2009 12 11 16.361000 1 1
2009 12 12 5.449000 1 1
2009 12 13 2.032000 1 1
2009 12 14 1.772000 1 1
2009 12 15 2.463000 1 1
2009 12 16 2.032000 1 1
2009 12 17 1.650000 1 1
2009 12 18 1.533000 1 2
2009 12 19 1.422000 1 1
2009 12 20 1.316000 1 1
2009 12 21 1.316000 1 1
2009 12 22 1.422000 1 1
2009 12 23 1.316000 1 1
2009 12 24 1.215000 1 1
2009 12 25 1.316000 1 1
2009 12 26 16.361000 1 1
2009 12 27 11.123000 1 1
2009 12 28 2.780000 1 2
2009 12 29 2.170000 1 2
2009 12 30 2.463000 1 2
2009 12 31 2.780000 1 2
2010 01 01 1.899000 1 2
2010 01 02 1.533000 1 2
2010 01 03 1.316000 1 2
2010 01 04 1.316000 1 2
2010 01 05 6.781000 1 2
2010 01 06 5.204000 1 2
2010 01 07 3.678000 1 2
2010 01 08 3.121000 1 2
2010 01 09 2.619000 1 2
2010 01 10 15.401000 1 2
2010 01 11 12.317000 1 2
2010 01 12 10.003000 1 2
2010 01 13 7.667000 1 2
2010 01 14 5.449000 1 2
2010 01 15 4.966000 1 2
2010 01 16 3.486000 1 2
2010 01 17 2.947000 1 2
2010 01 18 3.121000 1 2
2010 01 19 3.121000 1 2
2010 01 20 3.121000 1 2
2010 01 21 9.297000 1 2
2010 01 22 6.227000 1 2
2010 01 23 4.510000 1 2
2010 01 24 2.463000 1 1
2010 01 25 2.463000 1 1
2010 01 26 2.314000 1 1
2010 01 27 2.170000 1 1
2010 01 28 2.170000 1 1
2010 01 29 2.780000 1 1
2010 01 30 2.314000 1 1
2010 01 31 2.032000 1 1
2010 02 01 1.899000 1 1
2010 02 02 1.772000 1 1
2010 02 03 1.533000 1 1
2010 02 04 1.422000 1 1
2010 02 05 1.422000 1 1
2010 02 06 1.422000 1 1
2010 02 07 1.215000 1 1
2010 02 08 1.215000 1 1
2010 02 09 2.314000 1 1
2010 02 10 1.772000 1 1
2010 02 11 4.292000 1 1
2010 02 12 6.781000 1 1
2010 02 13 5.204000 1 1
2010 02 14 3.486000 1 1
2010 02 15 2.314000 1 1
2010 02 16 3.121000 1 1
2010 02 17 3.876000 1 1
2010 02 18 2.463000 1 1
2010 02 19 2.314000 1 1
2010 02 20 2.619000 1 1
2010 02 21 3.300000 1 1
2010 02 22 3.876000 1 1
2010 02 23 4.081000 1 1
2010 02 24 2.947000 1 1
2010 02 25 2.170000 1 1
2010 02 26 2.032000 1 1
2010 02 27 1.533000 1 1
2010 02 28 1.316000 1 1
2010 03 01 1.215000 1 1
2010 03 02 1.215000 1 1
2010 03 03 1.215000 1 1
2010 03 04 2.463000 1 1
2010 03 05 1.118000 1 1
2010 03 06 1.316000 1 1
2010 03 07 1.422000 1 1
2010 03 08 2.170000 1 1
2010 03 09 1.650000 1 1
2010 03 10 1.422000 1 1
2010 03 11 1.422000 1 1
2010 03 12 1.215000 1 1
2010 03 13 1.215000 1 1
2010 03 14 1.533000 1 1
2010 03 15 1.422000 1 1
2010 03 16 1.316000 1 1
2010 03 17 1.215000 1 1
2010 03 18 1.027000 1 1
2010 03 19 1.027000 1 1
2010 03 20 1.118000 1 1
2010 03 21 1.316000 1 1
2010 03 22 1.118000 1 1
2010 03 23 1.118000 1 1
2010 03 24 5.960000 1 1
2010 03 25 3.486000 1 1
2010 03 26 3.678000 1 1
2010 03 27 3.678000 1 1
2010 03 28 3.121000 1 1
2010 03 29 3.300000 1 1
2010 03 30 4.081000 1 1
2010 03 31 2.314000 1 1
2010 04 01 3.678000 1 1
2010 04 02 2.947000 1 1
2010 04 03 2.619000 1 1
2010 04 04 2.463000 1 1
2010 04 05 1.118000 1 1
2010 04 06 2.170000 1 1
2010 04 07 2.170000 1 1
2010 04 08 2.619000 1 1
2010 04 09 2.032000 1 1
2010 04 10 1.772000 1 1
2010 04 11 1.422000 1 1
2010 04 12 1.422000 1 1
2010 04 13 1.215000 1 1
2010 04 14 1.215000 1 1
2010 04 15 1.118000 1 1
2010 04 16 1.027000 1 1
2010 04 17 0.940000 1 1
2010 04 18 0.781000 1 1
2010 04 19 0.708000 1 1
2010 04 20 0.940000 1 1
2010 04 21 1.899000 1 1
2010 04 22 11.513000 1 1
2010 04 23 10.003000 1 1
2010 04 24 8.296000 1 1
2010 04 25 7.667000 1 1
2010 04 26 17.869000 1 1
2010 04 27 9.297000 1 1
2010 04 28 5.204000 1 1
2010 04 29 3.486000 1 1
2010 04 30 2.947000 1 1
2010 05 01 1.772000 1 1
2010 05 02 2.314000 1 1
2010 05 03 1.899000 1 1
2010 05 04 1.533000 1 1
2010 05 05 1.422000 1 1
2010 05 06 1.422000 1 1
2010 05 07 2.619000 1 1
2010 05 08 33.797000 1 1
2010 05 09 7.667000 1 1
2010 05 10 4.081000 1 1
2010 05 11 9.297000 1 1
2010 05 12 96.259000 1 1
2010 05 13 18.920000 1 1
2010 05 14 9.646000 1 1
2010 05 15 6.500000 1 1
2010 05 16 5.960000 1 1
2010 05 17 4.966000 1 1
2010 05 18 18.390000 1 1
2010 05 19 28.020000 1 1
2010 05 20 11.123000 1 1
2010 05 21 8.622000 1 1
2010 05 22 14.935000 1 1
2010 05 23 13.155000 1 1
2010 05 24 10.368000 1 1
2010 05 25 7.069000 1 1
2010 05 26 4.510000 1 1
2010 05 27 4.081000 1 1
2010 05 28 3.876000 1 1
2010 05 29 3.486000 1 1
2010 05 30 4.292000 1 1
2010 05 31 4.292000 1 1
2010 06 01 3.876000 1 1
2010 06 02 3.121000 1 1
2010 06 03 2.463000 1 1
2010 06 04 5.204000 1 1
2010 06 05 11.911000 1 1
2010 06 06 6.227000 1 1
2010 06 07 4.510000 1 1
2010 06 08 3.876000 1 1
2010 06 09 2.947000 1 1
2010 06 10 2.780000 1 1
2010 06 11 2.463000 1 1
2010 06 12 2.463000 1 1
2010 06 13 2.170000 1 1
2010 06 14 2.170000 1 1
2010 06 15 2.032000 1 1
2010 06 16 1.899000 1 1
2010 06 17 1.899000 1 1
2010 06 18 1.899000 1 1
2010 06 19 2.170000 1 1
2010 06 20 2.314000 1 1
2010 06 21 2.314000 1 1
2010 06 22 2.170000 1 1
2010 06 23 2.170000 1 1
2010 06 24 2.170000 1 1
2010 06 25 1.899000 1 1
2010 06 26 1.772000 1 1
2010 06 27 1.650000 1 1
2010 06 28 1.533000 1 1
2010 06 29 1.533000 1 2
2010 06 30 1.316000 1 2
2010 07 01 1.316000 1 2
2010 07 02 1.316000 1 2
2010 07 03 1.215000 1 2
2010 07 04 1.215000 1 2
2010 07 05 1.215000 1 2
2010 07 06 1.215000 1 2
2010 07 07 1.118000 1 2
2010 07 08 1.118000 1 2
2010 07 09 1.027000 1 1
2010 07 10 1.533000 1 2
2010 07 11 6.781000 1 2
2010 07 12 1.899000 1 2
2010 07 13 1.533000 1 2
2010 07 14 1.533000 1 2
2010 07 15 1.533000 1 2
2010 07 16 1.772000 1 2
2010 07 17 2.947000 1 2
2010 07 18 3.876000 1 2
2010 07 19 3.876000 1 2
2010 07 20 7.364000 1 2
2010 07 21 3.486000 1 2
2010 07 22 7.667000 1 2
2010 07 23 11.513000 1 1
2010 07 24 8.955000 1 1
2010 07 25 4.510000 1 1
2010 07 26 3.678000 1 1
2010 07 27 2.947000 1 1
2010 07 28 2.619000 1 1
2010 07 29 2.463000 1 1
2010 07 30 2.170000 1 1
2010 07 31 2.170000 1 1
2010 08 01 28.020000 1 1
2010 08 02 5.449000 1 1
2010 08 03 4.081000 1 1
2010 08 04 6.500000 1 1
2010 08 05 14.935000 1 1
2010 08 06 9.646000 1 1
2010 08 07 8.296000 1 1
2010 08 08 4.292000 1 1
2010 08 09 4.081000 1 1
2010 08 10 2.947000 1 1
2010 08 11 2.463000 1 1
2010 08 12 2.463000 1 1
2010 08 13 2.780000 1 1
2010 08 14 2.463000 1 1
2010 08 15 2.170000 1 1
2010 08 16 1.899000 1 1
2010 08 17 1.899000 1 1
2010 08 18 1.650000 1 1
2010 08 19 1.650000 1 1
2010 08 20 1.650000 1 1
2010 08 21 1.422000 1 1
2010 08 22 1.422000 1 1
2010 08 23 1.422000 1 1
2010 08 24 1.316000 1 1
2010 08 25 1.215000 1 1
2010 08 26 1.215000 1 1
2010 08 27 1.215000 1 1
2010 08 28 1.215000 1 1
2010 08 29 1.118000 1 1
2010 08 30 1.027000 1 1
2010 08 31 1.027000 1 1
2010 09 01 1.027000 1 1
2010 09 02 1.027000 1 1
2010 09 03 1.027000 1 1
2010 09 04 1.027000 1 1
2010 09 05 1.027000 1 1
2010 09 06 1.027000 1 1
2010 09 07 0.940000 1 1
2010 09 08 0.858000 1 1
2010 09 09 0.858000 1 1
2010 09 10 0.858000 1 1
2010 09 11 0.858000 1 1
2010 09 12 3.876000 1 1
2010 09 13 1.772000 1 1
2010 09 14 1.422000 1 1
2010 09 15 1.215000 1 1
2010 09 16 1.118000 1 1
2010 09 17 1.027000 1 1
2010 09 18 1.027000 1 1
2010 09 19 0.858000 1 1
2010 09 20 0.858000 1 1
2010 09 21 1.772000 1 1
2010 09 22 8.622000 1 1
2010 09 23 4.735000 1 1
2010 09 24 3.678000 1 1
2010 09 25 1.899000 1 1
2010 09 26 1.422000 1 1
2010 09 27 1.422000 1 1
2010 09 28 2.314000 1 1
2010 09 29 2.780000 1 1
2010 09 30 1.772000 1 1
2010 10 01 1.422000 1 1
2010 10 02 2.032000 1 1
2010 10 03 2.780000 1 1
2010 10 04 1.899000 1 1
2010 10 05 1.316000 1 1
2010 10 06 1.118000 1 1
2010 10 07 1.118000 1 1
2010 10 08 21.134000 1 1
2010 10 09 3.486000 1 1
2010 10 10 2.947000 1 1
2010 10 11 2.463000 1 1
2010 10 12 2.032000 1 1
2010 10 13 1.533000 1 1
2010 10 14 1.422000 1 1
2010 10 15 1.215000 1 1
2010 10 16 1.215000 1 1
2010 10 17 1.422000 1 1
2010 10 18 6.781000 1 1
2010 10 19 3.121000 1 1
2010 10 20 1.533000 1 1
2010 10 21 1.422000 1 1
2010 10 22 1.422000 1 1
2010 10 23 1.215000 1 1
2010 10 24 1.215000 1 1
2010 10 25 1.422000 1 1
2010 10 26 1.650000 1 1
2010 10 27 2.170000 1 1
2010 10 28 1.899000 1 1
2010 10 29 1.533000 1 1
2010 10 30 3.486000 1 1
2010 10 31 1.899000 1 1
2010 11 01 1.215000 1 1
2010 11 02 1.027000 1 1
2010 11 03 1.027000 1 1
2010 11 04 1.118000 1 1
2010 11 05 1.215000 1 1
2010 11 06 3.300000 1 1
2010 11 07 1.215000 1 1
2010 11 08 1.215000 1 1
2010 11 09 1.215000 1 1
2010 11 10 1.215000 1 1
2010 11 11 1.215000 1 1
2010 11 12 1.027000 1 1
2010 11 13 0.858000 1 1
2010 11 14 0.858000 1 1
2010 11 15 0.858000 1 1
2010 11 16 2.032000 1 1
2010 11 17 1.533000 1 1
2010 11 18 1.215000 1 1
2010 11 19 1.215000 1 1
2010 11 20 1.027000 1 1
2010 11 21 0.858000 1 1
2010 11 22 3.300000 1 1
2010 11 23 3.300000 1 1
2010 11 24 1.422000 1 1
2010 11 25 1.215000 1 1
2010 11 26 1.215000 1 1
2010 11 27 1.027000 1 1
2010 11 28 1.027000 1 1
2010 11 29 5.960000 1 1
2010 11 30 1.899000 1 1
2010 12 01 1.899000 1 1
2010 12 02 2.947000 1 1
2010 12 03 2.314000 1 1
2010 12 04 2.170000 1 1
2010 12 05 2.780000 1 1
2010 12 06 3.300000 1 1
2010 12 07 2.170000 1 1
2010 12 08 2.314000 1 1
2010 12 09 1.650000 1 1
2010 12 10 1.215000 1 1
2010 12 11 1.215000 1 1
2010 12 12 1.215000 1 1
2010 12 13 8.622000 1 1
2010 12 14 4.510000 1 1
2010 12 15 3.678000 1 1
2010 12 16 2.314000 1 1
2010 12 17 1.772000 1 1
2010 12 18 1.422000 1 1
2010 12 19 1.215000 1 1
2010 12 20 1.215000 1 1
2010 12 21 4.966000 1 1
2010 12 22 4.966000 1 1
2010 12 23 4.510000 1 1
2010 12 24 3.678000 1 1
2010 12 25 2.947000 1 1
2010 12 26 2.463000 1 1
2010 12 27 2.170000 1 1
2010 12 28 1.772000 1 1
2010 12 29 1.316000 1 1
2010 12 30 0.940000 1 1
2010 12 31 0.593000 1 1
2011 01 01 1.118000 1 1
2011 01 02 2.032000 1 1
2011 01 03 1.899000 1 1
2011 01 04 1.650000 1 1
2011 01 05 1.533000 1 1
2011 01 06 1.422000 1 1
2011 01 07 1.316000 1 1
2011 01 08 1.215000 1 1
2011 01 09 1.027000 1 1
2011 01 10 2.170000 1 1
2011 01 11 7.978000 1 1
2011 01 12 6.781000 1 1
2011 01 13 4.292000 1 1
2011 01 14 3.678000 1 1
2011 01 15 3.300000 1 1
2011 01 16 2.314000 1 1
2011 01 17 1.650000 1 1
2011 01 18 1.650000 1 1
2011 01 19 8.955000 1 1
2011 01 20 7.364000 1 1
2011 01 21 11.911000 1 1
2011 01 22 13.155000 1 1
2011 01 23 20.008000 1 1
2011 01 24 4.510000 1 1
2011 01 25 3.876000 1 1
2011 01 26 2.619000 1 1
2011 01 27 2.314000 1 1
2011 01 28 2.619000 1 1
2011 01 29 2.619000 1 1
2011 01 30 2.463000 1 1
2011 01 31 2.314000 1 1
2011 02 01 5.204000 1 1
2011 02 02 3.486000 1 1
2011 02 03 2.463000 1 1
2011 02 04 2.032000 1 1
2011 02 05 4.966000 1 1
2011 02 06 8.296000 1 1
2011 02 07 11.911000 1 1
2011 02 08 5.204000 1 1
2011 02 09 5.449000 1 1
2011 02 10 16.361000 1 1
2011 02 11 5.204000 1 1
2011 02 12 4.081000 1 1
2011 02 13 3.678000 1 1
2011 02 14 23.500000 1 1
2011 02 15 8.955000 1 1
2011 02 16 6.227000 1 1
2011 02 17 4.292000 1 1
2011 02 18 3.876000 1 1
2011 02 19 3.300000 1 1
2011 02 20 2.947000 1 1
2011 02 21 4.081000 1 1
2011 02 22 6.227000 1 1
2011 02 23 4.735000 1 1
2011 02 24 3.486000 1 1
2011 02 25 6.500000 1 1
2011 02 26 7.069000 1 1
2011 02 27 18.920000 1 1
2011 02 28 7.069000 1 1
2011 03 01 4.510000 1 1
2011 03 02 4.081000 1 1
2011 03 03 3.121000 1 1
2011 03 04 2.463000 1 1
2011 03 05 2.170000 1 1
2011 03 06 2.619000 1 1
2011 03 07 2.619000 1 1
2011 03 08 2.314000 1 1
2011 03 09 3.486000 1 1
2011 03 10 2.170000 1 1
2011 03 11 4.510000 1 1
2011 03 12 3.486000 1 1
2011 03 13 4.735000 1 1
2011 03 14 3.678000 1 1
2011 03 15 2.314000 1 1
2011 03 16 1.899000 1 1
2011 03 17 1.650000 1 1
2011 03 18 1.422000 1 1
2011 03 19 1.422000 1 1
2011 03 20 1.316000 1 1
2011 03 21 1.215000 1 1
2011 03 22 1.215000 1 1
2011 03 23 1.215000 1 1
2011 03 24 1.215000 1 1
2011 03 25 1.533000 1 1
2011 03 26 1.422000 1 1
2011 03 27 3.486000 1 1
2011 03 28 5.701000 1 1
2011 03 29 4.081000 1 1
2011 03 30 16.361000 1 1
2011 03 31 4.510000 1 1
2011 04 01 4.510000 1 1
2011 04 02 3.678000 1 1
2011 04 03 3.300000 1 1
2011 04 04 2.947000 1 1
2011 04 05 2.463000 1 1
2011 04 06 1.772000 1 1
2011 04 07 0.858000 1 1
2011 04 08 0.526000 1 1
2011 04 09 0.593000 1 1
2011 04 10 0.526000 1 1
2011 04 11 0.708000 1 1
2011 04 12 1.027000 1 1
2011 04 13 1.027000 1 1
2011 04 14 1.027000 1 1
2011 04 15 3.300000 1 1
2011 04 16 1.899000 1 1
2011 04 17 1.422000 1 1
2011 04 18 1.215000 1 1
2011 04 19 1.118000 1 1
2011 04 20 1.027000 1 1
2011 04 21 1.422000 1 1
2011 04 22 1.316000 1 1
2011 04 23 3.300000 1 1
2011 04 24 1.899000 1 1
2011 04 25 1.215000 1 1
2011 04 26 1.215000 1 1
2011 04 27 1.027000 1 1
2011 04 28 1.027000 1 1
2011 04 29 1.027000 1 1
2011 04 30 1.118000 1 1
2011 05 01 1.316000 1 1
2011 05 02 1.118000 1 1
2011 05 03 1.027000 1 1
2011 05 04 1.027000 1 1
2011 05 05 1.027000 1 1
2011 05 06 1.027000 1 1
2011 05 07 0.858000 1 1
2011 05 08 0.858000 1 1
2011 05 09 0.781000 1 1
2011 05 10 4.081000 1 1
2011 05 11 2.170000 1 1
2011 05 12 1.422000 1 1
2011 05 13 1.215000 1 1
2011 05 14 1.650000 1 1
2011 05 15 13.155000 1 1
2011 05 16 4.081000 1 1
2011 05 17 2.463000 1 1
2011 05 18 2.314000 1 1
2011 05 19 1.899000 1 1
2011 05 20 2.032000 1 1
2011 05 21 2.170000 1 1
2011 05 22 2.032000 1 1
2011 05 23 1.772000 1 1
2011 05 24 1.533000 1 1
2011 05 25 1.422000 1 1
2011 05 26 1.215000 1 1
2011 05 27 1.027000 1 1
2011 05 28 1.027000 1 1
2011 05 29 1.027000 1 1
2011 05 30 1.027000 1 1
2011 05 31 1.027000 1 2
2011 06 01 1.027000 1 1
2011 06 02 1.027000 1 1
2011 06 03 1.027000 1 1
2011 06 04 1.027000 1 1
2011 06 05 0.858000 1 1
2011 06 06 0.781000 1 1
2011 06 07 7.069000 1 1
2011 06 08 3.300000 1 1
2011 06 09 1.533000 1 1
2011 06 10 1.215000 1 1
2011 06 11 1.027000 1 1
2011 06 12 1.027000 1 1
2011 06 13 0.858000 1 1
2011 06 14 0.858000 1 1
2011 06 15 0.781000 1 1
2011 06 16 0.781000 1 1
2011 06 17 0.781000 1 1
2011 06 18 0.708000 1 1
2011 06 19 0.708000 1 1
2011 06 20 0.708000 1 1
2011 06 21 0.858000 1 1
2011 06 22 1.772000 1 1
2011 06 23 2.780000 1 1
2011 06 24 1.772000 1 1
2011 06 25 3.300000 1 1
2011 06 26 16.361000 1 1
2011 06 27 3.300000 1 1
2011 06 28 1.650000 1 1
2011 06 29 2.463000 1 1
2011 06 30 3.121000 1 1
2011 07 01 22.894000 1 1
2011 07 02 16.855000 1 1
2011 07 03 10.368000 1 1
2011 07 04 6.227000 1 1
2011 07 05 3.300000 1 1
2011 07 06 2.170000 1 1
2011 07 07 4.292000 1 1
2011 07 08 1.899000 1 1
2011 07 09 1.650000 1 1
2011 07 10 1.422000 1 1
2011 07 11 1.422000 1 1
2011 07 12 1.422000 1 1
2011 07 13 1.422000 1 1
2011 07 14 1.422000 1 1
2011 07 15 1.650000 1 1
2011 07 16 1.650000 1 1
2011 07 17 1.899000 1 1
2011 07 18 9.297000 1 1
2011 07 19 3.300000 1 1
2011 07 20 2.032000 1 1
2011 07 21 8.296000 1 1
2011 07 22 7.364000 1 1
2011 07 23 6.500000 1 1
2011 07 24 5.204000 1 1
2011 07 25 3.486000 1 1
2011 07 26 2.463000 1 1
2011 07 27 2.032000 1 1
2011 07 28 1.899000 1 1
2011 07 29 1.650000 1 1
2011 07 30 18.920000 1 1
2011 07 31 8.296000 1 1
2011 08 01 7.978000 1 1
2011 08 02 18.920000 1 1
2011 08 03 6.500000 1 1
2011 08 04 5.701000 1 1
2011 08 05 4.966000 1 1
2011 08 06 4.735000 1 1
2011 08 07 4.510000 1 1
2011 08 08 3.876000 1 1
2011 08 09 89.152000 1 1
2011 08 10 31.553000 1 1
2011 08 11 11.911000 1 1
2011 08 12 8.296000 1 1
2011 08 13 6.500000 1 1
2011 08 14 4.966000 1 1
2011 08 15 4.510000 1 1
2011 08 16 3.678000 1 1
2011 08 17 2.947000 1 1
2011 08 18 2.780000 1 1
2011 08 19 2.947000 1 1
2011 08 20 2.780000 1 1
2011 08 21 2.463000 1 1
2011 08 22 2.170000 1 1
2011 08 23 21.134000 1 1
2011 08 24 7.978000 1 1
2011 08 25 5.960000 1 1
2011 08 26 5.449000 1 1
2011 08 27 4.081000 1 1
2011 08 28 3.876000 1 1
2011 08 29 136.987000 1 1
2011 08 30 128.130000 1 1
2011 08 31 25.377000 1 1
2011 09 01 8.955000 1 1
2011 09 02 6.500000 1 1
2011 09 03 5.449000 1 1
2011 09 04 4.510000 1 1
2011 09 05 4.081000 1 1
2011 09 06 26.023000 1 1
2011 09 07 28.706000 1 1
2011 09 08 96.259000 1 1
2011 09 09 68.613000 1 1
2011 09 10 86.402000 1 1
2011 09 11 7.667000 1 1
2011 09 12 7.350000 1 1
2011 09 13 6.267000 1 1
2011 09 14 5.855000 1 1
2011 09 15 5.261000 1 1
2011 09 16 4.335000 1 1
2011 09 17 3.329000 1 1
2011 09 18 2.725000 1 1
2011 09 19 17.170000 1 1
2011 09 20 6.691000 1 1
2011 09 21 4.514000 1 1
2011 09 22 3.987000 1 1
2011 09 23 4.335000 1 1
2011 09 24 4.159000 1 1
2011 09 25 3.987000 1 1
2011 09 26 3.817000 1 1
2011 09 27 3.489000 1 1
2011 09 28 3.173000 1 1
2011 09 29 3.021000 1 1
2011 09 30 2.725000 1 1
2011 10 01 3.021000 1 1
2011 10 02 2.725000 1 1
2011 10 03 2.583000 1 1
2011 10 04 2.444000 1 1
2011 10 05 2.444000 1 1
2011 10 06 2.176000 1 1
2011 10 07 2.176000 1 1
2011 10 08 2.308000 1 1
2011 10 09 2.308000 1 2
2011 10 10 2.308000 1 2
2011 10 11 2.176000 1 2
2011 10 12 2.047000 1 2
2011 10 13 13.416000 1 2
2011 10 14 8.036000 1 2
2011 10 15 3.651000 1 2
2011 10 16 3.987000 1 2
2011 10 17 3.173000 1 2
2011 10 18 2.583000 1 2
2011 10 19 2.308000 1 2
2011 10 20 2.047000 1 2
2011 10 21 2.047000 1 2
2011 10 22 2.047000 1 2
2011 10 23 1.921000 1 2
2011 10 24 1.921000 1 2
2011 10 25 13.416000 1 2
2011 10 26 5.456000 1 2
2011 10 27 3.817000 1 2
2011 10 28 2.725000 1 1
2011 10 29 2.583000 1 2
2011 10 30 2.444000 1 1
2011 10 31 2.176000 1 2
2011 11 01 1.921000 1 2
2011 11 02 1.800000 1 2
2011 11 03 1.567000 1 2
2011 11 04 1.567000 1 2
2011 11 05 1.456000 1 2
2011 11 06 1.456000 1 2
2011 11 07 1.245000 1 2
2011 11 08 1.245000 1 2
2011 11 09 1.245000 1 2
2011 11 10 1.145000 1 2
2011 11 11 1.145000 1 2
2011 11 12 1.145000 1 2
2011 11 13 1.145000 1 2
2011 11 14 1.145000 1 2
2011 11 15 4.159000 1 2
2011 11 16 3.651000 1 2
2011 11 17 2.047000 1 2
2011 11 18 1.567000 1 2
2011 11 19 1.456000 1 1
2011 11 20 1.456000 1 2
2011 11 21 1.245000 1 2
2011 11 22 4.696000 1 2
2011 11 23 3.021000 1 2
2011 11 24 1.567000 1 2
2011 11 25 1.245000 1 2
2011 11 26 1.145000 1 2
2011 11 27 1.245000 1 2
2011 11 28 1.349000 1 2
2011 11 29 1.245000 1 2
2011 11 30 1.145000 1 2
2011 12 01 0.956000 1 2
2011 12 02 0.867000 1 2
2011 12 03 0.808000 1 2
2011 12 04 0.768000 1 2
2011 12 05 0.768000 1 2
2011 12 06 0.730000 1 2
2011 12 07 0.692000 1 2
2011 12 08 0.692000 1 2
2011 12 09 2.583000 1 2
2011 12 10 2.583000 1 2
2011 12 11 1.349000 1 2
2011 12 12 1.049000 1 2
2011 12 13 1.567000 1 2
2011 12 14 3.817000 1 2
2011 12 15 2.583000 1 2
2011 12 16 1.681000 1 2
2011 12 17 14.757000 1 2
2011 12 18 1.800000 1 2
2011 12 19 1.049000 1 2
2011 12 20 0.956000 1 2
2011 12 21 0.768000 1 2
2011 12 22 0.692000 1 2
2011 12 23 0.867000 1 2
2011 12 24 0.808000 1 2
2011 12 25 0.867000 1 2
2011 12 26 0.867000 1 2
2011 12 27 1.567000 1 2
2011 12 28 1.349000 1 2
2011 12 29 1.145000 1 2
2011 12 30 0.956000 1 2
2011 12 31 8.271000 1 2
2012 01 01 12.565000 1 2
2012 01 02 3.651000 1 2
2012 01 03 1.349000 1 2
2012 01 04 1.145000 1 2
2012 01 05 2.047000 1 2
2012 01 06 1.456000 1 2
2012 01 07 1.145000 1 2
2012 01 08 1.456000 1 2
2012 01 09 1.456000 1 2
2012 01 10 2.444000 1 2
2012 01 11 14.757000 1 2
2012 01 12 3.651000 1 2
2012 01 13 3.489000 1 2
2012 01 14 90.184000 1 2
2012 01 15 29.178000 1 2
2012 01 16 8.509000 1 2
2012 01 17 17.680000 1 2
2012 01 18 8.509000 1 2
2012 01 19 7.576000 1 2
2012 01 20 5.261000 1 1
2012 01 21 4.881000 1 2
2012 01 22 3.817000 1 2
2012 01 23 3.489000 1 2
2012 01 24 5.070000 1 2
2012 01 25 18.199000 1 2
2012 01 26 8.750000 1 2
2012 01 27 5.456000 1 2
2012 01 28 4.696000 1 2
2012 01 29 3.987000 1 2
2012 01 30 3.173000 1 2
2012 01 31 2.725000 1 2
2012 02 01 2.444000 1 2
2012 02 02 2.176000 1 2
2012 02 03 2.047000 1 2
2012 02 04 1.800000 1 2
2012 02 05 2.444000 1 2
2012 02 06 6.267000 1 2
2012 02 07 12.565000 1 2
2012 02 08 9.743000 1 2
2012 02 09 5.855000 1 2
2012 02 10 8.509000 1 2
2012 02 11 6.267000 1 2
2012 02 12 4.335000 1 2
2012 02 13 6.267000 1 2
2012 02 14 4.335000 1 2
2012 02 15 5.261000 1 1
2012 02 16 3.817000 1 2
2012 02 17 3.021000 1 2
2012 02 18 2.583000 1 2
2012 02 19 2.308000 1 2
2012 02 20 2.047000 1 2
2012 02 21 2.047000 1 1
2012 02 22 3.329000 1 2
2012 02 23 2.308000 1 2
2012 02 24 1.921000 1 2
2012 02 25 1.921000 1 2
2012 02 26 9.240000 1 2
2012 02 27 3.651000 1 2
2012 02 28 2.583000 1 2
2012 02 29 2.444000 1 1
2012 03 01 2.308000 1 1
2012 03 02 2.047000 1 2
2012 03 03 1.681000 1 2
2012 03 04 1.567000 1 2
2012 03 05 1.456000 1 2
2012 03 06 1.245000 1 2
2012 03 07 1.145000 1 2
2012 03 08 1.145000 1 2
2012 03 09 1.145000 1 2
2012 03 10 0.956000 1 2
2012 03 11 0.956000 1 2
2012 03 12 0.867000 1 2
2012 03 13 0.808000 1 2
2012 03 14 3.173000 1 2
2012 03 15 2.308000 1 2
2012 03 16 1.800000 1 2
2012 03 17 1.567000 1 2
2012 03 18 1.456000 1 2
2012 03 19 1.049000 1 2
2012 03 20 0.956000 1 2
2012 03 21 0.867000 1 2
2012 03 22 2.871000 1 2
2012 03 23 3.817000 1 2
2012 03 24 2.047000 1 2
2012 03 25 1.456000 1 2
2012 03 26 1.245000 1 2
2012 03 27 1.145000 1 2
2012 03 28 0.956000 1 2
2012 03 29 0.867000 1 2
2012 03 30 0.867000 1 2
2012 03 31 0.808000 1 2
2012 04 01 0.808000 1 2
2012 04 02 0.808000 1 2
2012 04 03 0.768000 1 2
2012 04 04 0.768000 1 2
2012 04 05 0.768000 1 2
2012 04 06 0.867000 1 2
2012 04 07 0.808000 1 2
2012 04 08 0.768000 1 2
2012 04 09 0.768000 1 2
2012 04 10 0.768000 1 2
2012 04 11 0.768000 1 2
2012 04 12 1.349000 1 2
2012 04 13 1.681000 1 2
2012 04 14 1.349000 1 2
2012 04 15 1.145000 1 2
2012 04 16 1.049000 1 2
2012 04 17 0.956000 1 2
2012 04 18 0.867000 1 2
2012 04 19 0.808000 1 2
2012 04 20 0.730000 1 2
2012 04 21 0.692000 1 2
2012 04 22 0.657000 1 2
2012 04 23 0.657000 1 2
2012 04 24 0.657000 1 2
2012 04 25 0.657000 1 2
2012 04 26 7.576000 1 2
2012 04 27 3.651000 1 2
2012 04 28 1.681000 1 2
2012 04 29 6.267000 1 2
2012 04 30 2.444000 1 2
2012 05 01 1.456000 1 2
2012 05 02 1.245000 1 2
2012 05 03 1.245000 1 2
2012 05 04 1.145000 1 2
2012 05 05 1.145000 1 2
2012 05 06 0.956000 1 2
2012 05 07 0.867000 1 2
2012 05 08 0.808000 1 2
2012 05 09 0.768000 1 2
2012 05 10 0.768000 1 2
2012 05 11 0.768000 1 2
2012 05 12 0.692000 1 2
2012 05 13 0.692000 1 2
2012 05 14 0.657000 1 2
2012 05 15 0.657000 1 2
2012 05 16 0.657000 1 2
2012 05 17 0.657000 1 2
2012 05 18 0.657000 1 2
2012 05 19 0.768000 1 2
2012 05 20 0.808000 1 2
2012 05 21 0.768000 1 2
2012 05 22 0.768000 1 2
2012 05 23 0.730000 1 2
2012 05 24 0.692000 1 2
2012 05 25 3.021000 1 2
2012 05 26 2.725000 1 2
2012 05 27 1.567000 1 2
2012 05 28 1.456000 1 2
2012 05 29 1.145000 1 2
2012 05 30 0.956000 1 2
2012 05 31 0.867000 1 2
2012 06 01 0.808000 1 2
2012 06 02 0.768000 1 2
2012 06 03 1.049000 1 2
2012 06 04 7.576000 1 2
2012 06 05 6.060000 1 2
2012 06 06 2.871000 1 2
2012 06 07 1.921000 1 2
2012 06 08 1.456000 1 2
2012 06 09 1.245000 1 2
2012 06 10 1.349000 1 2
2012 06 11 1.921000 1 2
2012 06 12 1.456000 1 2
2012 06 13 1.245000 1 2
2012 06 14 1.145000 1 2
2012 06 15 1.145000 1 2
2012 06 16 0.956000 1 2
2012 06 17 1.145000 1 2
2012 06 18 55.038000 1 2
2012 06 19 10.783000 1 2
2012 06 20 5.855000 1 2
2012 06 21 6.477000 1 2
2012 06 22 17.170000 1 2
2012 06 23 7.805000 1 2
2012 06 24 4.881000 1 2
2012 06 25 3.817000 1 2
2012 06 26 3.021000 1 2
2012 06 27 2.725000 1 2
2012 06 28 2.308000 1 2
2012 06 29 2.047000 1 2
2012 06 30 1.921000 1 2
2012 07 01 1.800000 1 2
2012 07 02 1.567000 1 2
2012 07 03 1.567000 1 2
2012 07 04 1.456000 1 2
2012 07 05 1.456000 1 2
2012 07 06 1.567000 1 2
2012 07 07 2.308000 1 2
2012 07 08 1.800000 1 2
2012 07 09 1.567000 1 2
2012 07 10 1.456000 1 2
2012 07 11 1.921000 1 2
2012 07 12 1.800000 1 2
2012 07 13 1.456000 1 2
2012 07 14 1.245000 1 2
2012 07 15 1.145000 1 2
2012 07 16 1.145000 1 2
2012 07 17 1.349000 1 2
2012 07 18 1.567000 1 2
2012 07 19 1.456000 1 2
2012 07 20 1.456000 1 2
2012 07 21 1.456000 1 2
2012 07 22 1.245000 1 2
2012 07 23 1.145000 1 2
2012 07 24 2.871000 1 2
2012 07 25 6.691000 1 2
2012 07 26 6.267000 1 2
2012 07 27 43.489000 1 2
2012 07 28 9.743000 1 2
2012 07 29 7.127000 1 2
2012 07 30 10.519000 1 2
2012 07 31 19.812000 1 2
2012 08 01 11.351000 1 2
2012 08 02 7.576000 1 2
2012 08 03 5.855000 1 2
2012 08 04 4.335000 1 2
2012 08 05 4.696000 1 2
2012 08 06 3.173000 1 2
2012 08 07 2.725000 1 2
2012 08 08 2.583000 1 2
2012 08 09 2.308000 1 2
2012 08 10 2.047000 1 2
2012 08 11 1.921000 1 1
2012 08 12 1.921000 1 1
2012 08 13 1.800000 1 2
2012 08 14 1.567000 1 2
2012 08 15 1.456000 1 2
2012 08 16 1.456000 1 2
2012 08 17 1.456000 1 2
2012 08 18 1.349000 1 2
2012 08 19 1.245000 1 2
2012 08 20 1.245000 1 2
2012 08 21 1.245000 1 2
2012 08 22 1.145000 1 2
2012 08 23 1.145000 1 2
2012 08 24 1.145000 1 2
2012 08 25 1.145000 1 2
2012 08 26 1.145000 1 2
2012 08 27 1.145000 1 2
2012 08 28 1.145000 1 2
2012 08 29 1.145000 1 2
2012 08 30 1.145000 1 2
2012 08 31 1.145000 1 2
2012 09 01 0.956000 1 2
2012 09 02 0.956000 1 2
2012 09 03 0.956000 1 2
2012 09 04 0.867000 1 2
2012 09 05 0.867000 1 2
2012 09 06 0.867000 1 2
2012 09 07 0.808000 1 2
2012 09 08 0.768000 1 2
2012 09 09 0.768000 1 2
2012 09 10 1.349000 1 2
2012 09 11 5.456000 1 2
2012 09 12 2.444000 1 2
2012 09 13 1.456000 1 2
2012 09 14 1.245000 1 2
2012 09 15 1.049000 1 2
2012 09 16 0.956000 1 2
2012 09 17 0.867000 1 2
2012 09 18 0.867000 1 2
2012 09 19 7.127000 1 2
2012 09 20 3.173000 1 2
2012 09 21 1.456000 1 2
2012 09 22 1.245000 1 2
2012 09 23 1.145000 1 2
2012 09 24 0.956000 1 2
2012 09 25 0.956000 1 2
2012 09 26 0.867000 1 2
2012 09 27 0.867000 1 2
2012 09 28 0.867000 1 2
2012 09 29 0.867000 1 2
2012 09 30 0.867000 1 2
2012 10 01 2.583000 1 2
2012 10 02 3.817000 1 2
2012 10 03 4.335000 1 2
2012 10 04 4.696000 1 2
2012 10 05 3.021000 1 2
2012 10 06 2.176000 1 2
2012 10 07 1.800000 1 2
2012 10 08 1.681000 1 2
2012 10 09 1.456000 1 2
2012 10 10 1.567000 1 2
2012 10 11 11.351000 1 2
2012 10 12 9.490000 1 2
2012 10 13 3.817000 1 2
2012 10 14 2.583000 1 2
2012 10 15 2.047000 1 2
2012 10 16 1.800000 1 2
2012 10 17 1.567000 1 2
2012 10 18 1.456000 1 2
2012 10 19 1.245000 1 2
2012 10 20 1.349000 1 2
2012 10 21 1.145000 1 2
2012 10 22 1.800000 1 2
2012 10 23 9.998000 1 2
2012 10 24 3.651000 1 2
2012 10 25 2.583000 1 2
2012 10 26 5.070000 1 2
2012 10 27 3.329000 1 1
2012 10 28 2.308000 1 2
2012 10 29 1.800000 1 2
2012 10 30 1.567000 1 2
2012 10 31 1.456000 1 2
2012 11 01 1.349000 1 2
2012 11 02 1.245000 1 1
2012 11 03 1.145000 1 2
2012 11 04 1.145000 1 2
2012 11 05 2.047000 1 2
2012 11 06 1.800000 1 2
2012 11 07 1.567000 1 2
2012 11 08 1.245000 1 1
2012 11 09 2.871000 1 2
2012 11 10 1.800000 1 2
2012 11 11 1.456000 1 1
2012 11 12 1.349000 1 2
2012 11 13 1.245000 1 2
2012 11 14 1.145000 1 2
2012 11 15 1.145000 1 2
2012 11 16 1.145000 1 2
2012 11 17 1.049000 1 2
2012 11 18 0.956000 1 2
2012 11 19 0.956000 1 2
2012 11 20 0.956000 1 2
2012 11 21 0.867000 1 2
2012 11 22 0.867000 1 2
2012 11 23 0.808000 1 2
2012 11 24 1.349000 1 2
2012 11 25 1.349000 1 2
2012 11 26 0.956000 1 2
2012 11 27 0.768000 1 2
2012 11 28 1.245000 1 2
2012 11 29 0.956000 1 2
2012 11 30 0.808000 1 2
2012 12 01 0.768000 1 2
2012 12 02 1.145000 1 2
2012 12 03 0.956000 1 2
2012 12 04 0.956000 1 2
2012 12 05 0.867000 1 2
2012 12 06 0.808000 1 2
2012 12 07 0.768000 1 2
2012 12 08 0.730000 1 2
2012 12 09 0.730000 1 2
2012 12 10 0.730000 1 2
2012 12 11 0.730000 1 2
2012 12 12 0.768000 1 2
2012 12 13 0.768000 1 2
2012 12 14 0.768000 1 2
2012 12 15 0.768000 1 2
2012 12 16 0.768000 1 2
2012 12 17 0.768000 1 2
2012 12 18 0.768000 1 2
2012 12 19 0.768000 1 2
2012 12 20 1.567000 1 2
2012 12 21 0.956000 1 2
2012 12 22 2.583000 1 2
2012 12 23 1.456000 1 2
2012 12 24 1.049000 1 2
2012 12 25 0.808000 1 2
2012 12 26 0.768000 1 2
2012 12 27 1.567000 1 2
2012 12 28 0.956000 1 2
2012 12 29 5.855000 1 2
2012 12 30 6.477000 1 2
2012 12 31 2.583000 1 2
2013 01 01 1.456000 1 2
2013 01 02 1.005000 1 2
2013 01 03 0.869000 1 2
2013 01 04 0.787000 1 2
2013 01 05 0.787000 1 2
2013 01 06 17.045000 1 2
2013 01 07 5.688000 1 2
2013 01 08 2.446000 1 2
2013 01 09 11.393000 1 2
2013 01 10 7.854000 1 2
2013 01 11 2.266000 1 2
2013 01 12 1.575000 1 2
2013 01 13 1.324000 1 2
2013 01 14 1.104000 1 2
2013 01 15 0.958000 1 2
2013 01 16 0.869000 1 2
2013 01 17 0.787000 1 2
2013 01 18 1.324000 1 2
2013 01 19 1.104000 1 2
2013 01 20 1.005000 1 2
2013 01 21 0.869000 1 2
2013 01 22 1.104000 1 2
2013 01 23 1.054000 1 2
2013 01 24 0.869000 1 2
2013 01 25 0.869000 1 2
2013 01 26 0.787000 1 2
2013 01 27 0.674000 1 2
2013 01 28 0.573000 1 2
2013 01 29 0.573000 1 2
2013 01 30 0.542000 1 2
2013 01 31 0.542000 1 2
2013 02 01 0.513000 1 2
2013 02 02 0.513000 1 2
2013 02 03 0.710000 1 2
2013 02 04 0.913000 1 2
2013 02 05 0.827000 1 1
2013 02 06 4.421000 1 2
2013 02 07 2.015000 1 2
2013 02 08 2.446000 1 2
2013 02 09 3.051000 1 2
2013 02 10 1.575000 1 2
2013 02 11 2.180000 1 2
2013 02 12 2.015000 1 2
2013 02 13 2.096000 1 2
2013 02 14 1.785000 1 2
2013 02 15 2.736000 1 2
2013 02 16 3.973000 1 2
2013 02 17 2.355000 1 2
2013 02 18 2.015000 1 2
2013 02 19 2.015000 1 2
2013 02 20 1.859000 1 2
2013 02 21 8.934000 1 2
2013 02 22 3.762000 1 2
2013 02 23 2.355000 1 2
2013 02 24 1.936000 1 2
2013 02 25 1.713000 1 2
2013 02 26 2.838000 1 2
2013 02 27 1.509000 1 2
2013 02 28 1.266000 1 2
2013 03 01 1.104000 1 2
2013 03 02 1.005000 1 2
2013 03 03 0.913000 1 2
2013 03 04 0.869000 1 2
2013 03 05 11.844000 1 2
2013 03 06 16.465000 1 1
2013 03 07 6.558000 1 2
2013 03 08 2.943000 1 2
2013 03 09 17.638000 1 2
2013 03 10 5.417000 1 2
2013 03 11 3.051000 1 2
2013 03 12 2.355000 1 2
2013 03 13 6.867000 1 2
2013 03 14 2.943000 1 2
2013 03 15 4.902000 1 2
2013 03 16 4.902000 1 2
2013 03 17 3.762000 1 2
2013 03 18 3.275000 1 2
2013 03 19 2.637000 1 2
2013 03 20 5.688000 1 2
2013 03 21 48.907000 1 2
2013 03 22 11.844000 1 2
2013 03 23 6.867000 1 2
2013 03 24 4.657000 1 2
2013 03 25 3.511000 1 2
2013 03 26 2.943000 1 2
2013 03 27 2.540000 1 2
2013 03 28 2.180000 1 2
2013 03 29 1.936000 1 2
2013 03 30 1.785000 1 2
2013 03 31 1.643000 1 2
2013 04 01 1.509000 1 2
2013 04 02 1.509000 1 2
2013 04 03 1.936000 1 2
2013 04 04 2.096000 1 2
2013 04 05 9.708000 1 2
2013 04 06 3.392000 1 2
2013 04 07 2.266000 1 2
2013 04 08 2.015000 1 2
2013 04 09 2.637000 1 2
2013 04 10 2.180000 1 2
2013 04 11 1.643000 1 2
2013 04 12 1.509000 1 2
2013 04 13 1.509000 1 2
2013 04 14 1.384000 1 2
2013 04 15 1.266000 1 2
2013 04 16 1.104000 1 2
2013 04 17 1.054000 1 1
2013 04 18 1.005000 1 2
2013 04 19 1.005000 1 2
2013 04 20 0.913000 1 2
2013 04 21 0.869000 1 2
2013 04 22 0.869000 1 2
2013 04 23 0.869000 1 2
2013 04 24 0.827000 1 2
2013 04 25 0.827000 1 2
2013 04 26 0.827000 1 2
2013 04 27 0.827000 1 1
2013 04 28 0.787000 1 2
2013 04 29 0.787000 1 2
2013 04 30 0.710000 1 2
2013 05 01 0.710000 1 2
2013 05 02 0.710000 1 2
2013 05 03 0.674000 1 2
2013 05 04 0.674000 1 2
2013 05 05 0.674000 1 2
2013 05 06 0.674000 1 2
2013 05 07 0.674000 1 2
2013 05 08 0.674000 1 1
2013 05 09 0.674000 1 1
2013 05 10 0.674000 1 1
2013 05 11 0.674000 1 1
2013 05 12 0.639000 1 2
2013 05 13 0.639000 1 2
2013 05 14 0.639000 1 2
2013 05 15 0.639000 1 2
2013 05 16 0.639000 1 2
2013 05 17 0.573000 1 2
2013 05 18 0.542000 1 1
2013 05 19 0.542000 1 1
2013 05 20 4.657000 1 1
2013 05 21 1.384000 1 2
2013 05 22 0.827000 1 2
2013 05 23 0.787000 1 2
2013 05 24 0.710000 1 2
2013 05 25 0.674000 1 2
2013 05 26 0.573000 1 2
2013 05 27 0.573000 1 2
2013 05 28 0.542000 1 2
2013 05 29 0.573000 1 2
2013 05 30 0.827000 1 1
2013 05 31 0.710000 1 2
2013 06 01 1.211000 1 2
2013 06 02 3.973000 1 2
2013 06 03 1.509000 1 2
2013 06 04 1.005000 1 2
2013 06 05 0.787000 1 2
2013 06 06 0.710000 1 2
2013 06 07 0.674000 1 2
2013 06 08 0.674000 1 2
2013 06 09 0.674000 1 2
2013 06 10 0.674000 1 2
2013 06 11 0.674000 1 2
2013 06 12 0.639000 1 2
2013 06 13 0.639000 1 2
2013 06 14 0.573000 1 2
2013 06 15 0.573000 1 2
2013 06 16 0.542000 1 2
2013 06 17 0.827000 1 2
2013 06 18 0.710000 1 2
2013 06 19 1.324000 1 2
2013 06 20 1.266000 1 2
2013 06 21 15.899000 1 2
2013 06 22 7.854000 1 2
2013 06 23 2.637000 1 2
2013 06 24 4.421000 1 2
2013 06 25 16.465000 1 1
2013 06 26 8.934000 1 1
2013 06 27 11.393000 1 1
2013 06 28 12.781000 1 1
2013 06 29 20.819000 1 2
2013 06 30 5.969000 1 2
2013 07 01 3.275000 1 2
2013 07 02 2.540000 1 2
2013 07 03 2.015000 1 2
2013 07 04 1.713000 1 2
2013 07 05 1.575000 1 2
2013 07 06 1.509000 1 2
2013 07 07 1.324000 1 2
2013 07 08 1.324000 1 2
2013 07 09 1.324000 1 2
2013 07 10 1.266000 1 2
2013 07 11 1.211000 1 2
2013 07 12 1.211000 1 2
2013 07 13 1.104000 1 2
2013 07 14 1.005000 1 2
2013 07 15 1.324000 1 2
2013 07 16 1.211000 1 2
2013 07 17 1.104000 1 2
2013 07 18 1.005000 1 2
2013 07 19 1.445000 1 2
2013 07 20 3.511000 1 2
2013 07 21 5.688000 1 2
2013 07 22 4.193000 1 2
2013 07 23 7.186000 1 2
2013 07 24 3.973000 1 2
2013 07 25 2.736000 1 2
2013 07 26 2.355000 1 2
2013 07 27 2.180000 1 2
2013 07 28 2.096000 1 2
2013 07 29 1.785000 1 2
2013 07 30 1.445000 1 2
2013 07 31 1.324000 1 2
2013 08 01 1.266000 1 2
2013 08 02 1.104000 1 2
2013 08 03 1.104000 1 2
2013 08 04 40.037000 1 1
2013 08 05 22.906000 1 1
2013 08 06 26.697000 1 1
2013 08 07 13.769000 1 1
2013 08 08 7.515000 1 1
2013 08 09 4.657000 1 1
2013 08 10 108.942000 1 1
2013 08 11 26.697000 1 1
2013 08 12 13.769000 1 1
2013 08 13 10.954000 1 1
2013 08 14 3.511000 1 1
2013 08 15 2.943000 1 1
2013 08 16 2.015000 1 1
2013 08 17 2.015000 1 1
2013 08 18 1.859000 1 1
2013 08 19 1.859000 1 1
2013 08 20 1.859000 1 1
2013 08 21 2.015000 1 1
2013 08 22 2.015000 1 1
2013 08 23 2.943000 1 1
2013 08 24 16.465000 1 1
2013 08 25 17.638000 1 1
2013 08 26 20.154000 1 1
2013 08 27 16.465000 1 1
2013 08 28 14.808000 1 1
2013 08 29 12.781000 1 1
2013 08 30 4.657000 1 1
2013 08 31 4.657000 1 1
2013 09 01 4.657000 1 1
2013 09 02 2.943000 1 1
2013 09 03 2.943000 1 1
2013 09 04 4.657000 1 1
2013 09 05 4.657000 1 1
2013 09 06 2.943000 1 1
2013 09 07 2.015000 1 1
2013 09 08 2.015000 1 1
2013 09 09 2.015000 1 1
2013 09 10 1.859000 1 1
2013 09 11 1.859000 1 1
2013 09 12 1.859000 1 1
2013 09 13 1.859000 1 1
2013 09 14 1.859000 1 1
2013 09 15 2.015000 1 1
2013 09 16 5.969000 1 1
2013 09 17 8.934000 1 1
2013 09 18 8.934000 1 1
2013 09 19 4.657000 1 1
2013 09 20 22.196000 1 1
2013 09 21 63.756000 1 2
2013 09 22 123.298000 1 1
2013 09 23 43.937000 1 1
2013 09 24 22.906000 1 1
2013 09 25 14.282000 1 1
2013 09 26 6.259000 1 1
2013 09 27 4.657000 1 1
2013 09 28 4.902000 1 1
2013 09 29 5.155000 1 1
2013 09 30 5.155000 1 1
2013 10 01 5.155000 1 1
2013 10 02 4.193000 1 1
2013 10 03 4.193000 1 1
2013 10 04 6.558000 1 1
2013 10 05 8.203000 1 1
2013 10 06 6.867000 1 1
2013 10 07 4.657000 1 1
2013 10 08 4.421000 1 1
2013 10 09 3.973000 1 1
2013 10 10 3.275000 1 1
2013 10 11 3.392000 1 1
2013 10 12 3.392000 1 1
2013 10 13 2.943000 1 1
2013 10 14 2.015000 1 1
2013 10 15 1.936000 1 1
2013 10 16 1.859000 1 1
2013 10 17 1.575000 1 1
2013 10 18 1.713000 1 1
2013 10 19 1.713000 1 1
2013 10 20 1.324000 1 1
2013 10 21 1.324000 1 1
2013 10 22 1.324000 1 1
2013 10 23 1.324000 1 1
2013 10 24 4.657000 1 1
2013 10 25 4.657000 1 1
2013 10 26 2.015000 1 1
2013 10 27 1.324000 1 1
2013 10 28 1.324000 1 1
2013 10 29 1.324000 1 1
2013 10 30 1.324000 1 1
2013 10 31 1.324000 1 1
2013 11 01 1.324000 1 1
2013 11 02 1.324000 1 1
2013 11 03 1.324000 1 1
2013 11 04 1.324000 1 1
2013 11 05 1.266000 1 1
2013 11 06 1.211000 1 1
2013 11 07 1.211000 1 1
2013 11 08 1.211000 1 1
2013 11 09 1.266000 1 1
2013 11 10 1.324000 1 1
2013 11 11 1.324000 1 1
2013 11 12 9.316000 1 1
2013 11 13 6.867000 1 1
2013 11 14 5.688000 1 1
2013 11 15 4.657000 1 1
2013 11 16 4.657000 1 1
2013 11 17 2.943000 1 1
2013 11 18 2.943000 1 1
2013 11 19 2.015000 1 1
2013 11 20 2.015000 1 1
2013 11 21 2.015000 1 1
2013 11 22 1.324000 1 1
2013 11 23 1.324000 1 1
2013 11 24 1.445000 1 1
2013 11 25 1.509000 1 1
2013 11 26 1.575000 1 1
2013 11 27 1.713000 1 1
2013 11 28 1.859000 1 1
2013 11 29 1.859000 1 1
2013 11 30 4.657000 1 1
2013 12 01 4.657000 1 1
2013 12 02 4.657000 1 1
2013 12 03 5.969000 1 1
2013 12 04 7.515000 1 1
2013 12 05 22.906000 1 1
2013 12 06 46.382000 1 1
2013 12 07 20.154000 1 1
2013 12 08 2.943000 1 1
2013 12 09 2.943000 1 1
2013 12 10 2.943000 1 1
2013 12 11 2.180000 1 2
2013 12 12 2.015000 1 1
2013 12 13 1.445000 1 2
2013 12 14 1.104000 1 2
2013 12 15 1.785000 1 2
2013 12 16 1.509000 1 2
2013 12 17 1.157000 1 2
2013 12 18 0.674000 1 2
2013 12 19 0.674000 1 2
2013 12 20 0.674000 1 2
2013 12 21 0.710000 1 2
2013 12 22 0.710000 1 2
2013 12 23 0.710000 1 2
2013 12 24 0.710000 1 2
2013 12 25 0.710000 1 2
2013 12 26 0.748000 1 2
2013 12 27 0.748000 1 2
2013 12 28 0.748000 1 2
2013 12 29 0.748000 1 2
2013 12 30 0.787000 1 2
2013 12 31 2.637000 1 2
2014 01 01 6.867000 1 2
2014 01 02 6.259000 1 2
2014 01 03 14.808000 1 2
2014 01 04 11.393000 1 2
2014 01 05 7.186000 1 2
2014 01 06 3.511000 1 2
2014 01 07 3.275000 1 2
2014 01 08 2.838000 1 2
2014 01 09 3.973000 1 2
2014 01 10 3.392000 1 2
2014 01 11 18.245000 1 2
2014 01 12 7.854000 1 2
2014 01 13 12.306000 1 2
2014 01 14 7.515000 1 2
2014 01 15 6.558000 1 2
2014 01 16 4.193000 1 2
2014 01 17 3.275000 1 2
2014 01 18 2.637000 1 2
2014 01 19 2.266000 1 2
2014 01 20 1.936000 1 2
2014 01 21 1.643000 1 2
2014 01 22 1.509000 1 2
2014 01 23 1.384000 1 2
2014 01 24 1.384000 1 2
2014 01 25 1.324000 1 2
2014 01 26 1.266000 1 2
2014 01 27 1.266000 1 2
2014 01 28 1.104000 1 2
2014 01 29 1.005000 1 2
2014 01 30 0.869000 1 2
2014 01 31 0.869000 1 2
2014 02 01 0.787000 1 2
2014 02 02 0.674000 1 2
2014 02 03 0.639000 1 2
2014 02 04 0.605000 1 2
2014 02 05 0.573000 1 2
2014 02 06 1.157000 1 2
2014 02 07 1.157000 1 2
2014 02 08 0.787000 1 2
2014 02 09 0.674000 1 2
2014 02 10 0.639000 1 2
2014 02 11 0.573000 1 2
2014 02 12 0.573000 1 2
2014 02 13 0.542000 1 2
2014 02 14 0.542000 1 2
2014 02 15 4.657000 1 2
2014 02 16 3.161000 1 2
2014 02 17 1.445000 1 2
2014 02 18 1.005000 1 2
2014 02 19 1.157000 1 2
2014 02 20 0.958000 1 2
2014 02 21 0.787000 1 2
2014 02 22 0.787000 1 2
2014 02 23 2.446000 1 2
2014 02 24 5.155000 1 2
2014 02 25 2.355000 1 2
2014 02 26 2.266000 1 2
2014 02 27 25.907000 1 2
2014 02 28 12.781000 1 2
2014 03 01 2.943000 1 2
2014 03 02 2.096000 1 2
2014 03 03 1.936000 1 2
2014 03 04 1.575000 1 2
2014 03 05 1.785000 1 2
2014 03 06 1.509000 1 2
2014 03 07 1.324000 1 2
2014 03 08 1.157000 1 2
2014 03 09 3.511000 1 2
2014 03 10 1.859000 1 2
2014 03 11 5.969000 1 2
2014 03 12 3.051000 1 2
2014 03 13 2.096000 1 2
2014 03 14 2.943000 1 2
2014 03 15 2.180000 1 2
2014 03 16 1.785000 1 2
2014 03 17 1.785000 1 2
2014 03 18 1.859000 1 2
2014 03 19 10.112000 1 2
2014 03 20 5.969000 1 2
2014 03 21 3.973000 1 2
2014 03 22 2.736000 1 2
2014 03 23 2.355000 1 2
2014 03 24 1.785000 1 2
2014 03 25 1.005000 1 2
2014 03 26 1.509000 1 2
2014 03 27 5.155000 1 2
2014 03 28 3.275000 1 2
2014 03 29 2.015000 1 2
2014 03 30 1.643000 1 2
2014 03 31 1.643000 1 2
2014 04 01 7.186000 1 2
2014 04 02 8.203000 1 2
2014 04 03 6.259000 1 2
2014 04 04 4.657000 1 2
2014 04 05 3.051000 1 2
2014 04 06 2.446000 1 2
2014 04 07 2.180000 1 2
2014 04 08 1.785000 1 2
2014 04 09 10.954000 1 2
2014 04 10 3.511000 1 2
2014 04 11 2.015000 1 2
2014 04 12 1.936000 1 2
2014 04 13 1.936000 1 2
2014 04 14 1.785000 1 2
2014 04 15 1.713000 1 2
2014 04 16 1.643000 1 2
2014 04 17 1.643000 1 2
2014 04 18 1.575000 1 2
2014 04 19 1.509000 1 2
2014 04 20 4.657000 1 2
2014 04 21 2.540000 1 2
2014 04 22 2.637000 1 2
2014 04 23 2.540000 1 2
2014 04 24 2.180000 1 2
2014 04 25 1.936000 1 2
2014 04 26 1.713000 1 2
2014 04 27 1.509000 1 2
2014 04 28 1.445000 1 2
2014 04 29 1.384000 1 2
2014 04 30 1.643000 1 2
2014 05 01 14.808000 1 2
2014 05 02 5.417000 1 2
2014 05 03 3.275000 1 2
2014 05 04 2.637000 1 2
2014 05 05 2.266000 1 2
2014 05 06 2.096000 1 2
2014 05 07 1.936000 1 2
2014 05 08 1.859000 1 2
2014 05 09 2.096000 1 2
2014 05 10 1.936000 1 2
2014 05 11 1.859000 1 2
2014 05 12 1.643000 1 2
2014 05 13 1.509000 1 2
2014 05 14 1.445000 1 2
2014 05 15 1.384000 1 2
2014 05 16 2.096000 1 2
2014 05 17 1.643000 1 2
2014 05 18 1.384000 1 2
2014 05 19 1.266000 1 2
2014 05 20 1.104000 1 2
2014 05 21 1.005000 1 2
2014 05 22 11.393000 1 2
2014 05 23 7.515000 1 2
2014 05 24 4.657000 1 1
2014 05 25 2.943000 1 2
2014 05 26 18.245000 1 2
2014 05 27 8.934000 1 2
2014 05 28 5.155000 1 2
2014 05 29 3.511000 1 2
2014 05 30 2.838000 1 2
2014 05 31 3.161000 1 2
2014 06 01 5.969000 1 2
2014 06 02 3.511000 1 2
2014 06 03 2.736000 1 2
2014 06 04 2.446000 1 2
2014 06 05 3.973000 1 2
2014 06 06 22.906000 1 2
2014 06 07 11.393000 1 2
2014 06 08 56.037000 1 2
2014 06 09 29.167000 1 2
2014 06 10 10.954000 1 2
2014 06 11 6.259000 1 2
2014 06 12 4.902000 1 2
2014 06 13 3.762000 1 2
2014 06 14 8.203000 1 2
2014 06 15 4.902000 1 2
2014 06 16 3.511000 1 2
2014 06 17 3.051000 1 2
2014 06 18 3.392000 1 2
2014 06 19 2.736000 1 2
2014 06 20 2.355000 1 2
2014 06 21 2.015000 1 2
2014 06 22 1.785000 1 2
2014 06 23 1.643000 1 2
2014 06 24 1.713000 1 2
2014 06 25 2.266000 1 2
2014 06 26 5.688000 1 2
2014 06 27 62.758000 1 2
2014 06 28 68.887000 1 2
2014 06 29 49.766000 1 2
2014 06 30 22.906000 1 2
2014 07 01 13.269000 1 2
2014 07 02 9.316000 1 2
2014 07 03 7.186000 1 2
2014 07 04 5.969000 1 2
2014 07 05 4.902000 1 2
2014 07 06 4.193000 1 2
2014 07 07 4.193000 1 2
2014 07 08 3.511000 1 2
2014 07 09 3.161000 1 2
2014 07 10 2.943000 1 2
2014 07 11 2.838000 1 2
2014 07 12 2.637000 1 2
2014 07 13 2.540000 1 2
2014 07 14 3.161000 1 2
2014 07 15 2.637000 1 2
2014 07 16 2.355000 1 2
2014 07 17 2.266000 1 2
2014 07 18 2.180000 1 2
2014 07 19 1.936000 1 2
2014 07 20 1.785000 1 2
2014 07 21 1.713000 1 2
2014 07 22 1.643000 1 2
2014 07 23 1.575000 1 2
2014 07 24 13.269000 1 2
2014 07 25 8.934000 1 2
2014 07 26 4.657000 1 2
2014 07 27 3.161000 1 2
2014 07 28 2.736000 1 2
2014 07 29 2.540000 1 2
2014 07 30 2.355000 1 2
2014 07 31 2.266000 1 2
2014 08 01 2.355000 1 2
2014 08 02 4.421000 1 2
2014 08 03 2.540000 1 2
2014 08 04 2.355000 1 2
2014 08 05 3.275000 1 2
2014 08 06 2.180000 1 2
2014 08 07 1.936000 1 2
2014 08 08 1.785000 1 2
2014 08 09 1.713000 1 2
2014 08 10 1.643000 1 2
2014 08 11 1.643000 1 2
2014 08 12 2.015000 1 2
2014 08 13 7.515000 1 2
2014 08 14 2.943000 1 2
2014 08 15 2.180000 1 2
2014 08 16 3.973000 1 2
2014 08 17 5.155000 1 2
2014 08 18 3.161000 1 2
2014 08 19 2.637000 1 2
2014 08 20 2.355000 1 2
2014 08 21 2.096000 1 2
2014 08 22 1.936000 1 2
2014 08 23 1.785000 1 2
2014 08 24 1.643000 1 2
2014 08 25 1.575000 1 2
2014 08 26 4.193000 1 2
2014 08 27 2.096000 1 2
2014 08 28 1.713000 1 2
2014 08 29 1.509000 1 2
2014 08 30 1.445000 1 2
2014 08 31 1.384000 1 2
2014 09 01 2.266000 1 2
2014 09 02 2.637000 1 2
2014 09 03 6.259000 1 2
2014 09 04 4.421000 1 2
2014 09 05 3.392000 1 2
2014 09 06 3.275000 1 2
2014 09 07 3.511000 1 2
2014 09 08 2.838000 1 2
2014 09 09 2.446000 1 2
2014 09 10 2.180000 1 2
2014 09 11 1.859000 1 2
2014 09 12 1.785000 1 2
2014 09 13 1.713000 1 2
2014 09 14 1.643000 1 2
2014 09 15 1.509000 1 2
2014 09 16 1.445000 1 2
2014 09 17 1.266000 1 2
2014 09 18 1.384000 1 2
2014 09 19 5.688000 1 2
2014 09 20 2.540000 1 2
2014 09 21 1.936000 1 2
2014 09 22 1.509000 1 2
2014 09 23 1.384000 1 2
2014 09 24 3.511000 1 2
2014 09 25 2.838000 1 2
2014 09 26 13.269000 1 2
2014 09 27 17.045000 1 2
2014 09 28 6.867000 1 2
2014 09 29 7.854000 1 2
2014 09 30 9.316000 1 2
2014 10 01 10.954000 1 2
2014 10 02 13.269000 1 2
2014 10 03 8.563000 1 2
2014 10 04 6.259000 1 2
2014 10 05 4.657000 1 2
2014 10 06 3.762000 1 2
2014 10 07 3.392000 1 2
2014 10 08 2.838000 1 2
2014 10 09 2.838000 1 2
2014 10 10 2.540000 1 2
2014 10 11 2.355000 1 2
2014 10 12 3.161000 1 2
2014 10 13 2.446000 1 2
2014 10 14 5.688000 1 2
2014 10 15 10.528000 1 2
2014 10 16 7.186000 1 2
2014 10 17 5.688000 1 2
2014 10 18 6.558000 1 2
2014 10 19 6.867000 1 2
2014 10 20 5.688000 1 2
2014 10 21 3.973000 1 2
2014 10 22 3.161000 1 2
2014 10 23 2.838000 1 2
2014 10 24 2.637000 1 2
2014 10 25 2.540000 1 2
2014 10 26 3.161000 1 2
2014 10 27 2.180000 1 2
2014 10 28 2.096000 1 2
2014 10 29 1.936000 1 2
2014 10 30 1.936000 1 2
2014 10 31 2.943000 1 2
2014 11 01 1.936000 1 2
2014 11 02 1.936000 1 2
2014 11 03 1.936000 1 2
2014 11 04 5.688000 1 2
2014 11 05 3.973000 1 2
2014 11 06 2.838000 1 2
2014 11 07 5.688000 1 2
2014 11 08 3.511000 1 2
2014 11 09 2.540000 1 2
2014 11 10 2.180000 1 2
2014 11 11 1.859000 1 2
2014 11 12 1.785000 1 2
2014 11 13 2.096000 1 2
2014 11 14 1.509000 1 2
2014 11 15 1.384000 1 2
2014 11 16 1.384000 1 2
2014 11 17 1.324000 1 2
2014 11 18 1.384000 1 2
2014 11 19 1.266000 1 2
2014 11 20 1.266000 1 2
2014 11 21 1.266000 1 2
2014 11 22 1.713000 1 2
2014 11 23 1.324000 1 2
2014 11 24 1.104000 1 2
2014 11 25 1.936000 1 2
2014 11 26 3.392000 1 2
2014 11 27 1.713000 1 2
2014 11 28 1.384000 1 2
2014 11 29 1.384000 1 2
2014 11 30 1.324000 1 2
2014 12 01 1.324000 1 2
2014 12 02 1.324000 1 2
2014 12 03 1.266000 1 2
2014 12 04 1.266000 1 2
2014 12 05 1.157000 1 2
2014 12 06 1.005000 1 2
2014 12 07 1.005000 1 2
2014 12 08 0.869000 1 2
2014 12 09 0.869000 1 2
2014 12 10 0.869000 1 2
2014 12 11 0.827000 1 2
2014 12 12 0.827000 1 2
2014 12 13 2.096000 1 2
2014 12 14 1.384000 1 2
2014 12 15 1.005000 1 2
2014 12 16 0.869000 1 2
2014 12 17 0.869000 1 2
2014 12 18 0.787000 1 2
2014 12 19 1.005000 1 2
2014 12 20 1.575000 1 2
2014 12 21 1.643000 1 2
2014 12 22 5.417000 1 2
2014 12 23 2.736000 1 2
2014 12 24 1.859000 1 2
2014 12 25 1.445000 1 2
2014 12 26 1.266000 1 2
2014 12 27 17.045000 1 2
2014 12 28 11.844000 1 2
2014 12 29 15.347000 1 2
2014 12 30 14.282000 1 2
2014 12 31 8.563000 1 2
