year month day streamflow_m3s qual_control_by_ana qual_flag
1970 06 01 nan nan 0
1970 06 02 nan nan 0
1970 06 03 nan nan 0
1970 06 04 nan nan 0
1970 06 05 700.000000 1 1
1970 06 06 1121.000000 1 1
1970 06 07 1076.000000 1 1
1970 06 08 1081.000000 1 1
1970 06 09 1157.000000 1 1
1970 06 10 1238.000000 1 1
1970 06 11 1256.000000 1 1
1970 06 12 1252.000000 1 1
1970 06 13 1121.000000 1 1
1970 06 14 1022.000000 1 1
1970 06 15 896.000000 1 1
1970 06 16 869.000000 1 1
1970 06 17 860.000000 1 1
1970 06 18 896.000000 1 1
1970 06 19 968.000000 1 1
1970 06 20 1022.000000 1 1
1970 06 21 1063.000000 1 1
1970 06 22 1175.000000 1 1
1970 06 23 1415.000000 1 1
1970 06 24 1705.000000 1 1
1970 06 25 1793.000000 1 1
1970 06 26 1837.000000 1 1
1970 06 27 2040.000000 1 1
1970 06 28 2300.000000 1 1
1970 06 29 2427.000000 1 1
1970 06 30 2492.000000 1 1
1970 07 01 nan nan nan
1970 07 02 nan nan nan
1970 07 03 nan nan nan
1970 07 04 nan nan nan
1970 07 05 nan nan nan
1970 07 06 nan nan nan
1970 07 07 nan nan nan
1970 07 08 nan nan nan
1970 07 09 nan nan nan
1970 07 10 nan nan nan
1970 07 11 nan nan nan
1970 07 12 nan nan nan
1970 07 13 nan nan nan
1970 07 14 nan nan nan
1970 07 15 nan nan nan
1970 07 16 nan nan nan
1970 07 17 nan nan nan
1970 07 18 nan nan nan
1970 07 19 nan nan nan
1970 07 20 nan nan nan
1970 07 21 nan nan nan
1970 07 22 nan nan nan
1970 07 23 nan nan nan
1970 07 24 nan nan nan
1970 07 25 nan nan nan
1970 07 26 nan nan nan
1970 07 27 nan nan nan
1970 07 28 nan nan nan
1970 07 29 nan nan nan
1970 07 30 nan nan nan
1970 07 31 nan nan nan
1970 08 01 nan nan 0
1970 08 02 nan nan 0
1970 08 03 nan nan 0
1970 08 04 nan nan 0
1970 08 05 nan nan 0
1970 08 06 nan nan 0
1970 08 07 nan nan 0
1970 08 08 nan nan 0
1970 08 09 1337.000000 1 1
1970 08 10 1445.000000 1 1
1970 08 11 1530.000000 1 1
1970 08 12 1595.000000 1 1
1970 08 13 1630.000000 1 1
1970 08 14 1595.000000 1 1
1970 08 15 1530.000000 1 1
1970 08 16 1395.000000 1 1
1970 08 17 nan nan 0
1970 08 18 nan nan 0
1970 08 19 nan nan 0
1970 08 20 nan nan 0
1970 08 21 nan nan 0
1970 08 22 nan nan 0
1970 08 23 nan nan 0
1970 08 24 nan nan 0
1970 08 25 1370.000000 1 1
1970 08 26 1425.000000 1 1
1970 08 27 1435.000000 1 1
1970 08 28 1390.000000 1 1
1970 08 29 1337.000000 1 1
1970 08 30 nan nan 0
1970 08 31 nan nan 0
1970 09 01 nan nan nan
1970 09 02 nan nan nan
1970 09 03 nan nan nan
1970 09 04 nan nan nan
1970 09 05 nan nan nan
1970 09 06 nan nan nan
1970 09 07 nan nan nan
1970 09 08 nan nan nan
1970 09 09 nan nan nan
1970 09 10 nan nan nan
1970 09 11 nan nan nan
1970 09 12 nan nan nan
1970 09 13 nan nan nan
1970 09 14 nan nan nan
1970 09 15 nan nan nan
1970 09 16 nan nan nan
1970 09 17 nan nan nan
1970 09 18 nan nan nan
1970 09 19 nan nan nan
1970 09 20 nan nan nan
1970 09 21 nan nan nan
1970 09 22 nan nan nan
1970 09 23 nan nan nan
1970 09 24 nan nan nan
1970 09 25 nan nan nan
1970 09 26 nan nan nan
1970 09 27 nan nan nan
1970 09 28 nan nan nan
1970 09 29 nan nan nan
1970 09 30 nan nan nan
1970 10 01 nan nan nan
1970 10 02 nan nan nan
1970 10 03 nan nan nan
1970 10 04 nan nan nan
1970 10 05 nan nan nan
1970 10 06 nan nan nan
1970 10 07 nan nan nan
1970 10 08 nan nan nan
1970 10 09 nan nan nan
1970 10 10 nan nan nan
1970 10 11 nan nan nan
1970 10 12 nan nan nan
1970 10 13 nan nan nan
1970 10 14 nan nan nan
1970 10 15 nan nan nan
1970 10 16 nan nan nan
1970 10 17 nan nan nan
1970 10 18 nan nan nan
1970 10 19 nan nan nan
1970 10 20 nan nan nan
1970 10 21 nan nan nan
1970 10 22 nan nan nan
1970 10 23 nan nan nan
1970 10 24 nan nan nan
1970 10 25 nan nan nan
1970 10 26 nan nan nan
1970 10 27 nan nan nan
1970 10 28 nan nan nan
1970 10 29 nan nan nan
1970 10 30 nan nan nan
1970 10 31 nan nan nan
1970 11 01 nan nan nan
1970 11 02 nan nan nan
1970 11 03 nan nan nan
1970 11 04 nan nan nan
1970 11 05 nan nan nan
1970 11 06 nan nan nan
1970 11 07 nan nan nan
1970 11 08 nan nan nan
1970 11 09 nan nan nan
1970 11 10 nan nan nan
1970 11 11 nan nan nan
1970 11 12 nan nan nan
1970 11 13 nan nan nan
1970 11 14 nan nan nan
1970 11 15 nan nan nan
1970 11 16 nan nan nan
1970 11 17 nan nan nan
1970 11 18 nan nan nan
1970 11 19 nan nan nan
1970 11 20 nan nan nan
1970 11 21 nan nan nan
1970 11 22 nan nan nan
1970 11 23 nan nan nan
1970 11 24 nan nan nan
1970 11 25 nan nan nan
1970 11 26 nan nan nan
1970 11 27 nan nan nan
1970 11 28 nan nan nan
1970 11 29 nan nan nan
1970 11 30 nan nan nan
1970 12 01 nan nan nan
1970 12 02 nan nan nan
1970 12 03 nan nan nan
1970 12 04 nan nan nan
1970 12 05 nan nan nan
1970 12 06 nan nan nan
1970 12 07 nan nan nan
1970 12 08 nan nan nan
1970 12 09 nan nan nan
1970 12 10 nan nan nan
1970 12 11 nan nan nan
1970 12 12 nan nan nan
1970 12 13 nan nan nan
1970 12 14 nan nan nan
1970 12 15 nan nan nan
1970 12 16 nan nan nan
1970 12 17 nan nan nan
1970 12 18 nan nan nan
1970 12 19 nan nan nan
1970 12 20 nan nan nan
1970 12 21 nan nan nan
1970 12 22 nan nan nan
1970 12 23 nan nan nan
1970 12 24 nan nan nan
1970 12 25 nan nan nan
1970 12 26 nan nan nan
1970 12 27 nan nan nan
1970 12 28 nan nan nan
1970 12 29 nan nan nan
1970 12 30 nan nan nan
1970 12 31 nan nan nan
1971 01 01 nan nan nan
1971 01 02 nan nan nan
1971 01 03 nan nan nan
1971 01 04 nan nan nan
1971 01 05 nan nan nan
1971 01 06 nan nan nan
1971 01 07 nan nan nan
1971 01 08 nan nan nan
1971 01 09 nan nan nan
1971 01 10 nan nan nan
1971 01 11 nan nan nan
1971 01 12 nan nan nan
1971 01 13 nan nan nan
1971 01 14 nan nan nan
1971 01 15 nan nan nan
1971 01 16 nan nan nan
1971 01 17 nan nan nan
1971 01 18 nan nan nan
1971 01 19 nan nan nan
1971 01 20 nan nan nan
1971 01 21 nan nan nan
1971 01 22 nan nan nan
1971 01 23 nan nan nan
1971 01 24 nan nan nan
1971 01 25 nan nan nan
1971 01 26 nan nan nan
1971 01 27 nan nan nan
1971 01 28 nan nan nan
1971 01 29 nan nan nan
1971 01 30 nan nan nan
1971 01 31 nan nan nan
1971 02 01 404.000000 1 1
1971 02 02 370.000000 1 1
1971 02 03 355.000000 1 1
1971 02 04 355.000000 1 1
1971 02 05 422.000000 1 1
1971 02 06 545.000000 1 1
1971 02 07 680.000000 1 1
1971 02 08 680.000000 1 1
1971 02 09 700.000000 1 1
1971 02 10 758.000000 1 1
1971 02 11 824.000000 1 1
1971 02 12 905.000000 1 1
1971 02 13 968.000000 1 1
1971 02 14 1040.000000 1 1
1971 02 15 1126.000000 1 1
1971 02 16 1189.000000 1 1
1971 02 17 1220.000000 1 1
1971 02 18 1229.000000 1 1
1971 02 19 1225.000000 1 1
1971 02 20 1166.000000 1 1
1971 02 21 1049.000000 1 1
1971 02 22 937.000000 1 1
1971 02 23 796.000000 1 1
1971 02 24 730.000000 1 1
1971 02 25 739.000000 1 1
1971 02 26 660.000000 1 1
1971 02 27 1545.000000 1 1
1971 02 28 510.000000 1 1
1971 03 01 432.000000 1 1
1971 03 02 396.000000 1 1
1971 03 03 348.000000 1 1
1971 03 04 305.000000 1 1
1971 03 05 279.000000 1 1
1971 03 06 265.000000 1 1
1971 03 07 262.000000 1 1
1971 03 08 292.000000 1 1
1971 03 09 305.000000 1 1
1971 03 10 279.000000 1 1
1971 03 11 305.000000 1 1
1971 03 12 286.000000 1 1
1971 03 13 245.000000 1 1
1971 03 14 267.000000 1 1
1971 03 15 540.000000 1 1
1971 03 16 1265.000000 1 1
1971 03 17 1958.000000 1 1
1971 03 18 1936.000000 1 1
1971 03 19 1749.000000 1 1
1971 03 20 1685.000000 1 1
1971 03 21 1738.000000 1 1
1971 03 22 1760.000000 1 1
1971 03 23 1705.000000 1 1
1971 03 24 1575.000000 1 1
1971 03 25 1405.000000 1 1
1971 03 26 1166.000000 1 1
1971 03 27 977.000000 1 1
1971 03 28 815.000000 1 1
1971 03 29 695.000000 1 1
1971 03 30 575.000000 1 1
1971 03 31 495.000000 1 1
1971 04 01 441.000000 1 1
1971 04 02 387.000000 1 1
1971 04 03 370.000000 1 1
1971 04 04 396.000000 1 1
1971 04 05 370.000000 1 1
1971 04 06 367.000000 1 1
1971 04 07 292.000000 1 1
1971 04 08 351.000000 1 1
1971 04 09 378.000000 1 1
1971 04 10 370.000000 1 1
1971 04 11 359.000000 1 1
1971 04 12 337.000000 1 1
1971 04 13 340.000000 1 1
1971 04 14 340.000000 1 1
1971 04 15 299.000000 1 1
1971 04 16 270.000000 1 1
1971 04 17 675.000000 1 1
1971 04 18 995.000000 1 1
1971 04 19 824.000000 1 1
1971 04 20 690.000000 1 1
1971 04 21 640.000000 1 1
1971 04 22 630.000000 1 1
1971 04 23 620.000000 1 1
1971 04 24 655.000000 1 1
1971 04 25 625.000000 1 1
1971 04 26 580.000000 1 1
1971 04 27 510.000000 1 1
1971 04 28 422.000000 1 1
1971 04 29 418.000000 1 1
1971 04 30 396.000000 1 1
1971 05 01 374.000000 1 1
1971 05 02 413.000000 1 1
1971 05 03 451.000000 1 1
1971 05 04 535.000000 1 1
1971 05 05 570.000000 1 1
1971 05 06 625.000000 1 1
1971 05 07 744.000000 1 1
1971 05 08 710.000000 1 1
1971 05 09 665.000000 1 1
1971 05 10 610.000000 1 1
1971 05 11 367.000000 1 1
1971 05 12 480.000000 1 1
1971 05 13 460.000000 1 1
1971 05 14 441.000000 1 1
1971 05 15 378.000000 1 1
1971 05 16 326.000000 1 1
1971 05 17 391.000000 1 1
1971 05 18 422.000000 1 1
1971 05 19 432.000000 1 1
1971 05 20 413.000000 1 1
1971 05 21 382.000000 1 1
1971 05 22 348.000000 1 1
1971 05 23 326.000000 1 1
1971 05 24 312.000000 1 1
1971 05 25 363.000000 1 1
1971 05 26 367.000000 1 1
1971 05 27 422.000000 1 1
1971 05 28 409.000000 1 1
1971 05 29 387.000000 1 1
1971 05 30 351.000000 1 1
1971 05 31 333.000000 1 1
1971 06 01 299.000000 1 1
1971 06 02 305.000000 1 1
1971 06 03 378.000000 1 1
1971 06 04 363.000000 1 1
1971 06 05 323.000000 1 1
1971 06 06 359.000000 1 1
1971 06 07 367.000000 1 1
1971 06 08 333.000000 1 1
1971 06 09 262.000000 1 1
1971 06 10 404.000000 1 1
1971 06 11 480.000000 1 1
1971 06 12 475.000000 1 1
1971 06 13 422.000000 1 1
1971 06 14 418.000000 1 1
1971 06 15 404.000000 1 1
1971 06 16 413.000000 1 1
1971 06 17 404.000000 1 1
1971 06 18 396.000000 1 1
1971 06 19 370.000000 1 1
1971 06 20 326.000000 1 1
1971 06 21 299.000000 1 1
1971 06 22 355.000000 1 1
1971 06 23 363.000000 1 1
1971 06 24 991.000000 1 1
1971 06 25 1220.000000 1 1
1971 06 26 1405.000000 1 1
1971 06 27 1630.000000 1 1
1971 06 28 1931.000000 1 1
1971 06 29 2275.000000 1 1
1971 06 30 2570.000000 1 1
1971 07 01 2840.000000 1 1
1971 07 02 2855.000000 1 1
1971 07 03 2774.000000 1 1
1971 07 04 2666.000000 1 1
1971 07 05 2617.000000 1 1
1971 07 06 2597.000000 1 1
1971 07 07 2492.000000 1 1
1971 07 08 2337.000000 1 1
1971 07 09 2163.000000 1 1
1971 07 10 1992.000000 1 1
1971 07 11 1837.000000 1 1
1971 07 12 1685.000000 1 1
1971 07 13 1515.000000 1 1
1971 07 14 1346.000000 1 1
1971 07 15 1166.000000 1 1
1971 07 16 1018.000000 1 1
1971 07 17 914.000000 1 1
1971 07 18 810.000000 1 1
1971 07 19 738.000000 1 1
1971 07 20 671.000000 1 1
1971 07 21 609.000000 1 1
1971 07 22 609.000000 1 1
1971 07 23 590.000000 1 1
1971 07 24 595.000000 1 1
1971 07 25 575.000000 1 1
1971 07 26 560.000000 1 1
1971 07 27 585.000000 1 1
1971 07 28 627.000000 1 1
1971 07 29 688.000000 1 1
1971 07 30 782.000000 1 1
1971 07 31 874.000000 1 1
1971 08 01 986.000000 1 1
1971 08 02 1046.000000 1 1
1971 08 03 1090.000000 1 1
1971 08 04 1115.000000 1 1
1971 08 05 1171.000000 1 1
1971 08 06 1252.000000 1 1
1971 08 07 730.000000 1 1
1971 08 08 1525.000000 1 1
1971 08 09 1645.000000 1 1
1971 08 10 1832.000000 1 1
1971 08 11 1914.000000 1 1
1971 08 12 1804.000000 1 1
1971 08 13 1690.000000 1 1
1971 08 14 1804.000000 1 1
1971 08 15 1881.000000 1 1
1971 08 16 2188.000000 1 1
1971 08 17 2151.000000 1 1
1971 08 18 2163.000000 1 1
1971 08 19 2175.000000 1 1
1971 08 20 2157.000000 1 1
1971 08 21 2101.000000 1 1
1971 08 22 2016.000000 1 1
1971 08 23 1914.000000 1 1
1971 08 24 1771.000000 1 1
1971 08 25 1585.000000 1 1
1971 08 26 1400.000000 1 1
1971 08 27 1193.000000 1 1
1971 08 28 998.000000 1 1
1971 08 29 874.000000 1 1
1971 08 30 770.000000 1 1
1971 08 31 671.000000 1 1
1971 09 01 590.000000 1 1
1971 09 02 510.000000 1 1
1971 09 03 480.000000 1 1
1971 09 04 480.000000 1 1
1971 09 05 461.000000 1 1
1971 09 06 414.000000 1 1
1971 09 07 397.000000 1 1
1971 09 08 356.000000 1 1
1971 09 09 376.000000 1 1
1971 09 10 392.000000 1 1
1971 09 11 380.000000 1 1
1971 09 12 371.000000 1 1
1971 09 13 414.000000 1 1
1971 09 14 433.000000 1 1
1971 09 15 428.000000 1 1
1971 09 16 410.000000 1 1
1971 09 17 345.000000 1 1
1971 09 18 300.000000 1 1
1971 09 19 274.000000 1 1
1971 09 20 300.000000 1 1
1971 09 21 306.000000 1 1
1971 09 22 274.000000 1 1
1971 09 23 306.000000 1 1
1971 09 24 319.000000 1 1
1971 09 25 333.000000 1 1
1971 09 26 293.000000 1 1
1971 09 27 254.000000 1 1
1971 09 28 235.000000 1 1
1971 09 29 251.000000 1 1
1971 09 30 313.000000 1 1
1971 10 01 388.000000 1 1
1971 10 02 380.000000 1 1
1971 10 03 341.000000 1 1
1971 10 04 326.000000 1 1
1971 10 05 442.000000 1 1
1971 10 06 397.000000 1 1
1971 10 07 352.000000 1 1
1971 10 08 326.000000 1 1
1971 10 09 341.000000 1 1
1971 10 10 341.000000 1 1
1971 10 11 388.000000 1 1
1971 10 12 397.000000 1 1
1971 10 13 423.000000 1 1
1971 10 14 414.000000 1 1
1971 10 15 371.000000 1 1
1971 10 16 348.000000 1 1
1971 10 17 367.000000 1 1
1971 10 18 333.000000 1 1
1971 10 19 278.000000 1 1
1971 10 20 238.000000 1 1
1971 10 21 274.000000 1 1
1971 10 22 265.000000 1 1
1971 10 23 300.000000 1 1
1971 10 24 306.000000 1 1
1971 10 25 300.000000 1 1
1971 10 26 281.000000 1 1
1971 10 27 257.000000 1 1
1971 10 28 268.000000 1 1
1971 10 29 259.000000 1 1
1971 10 30 257.000000 1 1
1971 10 31 228.000000 1 1
1971 11 01 214.000000 1 1
1971 11 02 212.000000 1 1
1971 11 03 208.000000 1 1
1971 11 04 257.000000 1 1
1971 11 05 293.000000 1 1
1971 11 06 262.000000 1 1
1971 11 07 313.000000 1 1
1971 11 08 240.000000 1 1
1971 11 09 230.000000 1 1
1971 11 10 271.000000 1 1
1971 11 11 251.000000 1 1
1971 11 12 235.000000 1 1
1971 11 13 293.000000 1 1
1971 11 14 230.000000 1 1
1971 11 15 257.000000 1 1
1971 11 16 251.000000 1 1
1971 11 17 212.000000 1 1
1971 11 18 274.000000 1 1
1971 11 19 271.000000 1 1
1971 11 20 281.000000 1 1
1971 11 21 262.000000 1 1
1971 11 22 221.000000 1 1
1971 11 23 190.000000 1 1
1971 11 24 179.000000 1 1
1971 11 25 230.000000 1 1
1971 11 26 235.000000 1 1
1971 11 27 226.000000 1 1
1971 11 28 194.000000 1 1
1971 11 29 176.000000 1 1
1971 11 30 203.000000 1 1
1971 12 01 197.000000 1 1
1971 12 02 183.000000 1 1
1971 12 03 183.000000 1 1
1971 12 04 186.000000 1 1
1971 12 05 189.000000 1 1
1971 12 06 189.000000 1 1
1971 12 07 183.000000 1 1
1971 12 08 178.000000 1 1
1971 12 09 181.000000 1 1
1971 12 10 181.000000 1 1
1971 12 11 176.000000 1 1
1971 12 12 181.000000 1 1
1971 12 13 183.000000 1 1
1971 12 14 189.000000 1 1
1971 12 15 183.000000 1 1
1971 12 16 189.000000 1 1
1971 12 17 192.000000 1 1
1971 12 18 197.000000 1 1
1971 12 19 212.000000 1 1
1971 12 20 224.000000 1 1
1971 12 21 220.000000 1 1
1971 12 22 209.000000 1 1
1971 12 23 205.000000 1 1
1971 12 24 202.000000 1 1
1971 12 25 197.000000 1 1
1971 12 26 192.000000 1 1
1971 12 27 183.000000 1 1
1971 12 28 174.000000 1 1
1971 12 29 168.000000 1 1
1971 12 30 176.000000 1 1
1971 12 31 183.000000 1 1
1972 01 01 186.000000 1 1
1972 01 02 199.000000 1 1
1972 01 03 197.000000 1 1
1972 01 04 201.000000 1 1
1972 01 05 257.000000 1 1
1972 01 06 259.000000 1 1
1972 01 07 300.000000 1 1
1972 01 08 356.000000 1 1
1972 01 09 356.000000 1 1
1972 01 10 333.000000 1 1
1972 01 11 306.000000 1 1
1972 01 12 257.000000 1 1
1972 01 13 226.000000 1 1
1972 01 14 217.000000 1 1
1972 01 15 230.000000 1 1
1972 01 16 228.000000 1 1
1972 01 17 240.000000 1 1
1972 01 18 249.000000 1 1
1972 01 19 268.000000 1 1
1972 01 20 290.000000 1 1
1972 01 21 410.000000 1 1
1972 01 22 423.000000 1 1
1972 01 23 433.000000 1 1
1972 01 24 461.000000 1 1
1972 01 25 451.000000 1 1
1972 01 26 384.000000 1 1
1972 01 27 300.000000 1 1
1972 01 28 376.000000 1 1
1972 01 29 442.000000 1 1
1972 01 30 500.000000 1 1
1972 01 31 510.000000 1 1
1972 02 01 442.000000 1 1
1972 02 02 433.000000 1 1
1972 02 03 356.000000 1 1
1972 02 04 296.000000 1 1
1972 02 05 268.000000 1 1
1972 02 06 257.000000 1 1
1972 02 07 251.000000 1 1
1972 02 08 230.000000 1 1
1972 02 09 221.000000 1 1
1972 02 10 262.000000 1 1
1972 02 11 240.000000 1 1
1972 02 12 287.000000 1 1
1972 02 13 341.000000 1 1
1972 02 14 410.000000 1 1
1972 02 15 401.000000 1 1
1972 02 16 341.000000 1 1
1972 02 17 296.000000 1 1
1972 02 18 293.000000 1 1
1972 02 19 442.000000 1 1
1972 02 20 560.000000 1 1
1972 02 21 495.000000 1 1
1972 02 22 341.000000 1 1
1972 02 23 363.000000 1 1
1972 02 24 388.000000 1 1
1972 02 25 367.000000 1 1
1972 02 26 380.000000 1 1
1972 02 27 348.000000 1 1
1972 02 28 341.000000 1 1
1972 02 29 348.000000 1 1
1972 03 01 333.000000 1 1
1972 03 02 254.000000 1 1
1972 03 03 251.000000 1 1
1972 03 04 271.000000 1 1
1972 03 05 257.000000 1 1
1972 03 06 249.000000 1 1
1972 03 07 233.000000 1 1
1972 03 08 310.000000 1 1
1972 03 09 251.000000 1 1
1972 03 10 268.000000 1 1
1972 03 11 348.000000 1 1
1972 03 12 268.000000 1 1
1972 03 13 235.000000 1 1
1972 03 14 278.000000 1 1
1972 03 15 257.000000 1 1
1972 03 16 251.000000 1 1
1972 03 17 259.000000 1 1
1972 03 18 262.000000 1 1
1972 03 19 310.000000 1 1
1972 03 20 388.000000 1 1
1972 03 21 397.000000 1 1
1972 03 22 384.000000 1 1
1972 03 23 348.000000 1 1
1972 03 24 313.000000 1 1
1972 03 25 348.000000 1 1
1972 03 26 490.000000 1 1
1972 03 27 461.000000 1 1
1972 03 28 595.000000 1 1
1972 03 29 679.000000 1 1
1972 03 30 738.000000 1 1
1972 03 31 802.000000 1 1
1972 04 01 786.000000 1 1
1972 04 02 738.000000 1 1
1972 04 03 696.000000 1 1
1972 04 04 654.000000 1 1
1972 04 05 623.000000 1 1
1972 04 06 530.000000 1 1
1972 04 07 490.000000 1 1
1972 04 08 419.000000 1 1
1972 04 09 376.000000 1 1
1972 04 10 341.000000 1 1
1972 04 11 341.000000 1 1
1972 04 12 330.000000 1 1
1972 04 13 293.000000 1 1
1972 04 14 306.000000 1 1
1972 04 15 485.000000 1 1
1972 04 16 623.000000 1 1
1972 04 17 696.000000 1 1
1972 04 18 713.000000 1 1
1972 04 19 862.000000 1 1
1972 04 20 834.000000 1 1
1972 04 21 746.000000 1 1
1972 04 22 662.000000 1 1
1972 04 23 535.000000 1 1
1972 04 24 446.000000 1 1
1972 04 25 392.000000 1 1
1972 04 26 380.000000 1 1
1972 04 27 319.000000 1 1
1972 04 28 485.000000 1 1
1972 04 29 446.000000 1 1
1972 04 30 423.000000 1 1
1972 05 01 461.000000 1 1
1972 05 02 410.000000 1 1
1972 05 03 363.000000 1 1
1972 05 04 333.000000 1 1
1972 05 05 268.000000 1 1
1972 05 06 271.000000 1 1
1972 05 07 293.000000 1 1
1972 05 08 281.000000 1 1
1972 05 09 274.000000 1 1
1972 05 10 326.000000 1 1
1972 05 11 352.000000 1 1
1972 05 12 371.000000 1 1
1972 05 13 371.000000 1 1
1972 05 14 380.000000 1 1
1972 05 15 380.000000 1 1
1972 05 16 754.000000 1 1
1972 05 17 679.000000 1 1
1972 05 18 649.000000 1 1
1972 05 19 590.000000 1 1
1972 05 20 515.000000 1 1
1972 05 21 451.000000 1 1
1972 05 22 423.000000 1 1
1972 05 23 461.000000 1 1
1972 05 24 495.000000 1 1
1972 05 25 530.000000 1 1
1972 05 26 614.000000 1 1
1972 05 27 671.000000 1 1
1972 05 28 692.000000 1 1
1972 05 29 510.000000 1 1
1972 05 30 515.000000 1 1
1972 05 31 442.000000 1 1
1972 06 01 433.000000 1 1
1972 06 02 471.000000 1 1
1972 06 03 530.000000 1 1
1972 06 04 550.000000 1 1
1972 06 05 605.000000 1 1
1972 06 06 662.000000 1 1
1972 06 07 818.000000 1 1
1972 06 08 1346.000000 1 1
1972 06 09 2052.000000 1 1
1972 06 10 2680.000000 1 1
1972 06 11 2810.000000 1 1
1972 06 12 2810.000000 1 1
1972 06 13 2716.000000 1 1
1972 06 14 2518.000000 1 1
1972 06 15 2388.000000 1 1
1972 06 16 2275.000000 1 1
1972 06 17 2200.000000 1 1
1972 06 18 2175.000000 1 1
1972 06 19 2089.000000 1 1
1972 06 20 2016.000000 1 1
1972 06 21 1914.000000 1 1
1972 06 22 1826.000000 1 1
1972 06 23 1716.000000 1 1
1972 06 24 1650.000000 1 1
1972 06 25 1595.000000 1 1
1972 06 26 1455.000000 1 1
1972 06 27 1301.000000 1 1
1972 06 28 1198.000000 1 1
1972 06 29 1193.000000 1 1
1972 06 30 1355.000000 1 1
1972 07 01 1760.000000 1 1
1972 07 02 1992.000000 1 1
1972 07 03 2256.000000 1 1
1972 07 04 2466.000000 1 1
1972 07 05 2652.000000 1 1
1972 07 06 2781.000000 1 1
1972 07 07 2915.000000 1 1
1972 07 08 3051.000000 1 1
1972 07 09 3313.000000 1 1
1972 07 10 3360.000000 1 1
1972 07 11 3281.000000 1 1
1972 07 12 3212.000000 1 1
1972 07 13 3166.000000 1 1
1972 07 14 3112.000000 1 1
1972 07 15 3036.000000 1 1
1972 07 16 2930.000000 1 1
1972 07 17 2767.000000 1 1
1972 07 18 2610.000000 1 1
1972 07 19 2518.000000 1 1
1972 07 20 2597.000000 1 1
1972 07 21 2666.000000 1 1
1972 07 22 2492.000000 1 1
1972 07 23 2401.000000 1 1
1972 07 24 2395.000000 1 1
1972 07 25 2427.000000 1 1
1972 07 26 2453.000000 1 1
1972 07 27 2440.000000 1 1
1972 07 28 2401.000000 1 1
1972 07 29 2325.000000 1 1
1972 07 30 2225.000000 1 1
1972 07 31 2113.000000 1 1
1972 08 01 1980.000000 1 1
1972 08 02 1859.000000 1 1
1972 08 03 1782.000000 1 1
1972 08 04 1804.000000 1 1
1972 08 05 2151.000000 1 1
1972 08 06 2175.000000 1 1
1972 08 07 2016.000000 1 1
1972 08 08 1892.000000 1 1
1972 08 09 1804.000000 1 1
1972 08 10 1738.000000 1 1
1972 08 11 1711.000000 1 1
1972 08 12 1771.000000 1 1
1972 08 13 2182.000000 1 1
1972 08 14 2466.000000 1 1
1972 08 15 2597.000000 1 1
1972 08 16 2759.000000 1 1
1972 08 17 2900.000000 1 1
1972 08 18 3036.000000 1 1
1972 08 19 3119.000000 1 1
1972 08 20 3135.000000 1 1
1972 08 21 3112.000000 1 1
1972 08 22 3135.000000 1 1
1972 08 23 3219.000000 1 1
1972 08 24 3173.000000 1 1
1972 08 25 3066.000000 1 1
1972 08 26 3081.000000 1 1
1972 08 27 3321.000000 1 1
1972 08 28 3665.000000 1 1
1972 08 29 4089.000000 1 1
1972 08 30 4089.000000 1 1
1972 08 31 3708.000000 1 1
1972 09 01 3440.000000 1 1
1972 09 02 3313.000000 1 1
1972 09 03 3281.000000 1 1
1972 09 04 3243.000000 1 1
1972 09 05 3196.000000 1 1
1972 09 06 3112.000000 1 1
1972 09 07 3051.000000 1 1
1972 09 08 2915.000000 1 1
1972 09 09 2752.000000 1 1
1972 09 10 2833.000000 1 1
1972 09 11 2983.000000 1 1
1972 09 12 2975.000000 1 1
1972 09 13 2885.000000 1 1
1972 09 14 2810.000000 1 1
1972 09 15 2730.000000 1 1
1972 09 16 2638.000000 1 1
1972 09 17 2570.000000 1 1
1972 09 18 2492.000000 1 1
1972 09 19 2479.000000 1 1
1972 09 20 2953.000000 1 1
1972 09 21 3456.000000 1 1
1972 09 22 3656.000000 1 1
1972 09 23 3580.000000 1 1
1972 09 24 3522.000000 1 1
1972 09 25 3539.000000 1 1
1972 09 26 3588.000000 1 1
1972 09 27 3572.000000 1 1
1972 09 28 3456.000000 1 1
1972 09 29 3281.000000 1 1
1972 09 30 3051.000000 1 1
1972 10 01 2796.000000 1 1
1972 10 02 2544.000000 1 1
1972 10 03 2344.000000 1 1
1972 10 04 2163.000000 1 1
1972 10 05 1969.000000 1 1
1972 10 06 1755.000000 1 1
1972 10 07 1515.000000 1 1
1972 10 08 1256.000000 1 1
1972 10 09 1040.000000 1 1
1972 10 10 752.000000 1 1
1972 10 11 652.000000 1 1
1972 10 12 661.000000 1 1
1972 10 13 643.000000 1 1
1972 10 14 560.000000 1 1
1972 10 15 520.000000 1 1
1972 10 16 552.000000 1 1
1972 10 17 592.000000 1 1
1972 10 18 629.000000 1 1
1972 10 19 661.000000 1 1
1972 10 20 739.000000 1 1
1972 10 21 710.000000 1 1
1972 10 22 650.000000 1 1
1972 10 23 605.000000 1 1
1972 10 24 575.000000 1 1
1972 10 25 630.000000 1 1
1972 10 26 815.000000 1 1
1972 10 27 977.000000 1 1
1972 10 28 1162.000000 1 1
1972 10 29 1292.000000 1 1
1972 10 30 1465.000000 1 1
1972 10 31 1675.000000 1 1
1972 11 01 1771.000000 1 1
1972 11 02 1876.000000 1 1
1972 11 03 1964.000000 1 1
1972 11 04 2022.000000 1 1
1972 11 05 2040.000000 1 1
1972 11 06 2022.000000 1 1
1972 11 07 1969.000000 1 1
1972 11 08 1887.000000 1 1
1972 11 09 1771.000000 1 1
1972 11 10 1645.000000 1 1
1972 11 11 1595.000000 1 1
1972 11 12 1595.000000 1 1
1972 11 13 1605.000000 1 1
1972 11 14 1655.000000 1 1
1972 11 15 1848.000000 1 1
1972 11 16 1859.000000 1 1
1972 11 17 1799.000000 1 1
1972 11 18 1727.000000 1 1
1972 11 19 1755.000000 1 1
1972 11 20 1738.000000 1 1
1972 11 21 1655.000000 1 1
1972 11 22 1595.000000 1 1
1972 11 23 1550.000000 1 1
1972 11 24 1346.000000 1 1
1972 11 25 1252.000000 1 1
1972 11 26 1004.000000 1 1
1972 11 27 851.000000 1 1
1972 11 28 700.000000 1 1
1972 11 29 625.000000 1 1
1972 11 30 610.000000 1 1
1972 12 01 734.000000 1 1
1972 12 02 1085.000000 1 1
1972 12 03 1202.000000 1 1
1972 12 04 1315.000000 1 1
1972 12 05 1560.000000 1 1
1972 12 06 1655.000000 1 1
1972 12 07 1665.000000 1 1
1972 12 08 1695.000000 1 1
1972 12 09 1760.000000 1 1
1972 12 10 1705.000000 1 1
1972 12 11 1555.000000 1 1
1972 12 12 1328.000000 1 1
1972 12 13 1049.000000 1 1
1972 12 14 777.000000 1 1
1972 12 15 575.000000 1 1
1972 12 16 480.000000 1 1
1972 12 17 427.000000 1 1
1972 12 18 404.000000 1 1
1972 12 19 413.000000 1 1
1972 12 20 344.000000 1 1
1972 12 21 316.000000 1 1
1972 12 22 273.000000 1 1
1972 12 23 240.000000 1 1
1972 12 24 245.000000 1 1
1972 12 25 211.000000 1 1
1972 12 26 194.000000 1 1
1972 12 27 202.000000 1 1
1972 12 28 235.000000 1 1
1972 12 29 243.000000 1 1
1972 12 30 198.000000 1 1
1972 12 31 230.000000 1 1
1973 01 01 304.000000 1 1
1973 01 02 300.000000 1 1
1973 01 03 310.000000 1 1
1973 01 04 240.000000 1 1
1973 01 05 255.000000 1 1
1973 01 06 310.000000 1 1
1973 01 07 330.000000 1 1
1973 01 08 315.000000 1 1
1973 01 09 250.000000 1 1
1973 01 10 320.000000 1 1
1973 01 11 335.000000 1 1
1973 01 12 425.000000 1 1
1973 01 13 475.000000 1 1
1973 01 14 729.000000 1 1
1973 01 15 811.000000 1 1
1973 01 16 872.000000 1 1
1973 01 17 992.000000 1 1
1973 01 18 980.000000 1 1
1973 01 19 912.000000 1 1
1973 01 20 819.000000 1 1
1973 01 21 721.000000 1 1
1973 01 22 600.000000 1 1
1973 01 23 513.000000 1 1
1973 01 24 470.000000 1 1
1973 01 25 445.000000 1 1
1973 01 26 400.000000 1 1
1973 01 27 425.000000 1 1
1973 01 28 420.000000 1 1
1973 01 29 400.000000 1 1
1973 01 30 335.000000 1 1
1973 01 31 330.000000 1 1
1973 02 01 248.000000 1 1
1973 02 02 256.000000 1 1
1973 02 03 251.000000 1 1
1973 02 04 273.000000 1 1
1973 02 05 299.000000 1 1
1973 02 06 267.000000 1 1
1973 02 07 220.000000 1 1
1973 02 08 200.000000 1 1
1973 02 09 216.000000 1 1
1973 02 10 262.000000 1 1
1973 02 11 409.000000 1 1
1973 02 12 710.000000 1 1
1973 02 13 977.000000 1 1
1973 02 14 1198.000000 1 1
1973 02 15 1390.000000 1 1
1973 02 16 1555.000000 1 1
1973 02 17 1705.000000 1 1
1973 02 18 1810.000000 1 1
1973 02 19 1870.000000 1 1
1973 02 20 1892.000000 1 1
1973 02 21 1920.000000 1 1
1973 02 22 1903.000000 1 1
1973 02 23 1859.000000 1 1
1973 02 24 1804.000000 1 1
1973 02 25 1744.000000 1 1
1973 02 26 1670.000000 1 1
1973 02 27 1620.000000 1 1
1973 02 28 1575.000000 1 1
1973 03 01 1525.000000 1 1
1973 03 02 1490.000000 1 1
1973 03 03 1440.000000 1 1
1973 03 04 1395.000000 1 1
1973 03 05 1385.000000 1 1
1973 03 06 1410.000000 1 1
1973 03 07 1425.000000 1 1
1973 03 08 1445.000000 1 1
1973 03 09 1455.000000 1 1
1973 03 10 1415.000000 1 1
1973 03 11 1310.000000 1 1
1973 03 12 1166.000000 1 1
1973 03 13 914.000000 1 1
1973 03 14 710.000000 1 1
1973 03 15 570.000000 1 1
1973 03 16 495.000000 1 1
1973 03 17 441.000000 1 1
1973 03 18 396.000000 1 1
1973 03 19 333.000000 1 1
1973 03 20 333.000000 1 1
1973 03 21 348.000000 1 1
1973 03 22 387.000000 1 1
1973 03 23 378.000000 1 1
1973 03 24 340.000000 1 1
1973 03 25 316.000000 1 1
1973 03 26 289.000000 1 1
1973 03 27 279.000000 1 1
1973 03 28 305.000000 1 1
1973 03 29 286.000000 1 1
1973 03 30 267.000000 1 1
1973 03 31 256.000000 1 1
1973 04 01 251.000000 1 1
1973 04 02 262.000000 1 1
1973 04 03 245.000000 1 1
1973 04 04 235.000000 1 1
1973 04 05 305.000000 1 1
1973 04 06 251.000000 1 1
1973 04 07 286.000000 1 1
1973 04 08 378.000000 1 1
1973 04 09 378.000000 1 1
1973 04 10 404.000000 1 1
1973 04 11 446.000000 1 1
1973 04 12 413.000000 1 1
1973 04 13 413.000000 1 1
1973 04 14 387.000000 1 1
1973 04 15 363.000000 1 1
1973 04 16 340.000000 1 1
1973 04 17 378.000000 1 1
1973 04 18 348.000000 1 1
1973 04 19 333.000000 1 1
1973 04 20 355.000000 1 1
1973 04 21 359.000000 1 1
1973 04 22 351.000000 1 1
1973 04 23 302.000000 1 1
1973 04 24 295.000000 1 1
1973 04 25 302.000000 1 1
1973 04 26 330.000000 1 1
1973 04 27 436.000000 1 1
1973 04 28 605.000000 1 1
1973 04 29 758.000000 1 1
1973 04 30 777.000000 1 1
1973 05 01 690.000000 1 1
1973 05 02 869.000000 1 1
1973 05 03 1535.000000 1 1
1973 05 04 1936.000000 1 1
1973 05 05 1870.000000 1 1
1973 05 06 1898.000000 1 1
1973 05 07 2028.000000 1 1
1973 05 08 2256.000000 1 1
1973 05 09 2427.000000 1 1
1973 05 10 2538.000000 1 1
1973 05 11 2610.000000 1 1
1973 05 12 2492.000000 1 1
1973 05 13 2453.000000 1 1
1973 05 14 2337.000000 1 1
1973 05 15 2132.000000 1 1
1973 05 16 2052.000000 1 1
1973 05 17 1455.000000 1 1
1973 05 18 1229.000000 1 1
1973 05 19 1117.000000 1 1
1973 05 20 777.000000 1 1
1973 05 21 670.000000 1 1
1973 05 22 725.000000 1 1
1973 05 23 833.000000 1 1
1973 05 24 768.000000 1 1
1973 05 25 739.000000 1 1
1973 05 26 710.000000 1 1
1973 05 27 660.000000 1 1
1973 05 28 645.000000 1 1
1973 05 29 630.000000 1 1
1973 05 30 580.000000 1 1
1973 05 31 510.000000 1 1
1973 06 01 480.000000 1 1
1973 06 02 456.000000 1 1
1973 06 03 475.000000 1 1
1973 06 04 500.000000 1 1
1973 06 05 500.000000 1 1
1973 06 06 480.000000 1 1
1973 06 07 490.000000 1 1
1973 06 08 510.000000 1 1
1973 06 09 600.000000 1 1
1973 06 10 833.000000 1 1
1973 06 11 344.000000 1 1
1973 06 12 1184.000000 1 1
1973 06 13 1283.000000 1 1
1973 06 14 1351.000000 1 1
1973 06 15 1360.000000 1 1
1973 06 16 1319.000000 1 1
1973 06 17 1247.000000 1 1
1973 06 18 1175.000000 1 1
1973 06 19 1072.000000 1 1
1973 06 20 991.000000 1 1
1973 06 21 928.000000 1 1
1973 06 22 815.000000 1 1
1973 06 23 710.000000 1 1
1973 06 24 690.000000 1 1
1973 06 25 1072.000000 1 1
1973 06 26 1360.000000 1 1
1973 06 27 1297.000000 1 1
1973 06 28 1184.000000 1 1
1973 06 29 1175.000000 1 1
1973 06 30 1184.000000 1 1
1973 07 01 1184.000000 1 1
1973 07 02 1157.000000 1 1
1973 07 03 1175.000000 1 1
1973 07 04 1225.000000 1 1
1973 07 05 1256.000000 1 1
1973 07 06 1274.000000 1 1
1973 07 07 1328.000000 1 1
1973 07 08 1328.000000 1 1
1973 07 09 1243.000000 1 1
1973 07 10 1189.000000 1 1
1973 07 11 1184.000000 1 1
1973 07 12 1238.000000 1 1
1973 07 13 1306.000000 1 1
1973 07 14 1415.000000 1 1
1973 07 15 1535.000000 1 1
1973 07 16 1837.000000 1 1
1973 07 17 1876.000000 1 1
1973 07 18 2077.000000 1 1
1973 07 19 2256.000000 1 1
1973 07 20 2453.000000 1 1
1973 07 21 2666.000000 1 1
1973 07 22 2975.000000 1 1
1973 07 23 3408.000000 1 1
1973 07 24 3796.000000 1 1
1973 07 25 3832.000000 1 1
1973 07 26 3796.000000 1 1
1973 07 27 3734.000000 1 1
1973 07 28 3631.000000 1 1
1973 07 29 3506.000000 1 1
1973 07 30 3360.000000 1 1
1973 07 31 3173.000000 1 1
1973 08 01 2975.000000 1 1
1973 08 02 2694.000000 1 1
1973 08 03 2453.000000 1 1
1973 08 04 2200.000000 1 1
1973 08 05 1969.000000 1 1
1973 08 06 1771.000000 1 1
1973 08 07 1585.000000 1 1
1973 08 08 1355.000000 1 1
1973 08 09 1157.000000 1 1
1973 08 10 1094.000000 1 1
1973 08 11 1076.000000 1 1
1973 08 12 1211.000000 1 1
1973 08 13 1380.000000 1 1
1973 08 14 1815.000000 1 1
1973 08 15 2071.000000 1 1
1973 08 16 2064.000000 1 1
1973 08 17 2052.000000 1 1
1973 08 18 2077.000000 1 1
1973 08 19 2151.000000 1 1
1973 08 20 2219.000000 1 1
1973 08 21 2237.000000 1 1
1973 08 22 2225.000000 1 1
1973 08 23 2213.000000 1 1
1973 08 24 2107.000000 1 1
1973 08 25 1958.000000 1 1
1973 08 26 1969.000000 1 1
1973 08 27 2188.000000 1 1
1973 08 28 2268.000000 1 1
1973 08 29 2275.000000 1 1
1973 08 30 2401.000000 1 1
1973 08 31 2499.000000 1 1
1973 09 01 2512.000000 1 1
1973 09 02 2479.000000 1 1
1973 09 03 2408.000000 1 1
1973 09 04 2300.000000 1 1
1973 09 05 2089.000000 1 1
1973 09 06 1843.000000 1 1
1973 09 07 1585.000000 1 1
1973 09 08 1355.000000 1 1
1973 09 09 1175.000000 1 1
1973 09 10 1094.000000 1 1
1973 09 11 1009.000000 1 1
1973 09 12 946.000000 1 1
1973 09 13 914.000000 1 1
1973 09 14 887.000000 1 1
1973 09 15 806.000000 1 1
1973 09 16 768.000000 1 1
1973 09 17 968.000000 1 1
1973 09 18 1625.000000 1 1
1973 09 19 2325.000000 1 1
1973 09 20 2767.000000 1 1
1973 09 21 2694.000000 1 1
1973 09 22 2401.000000 1 1
1973 09 23 2126.000000 1 1
1973 09 24 2213.000000 1 1
1973 09 25 2231.000000 1 1
1973 09 26 2213.000000 1 1
1973 09 27 2175.000000 1 1
1973 09 28 2089.000000 1 1
1973 09 29 1925.000000 1 1
1973 09 30 1738.000000 1 1
1973 10 01 1470.000000 1 1
1973 10 02 1211.000000 1 1
1973 10 03 1009.000000 1 1
1973 10 04 896.000000 1 1
1973 10 05 842.000000 1 1
1973 10 06 810.000000 1 1
1973 10 07 777.000000 1 1
1973 10 08 749.000000 1 1
1973 10 09 680.000000 1 1
1973 10 10 520.000000 1 1
1973 10 11 460.000000 1 1
1973 10 12 451.000000 1 1
1973 10 13 470.000000 1 1
1973 10 14 456.000000 1 1
1973 10 15 432.000000 1 1
1973 10 16 422.000000 1 1
1973 10 17 363.000000 1 1
1973 10 18 312.000000 1 1
1973 10 19 413.000000 1 1
1973 10 20 470.000000 1 1
1973 10 21 413.000000 1 1
1973 10 22 340.000000 1 1
1973 10 23 302.000000 1 1
1973 10 24 580.000000 1 1
1973 10 25 955.000000 1 1
1973 10 26 878.000000 1 1
1973 10 27 851.000000 1 1
1973 10 28 901.000000 1 1
1973 10 29 905.000000 1 1
1973 10 30 815.000000 1 1
1973 10 31 620.000000 1 1
1973 11 01 580.000000 1 1
1973 11 02 796.000000 1 1
1973 11 03 856.000000 1 1
1973 11 04 806.000000 1 1
1973 11 05 796.000000 1 1
1973 11 06 851.000000 1 1
1973 11 07 883.000000 1 1
1973 11 08 842.000000 1 1
1973 11 09 640.000000 1 1
1973 11 10 959.000000 1 1
1973 11 11 378.000000 1 1
1973 11 12 319.000000 1 1
1973 11 13 312.000000 1 1
1973 11 14 319.000000 1 1
1973 11 15 292.000000 1 1
1973 11 16 262.000000 1 1
1973 11 17 265.000000 1 1
1973 11 18 323.000000 1 1
1973 11 19 267.000000 1 1
1973 11 20 299.000000 1 1
1973 11 21 305.000000 1 1
1973 11 22 256.000000 1 1
1973 11 23 245.000000 1 1
1973 11 24 286.000000 1 1
1973 11 25 319.000000 1 1
1973 11 26 267.000000 1 1
1973 11 27 245.000000 1 1
1973 11 28 270.000000 1 1
1973 11 29 233.000000 1 1
1973 11 30 218.000000 1 1
1973 12 01 251.000000 1 1
1973 12 02 262.000000 1 1
1973 12 03 216.000000 1 1
1973 12 04 202.000000 1 1
1973 12 05 216.000000 1 1
1973 12 06 213.000000 1 1
1973 12 07 235.000000 1 1
1973 12 08 279.000000 1 1
1973 12 09 276.000000 1 1
1973 12 10 259.000000 1 1
1973 12 11 270.000000 1 1
1973 12 12 302.000000 1 1
1973 12 13 262.000000 1 1
1973 12 14 240.000000 1 1
1973 12 15 235.000000 1 1
1973 12 16 302.000000 1 1
1973 12 17 333.000000 1 1
1973 12 18 351.000000 1 1
1973 12 19 409.000000 1 1
1973 12 20 500.000000 1 1
1973 12 21 480.000000 1 1
1973 12 22 413.000000 1 1
1973 12 23 305.000000 1 1
1973 12 24 267.000000 1 1
1973 12 25 299.000000 1 1
1973 12 26 295.000000 1 1
1973 12 27 243.000000 1 1
1973 12 28 240.000000 1 1
1973 12 29 245.000000 1 1
1973 12 30 299.000000 1 1
1973 12 31 370.000000 1 1
1974 01 01 530.000000 1 1
1974 01 02 744.000000 1 1
1974 01 03 865.000000 1 1
1974 01 04 806.000000 1 1
1974 01 05 730.000000 1 1
1974 01 06 555.000000 1 1
1974 01 07 363.000000 1 1
1974 01 08 265.000000 1 1
1974 01 09 235.000000 1 1
1974 01 10 243.000000 1 1
1974 01 11 286.000000 1 1
1974 01 12 305.000000 1 1
1974 01 13 600.000000 1 1
1974 01 14 851.000000 1 1
1974 01 15 660.000000 1 1
1974 01 16 500.000000 1 1
1974 01 17 378.000000 1 1
1974 01 18 333.000000 1 1
1974 01 19 299.000000 1 1
1974 01 20 251.000000 1 1
1974 01 21 235.000000 1 1
1974 01 22 235.000000 1 1
1974 01 23 235.000000 1 1
1974 01 24 245.000000 1 1
1974 01 25 238.000000 1 1
1974 01 26 230.000000 1 1
1974 01 27 286.000000 1 1
1974 01 28 374.000000 1 1
1974 01 29 550.000000 1 1
1974 01 30 610.000000 1 1
1974 01 31 535.000000 1 1
1974 02 01 374.000000 1 1
1974 02 02 295.000000 1 1
1974 02 03 259.000000 1 1
1974 02 04 276.000000 1 1
1974 02 05 198.000000 1 1
1974 02 06 202.000000 1 1
1974 02 07 211.000000 1 1
1974 02 08 262.000000 1 1
1974 02 09 309.000000 1 1
1974 02 10 270.000000 1 1
1974 02 11 265.000000 1 1
1974 02 12 276.000000 1 1
1974 02 13 319.000000 1 1
1974 02 14 422.000000 1 1
1974 02 15 470.000000 1 1
1974 02 16 446.000000 1 1
1974 02 17 456.000000 1 1
1974 02 18 465.000000 1 1
1974 02 19 560.000000 1 1
1974 02 20 685.000000 1 1
1974 02 21 763.000000 1 1
1974 02 22 806.000000 1 1
1974 02 23 869.000000 1 1
1974 02 24 763.000000 1 1
1974 02 25 650.000000 1 1
1974 02 26 605.000000 1 1
1974 02 27 550.000000 1 1
1974 02 28 510.000000 1 1
1974 03 01 470.000000 1 1
1974 03 02 400.000000 1 1
1974 03 03 340.000000 1 1
1974 03 04 299.000000 1 1
1974 03 05 286.000000 1 1
1974 03 06 323.000000 1 1
1974 03 07 302.000000 1 1
1974 03 08 265.000000 1 1
1974 03 09 276.000000 1 1
1974 03 10 292.000000 1 1
1974 03 11 302.000000 1 1
1974 03 12 337.000000 1 1
1974 03 13 427.000000 1 1
1974 03 14 650.000000 1 1
1974 03 15 620.000000 1 1
1974 03 16 595.000000 1 1
1974 03 17 630.000000 1 1
1974 03 18 575.000000 1 1
1974 03 19 540.000000 1 1
1974 03 20 540.000000 1 1
1974 03 21 460.000000 1 1
1974 03 22 400.000000 1 1
1974 03 23 359.000000 1 1
1974 03 24 367.000000 1 1
1974 03 25 635.000000 1 1
1974 03 26 685.000000 1 1
1974 03 27 796.000000 1 1
1974 03 28 749.000000 1 1
1974 03 29 773.000000 1 1
1974 03 30 773.000000 1 1
1974 03 31 773.000000 1 1
1974 04 01 739.000000 1 1
1974 04 02 580.000000 1 1
1974 04 03 427.000000 1 1
1974 04 04 340.000000 1 1
1974 04 05 319.000000 1 1
1974 04 06 283.000000 1 1
1974 04 07 279.000000 1 1
1974 04 08 267.000000 1 1
1974 04 09 248.000000 1 1
1974 04 10 251.000000 1 1
1974 04 11 262.000000 1 1
1974 04 12 262.000000 1 1
1974 04 13 265.000000 1 1
1974 04 14 265.000000 1 1
1974 04 15 256.000000 1 1
1974 04 16 238.000000 1 1
1974 04 17 228.000000 1 1
1974 04 18 265.000000 1 1
1974 04 19 355.000000 1 1
1974 04 20 256.000000 1 1
1974 04 21 235.000000 1 1
1974 04 22 245.000000 1 1
1974 04 23 270.000000 1 1
1974 04 24 276.000000 1 1
1974 04 25 312.000000 1 1
1974 04 26 337.000000 1 1
1974 04 27 316.000000 1 1
1974 04 28 286.000000 1 1
1974 04 29 273.000000 1 1
1974 04 30 238.000000 1 1
1974 05 01 240.000000 1 1
1974 05 02 245.000000 1 1
1974 05 03 251.000000 1 1
1974 05 04 248.000000 1 1
1974 05 05 283.000000 1 1
1974 05 06 289.000000 1 1
1974 05 07 262.000000 1 1
1974 05 08 248.000000 1 1
1974 05 09 225.000000 1 1
1974 05 10 209.000000 1 1
1974 05 11 188.000000 1 1
1974 05 12 194.000000 1 1
1974 05 13 180.000000 1 1
1974 05 14 174.000000 1 1
1974 05 15 194.000000 1 1
1974 05 16 184.000000 1 1
1974 05 17 180.000000 1 1
1974 05 18 200.000000 1 1
1974 05 19 340.000000 1 1
1974 05 20 585.000000 1 1
1974 05 21 720.000000 1 1
1974 05 22 515.000000 1 1
1974 05 23 363.000000 1 1
1974 05 24 312.000000 1 1
1974 05 25 279.000000 1 1
1974 05 26 312.000000 1 1
1974 05 27 265.000000 1 1
1974 05 28 319.000000 1 1
1974 05 29 370.000000 1 1
1974 05 30 378.000000 1 1
1974 05 31 363.000000 1 1
1974 06 01 330.000000 1 1
1974 06 02 240.000000 1 1
1974 06 03 348.000000 1 1
1974 06 04 378.000000 1 1
1974 06 05 305.000000 1 1
1974 06 06 262.000000 1 1
1974 06 07 299.000000 1 1
1974 06 08 265.000000 1 1
1974 06 09 422.000000 1 1
1974 06 10 1580.000000 1 1
1974 06 11 1859.000000 1 1
1974 06 12 1727.000000 1 1
1974 06 13 1685.000000 1 1
1974 06 14 1727.000000 1 1
1974 06 15 1771.000000 1 1
1974 06 16 1766.000000 1 1
1974 06 17 1640.000000 1 1
1974 06 18 1580.000000 1 1
1974 06 19 1355.000000 1 1
1974 06 20 1229.000000 1 1
1974 06 21 1243.000000 1 1
1974 06 22 1306.000000 1 1
1974 06 23 1328.000000 1 1
1974 06 24 1395.000000 1 1
1974 06 25 1485.000000 1 1
1974 06 26 1510.000000 1 1
1974 06 27 1435.000000 1 1
1974 06 28 1355.000000 1 1
1974 06 29 1189.000000 1 1
1974 06 30 919.000000 1 1
1974 07 01 820.000000 1 1
1974 07 02 768.000000 1 1
1974 07 03 560.000000 1 1
1974 07 04 650.000000 1 1
1974 07 05 530.000000 1 1
1974 07 06 495.000000 1 1
1974 07 07 515.000000 1 1
1974 07 08 480.000000 1 1
1974 07 09 892.000000 1 1
1974 07 10 739.000000 1 1
1974 07 11 370.000000 1 1
1974 07 12 363.000000 1 1
1974 07 13 490.000000 1 1
1974 07 14 505.000000 1 1
1974 07 15 391.000000 1 1
1974 07 16 344.000000 1 1
1974 07 17 355.000000 1 1
1974 07 18 590.000000 1 1
1974 07 19 833.000000 1 1
1974 07 20 910.000000 1 1
1974 07 21 1121.000000 1 1
1974 07 22 1385.000000 1 1
1974 07 23 1400.000000 1 1
1974 07 24 1510.000000 1 1
1974 07 25 1495.000000 1 1
1974 07 26 1550.000000 1 1
1974 07 27 1470.000000 1 1
1974 07 28 1328.000000 1 1
1974 07 29 1063.000000 1 1
1974 07 30 824.000000 1 1
1974 07 31 865.000000 1 1
1974 08 01 801.000000 1 1
1974 08 02 734.000000 1 1
1974 08 03 695.000000 1 1
1974 08 04 685.000000 1 1
1974 08 05 829.000000 1 1
1974 08 06 1126.000000 1 1
1974 08 07 1555.000000 1 1
1974 08 08 1755.000000 1 1
1974 08 09 1881.000000 1 1
1974 08 10 1969.000000 1 1
1974 08 11 2034.000000 1 1
1974 08 12 2028.000000 1 1
1974 08 13 1925.000000 1 1
1974 08 14 1799.000000 1 1
1974 08 15 1640.000000 1 1
1974 08 16 1505.000000 1 1
1974 08 17 1175.000000 1 1
1974 08 18 959.000000 1 1
1974 08 19 758.000000 1 1
1974 08 20 585.000000 1 1
1974 08 21 540.000000 1 1
1974 08 22 355.000000 1 1
1974 08 23 299.000000 1 1
1974 08 24 505.000000 1 1
1974 08 25 413.000000 1 1
1974 08 26 427.000000 1 1
1974 08 27 432.000000 1 1
1974 08 28 427.000000 1 1
1974 08 29 560.000000 1 1
1974 08 30 730.000000 1 1
1974 08 31 910.000000 1 1
1974 09 01 1076.000000 1 1
1974 09 02 1220.000000 1 1
1974 09 03 1711.000000 1 1
1974 09 04 1495.000000 1 1
1974 09 05 1027.000000 1 1
1974 09 06 923.000000 1 1
1974 09 07 815.000000 1 1
1974 09 08 777.000000 1 1
1974 09 09 763.000000 1 1
1974 09 10 650.000000 1 1
1974 09 11 253.000000 1 1
1974 09 12 259.000000 1 1
1974 09 13 337.000000 1 1
1974 09 14 400.000000 1 1
1974 09 15 363.000000 1 1
1974 09 16 378.000000 1 1
1974 09 17 333.000000 1 1
1974 09 18 305.000000 1 1
1974 09 19 355.000000 1 1
1974 09 20 427.000000 1 1
1974 09 21 590.000000 1 1
1974 09 22 705.000000 1 1
1974 09 23 645.000000 1 1
1974 09 24 635.000000 1 1
1974 09 25 695.000000 1 1
1974 09 26 710.000000 1 1
1974 09 27 768.000000 1 1
1974 09 28 887.000000 1 1
1974 09 29 982.000000 1 1
1974 09 30 1036.000000 1 1
1974 10 01 1000.000000 1 1
1974 10 02 982.000000 1 1
1974 10 03 932.000000 1 1
1974 10 04 874.000000 1 1
1974 10 05 860.000000 1 1
1974 10 06 777.000000 1 1
1974 10 07 605.000000 1 1
1974 10 08 495.000000 1 1
1974 10 09 333.000000 1 1
1974 10 10 209.000000 1 1
1974 10 11 235.000000 1 1
1974 10 12 309.000000 1 1
1974 10 13 295.000000 1 1
1974 10 14 312.000000 1 1
1974 10 15 233.000000 1 1
1974 10 16 240.000000 1 1
1974 10 17 235.000000 1 1
1974 10 18 256.000000 1 1
1974 10 19 283.000000 1 1
1974 10 20 253.000000 1 1
1974 10 21 265.000000 1 1
1974 10 22 233.000000 1 1
1974 10 23 209.000000 1 1
1974 10 24 154.000000 1 1
1974 10 25 465.000000 1 1
1974 10 26 422.000000 1 1
1974 10 27 370.000000 1 1
1974 10 28 387.000000 1 1
1974 10 29 359.000000 1 1
1974 10 30 312.000000 1 1
1974 10 31 276.000000 1 1
1974 11 01 316.000000 1 1
1974 11 02 289.000000 1 1
1974 11 03 228.000000 1 1
1974 11 04 220.000000 1 1
1974 11 05 378.000000 1 1
1974 11 06 359.000000 1 1
1974 11 07 418.000000 1 1
1974 11 08 560.000000 1 1
1974 11 09 485.000000 1 1
1974 11 10 363.000000 1 1
1974 11 11 270.000000 1 1
1974 11 12 256.000000 1 1
1974 11 13 220.000000 1 1
1974 11 14 209.000000 1 1
1974 11 15 305.000000 1 1
1974 11 16 305.000000 1 1
1974 11 17 292.000000 1 1
1974 11 18 245.000000 1 1
1974 11 19 273.000000 1 1
1974 11 20 253.000000 1 1
1974 11 21 262.000000 1 1
1974 11 22 295.000000 1 1
1974 11 23 283.000000 1 1
1974 11 24 240.000000 1 1
1974 11 25 256.000000 1 1
1974 11 26 245.000000 1 1
1974 11 27 262.000000 1 1
1974 11 28 333.000000 1 1
1974 11 29 286.000000 1 1
1974 11 30 302.000000 1 1
1974 12 01 355.000000 1 1
1974 12 02 670.000000 1 1
1974 12 03 1063.000000 1 1
1974 12 04 1355.000000 1 1
1974 12 05 1390.000000 1 1
1974 12 06 1355.000000 1 1
1974 12 07 1297.000000 1 1
1974 12 08 1202.000000 1 1
1974 12 09 1076.000000 1 1
1974 12 10 919.000000 1 1
1974 12 11 630.000000 1 1
1974 12 12 396.000000 1 1
1974 12 13 409.000000 1 1
1974 12 14 391.000000 1 1
1974 12 15 344.000000 1 1
1974 12 16 302.000000 1 1
1974 12 17 319.000000 1 1
1974 12 18 337.000000 1 1
1974 12 19 302.000000 1 1
1974 12 20 273.000000 1 1
1974 12 21 279.000000 1 1
1974 12 22 267.000000 1 1
1974 12 23 270.000000 1 1
1974 12 24 337.000000 1 1
1974 12 25 286.000000 1 1
1974 12 26 270.000000 1 1
1974 12 27 267.000000 1 1
1974 12 28 323.000000 1 1
1974 12 29 340.000000 1 1
1974 12 30 299.000000 1 1
1974 12 31 333.000000 1 1
1975 01 01 340.000000 1 1
1975 01 02 251.000000 1 1
1975 01 03 192.000000 1 1
1975 01 04 120.000000 1 1
1975 01 05 90.800000 1 1
1975 01 06 78.000000 1 1
1975 01 07 74.000000 1 1
1975 01 08 76.000000 1 1
1975 01 09 79.500000 1 1
1975 01 10 85.900000 1 1
1975 01 11 209.000000 1 1
1975 01 12 456.000000 1 1
1975 01 13 460.000000 1 1
1975 01 14 490.000000 1 1
1975 01 15 451.000000 1 1
1975 01 16 422.000000 1 1
1975 01 17 400.000000 1 1
1975 01 18 378.000000 1 1
1975 01 19 475.000000 1 1
1975 01 20 500.000000 1 1
1975 01 21 550.000000 1 1
1975 01 22 470.000000 1 1
1975 01 23 378.000000 1 1
1975 01 24 309.000000 1 1
1975 01 25 267.000000 1 1
1975 01 26 251.000000 1 1
1975 01 27 262.000000 1 1
1975 01 28 276.000000 1 1
1975 01 29 270.000000 1 1
1975 01 30 316.000000 1 1
1975 01 31 495.000000 1 1
1975 02 01 228.000000 1 1
1975 02 02 253.000000 1 1
1975 02 03 337.000000 1 1
1975 02 04 615.000000 1 1
1975 02 05 555.000000 1 1
1975 02 06 316.000000 1 1
1975 02 07 267.000000 1 1
1975 02 08 256.000000 1 1
1975 02 09 256.000000 1 1
1975 02 10 213.000000 1 1
1975 02 11 182.000000 1 1
1975 02 12 188.000000 1 1
1975 02 13 216.000000 1 1
1975 02 14 186.000000 1 1
1975 02 15 228.000000 1 1
1975 02 16 500.000000 1 1
1975 02 17 270.000000 1 1
1975 02 18 256.000000 1 1
1975 02 19 225.000000 1 1
1975 02 20 216.000000 1 1
1975 02 21 233.000000 1 1
1975 02 22 316.000000 1 1
1975 02 23 316.000000 1 1
1975 02 24 286.000000 1 1
1975 02 25 302.000000 1 1
1975 02 26 223.000000 1 1
1975 02 27 223.000000 1 1
1975 02 28 256.000000 1 1
1975 03 01 198.000000 1 1
1975 03 02 176.000000 1 1
1975 03 03 178.000000 1 1
1975 03 04 176.000000 1 1
1975 03 05 155.000000 1 1
1975 03 06 152.000000 1 1
1975 03 07 157.000000 1 1
1975 03 08 182.000000 1 1
1975 03 09 205.000000 1 1
1975 03 10 216.000000 1 1
1975 03 11 200.000000 1 1
1975 03 12 218.000000 1 1
1975 03 13 230.000000 1 1
1975 03 14 228.000000 1 1
1975 03 15 209.000000 1 1
1975 03 16 225.000000 1 1
1975 03 17 211.000000 1 1
1975 03 18 198.000000 1 1
1975 03 19 188.000000 1 1
1975 03 20 188.000000 1 1
1975 03 21 188.000000 1 1
1975 03 22 186.000000 1 1
1975 03 23 192.000000 1 1
1975 03 24 228.000000 1 1
1975 03 25 248.000000 1 1
1975 03 26 245.000000 1 1
1975 03 27 228.000000 1 1
1975 03 28 211.000000 1 1
1975 03 29 200.000000 1 1
1975 03 30 209.000000 1 1
1975 03 31 248.000000 1 1
1975 04 01 382.000000 1 1
1975 04 02 456.000000 1 1
1975 04 03 384.000000 1 1
1975 04 04 371.000000 1 1
1975 04 05 333.000000 1 1
1975 04 06 303.000000 1 1
1975 04 07 246.000000 1 1
1975 04 08 203.000000 1 1
1975 04 09 210.000000 1 1
1975 04 10 203.000000 1 1
1975 04 11 214.000000 1 1
1975 04 12 293.000000 1 1
1975 04 13 363.000000 1 1
1975 04 14 356.000000 1 1
1975 04 15 259.000000 1 1
1975 04 16 224.000000 1 1
1975 04 17 201.000000 1 1
1975 04 18 201.000000 1 1
1975 04 19 199.000000 1 1
1975 04 20 205.000000 1 1
1975 04 21 221.000000 1 1
1975 04 22 224.000000 1 1
1975 04 23 243.000000 1 1
1975 04 24 262.000000 1 1
1975 04 25 246.000000 1 1
1975 04 26 246.000000 1 1
1975 04 27 259.000000 1 1
1975 04 28 254.000000 1 1
1975 04 29 238.000000 1 1
1975 04 30 359.000000 1 1
1975 05 01 310.000000 1 1
1975 05 02 287.000000 1 1
1975 05 03 293.000000 1 1
1975 05 04 316.000000 1 1
1975 05 05 310.000000 1 1
1975 05 06 356.000000 1 1
1975 05 07 367.000000 1 1
1975 05 08 330.000000 1 1
1975 05 09 287.000000 1 1
1975 05 10 274.000000 1 1
1975 05 11 274.000000 1 1
1975 05 12 268.000000 1 1
1975 05 13 284.000000 1 1
1975 05 14 284.000000 1 1
1975 05 15 316.000000 1 1
1975 05 16 356.000000 1 1
1975 05 17 405.000000 1 1
1975 05 18 505.000000 1 1
1975 05 19 480.000000 1 1
1975 05 20 405.000000 1 1
1975 05 21 352.000000 1 1
1975 05 22 323.000000 1 1
1975 05 23 254.000000 1 1
1975 05 24 243.000000 1 1
1975 05 25 290.000000 1 1
1975 05 26 287.000000 1 1
1975 05 27 284.000000 1 1
1975 05 28 265.000000 1 1
1975 05 29 246.000000 1 1
1975 05 30 226.000000 1 1
1975 05 31 243.000000 1 1
1975 06 01 293.000000 1 1
1975 06 02 419.000000 1 1
1975 06 03 480.000000 1 1
1975 06 04 609.000000 1 1
1975 06 05 705.000000 1 1
1975 06 06 842.000000 1 1
1975 06 07 854.000000 1 1
1975 06 08 846.000000 1 1
1975 06 09 862.000000 1 1
1975 06 10 866.000000 1 1
1975 06 11 882.000000 1 1
1975 06 12 970.000000 1 1
1975 06 13 1058.000000 1 1
1975 06 14 1128.000000 1 1
1975 06 15 1154.000000 1 1
1975 06 16 1136.000000 1 1
1975 06 17 1094.000000 1 1
1975 06 18 998.000000 1 1
1975 06 19 870.000000 1 1
1975 06 20 709.000000 1 1
1975 06 21 480.000000 1 1
1975 06 22 525.000000 1 1
1975 06 23 590.000000 1 1
1975 06 24 560.000000 1 1
1975 06 25 595.000000 1 1
1975 06 26 970.000000 1 1
1975 06 27 1034.000000 1 1
1975 06 28 1038.000000 1 1
1975 06 29 934.000000 1 1
1975 06 30 838.000000 1 1
1975 07 01 632.000000 1 1
1975 07 02 585.000000 1 1
1975 07 03 433.000000 1 1
1975 07 04 466.000000 1 1
1975 07 05 609.000000 1 1
1975 07 06 679.000000 1 1
1975 07 07 679.000000 1 1
1975 07 08 575.000000 1 1
1975 07 09 520.000000 1 1
1975 07 10 530.000000 1 1
1975 07 11 590.000000 1 1
1975 07 12 717.000000 1 1
1975 07 13 778.000000 1 1
1975 07 14 922.000000 1 1
1975 07 15 1050.000000 1 1
1975 07 16 1103.000000 1 1
1975 07 17 1184.000000 1 1
1975 07 18 1243.000000 1 1
1975 07 19 1252.000000 1 1
1975 07 20 1216.000000 1 1
1975 07 21 1171.000000 1 1
1975 07 22 1094.000000 1 1
1975 07 23 986.000000 1 1
1975 07 24 890.000000 1 1
1975 07 25 786.000000 1 1
1975 07 26 717.000000 1 1
1975 07 27 746.000000 1 1
1975 07 28 679.000000 1 1
1975 07 29 471.000000 1 1
1975 07 30 451.000000 1 1
1975 07 31 376.000000 1 1
1975 08 01 371.000000 1 1
1975 08 02 380.000000 1 1
1975 08 03 433.000000 1 1
1975 08 04 585.000000 1 1
1975 08 05 930.000000 1 1
1975 08 06 894.000000 1 1
1975 08 07 902.000000 1 1
1975 08 08 970.000000 1 1
1975 08 09 966.000000 1 1
1975 08 10 1216.000000 1 1
1975 08 11 1931.000000 1 1
1975 08 12 2194.000000 1 1
1975 08 13 2231.000000 1 1
1975 08 14 2281.000000 1 1
1975 08 15 2408.000000 1 1
1975 08 16 2570.000000 1 1
1975 08 17 2659.000000 1 1
1975 08 18 2694.000000 1 1
1975 08 19 2673.000000 1 1
1975 08 20 2590.000000 1 1
1975 08 21 2447.000000 1 1
1975 08 22 2306.000000 1 1
1975 08 23 2157.000000 1 1
1975 08 24 1998.000000 1 1
1975 08 25 1876.000000 1 1
1975 08 26 1695.000000 1 1
1975 08 27 1570.000000 1 1
1975 08 28 1485.000000 1 1
1975 08 29 1505.000000 1 1
1975 08 30 1605.000000 1 1
1975 08 31 1892.000000 1 1
1975 09 01 2071.000000 1 1
1975 09 02 2058.000000 1 1
1975 09 03 2089.000000 1 1
1975 09 04 2077.000000 1 1
1975 09 05 2040.000000 1 1
1975 09 06 2010.000000 1 1
1975 09 07 1936.000000 1 1
1975 09 08 1876.000000 1 1
1975 09 09 1810.000000 1 1
1975 09 10 1832.000000 1 1
1975 09 11 2040.000000 1 1
1975 09 12 2268.000000 1 1
1975 09 13 2206.000000 1 1
1975 09 14 2268.000000 1 1
1975 09 15 2486.000000 1 1
1975 09 16 2767.000000 1 1
1975 09 17 2855.000000 1 1
1975 09 18 2878.000000 1 1
1975 09 19 2870.000000 1 1
1975 09 20 2848.000000 1 1
1975 09 21 2803.000000 1 1
1975 09 22 2716.000000 1 1
1975 09 23 2617.000000 1 1
1975 09 24 2479.000000 1 1
1975 09 25 2350.000000 1 1
1975 09 26 2244.000000 1 1
1975 09 27 2144.000000 1 1
1975 09 28 2010.000000 1 1
1975 09 29 1865.000000 1 1
1975 09 30 1700.000000 1 1
1975 10 01 1545.000000 1 1
1975 10 02 1455.000000 1 1
1975 10 03 1395.000000 1 1
1975 10 04 1365.000000 1 1
1975 10 05 1297.000000 1 1
1975 10 06 1198.000000 1 1
1975 10 07 1066.000000 1 1
1975 10 08 942.000000 1 1
1975 10 09 818.000000 1 1
1975 10 10 806.000000 1 1
1975 10 11 806.000000 1 1
1975 10 12 786.000000 1 1
1975 10 13 766.000000 1 1
1975 10 14 734.000000 1 1
1975 10 15 658.000000 1 1
1975 10 16 692.000000 1 1
1975 10 17 618.000000 1 1
1975 10 18 585.000000 1 1
1975 10 19 560.000000 1 1
1975 10 20 530.000000 1 1
1975 10 21 560.000000 1 1
1975 10 22 590.000000 1 1
1975 10 23 545.000000 1 1
1975 10 24 446.000000 1 1
1975 10 25 397.000000 1 1
1975 10 26 414.000000 1 1
1975 10 27 456.000000 1 1
1975 10 28 466.000000 1 1
1975 10 29 471.000000 1 1
1975 10 30 505.000000 1 1
1975 10 31 555.000000 1 1
1975 11 01 709.000000 1 1
1975 11 02 734.000000 1 1
1975 11 03 713.000000 1 1
1975 11 04 701.000000 1 1
1975 11 05 645.000000 1 1
1975 11 06 609.000000 1 1
1975 11 07 555.000000 1 1
1975 11 08 535.000000 1 1
1975 11 09 520.000000 1 1
1975 11 10 480.000000 1 1
1975 11 11 437.000000 1 1
1975 11 12 442.000000 1 1
1975 11 13 384.000000 1 1
1975 11 14 359.000000 1 1
1975 11 15 323.000000 1 1
1975 11 16 419.000000 1 1
1975 11 17 505.000000 1 1
1975 11 18 662.000000 1 1
1975 11 19 886.000000 1 1
1975 11 20 902.000000 1 1
1975 11 21 966.000000 1 1
1975 11 22 958.000000 1 1
1975 11 23 958.000000 1 1
1975 11 24 970.000000 1 1
1975 11 25 934.000000 1 1
1975 11 26 886.000000 1 1
1975 11 27 850.000000 1 1
1975 11 28 834.000000 1 1
1975 11 29 810.000000 1 1
1975 11 30 738.000000 1 1
1975 12 01 627.000000 1 1
1975 12 02 555.000000 1 1
1975 12 03 476.000000 1 1
1975 12 04 466.000000 1 1
1975 12 05 410.000000 1 1
1975 12 06 356.000000 1 1
1975 12 07 310.000000 1 1
1975 12 08 352.000000 1 1
1975 12 09 466.000000 1 1
1975 12 10 466.000000 1 1
1975 12 11 645.000000 1 1
1975 12 12 717.000000 1 1
1975 12 13 890.000000 1 1
1975 12 14 878.000000 1 1
1975 12 15 862.000000 1 1
1975 12 16 810.000000 1 1
1975 12 17 774.000000 1 1
1975 12 18 713.000000 1 1
1975 12 19 641.000000 1 1
1975 12 20 555.000000 1 1
1975 12 21 371.000000 1 1
1975 12 22 356.000000 1 1
1975 12 23 371.000000 1 1
1975 12 24 405.000000 1 1
1975 12 25 341.000000 1 1
1975 12 26 323.000000 1 1
1975 12 27 306.000000 1 1
1975 12 28 284.000000 1 1
1975 12 29 271.000000 1 1
1975 12 30 274.000000 1 1
1975 12 31 274.000000 1 1
1976 01 01 259.000000 1 1
1976 01 02 257.000000 1 1
1976 01 03 243.000000 1 1
1976 01 04 224.000000 1 1
1976 01 05 230.000000 1 1
1976 01 06 254.000000 1 1
1976 01 07 333.000000 1 1
1976 01 08 348.000000 1 1
1976 01 09 345.000000 1 1
1976 01 10 405.000000 1 1
1976 01 11 525.000000 1 1
1976 01 12 510.000000 1 1
1976 01 13 520.000000 1 1
1976 01 14 623.000000 1 1
1976 01 15 766.000000 1 1
1976 01 16 766.000000 1 1
1976 01 17 717.000000 1 1
1976 01 18 658.000000 1 1
1976 01 19 565.000000 1 1
1976 01 20 510.000000 1 1
1976 01 21 480.000000 1 1
1976 01 22 380.000000 1 1
1976 01 23 323.000000 1 1
1976 01 24 287.000000 1 1
1976 01 25 268.000000 1 1
1976 01 26 287.000000 1 1
1976 01 27 388.000000 1 1
1976 01 28 388.000000 1 1
1976 01 29 323.000000 1 1
1976 01 30 319.000000 1 1
1976 01 31 287.000000 1 1
1976 02 01 300.000000 1 1
1976 02 02 337.000000 1 1
1976 02 03 348.000000 1 1
1976 02 04 380.000000 1 1
1976 02 05 410.000000 1 1
1976 02 06 480.000000 1 1
1976 02 07 505.000000 1 1
1976 02 08 461.000000 1 1
1976 02 09 485.000000 1 1
1976 02 10 461.000000 1 1
1976 02 11 397.000000 1 1
1976 02 12 323.000000 1 1
1976 02 13 296.000000 1 1
1976 02 14 306.000000 1 1
1976 02 15 287.000000 1 1
1976 02 16 278.000000 1 1
1976 02 17 257.000000 1 1
1976 02 18 249.000000 1 1
1976 02 19 246.000000 1 1
1976 02 20 217.000000 1 1
1976 02 21 221.000000 1 1
1976 02 22 284.000000 1 1
1976 02 23 345.000000 1 1
1976 02 24 414.000000 1 1
1976 02 25 510.000000 1 1
1976 02 26 433.000000 1 1
1976 02 27 380.000000 1 1
1976 02 28 262.000000 1 1
1976 02 29 233.000000 1 1
