year month day streamflow_m3s qual_control_by_ana qual_flag
2009 01 01 32.300000 1 1
2009 01 02 28.400000 1 1
2009 01 03 35.570000 1 1
2009 01 04 431.420000 1 1
2009 01 05 326.310000 1 1
2009 01 06 197.850000 1 1
2009 01 07 145.970000 1 1
2009 01 08 133.190000 1 1
2009 01 09 106.820000 1 1
2009 01 10 243.790000 1 1
2009 01 11 242.240000 1 1
2009 01 12 177.170000 1 1
2009 01 13 216.420000 1 1
2009 01 14 151.880000 1 1
2009 01 15 141.280000 1 1
2009 01 16 96.700000 1 1
2009 01 17 73.560000 1 1
2009 01 18 193.460000 1 1
2009 01 19 209.840000 1 1
2009 01 20 193.390000 1 1
2009 01 21 210.650000 1 1
2009 01 22 153.250000 1 1
2009 01 23 97.220000 1 1
2009 01 24 82.660000 1 1
2009 01 25 65.750000 1 1
2009 01 26 55.870000 1 1
2009 01 27 54.930000 1 1
2009 01 28 89.730000 1 1
2009 01 29 225.410000 1 1
2009 01 30 320.690000 1 1
2009 01 31 181.180000 1 1
2009 02 01 137.790000 1 1
2009 02 02 104.920000 1 1
2009 02 03 87.940000 1 1
2009 02 04 91.510000 1 1
2009 02 05 71.350000 1 1
2009 02 06 68.460000 1 1
2009 02 07 57.760000 1 1
2009 02 08 53.770000 1 1
2009 02 09 28.910000 1 1
2009 02 10 41.610000 1 1
2009 02 11 42.210000 1 1
2009 02 12 44.020000 1 1
2009 02 13 34.450000 1 1
2009 02 14 32.740000 1 1
2009 02 15 38.730000 1 1
2009 02 16 29.930000 1 1
2009 02 17 150.920000 1 1
2009 02 18 104.790000 1 1
2009 02 19 145.970000 1 1
2009 02 20 337.910000 1 1
2009 02 21 412.170000 1 1
2009 02 22 263.360000 1 1
2009 02 23 178.520000 1 1
2009 02 24 136.590000 1 1
2009 02 25 169.340000 1 1
2009 02 26 165.020000 1 1
2009 02 27 158.440000 1 1
2009 02 28 164.260000 1 1
2009 03 01 138.920000 1 1
2009 03 02 181.150000 1 1
2009 03 03 237.530000 1 1
2009 03 04 200.380000 1 1
2009 03 05 165.510000 1 1
2009 03 06 108.890000 1 1
2009 03 07 87.040000 1 1
2009 03 08 80.100000 1 1
2009 03 09 59.090000 1 1
2009 03 10 144.700000 1 1
2009 03 11 183.630000 1 1
2009 03 12 242.240000 1 1
2009 03 13 285.330000 1 1
2009 03 14 204.130000 1 1
2009 03 15 148.300000 1 1
2009 03 16 133.510000 1 1
2009 03 17 84.390000 1 1
2009 03 18 78.420000 1 1
2009 03 19 77.580000 1 1
2009 03 20 58.280000 1 1
2009 03 21 74.110000 1 1
2009 03 22 69.270000 1 1
2009 03 23 60.670000 1 1
2009 03 24 61.240000 1 1
2009 03 25 63.790000 1 1
2009 03 26 68.770000 1 1
2009 03 27 58.370000 1 1
2009 03 28 43.960000 1 1
2009 03 29 59.070000 1 1
2009 03 30 47.270000 1 1
2009 03 31 46.250000 1 1
2009 04 01 32.830000 1 1
2009 04 02 30.800000 1 1
2009 04 03 30.450000 1 1
2009 04 04 34.450000 1 1
2009 04 05 24.830000 1 1
2009 04 06 26.500000 1 1
2009 04 07 18.040000 1 1
2009 04 08 24.970000 1 1
2009 04 09 9.580000 1 1
2009 04 10 25.670000 1 1
2009 04 11 23.510000 1 1
2009 04 12 10.700000 1 1
2009 04 13 22.200000 1 1
2009 04 14 8.140000 1 1
2009 04 15 20.370000 1 1
2009 04 16 7.200000 1 1
2009 04 17 19.590000 1 1
2009 04 18 10.370000 1 1
2009 04 19 8.650000 1 1
2009 04 20 8.590000 1 1
2009 04 21 8.140000 1 1
2009 04 22 7.650000 1 1
2009 04 23 14.060000 1 1
2009 04 24 23.310000 1 1
2009 04 25 76.570000 1 1
2009 04 26 45.850000 1 1
2009 04 27 27.100000 1 1
2009 04 28 15.690000 1 1
2009 04 29 15.540000 1 1
2009 04 30 23.040000 1 1
2009 05 01 8.430000 1 1
2009 05 02 6.990000 1 1
2009 05 03 21.800000 1 1
2009 05 04 7.320000 1 1
2009 05 05 3.910000 1 1
2009 05 06 21.800000 1 1
2009 05 07 8.770000 1 1
2009 05 08 1.760000 1 1
2009 05 09 12.230000 1 1
2009 05 10 10.220000 1 1
2009 05 11 3.020000 1 1
2009 05 12 1.760000 1 1
2009 05 13 22.340000 1 1
2009 05 14 90.390000 1 1
2009 05 15 188.460000 1 1
2009 05 16 152.950000 1 1
2009 05 17 130.820000 1 1
2009 05 18 60.660000 1 1
2009 05 19 43.100000 1 1
2009 05 20 34.220000 1 1
2009 05 21 33.050000 1 1
2009 05 22 20.060000 1 1
2009 05 23 30.970000 1 1
2009 05 24 15.660000 1 1
2009 05 25 20.120000 1 1
2009 05 26 14.250000 1 1
2009 05 27 6.610000 1 1
2009 05 28 32.300000 1 1
2009 05 29 22.340000 1 1
2009 05 30 58.570000 1 1
2009 05 31 63.690000 1 1
2009 06 01 143.690000 1 1
2009 06 02 139.040000 1 1
2009 06 03 90.620000 1 1
2009 06 04 62.130000 1 1
2009 06 05 49.580000 1 1
2009 06 06 36.590000 1 1
2009 06 07 58.390000 1 1
2009 06 08 21.970000 1 1
2009 06 09 43.960000 1 1
2009 06 10 24.200000 1 1
2009 06 11 53.920000 1 1
2009 06 12 61.140000 1 1
2009 06 13 41.000000 1 1
2009 06 14 36.500000 1 1
2009 06 15 20.590000 1 1
2009 06 16 40.180000 1 1
2009 06 17 113.820000 1 1
2009 06 18 130.690000 1 1
2009 06 19 148.640000 1 1
2009 06 20 58.010000 1 1
2009 06 21 89.690000 1 1
2009 06 22 54.930000 1 1
2009 06 23 67.240000 1 1
2009 06 24 130.010000 1 1
2009 06 25 214.820000 1 1
2009 06 26 158.370000 1 1
2009 06 27 120.100000 1 1
2009 06 28 97.070000 1 1
2009 06 29 82.650000 1 1
2009 06 30 88.800000 1 1
2009 07 01 106.740000 1 1
2009 07 02 98.950000 1 1
2009 07 03 72.190000 1 1
2009 07 04 59.800000 1 1
2009 07 05 57.700000 1 1
2009 07 06 50.890000 1 1
2009 07 07 54.930000 1 1
2009 07 08 233.150000 1 1
2009 07 09 270.370000 1 1
2009 07 10 268.100000 1 1
2009 07 11 345.200000 1 1
2009 07 12 263.270000 1 1
2009 07 13 237.530000 1 1
2009 07 14 169.400000 1 1
2009 07 15 143.690000 1 1
2009 07 16 392.660000 1 1
2009 07 17 1022.460000 1 1
2009 07 18 620.680000 1 1
2009 07 19 409.860000 1 1
2009 07 20 276.630000 1 1
2009 07 21 226.850000 1 1
2009 07 22 214.820000 1 1
2009 07 23 195.490000 1 1
2009 07 24 166.680000 1 1
2009 07 25 149.610000 1 1
2009 07 26 128.220000 1 1
2009 07 27 114.780000 1 1
2009 07 28 107.610000 1 1
2009 07 29 97.510000 1 1
2009 07 30 96.340000 1 1
2009 07 31 85.520000 1 1
2009 08 01 78.160000 1 1
2009 08 02 158.320000 1 1
2009 08 03 336.160000 1 1
2009 08 04 257.240000 1 1
2009 08 05 196.150000 1 1
2009 08 06 216.190000 1 1
2009 08 07 362.620000 1 1
2009 08 08 574.690000 1 1
2009 08 09 1257.420000 1 1
2009 08 10 2674.050000 1 1
2009 08 11 1253.620000 1 1
2009 08 12 682.250000 1 1
2009 08 13 502.490000 1 1
2009 08 14 399.450000 1 1
2009 08 15 328.610000 1 1
2009 08 16 282.890000 1 1
2009 08 17 280.220000 1 1
2009 08 18 451.360000 1 1
2009 08 19 738.890000 1 1
2009 08 20 796.950000 1 1
2009 08 21 507.250000 1 1
2009 08 22 373.430000 1 1
2009 08 23 309.040000 1 1
2009 08 24 268.310000 1 1
2009 08 25 251.210000 1 1
2009 08 26 224.270000 1 1
2009 08 27 187.390000 1 1
2009 08 28 167.100000 1 1
2009 08 29 153.700000 1 1
2009 08 30 148.860000 1 1
2009 08 31 139.030000 1 1
2009 09 01 138.400000 1 0
2009 09 02 386.910000 1 0
2009 09 03 1495.630000 1 0
2009 09 04 1419.180000 1 0
2009 09 05 758.200000 1 0
2009 09 06 499.550000 1 0
2009 09 07 391.860000 1 0
2009 09 08 1367.220000 1 0
2009 09 09 1748.850000 1 0
2009 09 10 2617.320000 1 0
2009 09 11 2737.770000 1 0
2009 09 12 nan nan 0
2009 09 13 1581.170000 1 0
2009 09 14 1023.950000 1 0
2009 09 15 673.790000 1 0
2009 09 16 519.500000 1 0
2009 09 17 449.170000 1 0
2009 09 18 593.140000 1 0
2009 09 19 783.400000 1 0
2009 09 20 478.570000 1 0
2009 09 21 396.710000 1 0
2009 09 22 350.240000 1 0
2009 09 23 379.910000 1 0
2009 09 24 447.260000 1 0
2009 09 25 393.450000 1 0
2009 09 26 324.340000 1 0
2009 09 27 642.960000 1 0
2009 09 28 nan nan 0
2009 09 29 nan nan 0
2009 09 30 nan nan 0
2009 10 01 nan nan 1
2009 10 02 nan nan 1
2009 10 03 nan nan 1
2009 10 04 nan nan 1
2009 10 05 101.610000 1 1
2009 10 06 151.850000 1 1
2009 10 07 152.690000 1 1
2009 10 08 99.500000 1 1
2009 10 09 76.800000 1 1
2009 10 10 63.700000 1 1
2009 10 11 57.530000 1 1
2009 10 12 208.180000 1 1
2009 10 13 188.200000 1 1
2009 10 14 113.070000 1 1
2009 10 15 91.180000 1 1
2009 10 16 84.260000 1 1
2009 10 17 66.990000 1 1
2009 10 18 47.750000 1 1
2009 10 19 40.420000 1 1
2009 10 20 37.650000 1 1
2009 10 21 35.580000 1 1
2009 10 22 32.010000 1 1
2009 10 23 35.990000 1 1
2009 10 24 36.710000 1 1
2009 10 25 51.610000 1 1
2009 10 26 45.880000 1 1
2009 10 27 42.960000 1 1
2009 10 28 28.070000 1 1
2009 10 29 18.370000 1 1
2009 10 30 13.760000 1 1
2009 10 31 7.610000 1 1
2009 11 01 nan nan 0
2009 11 02 nan nan 0
2009 11 03 nan nan 0
2009 11 04 nan nan 0
2009 11 05 nan nan 0
2009 11 06 nan nan 0
2009 11 07 nan nan 0
2009 11 08 nan nan 0
2009 11 09 nan nan 0
2009 11 10 nan nan 0
2009 11 11 nan nan 0
2009 11 12 nan nan 0
2009 11 13 nan nan 0
2009 11 14 nan nan 0
2009 11 15 nan nan 0
2009 11 16 nan nan 0
2009 11 17 nan nan 0
2009 11 18 nan nan 0
2009 11 19 nan nan 0
2009 11 20 nan nan 0
2009 11 21 nan nan 0
2009 11 22 nan nan 0
2009 11 23 nan nan 0
2009 11 24 nan nan 0
2009 11 25 nan nan 0
2009 11 26 nan nan 0
2009 11 27 nan nan 0
2009 11 28 nan nan 0
2009 11 29 nan nan 0
2009 11 30 nan nan 0
2009 12 01 nan nan 0
2009 12 02 nan nan 0
2009 12 03 nan nan 0
2009 12 04 nan nan 0
2009 12 05 nan nan 0
2009 12 06 nan nan 0
2009 12 07 nan nan 0
2009 12 08 nan nan 0
2009 12 09 nan nan 0
2009 12 10 nan nan 0
2009 12 11 nan nan 0
2009 12 12 nan nan 0
2009 12 13 nan nan 0
2009 12 14 nan nan 0
2009 12 15 nan nan 0
2009 12 16 nan nan 0
2009 12 17 nan nan 0
2009 12 18 nan nan 0
2009 12 19 nan nan 0
2009 12 20 nan nan 0
2009 12 21 nan nan 0
2009 12 22 nan nan 0
2009 12 23 nan nan 0
2009 12 24 nan nan 0
2009 12 25 nan nan 0
2009 12 26 nan nan 0
2009 12 27 nan nan 0
2009 12 28 nan nan 0
2009 12 29 nan nan 0
2009 12 30 nan nan 0
2009 12 31 nan nan 0
2010 01 01 nan nan 0
2010 01 02 nan nan 0
2010 01 03 nan nan 0
2010 01 04 nan nan 0
2010 01 05 nan nan 0
2010 01 06 nan nan 0
2010 01 07 nan nan 0
2010 01 08 nan nan 0
2010 01 09 nan nan 0
2010 01 10 nan nan 0
2010 01 11 nan nan 0
2010 01 12 nan nan 0
2010 01 13 nan nan 0
2010 01 14 nan nan 0
2010 01 15 nan nan 0
2010 01 16 nan nan 0
2010 01 17 nan nan 0
2010 01 18 nan nan 0
2010 01 19 nan nan 0
2010 01 20 nan nan 0
2010 01 21 nan nan 0
2010 01 22 nan nan 0
2010 01 23 nan nan 0
2010 01 24 nan nan 0
2010 01 25 nan nan 0
2010 01 26 nan nan 0
2010 01 27 nan nan 0
2010 01 28 nan nan 0
2010 01 29 nan nan 0
2010 01 30 nan nan 0
2010 01 31 nan nan 0
2010 02 01 nan nan 0
2010 02 02 nan nan 0
2010 02 03 nan nan 0
2010 02 04 336.820000 1 0
2010 02 05 278.150000 1 0
2010 02 06 296.430000 1 0
2010 02 07 345.320000 1 0
2010 02 08 587.070000 1 0
2010 02 09 740.620000 1 0
2010 02 10 478.530000 1 0
2010 02 11 458.370000 1 0
2010 02 12 512.940000 1 0
2010 02 13 nan nan 0
2010 02 14 nan nan 0
2010 02 15 nan nan 0
2010 02 16 nan nan 0
2010 02 17 nan nan 0
2010 02 18 711.440000 1 0
2010 02 19 568.360000 1 0
2010 02 20 446.760000 1 0
2010 02 21 386.090000 1 0
2010 02 22 413.570000 1 0
2010 02 23 405.780000 1 0
2010 02 24 388.590000 1 0
2010 02 25 nan nan 0
2010 02 26 nan nan 0
2010 02 27 nan nan 0
2010 02 28 nan nan 0
2010 03 01 nan nan 1
2010 03 02 nan nan 1
2010 03 03 nan nan 1
2010 03 04 nan nan 1
2010 03 05 nan nan 1
2010 03 06 nan nan 1
2010 03 07 nan nan 1
2010 03 08 nan nan 1
2010 03 09 nan nan 1
2010 03 10 nan nan 1
2010 03 11 126.820000 1 1
2010 03 12 110.610000 1 1
2010 03 13 103.650000 1 1
2010 03 14 80.060000 1 1
2010 03 15 74.800000 1 1
2010 03 16 81.440000 1 1
2010 03 17 65.710000 1 1
2010 03 18 60.060000 1 1
2010 03 19 55.000000 1 1
2010 03 20 51.900000 1 1
2010 03 21 94.760000 1 1
2010 03 22 201.260000 1 1
2010 03 23 151.870000 1 1
2010 03 24 120.050000 1 1
2010 03 25 105.030000 1 1
2010 03 26 263.950000 1 1
2010 03 27 273.440000 1 1
2010 03 28 233.630000 1 1
2010 03 29 314.920000 1 1
2010 03 30 319.580000 1 1
2010 03 31 226.140000 1 1
2010 04 01 171.590000 1 1
2010 04 02 146.510000 1 1
2010 04 03 140.670000 1 1
2010 04 04 111.450000 1 1
2010 04 05 101.110000 1 1
2010 04 06 95.620000 1 1
2010 04 07 82.870000 1 1
2010 04 08 93.390000 1 1
2010 04 09 92.010000 1 1
2010 04 10 80.970000 1 1
2010 04 11 86.880000 1 1
2010 04 12 81.820000 1 1
2010 04 13 64.360000 1 1
2010 04 14 63.570000 1 1
2010 04 15 59.510000 1 1
2010 04 16 57.740000 1 1
2010 04 17 58.970000 1 1
2010 04 18 43.180000 1 1
2010 04 19 34.860000 1 1
2010 04 20 55.700000 1 1
2010 04 21 81.510000 1 1
2010 04 22 165.090000 1 1
2010 04 23 218.560000 1 1
2010 04 24 197.880000 1 1
2010 04 25 192.420000 1 1
2010 04 26 1265.090000 1 1
2010 04 27 1655.970000 1 1
2010 04 28 668.650000 1 1
2010 04 29 406.460000 1 1
2010 04 30 298.780000 1 1
2010 05 01 240.040000 1 1
2010 05 02 191.760000 1 1
2010 05 03 177.140000 1 1
2010 05 04 155.270000 1 1
2010 05 05 135.340000 1 1
2010 05 06 144.030000 1 1
2010 05 07 129.270000 1 1
2010 05 08 129.570000 1 1
2010 05 09 192.250000 1 1
2010 05 10 185.600000 1 1
2010 05 11 178.350000 1 1
2010 05 12 509.970000 1 1
2010 05 13 1255.720000 1 1
2010 05 14 616.240000 1 1
2010 05 15 405.400000 1 1
2010 05 16 306.380000 1 1
2010 05 17 252.240000 1 1
2010 05 18 252.550000 1 1
2010 05 19 603.920000 1 1
2010 05 20 515.560000 1 1
2010 05 21 350.620000 1 1
2010 05 22 327.860000 1 1
2010 05 23 418.140000 1 1
2010 05 24 396.600000 1 1
2010 05 25 342.730000 1 1
2010 05 26 267.280000 1 1
2010 05 27 235.830000 1 1
2010 05 28 206.350000 1 1
2010 05 29 206.410000 1 1
2010 05 30 230.860000 1 1
2010 05 31 210.570000 1 1
2010 06 01 195.340000 1 1
2010 06 02 176.980000 1 1
2010 06 03 157.610000 1 1
2010 06 04 135.300000 1 1
2010 06 05 147.760000 1 1
2010 06 06 152.810000 1 1
2010 06 07 135.150000 1 1
2010 06 08 121.930000 1 1
2010 06 09 121.290000 1 1
2010 06 10 114.020000 1 1
2010 06 11 100.450000 1 1
2010 06 12 103.610000 1 1
2010 06 13 117.890000 1 1
2010 06 14 118.070000 1 1
2010 06 15 110.620000 1 1
2010 06 16 105.830000 1 1
2010 06 17 149.300000 1 1
2010 06 18 908.910000 1 1
2010 06 19 1114.980000 1 1
2010 06 20 1385.860000 1 1
2010 06 21 696.290000 1 1
2010 06 22 412.710000 1 1
2010 06 23 306.000000 1 1
2010 06 24 252.790000 1 1
2010 06 25 218.010000 1 1
2010 06 26 200.740000 1 1
2010 06 27 183.490000 1 1
2010 06 28 175.200000 1 1
2010 06 29 159.700000 1 1
2010 06 30 126.880000 1 1
2010 07 01 120.260000 1 1
2010 07 02 129.410000 1 1
2010 07 03 118.800000 1 1
2010 07 04 111.440000 1 1
2010 07 05 87.330000 1 1
2010 07 06 105.030000 1 1
2010 07 07 103.630000 1 1
2010 07 08 98.420000 1 1
2010 07 09 98.920000 1 1
2010 07 10 128.180000 1 1
2010 07 11 125.090000 1 1
2010 07 12 163.480000 1 1
2010 07 13 316.770000 1 1
2010 07 14 305.670000 1 1
2010 07 15 212.980000 1 1
2010 07 16 177.840000 1 1
2010 07 17 140.260000 1 1
2010 07 18 194.060000 1 1
2010 07 19 394.390000 1 1
2010 07 20 677.860000 1 1
2010 07 21 443.690000 1 1
2010 07 22 715.060000 1 1
2010 07 23 889.800000 1 1
2010 07 24 468.000000 1 1
2010 07 25 338.760000 1 1
2010 07 26 294.160000 1 1
2010 07 27 265.680000 1 1
2010 07 28 226.400000 1 1
2010 07 29 205.270000 1 1
2010 07 30 192.830000 1 1
2010 07 31 171.910000 1 1
2010 08 01 391.160000 1 1
2010 08 02 434.370000 1 1
2010 08 03 275.510000 1 1
2010 08 04 231.210000 1 1
2010 08 05 214.000000 1 1
2010 08 06 224.710000 1 1
2010 08 07 214.550000 1 1
2010 08 08 205.760000 1 1
2010 08 09 180.960000 1 1
2010 08 10 159.240000 1 1
2010 08 11 137.850000 1 1
2010 08 12 128.610000 1 1
2010 08 13 161.740000 1 1
2010 08 14 187.800000 1 1
2010 08 15 179.150000 1 1
2010 08 16 152.230000 1 1
2010 08 17 133.730000 1 1
2010 08 18 113.560000 1 1
2010 08 19 107.620000 1 1
2010 08 20 102.180000 1 1
2010 08 21 101.000000 1 1
2010 08 22 101.040000 1 1
2010 08 23 95.220000 1 1
2010 08 24 96.960000 1 1
2010 08 25 82.230000 1 1
2010 08 26 78.690000 1 1
2010 08 27 78.760000 1 1
2010 08 28 69.290000 1 1
2010 08 29 68.320000 1 1
2010 08 30 57.770000 1 1
2010 08 31 69.920000 1 1
2010 09 01 77.930000 1 1
2010 09 02 75.360000 1 1
2010 09 03 82.100000 1 1
2010 09 04 90.840000 1 1
2010 09 05 115.020000 1 1
2010 09 06 87.020000 1 1
2010 09 07 83.270000 1 1
2010 09 08 78.690000 1 1
2010 09 09 66.310000 1 1
2010 09 10 58.900000 1 1
2010 09 11 53.700000 1 1
2010 09 12 68.200000 1 1
2010 09 13 127.640000 1 1
2010 09 14 188.330000 1 1
2010 09 15 159.740000 1 1
2010 09 16 123.010000 1 1
2010 09 17 106.370000 1 1
2010 09 18 81.650000 1 1
2010 09 19 60.540000 1 1
2010 09 20 70.830000 1 1
2010 09 21 95.740000 1 1
2010 09 22 1393.100000 1 1
2010 09 23 1086.890000 1 1
2010 09 24 586.530000 1 1
2010 09 25 417.570000 1 1
2010 09 26 293.350000 1 1
2010 09 27 245.760000 1 1
2010 09 28 229.380000 1 1
2010 09 29 258.010000 1 1
2010 09 30 242.070000 1 1
2010 10 01 192.060000 1 1
2010 10 02 168.640000 1 1
2010 10 03 152.800000 1 1
2010 10 04 119.250000 1 1
2010 10 05 102.910000 1 1
2010 10 06 105.870000 1 1
2010 10 07 134.770000 1 1
2010 10 08 225.640000 1 1
2010 10 09 254.160000 1 1
2010 10 10 198.870000 1 1
2010 10 11 174.770000 1 1
2010 10 12 127.500000 1 1
2010 10 13 100.210000 1 1
2010 10 14 116.620000 1 1
2010 10 15 99.930000 1 1
2010 10 16 98.070000 1 1
2010 10 17 95.090000 1 1
2010 10 18 85.860000 1 1
2010 10 19 92.100000 1 1
2010 10 20 93.690000 1 1
2010 10 21 78.330000 1 1
2010 10 22 76.380000 1 1
2010 10 23 61.010000 1 1
2010 10 24 67.360000 1 1
2010 10 25 83.860000 1 1
2010 10 26 97.080000 1 1
2010 10 27 99.520000 1 1
2010 10 28 88.410000 1 1
2010 10 29 64.580000 1 1
2010 10 30 82.950000 1 1
2010 10 31 95.920000 1 1
2010 11 01 101.220000 1 1
2010 11 02 76.860000 1 1
2010 11 03 67.070000 1 1
2010 11 04 68.160000 1 1
2010 11 05 56.370000 1 1
2010 11 06 61.230000 1 1
2010 11 07 66.170000 1 1
2010 11 08 75.940000 1 1
2010 11 09 83.030000 1 1
2010 11 10 72.820000 1 1
2010 11 11 70.340000 1 1
2010 11 12 51.550000 1 1
2010 11 13 63.620000 1 1
2010 11 14 47.370000 1 1
2010 11 15 53.620000 1 1
2010 11 16 173.900000 1 1
2010 11 17 235.880000 1 1
2010 11 18 202.240000 1 1
2010 11 19 163.490000 1 1
2010 11 20 143.780000 1 1
2010 11 21 123.510000 1 1
2010 11 22 146.450000 1 1
2010 11 23 211.800000 1 1
2010 11 24 330.930000 1 1
2010 11 25 396.090000 1 1
2010 11 26 323.460000 1 1
2010 11 27 242.600000 1 1
2010 11 28 205.660000 1 1
2010 11 29 172.300000 1 1
2010 11 30 279.060000 1 1
2010 12 01 243.400000 1 1
2010 12 02 196.070000 1 1
2010 12 03 180.120000 1 1
2010 12 04 173.420000 1 1
2010 12 05 157.310000 1 1
2010 12 06 118.250000 1 1
2010 12 07 104.980000 1 1
2010 12 08 104.080000 1 1
2010 12 09 91.440000 1 1
2010 12 10 81.100000 1 1
2010 12 11 77.600000 1 1
2010 12 12 77.470000 1 1
2010 12 13 74.430000 1 1
2010 12 14 100.230000 1 1
2010 12 15 77.050000 1 1
2010 12 16 75.940000 1 1
2010 12 17 65.200000 1 1
2010 12 18 59.210000 1 1
2010 12 19 54.820000 1 1
2010 12 20 98.620000 1 1
2010 12 21 163.430000 1 1
2010 12 22 247.660000 1 1
2010 12 23 248.410000 1 1
2010 12 24 159.650000 1 1
2010 12 25 286.720000 1 1
2010 12 26 208.500000 1 1
2010 12 27 132.750000 1 1
2010 12 28 99.530000 1 1
2010 12 29 80.220000 1 1
2010 12 30 69.030000 1 1
2010 12 31 60.290000 1 1
2011 01 01 67.340000 1 1
2011 01 02 65.880000 1 1
2011 01 03 49.810000 1 1
2011 01 04 69.080000 1 1
2011 01 05 49.660000 1 1
2011 01 06 93.260000 1 1
2011 01 07 143.550000 1 1
2011 01 08 166.290000 1 1
2011 01 09 113.980000 1 1
2011 01 10 101.750000 1 1
2011 01 11 112.620000 1 1
2011 01 12 73.320000 1 1
2011 01 13 80.490000 1 1
2011 01 14 92.180000 1 1
2011 01 15 132.060000 1 1
2011 01 16 184.200000 1 1
2011 01 17 194.010000 1 1
2011 01 18 230.820000 1 1
2011 01 19 233.970000 1 1
2011 01 20 294.560000 1 1
2011 01 21 221.570000 1 1
2011 01 22 235.180000 1 1
2011 01 23 432.170000 1 1
2011 01 24 295.800000 1 1
2011 01 25 211.350000 1 1
2011 01 26 261.180000 1 1
2011 01 27 195.470000 1 1
2011 01 28 210.040000 1 1
2011 01 29 188.250000 1 1
2011 01 30 263.500000 1 1
2011 01 31 150.800000 1 1
2011 02 01 136.650000 1 1
2011 02 02 211.330000 1 1
2011 02 03 214.640000 1 1
2011 02 04 157.380000 1 1
2011 02 05 145.330000 1 1
2011 02 06 382.920000 1 1
2011 02 07 257.110000 1 1
2011 02 08 158.200000 1 1
2011 02 09 200.740000 1 1
2011 02 10 239.910000 1 1
2011 02 11 241.660000 1 1
2011 02 12 215.210000 1 1
2011 02 13 400.650000 1 1
2011 02 14 378.030000 1 1
2011 02 15 280.320000 1 1
2011 02 16 231.600000 1 1
2011 02 17 232.670000 1 1
2011 02 18 194.140000 1 1
2011 02 19 174.610000 1 1
2011 02 20 163.550000 1 1
2011 02 21 375.720000 1 1
2011 02 22 406.950000 1 1
2011 02 23 332.770000 1 1
2011 02 24 302.740000 1 1
2011 02 25 334.140000 1 1
2011 02 26 706.540000 1 1
2011 02 27 794.250000 1 1
2011 02 28 465.360000 1 1
2011 03 01 292.890000 1 1
2011 03 02 198.570000 1 1
2011 03 03 199.030000 1 1
2011 03 04 175.550000 1 1
2011 03 05 181.790000 1 1
2011 03 06 154.440000 1 1
2011 03 07 138.230000 1 1
2011 03 08 106.520000 1 1
2011 03 09 114.390000 1 1
2011 03 10 94.450000 1 1
2011 03 11 175.380000 1 1
2011 03 12 197.910000 1 1
2011 03 13 152.130000 1 1
2011 03 14 158.620000 1 1
2011 03 15 147.770000 1 1
2011 03 16 119.300000 1 1
2011 03 17 86.650000 1 1
2011 03 18 86.230000 1 1
2011 03 19 95.490000 1 1
2011 03 20 59.510000 1 1
2011 03 21 57.480000 1 1
2011 03 22 79.890000 1 1
2011 03 23 67.910000 1 1
2011 03 24 62.700000 1 1
2011 03 25 95.640000 1 1
2011 03 26 1201.510000 1 1
2011 03 27 2159.060000 1 1
2011 03 28 1163.030000 1 1
2011 03 29 1384.690000 1 1
2011 03 30 652.140000 1 1
2011 03 31 407.900000 1 1
2011 04 01 307.830000 1 1
2011 04 02 256.060000 1 1
2011 04 03 226.130000 1 1
2011 04 04 209.530000 1 1
2011 04 05 208.290000 1 1
2011 04 06 199.060000 1 1
2011 04 07 198.670000 1 1
2011 04 08 153.980000 1 1
2011 04 09 178.880000 1 1
2011 04 10 165.490000 1 1
2011 04 11 160.690000 1 1
2011 04 12 153.100000 1 1
2011 04 13 162.910000 1 1
2011 04 14 134.240000 1 1
2011 04 15 252.870000 1 1
2011 04 16 277.460000 1 1
2011 04 17 222.000000 1 1
2011 04 18 183.200000 1 1
2011 04 19 118.170000 1 1
2011 04 20 75.170000 1 1
2011 04 21 77.180000 1 1
2011 04 22 68.150000 1 1
2011 04 23 249.490000 1 1
2011 04 24 649.950000 1 1
2011 04 25 253.840000 1 1
2011 04 26 149.990000 1 1
2011 04 27 108.200000 1 1
2011 04 28 86.580000 1 1
2011 04 29 97.880000 1 1
2011 04 30 122.800000 1 1
2011 05 01 109.240000 1 1
2011 05 02 104.600000 1 1
2011 05 03 105.400000 1 1
2011 05 04 95.660000 1 1
2011 05 05 99.900000 1 1
2011 05 06 95.820000 1 1
2011 05 07 91.580000 1 1
2011 05 08 70.210000 1 1
2011 05 09 70.070000 1 1
2011 05 10 72.560000 1 1
2011 05 11 101.250000 1 1
2011 05 12 189.900000 1 1
2011 05 13 215.500000 1 1
2011 05 14 162.330000 1 1
2011 05 15 203.200000 1 1
2011 05 16 278.580000 1 1
2011 05 17 256.100000 1 1
2011 05 18 199.820000 1 1
2011 05 19 173.620000 1 1
2011 05 20 157.930000 1 1
2011 05 21 141.500000 1 1
2011 05 22 137.150000 1 1
2011 05 23 119.980000 1 1
2011 05 24 124.100000 1 1
2011 05 25 122.980000 1 1
2011 05 26 107.640000 1 1
2011 05 27 76.460000 1 1
2011 05 28 84.430000 1 1
2011 05 29 81.640000 1 1
2011 05 30 74.830000 1 1
2011 05 31 75.960000 1 1
2011 06 01 68.800000 1 1
2011 06 02 67.230000 1 1
2011 06 03 83.510000 1 1
2011 06 04 67.960000 1 1
2011 06 05 64.230000 1 1
2011 06 06 43.670000 1 1
2011 06 07 135.850000 1 1
2011 06 08 320.640000 1 1
2011 06 09 270.520000 1 1
2011 06 10 204.700000 1 1
2011 06 11 149.790000 1 1
2011 06 12 128.940000 1 1
2011 06 13 107.680000 1 1
2011 06 14 107.870000 1 1
2011 06 15 100.870000 1 1
2011 06 16 82.780000 1 1
2011 06 17 86.040000 1 1
2011 06 18 114.690000 1 1
2011 06 19 109.110000 1 1
2011 06 20 86.600000 1 1
2011 06 21 361.350000 1 1
2011 06 22 698.590000 1 1
2011 06 23 359.950000 1 1
2011 06 24 392.300000 1 1
2011 06 25 949.750000 1 1
2011 06 26 982.210000 1 1
2011 06 27 734.800000 1 1
2011 06 28 422.680000 1 1
2011 06 29 311.660000 1 1
2011 06 30 263.660000 1 1
2011 07 01 252.480000 1 1
2011 07 02 261.920000 1 1
2011 07 03 259.020000 1 1
2011 07 04 233.890000 1 1
2011 07 05 206.270000 1 1
2011 07 06 196.830000 1 1
2011 07 07 160.340000 1 1
2011 07 08 144.810000 1 1
2011 07 09 139.630000 1 1
2011 07 10 130.190000 1 1
2011 07 11 124.960000 1 1
2011 07 12 134.130000 1 1
2011 07 13 166.060000 1 1
2011 07 14 249.460000 1 1
2011 07 15 356.140000 1 1
2011 07 16 342.120000 1 1
2011 07 17 493.340000 1 1
2011 07 18 1827.320000 1 1
2011 07 19 870.320000 1 1
2011 07 20 1522.770000 1 1
2011 07 21 5951.120000 1 1
2011 07 22 1627.820000 1 1
2011 07 23 742.920000 1 1
2011 07 24 490.640000 1 1
2011 07 25 371.570000 1 1
2011 07 26 311.040000 1 1
2011 07 27 268.840000 1 1
2011 07 28 247.990000 1 1
2011 07 29 272.440000 1 1
2011 07 30 905.590000 1 1
2011 07 31 594.450000 1 1
2011 08 01 367.090000 1 1
2011 08 02 343.110000 1 1
2011 08 03 339.810000 1 1
2011 08 04 283.890000 1 1
2011 08 05 255.820000 1 1
2011 08 06 229.760000 1 1
2011 08 07 214.340000 1 1
2011 08 08 753.850000 1 1
2011 08 09 4260.810000 1 1
2011 08 10 1788.460000 1 1
2011 08 11 870.030000 1 1
2011 08 12 524.090000 1 1
2011 08 13 387.600000 1 1
2011 08 14 337.000000 1 1
2011 08 15 475.630000 1 1
2011 08 16 416.150000 1 1
2011 08 17 305.780000 1 1
2011 08 18 255.750000 1 1
2011 08 19 286.200000 1 1
2011 08 20 745.160000 1 1
2011 08 21 461.490000 1 1
2011 08 22 299.960000 1 1
2011 08 23 266.590000 1 1
2011 08 24 317.060000 1 1
2011 08 25 306.550000 1 1
2011 08 26 312.830000 1 1
2011 08 27 278.150000 1 1
2011 08 28 324.290000 1 1
2011 08 29 1118.510000 1 1
2011 08 30 2018.740000 1 1
2011 08 31 990.100000 1 1
2011 09 01 549.040000 1 1
2011 09 02 393.240000 1 1
2011 09 03 315.710000 1 1
2011 09 04 267.820000 1 1
2011 09 05 253.970000 1 1
2011 09 06 347.760000 1 1
2011 09 07 320.530000 1 1
2011 09 08 384.650000 1 1
2011 09 09 389.650000 1 1
2011 09 10 434.690000 1 1
2011 09 11 333.470000 1 1
2011 09 12 256.630000 1 1
2011 09 13 223.930000 1 1
2011 09 14 205.740000 1 1
2011 09 15 178.880000 1 1
2011 09 16 160.120000 1 1
2011 09 17 156.580000 1 1
2011 09 18 146.940000 1 1
2011 09 19 146.780000 1 1
2011 09 20 151.050000 1 1
2011 09 21 240.610000 1 1
2011 09 22 180.130000 1 1
2011 09 23 162.390000 1 1
2011 09 24 133.910000 1 1
2011 09 25 158.340000 1 1
2011 09 26 166.850000 1 1
2011 09 27 162.660000 1 1
2011 09 28 126.120000 1 1
2011 09 29 109.940000 1 1
2011 09 30 103.760000 1 1
2011 10 01 121.910000 1 1
2011 10 02 283.440000 1 1
2011 10 03 239.030000 1 1
2011 10 04 185.460000 1 1
2011 10 05 154.800000 1 1
2011 10 06 113.020000 1 1
2011 10 07 99.370000 1 1
2011 10 08 88.640000 1 1
2011 10 09 86.240000 1 1
2011 10 10 106.650000 1 1
2011 10 11 102.590000 1 1
2011 10 12 87.910000 1 1
2011 10 13 97.650000 1 1
2011 10 14 132.800000 1 1
2011 10 15 126.190000 1 1
2011 10 16 118.980000 1 1
2011 10 17 119.840000 1 1
2011 10 18 106.600000 1 1
2011 10 19 85.220000 1 1
2011 10 20 73.980000 1 1
2011 10 21 69.780000 1 1
2011 10 22 62.040000 1 1
2011 10 23 68.110000 1 1
2011 10 24 64.610000 1 1
2011 10 25 206.490000 1 1
2011 10 26 490.970000 1 1
2011 10 27 369.670000 1 1
2011 10 28 247.160000 1 1
2011 10 29 197.180000 1 1
2011 10 30 155.060000 1 1
2011 10 31 137.140000 1 1
2011 11 01 118.310000 1 1
2011 11 02 95.080000 1 1
2011 11 03 81.090000 1 1
2011 11 04 81.280000 1 1
2011 11 05 72.500000 1 1
2011 11 06 68.070000 1 1
2011 11 07 63.510000 1 1
2011 11 08 70.160000 1 1
2011 11 09 67.780000 1 1
2011 11 10 57.430000 1 1
2011 11 11 52.100000 1 1
2011 11 12 48.470000 1 1
2011 11 13 50.060000 1 1
2011 11 14 41.130000 1 1
2011 11 15 49.310000 1 1
2011 11 16 66.330000 1 1
2011 11 17 90.880000 1 1
2011 11 18 65.780000 1 1
2011 11 19 50.110000 1 1
2011 11 20 40.090000 1 1
2011 11 21 46.180000 1 1
2011 11 22 41.710000 1 1
2011 11 23 51.230000 1 1
2011 11 24 73.810000 1 1
2011 11 25 64.240000 1 1
2011 11 26 47.780000 1 1
2011 11 27 39.090000 1 1
2011 11 28 50.190000 1 1
2011 11 29 36.460000 1 1
2011 11 30 35.130000 1 1
2011 12 01 36.310000 1 1
2011 12 02 34.810000 1 1
2011 12 03 34.950000 1 1
2011 12 04 37.220000 1 1
2011 12 05 33.310000 1 1
2011 12 06 29.110000 1 1
2011 12 07 36.600000 1 1
2011 12 08 44.430000 1 1
2011 12 09 39.700000 1 1
2011 12 10 61.120000 1 1
2011 12 11 48.280000 1 1
2011 12 12 41.030000 1 1
2011 12 13 38.000000 1 1
2011 12 14 50.060000 1 1
2011 12 15 68.770000 1 1
2011 12 16 96.810000 1 1
2011 12 17 72.860000 1 1
2011 12 18 63.060000 1 1
2011 12 19 49.510000 1 1
2011 12 20 44.880000 1 1
2011 12 21 39.410000 1 1
2011 12 22 32.860000 1 1
2011 12 23 26.570000 1 1
2011 12 24 30.970000 1 1
2011 12 25 23.620000 1 1
2011 12 26 29.740000 1 1
2011 12 27 38.560000 1 1
2011 12 28 83.530000 1 1
2011 12 29 58.920000 1 1
2011 12 30 44.610000 1 1
2011 12 31 55.060000 1 1
2012 01 01 89.800000 1 1
2012 01 02 109.820000 1 1
2012 01 03 116.170000 1 1
2012 01 04 84.160000 1 1
2012 01 05 55.080000 1 1
2012 01 06 40.070000 1 1
2012 01 07 33.760000 1 1
2012 01 08 31.090000 1 1
2012 01 09 26.370000 1 1
2012 01 10 29.310000 1 1
2012 01 11 27.870000 1 1
2012 01 12 27.590000 1 1
2012 01 13 142.970000 1 1
2012 01 14 590.550000 1 1
2012 01 15 506.340000 1 1
2012 01 16 379.990000 1 1
2012 01 17 279.860000 1 1
2012 01 18 188.930000 1 1
2012 01 19 148.370000 1 1
2012 01 20 122.760000 1 1
2012 01 21 109.550000 1 1
2012 01 22 104.520000 1 1
2012 01 23 106.560000 1 1
2012 01 24 90.970000 1 1
2012 01 25 129.440000 1 1
2012 01 26 160.670000 1 1
2012 01 27 148.830000 1 1
2012 01 28 119.100000 1 1
2012 01 29 91.210000 1 1
2012 01 30 59.600000 1 1
2012 01 31 58.170000 1 1
2012 02 01 50.570000 1 1
2012 02 02 48.650000 1 1
2012 02 03 41.920000 1 1
2012 02 04 42.850000 1 1
2012 02 05 37.650000 1 1
2012 02 06 70.810000 1 1
2012 02 07 147.140000 1 1
2012 02 08 276.020000 1 1
2012 02 09 253.340000 1 1
2012 02 10 175.040000 1 1
2012 02 11 134.680000 1 1
2012 02 12 96.460000 1 1
2012 02 13 75.980000 1 1
2012 02 14 69.780000 1 1
2012 02 15 61.430000 1 1
2012 02 16 31.090000 1 1
2012 02 17 nan nan 1
2012 02 18 nan nan 1
2012 02 19 nan nan 1
2012 02 20 nan nan 1
2012 02 21 nan nan 1
2012 02 22 74.960000 1 1
2012 02 23 76.150000 1 1
2012 02 24 58.070000 1 1
2012 02 25 148.780000 1 1
2012 02 26 226.730000 1 1
2012 02 27 167.660000 1 1
2012 02 28 163.710000 1 1
2012 02 29 129.510000 1 1
2012 03 01 249.520000 1 1
2012 03 02 177.640000 1 1
2012 03 03 116.340000 1 1
2012 03 04 104.800000 1 1
2012 03 05 88.460000 1 1
2012 03 06 70.300000 1 1
2012 03 07 58.920000 1 1
2012 03 08 44.570000 1 1
2012 03 09 34.400000 1 1
2012 03 10 31.190000 1 1
2012 03 11 32.890000 1 1
2012 03 12 32.480000 1 1
2012 03 13 33.880000 1 1
2012 03 14 30.090000 1 1
2012 03 15 43.630000 1 1
2012 03 16 46.590000 1 1
2012 03 17 30.970000 1 1
2012 03 18 25.730000 1 1
2012 03 19 29.450000 1 1
2012 03 20 27.260000 1 1
2012 03 21 18.780000 1 1
2012 03 22 18.410000 1 1
2012 03 23 23.060000 1 1
2012 03 24 25.000000 1 1
2012 03 25 20.680000 1 1
2012 03 26 17.190000 1 1
2012 03 27 24.760000 1 1
2012 03 28 23.850000 1 1
2012 03 29 21.690000 1 1
2012 03 30 23.860000 1 1
2012 03 31 17.860000 1 1
2012 04 01 15.900000 1 1
2012 04 02 18.120000 1 1
2012 04 03 17.410000 1 1
2012 04 04 16.930000 1 1
2012 04 05 14.450000 1 1
2012 04 06 20.340000 1 1
2012 04 07 19.390000 1 1
2012 04 08 18.130000 1 1
2012 04 09 19.000000 1 1
2012 04 10 18.160000 1 1
2012 04 11 16.860000 1 1
2012 04 12 15.750000 1 1
2012 04 13 16.190000 1 1
2012 04 14 16.360000 1 1
2012 04 15 18.410000 1 1
2012 04 16 22.960000 1 1
2012 04 17 18.500000 1 1
2012 04 18 18.430000 1 1
2012 04 19 14.970000 1 1
2012 04 20 19.580000 1 1
2012 04 21 16.220000 1 1
2012 04 22 15.290000 1 1
2012 04 23 11.510000 1 1
2012 04 24 14.710000 1 1
2012 04 25 10.680000 1 1
2012 04 26 13.980000 1 1
2012 04 27 11.400000 1 1
2012 04 28 10.690000 1 1
2012 04 29 12.350000 1 1
2012 04 30 12.600000 1 1
2012 05 01 11.090000 1 1
2012 05 02 12.570000 1 1
2012 05 03 12.340000 1 1
2012 05 04 16.120000 1 1
2012 05 05 11.980000 1 1
2012 05 06 10.600000 1 1
2012 05 07 11.260000 1 1
2012 05 08 10.290000 1 1
2012 05 09 12.020000 1 1
2012 05 10 11.270000 1 1
2012 05 11 10.510000 1 1
2012 05 12 10.290000 1 1
2012 05 13 9.680000 1 1
2012 05 14 9.650000 1 1
2012 05 15 9.760000 1 1
2012 05 16 11.110000 1 1
2012 05 17 9.840000 1 1
2012 05 18 8.940000 1 1
2012 05 19 8.300000 1 1
2012 05 20 7.800000 1 1
2012 05 21 8.220000 1 1
2012 05 22 8.340000 1 1
2012 05 23 6.730000 1 1
2012 05 24 8.620000 1 1
2012 05 25 9.160000 1 1
2012 05 26 8.400000 1 1
2012 05 27 6.430000 1 1
2012 05 28 7.990000 1 1
2012 05 29 8.970000 1 1
2012 05 30 9.680000 1 1
2012 05 31 17.650000 1 1
2012 06 01 17.960000 1 1
2012 06 02 17.490000 1 1
2012 06 03 38.130000 1 1
2012 06 04 73.000000 1 1
2012 06 05 87.190000 1 1
2012 06 06 48.200000 1 1
2012 06 07 39.080000 1 1
2012 06 08 24.450000 1 1
2012 06 09 32.250000 1 1
2012 06 10 24.100000 1 1
2012 06 11 21.530000 1 1
2012 06 12 21.530000 1 1
2012 06 13 20.330000 1 1
2012 06 14 17.980000 1 1
2012 06 15 18.750000 1 1
2012 06 16 19.120000 1 1
2012 06 17 22.830000 1 1
2012 06 18 57.040000 1 1
2012 06 19 66.980000 1 1
2012 06 20 84.650000 1 1
2012 06 21 49.250000 1 1
2012 06 22 30.210000 1 1
2012 06 23 66.000000 1 1
2012 06 24 63.500000 1 1
2012 06 25 55.580000 1 1
2012 06 26 39.450000 1 1
2012 06 27 39.160000 1 1
2012 06 28 26.610000 1 1
2012 06 29 29.760000 1 1
2012 06 30 32.440000 1 1
2012 07 01 20.630000 1 0
2012 07 02 24.210000 1 0
2012 07 03 27.060000 1 0
2012 07 04 25.950000 1 0
2012 07 05 43.430000 1 0
2012 07 06 152.060000 1 0
2012 07 07 518.590000 1 0
2012 07 08 345.280000 1 0
2012 07 09 210.750000 1 0
2012 07 10 177.010000 1 0
2012 07 11 440.820000 1 0
2012 07 12 351.940000 1 0
2012 07 13 222.040000 1 0
2012 07 14 159.780000 1 0
2012 07 15 125.120000 1 0
2012 07 16 109.530000 1 0
2012 07 17 81.580000 1 0
2012 07 18 88.800000 1 0
2012 07 19 118.370000 1 0
2012 07 20 104.140000 1 0
2012 07 21 79.980000 1 0
2012 07 22 84.130000 1 0
2012 07 23 71.370000 1 0
2012 07 24 167.560000 1 0
2012 07 25 632.980000 1 0
2012 07 26 496.090000 1 0
2012 07 27 333.860000 1 0
2012 07 28 nan nan 0
2012 07 29 nan nan 0
2012 07 30 nan nan 0
2012 07 31 nan nan 0
2012 08 01 nan nan 1
2012 08 02 nan nan 1
2012 08 03 nan nan 1
2012 08 04 nan nan 1
2012 08 05 nan nan 1
2012 08 06 nan nan 1
2012 08 07 nan nan 1
2012 08 08 nan nan 1
2012 08 09 nan nan 1
2012 08 10 nan nan 1
2012 08 11 nan nan 1
2012 08 12 nan nan 1
2012 08 13 nan nan 1
2012 08 14 nan nan 1
2012 08 15 nan nan 1
2012 08 16 61.260000 1 1
2012 08 17 47.100000 1 1
2012 08 18 54.720000 1 1
2012 08 19 50.450000 1 1
2012 08 20 32.860000 1 1
2012 08 21 53.610000 1 1
2012 08 22 38.040000 1 1
2012 08 23 33.470000 1 1
2012 08 24 37.380000 1 1
2012 08 25 48.460000 1 1
2012 08 26 58.210000 1 1
2012 08 27 80.760000 1 1
2012 08 28 93.260000 1 1
2012 08 29 98.670000 1 1
2012 08 30 70.100000 1 1
2012 08 31 66.800000 1 1
2012 09 01 73.710000 1 1
2012 09 02 62.330000 1 1
2012 09 03 37.850000 1 1
2012 09 04 43.390000 1 1
2012 09 05 38.540000 1 1
2012 09 06 30.770000 1 1
2012 09 07 25.520000 1 1
2012 09 08 26.930000 1 1
2012 09 09 52.090000 1 1
2012 09 10 218.850000 1 1
2012 09 11 869.850000 1 1
2012 09 12 483.240000 1 1
2012 09 13 308.520000 1 1
2012 09 14 217.360000 1 1
2012 09 15 175.100000 1 1
2012 09 16 163.980000 1 1
2012 09 17 203.700000 1 1
2012 09 18 345.690000 1 1
2012 09 19 2724.920000 1 1
2012 09 20 1567.220000 1 1
2012 09 21 660.250000 1 1
2012 09 22 405.970000 1 1
2012 09 23 288.400000 1 1
2012 09 24 222.620000 1 1
2012 09 25 188.140000 1 1
2012 09 26 163.560000 1 1
2012 09 27 160.550000 1 1
2012 09 28 117.250000 1 1
2012 09 29 124.280000 1 1
2012 09 30 112.170000 1 1
2012 10 01 119.350000 1 1
2012 10 02 114.700000 1 1
2012 10 03 280.220000 1 1
2012 10 04 333.770000 1 1
2012 10 05 239.770000 1 1
2012 10 06 161.510000 1 1
2012 10 07 151.820000 1 1
2012 10 08 133.810000 1 1
2012 10 09 130.280000 1 1
2012 10 10 143.940000 1 1
2012 10 11 169.320000 1 1
2012 10 12 237.580000 1 1
2012 10 13 210.900000 1 1
2012 10 14 150.230000 1 1
2012 10 15 124.070000 1 1
2012 10 16 110.090000 1 1
2012 10 17 92.000000 1 1
2012 10 18 75.490000 1 1
2012 10 19 65.400000 1 1
2012 10 20 92.630000 1 1
2012 10 21 79.460000 1 1
2012 10 22 79.890000 1 1
2012 10 23 204.810000 1 1
2012 10 24 276.330000 1 1
2012 10 25 165.600000 1 1
2012 10 26 142.460000 1 1
2012 10 27 84.670000 1 1
2012 10 28 81.410000 1 1
2012 10 29 67.010000 1 1
2012 10 30 75.360000 1 1
2012 10 31 109.900000 1 1
2012 11 01 130.760000 1 1
2012 11 02 71.420000 1 1
2012 11 03 53.700000 1 1
2012 11 04 48.720000 1 1
2012 11 05 38.750000 1 1
2012 11 06 44.710000 1 1
2012 11 07 38.580000 1 1
2012 11 08 32.930000 1 1
2012 11 09 52.370000 1 1
2012 11 10 29.460000 1 1
2012 11 11 nan nan 1
2012 11 12 nan nan 1
2012 11 13 nan nan 1
2012 11 14 nan nan 1
2012 11 15 nan nan 1
2012 11 16 nan nan 1
2012 11 17 nan nan 1
2012 11 18 nan nan 1
2012 11 19 nan nan 1
2012 11 20 21.650000 1 1
2012 11 21 22.370000 1 1
2012 11 22 22.550000 1 1
2012 11 23 25.020000 1 1
2012 11 24 55.560000 1 1
2012 11 25 39.490000 1 1
2012 11 26 43.920000 1 1
2012 11 27 32.390000 1 1
2012 11 28 30.650000 1 1
2012 11 29 29.660000 1 1
2012 11 30 22.410000 1 1
2012 12 01 34.690000 1 1
2012 12 02 22.020000 1 1
2012 12 03 22.970000 1 1
2012 12 04 23.300000 1 1
2012 12 05 27.270000 1 1
2012 12 06 23.210000 1 1
2012 12 07 27.180000 1 1
2012 12 08 22.150000 1 1
2012 12 09 20.060000 1 1
2012 12 10 18.810000 1 1
2012 12 11 17.830000 1 1
2012 12 12 24.210000 1 1
2012 12 13 35.730000 1 1
2012 12 14 45.220000 1 1
2012 12 15 44.430000 1 1
2012 12 16 23.520000 1 1
2012 12 17 15.280000 1 1
2012 12 18 20.710000 1 1
2012 12 19 19.240000 1 1
2012 12 20 24.750000 1 1
2012 12 21 21.020000 1 1
2012 12 22 25.500000 1 1
2012 12 23 27.150000 1 1
2012 12 24 22.710000 1 1
2012 12 25 23.780000 1 1
2012 12 26 27.700000 1 1
2012 12 27 28.260000 1 1
2012 12 28 74.930000 1 1
2012 12 29 229.340000 1 1
2012 12 30 197.150000 1 1
2012 12 31 144.490000 1 1
