year month day streamflow_m3s qual_control_by_ana qual_flag
1972 06 01 nan nan 0
1972 06 02 nan nan 0
1972 06 03 nan nan 0
1972 06 04 894.000000 1 1
1972 06 05 878.000000 1 1
1972 06 06 1006.000000 1 1
1972 06 07 1774.000000 1 1
1972 06 08 3035.000000 1 1
1972 06 09 5133.000000 1 1
1972 06 10 6440.000000 1 1
1972 06 11 6305.000000 1 1
1972 06 12 6110.000000 1 1
1972 06 13 5542.000000 1 1
1972 06 14 4899.000000 1 1
1972 06 15 4344.000000 1 1
1972 06 16 3906.000000 1 1
1972 06 17 3581.000000 1 1
1972 06 18 3503.000000 1 1
1972 06 19 3581.000000 1 1
1972 06 20 3516.000000 1 1
1972 06 21 3321.000000 1 1
1972 06 22 2946.000000 1 1
1972 06 23 2690.000000 1 1
1972 06 24 2590.000000 1 1
1972 06 25 2470.000000 1 1
1972 06 26 2328.000000 1 1
1972 06 27 2360.000000 1 1
1972 06 28 2262.000000 1 1
1972 06 29 2339.000000 1 1
1972 06 30 2874.000000 1 1
1972 07 01 3178.000000 1 1
1972 07 02 3620.000000 1 1
1972 07 03 3646.000000 1 1
1972 07 04 3802.000000 1 1
1972 07 05 4049.000000 1 1
1972 07 06 4461.000000 1 1
1972 07 07 4928.000000 1 1
1972 07 08 5645.000000 1 1
1972 07 09 6770.000000 1 1
1972 07 10 6590.000000 1 1
1972 07 11 6110.000000 1 1
1972 07 12 5690.000000 1 1
1972 07 13 5366.000000 1 1
1972 07 14 5162.000000 1 1
1972 07 15 4928.000000 1 1
1972 07 16 4709.000000 1 1
1972 07 17 4476.000000 1 1
1972 07 18 4169.000000 1 1
1972 07 19 4476.000000 1 1
1972 07 20 5855.000000 1 1
1972 07 21 6020.000000 1 1
1972 07 22 5250.000000 1 1
1972 07 23 4695.000000 1 1
1972 07 24 4330.000000 1 1
1972 07 25 4114.000000 1 1
1972 07 26 3997.000000 1 1
1972 07 27 3893.000000 1 1
1972 07 28 3724.000000 1 1
1972 07 29 3568.000000 1 1
1972 07 30 3399.000000 1 1
1972 07 31 3165.000000 1 1
1972 08 01 2898.000000 1 1
1972 08 02 2700.000000 1 1
1972 08 03 2850.000000 1 1
1972 08 04 3568.000000 1 1
1972 08 05 5177.000000 1 1
1972 08 06 4958.000000 1 1
1972 08 07 4213.000000 1 1
1972 08 08 3594.000000 1 1
1972 08 09 3178.000000 1 1
1972 08 10 2886.000000 1 1
1972 08 11 2898.000000 1 1
1972 08 12 3659.000000 1 1
1972 08 13 5191.000000 1 1
1972 08 14 5527.000000 1 1
1972 08 15 5220.000000 1 1
1972 08 16 4914.000000 1 1
1972 08 17 4826.000000 1 1
1972 08 18 4797.000000 1 1
1972 08 19 4870.000000 1 1
1972 08 20 4899.000000 1 1
1972 08 21 5074.000000 1 1
1972 08 22 5795.000000 1 1
1972 08 23 6650.000000 1 1
1972 08 24 6530.000000 1 1
1972 08 25 5960.000000 1 1
1972 08 26 6140.000000 1 1
1972 08 27 7100.000000 1 1
1972 08 28 8045.000000 1 1
1972 08 29 9060.000000 1 1
1972 08 30 8763.000000 1 1
1972 08 31 7573.000000 1 1
1972 09 01 6680.000000 1 1
1972 09 02 6110.000000 1 1
1972 09 03 5765.000000 1 1
1972 09 04 5512.000000 1 1
1972 09 05 5308.000000 1 1
1972 09 06 5425.000000 1 1
1972 09 07 5900.000000 1 1
1972 09 08 5885.000000 1 1
1972 09 09 5527.000000 1 1
1972 09 10 6185.000000 1 1
1972 09 11 6725.000000 1 1
1972 09 12 6515.000000 1 1
1972 09 13 5780.000000 1 1
1972 09 14 4403.000000 1 1
1972 09 15 4885.000000 1 1
1972 09 16 4388.000000 1 1
1972 09 17 4155.000000 1 1
1972 09 18 4169.000000 1 1
1972 09 19 4928.000000 1 1
1972 09 20 6830.000000 1 1
1972 09 21 8080.000000 1 1
1972 09 22 8255.000000 1 1
1972 09 23 7520.000000 1 1
1972 09 24 6860.000000 1 1
1972 09 25 6395.000000 1 1
1972 09 26 6200.000000 1 1
1972 09 27 6095.000000 1 1
1972 09 28 5990.000000 1 1
1972 09 29 5960.000000 1 1
1972 09 30 5571.000000 1 1
1972 10 01 4899.000000 1 1
1972 10 02 4461.000000 1 1
1972 10 03 4036.000000 1 1
1972 10 04 3724.000000 1 1
1972 10 05 3412.000000 1 1
1972 10 06 3022.000000 1 1
1972 10 07 2790.000000 1 1
1972 10 08 2510.000000 1 1
1972 10 09 2192.000000 1 1
1972 10 10 2168.000000 1 1
1972 10 11 1948.000000 1 1
1972 10 12 1798.000000 1 1
1972 10 13 1737.000000 1 1
1972 10 14 1646.000000 1 1
1972 10 15 1974.000000 1 1
1972 10 16 1620.000000 1 1
1972 10 17 1560.000000 1 1
1972 10 18 1438.000000 1 1
1972 10 19 1406.000000 1 1
1972 10 20 1438.000000 1 1
1972 10 21 1278.000000 1 1
1972 10 22 1342.000000 1 1
1972 10 23 1214.000000 1 1
1972 10 24 1214.000000 1 1
1972 10 25 1390.000000 1 1
1972 10 26 1762.000000 1 1
1972 10 27 2084.000000 1 1
1972 10 28 2490.000000 1 1
1972 10 29 2560.000000 1 1
1972 10 30 2770.000000 1 1
1972 10 31 3555.000000 1 1
1972 11 01 3516.000000 1 1
1972 11 02 3503.000000 1 1
1972 11 03 3568.000000 1 1
1972 11 04 3464.000000 1 1
1972 11 05 3282.000000 1 1
1972 11 06 3113.000000 1 1
1972 11 07 2898.000000 1 1
1972 11 08 2770.000000 1 1
1972 11 09 2650.000000 1 1
1972 11 10 2540.000000 1 1
1972 11 11 2560.000000 1 1
1972 11 12 2660.000000 1 1
1972 11 13 2690.000000 1 1
1972 11 14 2910.000000 1 1
1972 11 15 3984.000000 1 1
1972 11 16 3841.000000 1 1
1972 11 17 3568.000000 1 1
1972 11 18 3477.000000 1 1
1972 11 19 3776.000000 1 1
1972 11 20 3672.000000 1 1
1972 11 21 3152.000000 1 1
1972 11 22 2800.000000 1 1
1972 11 23 2470.000000 1 1
1972 11 24 2350.000000 1 1
1972 11 25 2096.000000 1 1
1972 11 26 1786.000000 1 1
1972 11 27 1672.000000 1 1
1972 11 28 1438.000000 1 1
1972 11 29 1390.000000 1 1
1972 11 30 1560.000000 1 1
1972 12 01 2024.000000 1 1
1972 12 02 2670.000000 1 1
1972 12 03 2740.000000 1 1
1972 12 04 2922.000000 1 1
1972 12 05 3607.000000 1 1
1972 12 06 3555.000000 1 1
1972 12 07 3152.000000 1 1
1972 12 08 2862.000000 1 1
1972 12 09 2710.000000 1 1
1972 12 10 2550.000000 1 1
1972 12 11 2450.000000 1 1
1972 12 12 2306.000000 1 1
1972 12 13 2072.000000 1 1
1972 12 14 1620.000000 1 1
1972 12 15 1278.000000 1 1
1972 12 16 1182.000000 1 1
1972 12 17 1070.000000 1 1
1972 12 18 1038.000000 1 1
1972 12 19 1182.000000 1 1
1972 12 20 1102.000000 1 1
1972 12 21 926.000000 1 1
1972 12 22 642.000000 1 1
1972 12 23 377.000000 1 1
1972 12 24 234.000000 1 1
1972 12 25 nan nan 0
1972 12 26 nan nan 0
1972 12 27 nan nan 0
1972 12 28 331.000000 1 1
1972 12 29 413.000000 1 1
1972 12 30 413.000000 1 1
1972 12 31 530.000000 1 1
1973 01 01 452.000000 1 1
1973 01 02 413.000000 1 1
1973 01 03 586.000000 1 1
1973 01 04 586.000000 1 1
1973 01 05 426.000000 1 1
1973 01 06 766.000000 1 1
1973 01 07 846.000000 1 1
1973 01 08 1006.000000 1 1
1973 01 09 942.000000 1 1
1973 01 10 814.000000 1 1
1973 01 11 798.000000 1 1
1973 01 12 862.000000 1 1
1973 01 13 894.000000 1 1
1973 01 14 1310.000000 1 1
1973 01 15 1846.000000 1 1
1973 01 16 2156.000000 1 1
1973 01 17 2000.000000 1 1
1973 01 18 1575.000000 1 1
1973 01 19 1406.000000 1 1
1973 01 20 1358.000000 1 1
1973 01 21 1118.000000 1 1
1973 01 22 990.000000 1 1
1973 01 23 1038.000000 1 1
1973 01 24 1166.000000 1 1
1973 01 25 1166.000000 1 1
1973 01 26 1150.000000 1 1
1973 01 27 766.000000 1 1
1973 01 28 702.000000 1 1
1973 01 29 974.000000 1 1
1973 01 30 614.000000 1 1
1973 01 31 366.000000 1 1
1973 02 01 491.000000 1 1
1973 02 02 354.000000 1 1
1973 02 03 308.000000 1 1
1973 02 04 958.000000 1 1
1973 02 05 572.000000 1 1
1973 02 06 297.000000 1 1
1973 02 07 297.000000 1 1
1973 02 08 478.000000 1 1
1973 02 09 439.000000 1 1
1973 02 10 642.000000 1 1
1973 02 11 614.000000 1 1
1973 02 12 1118.000000 1 1
1973 02 13 1422.000000 1 1
1973 02 14 2000.000000 1 1
1973 02 15 2120.000000 1 1
1973 02 16 2370.000000 1 1
1973 02 17 2610.000000 1 1
1973 02 18 2630.000000 1 1
1973 02 19 2520.000000 1 1
1973 02 20 2600.000000 1 1
1973 02 21 2820.000000 1 1
1973 02 22 2996.000000 1 1
1973 02 23 3074.000000 1 1
1973 02 24 2958.000000 1 1
1973 02 25 2790.000000 1 1
1973 02 26 2630.000000 1 1
1973 02 27 2440.000000 1 1
1973 02 28 2317.000000 1 1
1973 03 01 2240.000000 1 1
1973 03 02 2180.000000 1 1
1973 03 03 2317.000000 1 1
1973 03 04 2273.000000 1 1
1973 03 05 2216.000000 1 1
1973 03 06 2120.000000 1 1
1973 03 07 2048.000000 1 1
1973 03 08 2000.000000 1 1
1973 03 09 1922.000000 1 1
1973 03 10 1870.000000 1 1
1973 03 11 1846.000000 1 1
1973 03 12 1711.000000 1 1
1973 03 13 1374.000000 1 1
1973 03 14 1086.000000 1 1
1973 03 15 894.000000 1 1
1973 03 16 766.000000 1 1
1973 03 17 702.000000 1 1
1973 03 18 718.000000 1 1
1973 03 19 798.000000 1 1
1973 03 20 750.000000 1 1
1973 03 21 814.000000 1 1
1973 03 22 958.000000 1 1
1973 03 23 830.000000 1 1
1973 03 24 670.000000 1 1
1973 03 25 504.000000 1 1
1973 03 26 702.000000 1 1
1973 03 27 702.000000 1 1
1973 03 28 718.000000 1 1
1973 03 29 628.000000 1 1
1973 03 30 530.000000 1 1
1973 03 31 452.000000 1 1
1973 04 01 413.000000 1 1
1973 04 02 413.000000 1 1
1973 04 03 452.000000 1 1
1973 04 04 452.000000 1 1
1973 04 05 718.000000 1 1
1973 04 06 478.000000 1 1
1973 04 07 766.000000 1 1
1973 04 08 894.000000 1 1
1973 04 09 862.000000 1 1
1973 04 10 862.000000 1 1
1973 04 11 628.000000 1 1
1973 04 12 628.000000 1 1
1973 04 13 718.000000 1 1
1973 04 14 878.000000 1 1
1973 04 15 702.000000 1 1
1973 04 16 718.000000 1 1
1973 04 17 862.000000 1 1
1973 04 18 862.000000 1 1
1973 04 19 814.000000 1 1
1973 04 20 814.000000 1 1
1973 04 21 814.000000 1 1
1973 04 22 814.000000 1 1
1973 04 23 718.000000 1 1
1973 04 24 750.000000 1 1
1973 04 25 670.000000 1 1
1973 04 26 750.000000 1 1
1973 04 27 750.000000 1 1
1973 04 28 942.000000 1 1
1973 04 29 1182.000000 1 1
1973 04 30 1214.000000 1 1
1973 05 01 1198.000000 1 1
1973 05 02 1438.000000 1 1
1973 05 03 2790.000000 1 1
1973 05 04 4695.000000 1 1
1973 05 05 4257.000000 1 1
1973 05 06 3724.000000 1 1
1973 05 07 3516.000000 1 1
1973 05 08 3607.000000 1 1
1973 05 09 3646.000000 1 1
1973 05 10 3711.000000 1 1
1973 05 11 3854.000000 1 1
1973 05 12 3997.000000 1 1
1973 05 13 4062.000000 1 1
1973 05 14 3828.000000 1 1
1973 05 15 3152.000000 1 1
1973 05 16 2680.000000 1 1
1973 05 17 2295.000000 1 1
1973 05 18 2036.000000 1 1
1973 05 19 1737.000000 1 1
1973 05 20 1470.000000 1 1
1973 05 21 1575.000000 1 1
1973 05 22 1974.000000 1 1
1973 05 23 2216.000000 1 1
1973 05 24 1909.000000 1 1
1973 05 25 1711.000000 1 1
1973 05 26 1575.000000 1 1
1973 05 27 1294.000000 1 1
1973 05 28 1500.000000 1 1
1973 05 29 1438.000000 1 1
1973 05 30 1278.000000 1 1
1973 05 31 1198.000000 1 1
1973 06 01 1134.000000 1 1
1973 06 02 1102.000000 1 1
1973 06 03 1054.000000 1 1
1973 06 04 1038.000000 1 1
1973 06 05 974.000000 1 1
1973 06 06 878.000000 1 1
1973 06 07 974.000000 1 1
1973 06 08 926.000000 1 1
1973 06 09 942.000000 1 1
1973 06 10 1006.000000 1 1
1973 06 11 1470.000000 1 1
1973 06 12 1774.000000 1 1
1973 06 13 1846.000000 1 1
1973 06 14 1810.000000 1 1
1973 06 15 1822.000000 1 1
1973 06 16 1711.000000 1 1
1973 06 17 1646.000000 1 1
1973 06 18 1711.000000 1 1
1973 06 19 1590.000000 1 1
1973 06 20 1646.000000 1 1
1973 06 21 1515.000000 1 1
1973 06 22 1560.000000 1 1
1973 06 23 1422.000000 1 1
1973 06 24 1485.000000 1 1
1973 06 25 2898.000000 1 1
1973 06 26 3490.000000 1 1
1973 06 27 3035.000000 1 1
1973 06 28 2700.000000 1 1
1973 06 29 2570.000000 1 1
1973 06 30 2370.000000 1 1
1973 07 01 2132.000000 1 1
1973 07 02 2410.000000 1 1
1973 07 03 2570.000000 1 1
1973 07 04 2500.000000 1 1
1973 07 05 2440.000000 1 1
1973 07 06 2360.000000 1 1
1973 07 07 2306.000000 1 1
1973 07 08 2262.000000 1 1
1973 07 09 2012.000000 1 1
1973 07 10 1974.000000 1 1
1973 07 11 1987.000000 1 1
1973 07 12 1858.000000 1 1
1973 07 13 1883.000000 1 1
1973 07 14 1909.000000 1 1
1973 07 15 2339.000000 1 1
1973 07 16 2660.000000 1 1
1973 07 17 3425.000000 1 1
1973 07 18 4023.000000 1 1
1973 07 19 4075.000000 1 1
1973 07 20 4114.000000 1 1
1973 07 21 4155.000000 1 1
1973 07 22 5060.000000 1 1
1973 07 23 6935.000000 1 1
1973 07 24 7678.000000 1 1
1973 07 25 7310.000000 1 1
1973 07 26 6845.000000 1 1
1973 07 27 6380.000000 1 1
1973 07 28 6170.000000 1 1
1973 07 29 5870.000000 1 1
1973 07 30 5600.000000 1 1
1973 07 31 5250.000000 1 1
1973 08 01 4782.000000 1 1
1973 08 02 4432.000000 1 1
1973 08 03 4127.000000 1 1
1973 08 04 3425.000000 1 1
1973 08 05 3074.000000 1 1
1973 08 06 2790.000000 1 1
1973 08 07 2510.000000 1 1
1973 08 08 2273.000000 1 1
1973 08 09 1974.000000 1 1
1973 08 10 2156.000000 1 1
1973 08 11 2410.000000 1 1
1973 08 12 2530.000000 1 1
1973 08 13 3022.000000 1 1
1973 08 14 4753.000000 1 1
1973 08 15 4885.000000 1 1
1973 08 16 4374.000000 1 1
1973 08 17 4088.000000 1 1
1973 08 18 3919.000000 1 1
1973 08 19 3594.000000 1 1
1973 08 20 3529.000000 1 1
1973 08 21 3503.000000 1 1
1973 08 22 4010.000000 1 1
1973 08 23 4388.000000 1 1
1973 08 24 4257.000000 1 1
1973 08 25 3997.000000 1 1
1973 08 26 4870.000000 1 1
1973 08 27 5381.000000 1 1
1973 08 28 5177.000000 1 1
1973 08 29 4841.000000 1 1
1973 08 30 5220.000000 1 1
1973 08 31 5104.000000 1 1
1973 09 01 4666.000000 1 1
1973 09 02 4330.000000 1 1
1973 09 03 3997.000000 1 1
1973 09 04 3724.000000 1 1
1973 09 05 3425.000000 1 1
1973 09 06 3022.000000 1 1
1973 09 07 2730.000000 1 1
1973 09 08 2180.000000 1 1
1973 09 09 2084.000000 1 1
1973 09 10 2000.000000 1 1
1973 09 11 1922.000000 1 1
1973 09 12 1883.000000 1 1
1973 09 13 1935.000000 1 1
1973 09 14 1922.000000 1 1
1973 09 15 1858.000000 1 1
1973 09 16 1659.000000 1 1
1973 09 17 2780.000000 1 1
1973 09 18 4520.000000 1 1
1973 09 19 5960.000000 1 1
1973 09 20 6950.000000 1 1
1973 09 21 6425.000000 1 1
1973 09 22 5512.000000 1 1
1973 09 23 4593.000000 1 1
1973 09 24 4010.000000 1 1
1973 09 25 3711.000000 1 1
1973 09 26 3568.000000 1 1
1973 09 27 3308.000000 1 1
1973 09 28 3204.000000 1 1
1973 09 29 3074.000000 1 1
1973 09 30 2750.000000 1 1
1973 10 01 2240.000000 1 1
1973 10 02 1909.000000 1 1
1973 10 03 1750.000000 1 1
1973 10 04 1590.000000 1 1
1973 10 05 1485.000000 1 1
1973 10 06 1605.000000 1 1
1973 10 07 1590.000000 1 1
1973 10 08 1530.000000 1 1
1973 10 09 1358.000000 1 1
1973 10 10 670.000000 1 1
1973 10 11 1118.000000 1 1
1973 10 12 1054.000000 1 1
1973 10 13 958.000000 1 1
1973 10 14 974.000000 1 1
1973 10 15 942.000000 1 1
1973 10 16 974.000000 1 1
1973 10 17 878.000000 1 1
1973 10 18 766.000000 1 1
1973 10 19 1006.000000 1 1
1973 10 20 974.000000 1 1
1973 10 21 798.000000 1 1
1973 10 22 504.000000 1 1
1973 10 23 798.000000 1 1
1973 10 24 1358.000000 1 1
1973 10 25 2490.000000 1 1
1973 10 26 2156.000000 1 1
1973 10 27 1711.000000 1 1
1973 10 28 1545.000000 1 1
1973 10 29 1358.000000 1 1
1973 10 30 1294.000000 1 1
1973 10 31 1358.000000 1 1
1973 11 01 1545.000000 1 1
1973 11 02 2328.000000 1 1
1973 11 03 2228.000000 1 1
1973 11 04 2012.000000 1 1
1973 11 05 1935.000000 1 1
1973 11 06 1822.000000 1 1
1973 11 07 1590.000000 1 1
1973 11 08 1422.000000 1 1
1973 11 09 1422.000000 1 1
1973 11 10 1294.000000 1 1
1973 11 11 1134.000000 1 1
1973 11 12 1134.000000 1 1
1973 11 13 1134.000000 1 1
1973 11 14 1054.000000 1 1
1973 11 15 702.000000 1 1
1973 11 16 558.000000 1 1
1973 11 17 642.000000 1 1
1973 11 18 766.000000 1 1
1973 11 19 1054.000000 1 1
1973 11 20 600.000000 1 1
1973 11 21 491.000000 1 1
1973 11 22 465.000000 1 1
1973 11 23 413.000000 1 1
1973 11 24 750.000000 1 1
1973 11 25 1070.000000 1 1
1973 11 26 718.000000 1 1
1973 11 27 750.000000 1 1
1973 11 28 750.000000 1 1
1973 11 29 600.000000 1 1
1973 11 30 544.000000 1 1
1973 12 01 517.000000 1 1
1973 12 02 642.000000 1 1
1973 12 03 320.000000 1 1
1973 12 04 366.000000 1 1
1973 12 05 491.000000 1 1
1973 12 06 504.000000 1 1
1973 12 07 814.000000 1 1
1973 12 08 600.000000 1 1
1973 12 09 572.000000 1 1
1973 12 10 572.000000 1 1
1973 12 11 670.000000 1 1
1973 12 12 558.000000 1 1
1973 12 13 614.000000 1 1
1973 12 14 734.000000 1 1
1973 12 15 686.000000 1 1
1973 12 16 750.000000 1 1
1973 12 17 544.000000 1 1
1973 12 18 702.000000 1 1
1973 12 19 894.000000 1 1
1973 12 20 734.000000 1 1
1973 12 21 656.000000 1 1
1973 12 22 614.000000 1 1
1973 12 23 628.000000 1 1
1973 12 24 642.000000 1 1
1973 12 25 517.000000 1 1
1973 12 26 465.000000 1 1
1973 12 27 413.000000 1 1
1973 12 28 366.000000 1 1
1973 12 29 308.000000 1 1
1973 12 30 628.000000 1 1
1973 12 31 656.000000 1 1
1974 01 01 656.000000 1 1
1974 01 02 600.000000 1 1
1974 01 03 600.000000 1 1
1974 01 04 686.000000 1 1
1974 01 05 718.000000 1 1
1974 01 06 686.000000 1 1
1974 01 07 642.000000 1 1
1974 01 08 558.000000 1 1
1974 01 09 389.000000 1 1
1974 01 10 265.000000 1 1
1974 01 11 224.000000 1 1
1974 01 12 254.000000 1 1
1974 01 13 656.000000 1 1
1974 01 14 926.000000 1 1
1974 01 15 990.000000 1 1
1974 01 16 766.000000 1 1
1974 01 17 670.000000 1 1
1974 01 18 558.000000 1 1
1974 01 19 400.000000 1 1
1974 01 20 234.000000 1 1
1974 01 21 203.000000 1 1
1974 01 22 254.000000 1 1
1974 01 23 254.000000 1 1
1974 01 24 491.000000 1 1
1974 01 25 320.000000 1 1
1974 01 26 331.000000 1 1
1974 01 27 452.000000 1 1
1974 01 28 910.000000 1 1
1974 01 29 942.000000 1 1
1974 01 30 814.000000 1 1
1974 01 31 670.000000 1 1
1974 02 01 426.000000 1 1
1974 02 02 275.000000 1 1
1974 02 03 214.000000 1 1
1974 02 04 254.000000 1 1
1974 02 05 331.000000 1 1
1974 02 06 586.000000 1 1
1974 02 07 439.000000 1 1
1974 02 08 354.000000 1 1
1974 02 09 670.000000 1 1
1974 02 10 331.000000 1 1
1974 02 11 297.000000 1 1
1974 02 12 400.000000 1 1
1974 02 13 320.000000 1 1
1974 02 14 224.000000 1 1
1974 02 15 910.000000 1 1
1974 02 16 942.000000 1 1
1974 02 17 894.000000 1 1
1974 02 18 942.000000 1 1
1974 02 19 1198.000000 1 1
1974 02 20 1342.000000 1 1
1974 02 21 1605.000000 1 1
1974 02 22 1822.000000 1 1
1974 02 23 2180.000000 1 1
1974 02 24 1974.000000 1 1
1974 02 25 1711.000000 1 1
1974 02 26 1438.000000 1 1
1974 02 27 1310.000000 1 1
1974 02 28 1182.000000 1 1
1974 03 01 1070.000000 1 1
1974 03 02 974.000000 1 1
1974 03 03 846.000000 1 1
1974 03 04 750.000000 1 1
1974 03 05 670.000000 1 1
1974 03 06 614.000000 1 1
1974 03 07 544.000000 1 1
1974 03 08 718.000000 1 1
1974 03 09 572.000000 1 1
1974 03 10 413.000000 1 1
1974 03 11 846.000000 1 1
1974 03 12 926.000000 1 1
1974 03 13 894.000000 1 1
1974 03 14 1070.000000 1 1
1974 03 15 1342.000000 1 1
1974 03 16 1672.000000 1 1
1974 03 17 1545.000000 1 1
1974 03 18 1406.000000 1 1
1974 03 19 1294.000000 1 1
1974 03 20 1230.000000 1 1
1974 03 21 1070.000000 1 1
1974 03 22 878.000000 1 1
1974 03 23 974.000000 1 1
1974 03 24 910.000000 1 1
1974 03 25 1485.000000 1 1
1974 03 26 2060.000000 1 1
1974 03 27 2108.000000 1 1
1974 03 28 1810.000000 1 1
1974 03 29 1530.000000 1 1
1974 03 30 1278.000000 1 1
1974 03 31 1134.000000 1 1
1974 04 01 1038.000000 1 1
1974 04 02 974.000000 1 1
1974 04 03 878.000000 1 1
1974 04 04 958.000000 1 1
1974 04 05 814.000000 1 1
1974 04 06 670.000000 1 1
1974 04 07 670.000000 1 1
1974 04 08 517.000000 1 1
1974 04 09 544.000000 1 1
1974 04 10 878.000000 1 1
1974 04 11 670.000000 1 1
1974 04 12 798.000000 1 1
1974 04 13 670.000000 1 1
1974 04 14 670.000000 1 1
1974 04 15 734.000000 1 1
1974 04 16 572.000000 1 1
1974 04 17 354.000000 1 1
1974 04 18 586.000000 1 1
1974 04 19 942.000000 1 1
1974 04 20 750.000000 1 1
1974 04 21 465.000000 1 1
1974 04 22 600.000000 1 1
1974 04 23 862.000000 1 1
1974 04 24 846.000000 1 1
1974 04 25 1006.000000 1 1
1974 04 26 1134.000000 1 1
1974 04 27 1070.000000 1 1
1974 04 28 798.000000 1 1
1974 04 29 670.000000 1 1
1974 04 30 544.000000 1 1
1974 05 01 465.000000 1 1
1974 05 02 517.000000 1 1
1974 05 03 600.000000 1 1
1974 05 04 600.000000 1 1
1974 05 05 830.000000 1 1
1974 05 06 846.000000 1 1
1974 05 07 702.000000 1 1
1974 05 08 439.000000 1 1
1974 05 09 491.000000 1 1
1974 05 10 389.000000 1 1
1974 05 11 377.000000 1 1
1974 05 12 320.000000 1 1
1974 05 13 413.000000 1 1
1974 05 14 331.000000 1 1
1974 05 15 148.000000 1 1
1974 05 16 308.000000 1 1
1974 05 17 389.000000 1 1
1974 05 18 910.000000 1 1
1974 05 19 1070.000000 1 1
1974 05 20 1822.000000 1 1
1974 05 21 1545.000000 1 1
1974 05 22 1342.000000 1 1
1974 05 23 1214.000000 1 1
1974 05 24 1086.000000 1 1
1974 05 25 974.000000 1 1
1974 05 26 878.000000 1 1
1974 05 27 530.000000 1 1
1974 05 28 926.000000 1 1
1974 05 29 1118.000000 1 1
1974 05 30 958.000000 1 1
1974 05 31 766.000000 1 1
1974 06 01 670.000000 1 1
1974 06 02 544.000000 1 1
1974 06 03 614.000000 1 1
1974 06 04 830.000000 1 1
1974 06 05 656.000000 1 1
1974 06 06 750.000000 1 1
1974 06 07 814.000000 1 1
1974 06 08 718.000000 1 1
1974 06 09 1150.000000 1 1
1974 06 10 4088.000000 1 1
1974 06 11 4870.000000 1 1
1974 06 12 3984.000000 1 1
1974 06 13 3360.000000 1 1
1974 06 14 3100.000000 1 1
1974 06 15 2910.000000 1 1
1974 06 16 2700.000000 1 1
1974 06 17 2630.000000 1 1
1974 06 18 2650.000000 1 1
1974 06 19 2690.000000 1 1
1974 06 20 2660.000000 1 1
1974 06 21 2630.000000 1 1
1974 06 22 2670.000000 1 1
1974 06 23 2700.000000 1 1
1974 06 24 2510.000000 1 1
1974 06 25 2470.000000 1 1
1974 06 26 2470.000000 1 1
1974 06 27 2240.000000 1 1
1974 06 28 2156.000000 1 1
1974 06 29 1974.000000 1 1
1974 06 30 1545.000000 1 1
1974 07 01 1390.000000 1 1
1974 07 02 1326.000000 1 1
1974 07 03 1182.000000 1 1
1974 07 04 990.000000 1 1
1974 07 05 814.000000 1 1
1974 07 06 750.000000 1 1
1974 07 07 846.000000 1 1
1974 07 08 846.000000 1 1
1974 07 09 718.000000 1 1
1974 07 10 686.000000 1 1
1974 07 11 814.000000 1 1
1974 07 12 702.000000 1 1
1974 07 13 586.000000 1 1
1974 07 14 686.000000 1 1
1974 07 15 814.000000 1 1
1974 07 16 656.000000 1 1
1974 07 17 734.000000 1 1
1974 07 18 830.000000 1 1
1974 07 19 1470.000000 1 1
1974 07 20 1515.000000 1 1
1974 07 21 1698.000000 1 1
1974 07 22 2108.000000 1 1
1974 07 23 2132.000000 1 1
1974 07 24 2180.000000 1 1
1974 07 25 2108.000000 1 1
1974 07 26 2132.000000 1 1
1974 07 27 2251.000000 1 1
1974 07 28 2156.000000 1 1
1974 07 29 1672.000000 1 1
1974 07 30 1374.000000 1 1
1974 07 31 1198.000000 1 1
1974 08 01 1054.000000 1 1
1974 08 02 958.000000 1 1
1974 08 03 1038.000000 1 1
1974 08 04 1230.000000 1 1
1974 08 05 1102.000000 1 1
1974 08 06 1750.000000 1 1
1974 08 07 2192.000000 1 1
1974 08 08 2410.000000 1 1
1974 08 09 2400.000000 1 1
1974 08 10 2390.000000 1 1
1974 08 11 2480.000000 1 1
1974 08 12 2430.000000 1 1
1974 08 13 2328.000000 1 1
1974 08 14 2240.000000 1 1
1974 08 15 2156.000000 1 1
1974 08 16 1974.000000 1 1
1974 08 17 1762.000000 1 1
1974 08 18 1822.000000 1 1
1974 08 19 1560.000000 1 1
1974 08 20 1358.000000 1 1
1974 08 21 1150.000000 1 1
1974 08 22 1166.000000 1 1
1974 08 23 1086.000000 1 1
1974 08 24 990.000000 1 1
1974 08 25 1006.000000 1 1
1974 08 26 974.000000 1 1
1974 08 27 958.000000 1 1
1974 08 28 974.000000 1 1
1974 08 29 1086.000000 1 1
1974 08 30 1230.000000 1 1
1974 08 31 1294.000000 1 1
1974 09 01 1485.000000 1 1
1974 09 02 1575.000000 1 1
1974 09 03 1590.000000 1 1
1974 09 04 1590.000000 1 1
1974 09 05 1605.000000 1 1
1974 09 06 1590.000000 1 1
1974 09 07 1485.000000 1 1
1974 09 08 1438.000000 1 1
1974 09 09 1406.000000 1 1
1974 09 10 1342.000000 1 1
1974 09 11 1278.000000 1 1
1974 09 12 942.000000 1 1
1974 09 13 798.000000 1 1
1974 09 14 894.000000 1 1
1974 09 15 958.000000 1 1
1974 09 16 894.000000 1 1
1974 09 17 798.000000 1 1
1974 09 18 782.000000 1 1
1974 09 19 814.000000 1 1
1974 09 20 798.000000 1 1
1974 09 21 814.000000 1 1
1974 09 22 894.000000 1 1
1974 09 23 942.000000 1 1
1974 09 24 894.000000 1 1
1974 09 25 910.000000 1 1
1974 09 26 846.000000 1 1
1974 09 27 734.000000 1 1
1974 09 28 1102.000000 1 1
1974 09 29 1390.000000 1 1
1974 09 30 1454.000000 1 1
1974 10 01 1454.000000 1 1
1974 10 02 1500.000000 1 1
1974 10 03 1590.000000 1 1
1974 10 04 1500.000000 1 1
1974 10 05 1454.000000 1 1
1974 10 06 1214.000000 1 1
1974 10 07 1118.000000 1 1
1974 10 08 974.000000 1 1
1974 10 09 942.000000 1 1
1974 10 10 862.000000 1 1
1974 10 11 1134.000000 1 1
1974 10 12 958.000000 1 1
1974 10 13 830.000000 1 1
1974 10 14 750.000000 1 1
1974 10 15 544.000000 1 1
1974 10 16 544.000000 1 1
1974 10 17 530.000000 1 1
1974 10 18 517.000000 1 1
1974 10 19 544.000000 1 1
1974 10 20 628.000000 1 1
1974 10 21 656.000000 1 1
1974 10 22 766.000000 1 1
1974 10 23 846.000000 1 1
1974 10 24 814.000000 1 1
1974 10 25 718.000000 1 1
1974 10 26 558.000000 1 1
1974 10 27 686.000000 1 1
1974 10 28 798.000000 1 1
1974 10 29 894.000000 1 1
1974 10 30 910.000000 1 1
1974 10 31 878.000000 1 1
1974 11 01 734.000000 1 1
1974 11 02 642.000000 1 1
1974 11 03 452.000000 1 1
1974 11 04 628.000000 1 1
1974 11 05 1166.000000 1 1
1974 11 06 1278.000000 1 1
1974 11 07 1326.000000 1 1
1974 11 08 1438.000000 1 1
1974 11 09 1485.000000 1 1
1974 11 10 1198.000000 1 1
1974 11 11 530.000000 1 1
1974 11 12 530.000000 1 1
1974 11 13 862.000000 1 1
1974 11 14 1006.000000 1 1
1974 11 15 990.000000 1 1
1974 11 16 1006.000000 1 1
1974 11 17 798.000000 1 1
1974 11 18 504.000000 1 1
1974 11 19 702.000000 1 1
1974 11 20 504.000000 1 1
1974 11 21 910.000000 1 1
1974 11 22 894.000000 1 1
1974 11 23 734.000000 1 1
1974 11 24 670.000000 1 1
1974 11 25 734.000000 1 1
1974 11 26 614.000000 1 1
1974 11 27 766.000000 1 1
1974 11 28 686.000000 1 1
1974 11 29 766.000000 1 1
1974 11 30 798.000000 1 1
1974 12 01 734.000000 1 1
1974 12 02 1150.000000 1 1
1974 12 03 2295.000000 1 1
1974 12 04 2910.000000 1 1
1974 12 05 2640.000000 1 1
1974 12 06 2530.000000 1 1
1974 12 07 2440.000000 1 1
1974 12 08 2317.000000 1 1
1974 12 09 2228.000000 1 1
1974 12 10 2168.000000 1 1
1974 12 11 2132.000000 1 1
1974 12 12 2060.000000 1 1
1974 12 13 1987.000000 1 1
1974 12 14 1870.000000 1 1
1974 12 15 1198.000000 1 1
1974 12 16 782.000000 1 1
1974 12 17 686.000000 1 1
1974 12 18 686.000000 1 1
1974 12 19 670.000000 1 1
1974 12 20 586.000000 1 1
1974 12 21 452.000000 1 1
1974 12 22 389.000000 1 1
1974 12 23 517.000000 1 1
1974 12 24 517.000000 1 1
1974 12 25 517.000000 1 1
1974 12 26 530.000000 1 1
1974 12 27 389.000000 1 1
1974 12 28 452.000000 1 1
1974 12 29 558.000000 1 1
1974 12 30 544.000000 1 1
1974 12 31 558.000000 1 1
1975 01 01 572.000000 1 1
1975 01 02 572.000000 1 1
1975 01 03 614.000000 1 1
1975 01 04 814.000000 1 1
1975 01 05 452.000000 1 1
1975 01 06 224.000000 1 1
1975 01 07 99.200000 1 1
1975 01 08 148.000000 1 1
1975 01 09 169.000000 1 1
1975 01 10 176.000000 1 1
1975 01 11 265.000000 1 1
1975 01 12 670.000000 1 1
1975 01 13 586.000000 1 1
1975 01 14 530.000000 1 1
1975 01 15 517.000000 1 1
1975 01 16 544.000000 1 1
1975 01 17 544.000000 1 1
1975 01 18 846.000000 1 1
1975 01 19 990.000000 1 1
1975 01 20 1438.000000 1 1
1975 01 21 1054.000000 1 1
1975 01 22 862.000000 1 1
1975 01 23 814.000000 1 1
1975 01 24 686.000000 1 1
1975 01 25 628.000000 1 1
1975 01 26 530.000000 1 1
1975 01 27 517.000000 1 1
1975 01 28 465.000000 1 1
1975 01 29 439.000000 1 1
1975 01 30 426.000000 1 1
1975 01 31 400.000000 1 1
1975 02 01 308.000000 1 1
1975 02 02 297.000000 1 1
1975 02 03 628.000000 1 1
1975 02 04 1134.000000 1 1
1975 02 05 1374.000000 1 1
1975 02 06 1038.000000 1 1
1975 02 07 600.000000 1 1
1975 02 08 297.000000 1 1
1975 02 09 504.000000 1 1
1975 02 10 504.000000 1 1
1975 02 11 297.000000 1 1
1975 02 12 nan nan 0
1975 02 13 517.000000 1 1
1975 02 14 504.000000 1 1
1975 02 15 nan nan 0
1975 02 16 830.000000 1 1
1975 02 17 558.000000 1 1
1975 02 18 656.000000 1 1
1975 02 19 544.000000 1 1
1975 02 20 465.000000 1 1
1975 02 21 439.000000 1 1
1975 02 22 439.000000 1 1
1975 02 23 400.000000 1 1
1975 02 24 413.000000 1 1
1975 02 25 686.000000 1 1
1975 02 26 718.000000 1 1
1975 02 27 656.000000 1 1
1975 02 28 718.000000 1 1
1975 03 01 656.000000 1 1
1975 03 02 686.000000 1 1
1975 03 03 656.000000 1 1
1975 03 04 686.000000 1 1
1975 03 05 600.000000 1 1
1975 03 06 389.000000 1 1
1975 03 07 491.000000 1 1
1975 03 08 614.000000 1 1
1975 03 09 814.000000 1 1
1975 03 10 600.000000 1 1
1975 03 11 413.000000 1 1
1975 03 12 530.000000 1 1
1975 03 13 544.000000 1 1
1975 03 14 586.000000 1 1
1975 03 15 572.000000 1 1
1975 03 16 686.000000 1 1
1975 03 17 656.000000 1 1
1975 03 18 nan nan 0
1975 03 19 465.000000 1 1
1975 03 20 452.000000 1 1
1975 03 21 628.000000 1 1
1975 03 22 478.000000 1 1
1975 03 23 628.000000 1 1
1975 03 24 814.000000 1 1
1975 03 25 670.000000 1 1
1975 03 26 670.000000 1 1
1975 03 27 530.000000 1 1
1975 03 28 558.000000 1 1
1975 03 29 544.000000 1 1
1975 03 30 530.000000 1 1
1975 03 31 586.000000 1 1
1975 04 01 614.000000 1 1
1975 04 02 686.000000 1 1
1975 04 03 750.000000 1 1
1975 04 04 814.000000 1 1
1975 04 05 958.000000 1 1
1975 04 06 990.000000 1 1
1975 04 07 830.000000 1 1
1975 04 08 766.000000 1 1
1975 04 09 686.000000 1 1
1975 04 10 544.000000 1 1
1975 04 11 734.000000 1 1
1975 04 12 718.000000 1 1
1975 04 13 670.000000 1 1
1975 04 14 656.000000 1 1
1975 04 15 702.000000 1 1
1975 04 16 686.000000 1 1
1975 04 17 628.000000 1 1
1975 04 18 544.000000 1 1
1975 04 19 465.000000 1 1
1975 04 20 366.000000 1 1
1975 04 21 343.000000 1 1
1975 04 22 308.000000 1 1
1975 04 23 366.000000 1 1
1975 04 24 426.000000 1 1
1975 04 25 354.000000 1 1
1975 04 26 400.000000 1 1
1975 04 27 478.000000 1 1
1975 04 28 530.000000 1 1
1975 04 29 586.000000 1 1
1975 04 30 628.000000 1 1
1975 05 01 686.000000 1 1
1975 05 02 670.000000 1 1
1975 05 03 766.000000 1 1
1975 05 04 766.000000 1 1
1975 05 05 782.000000 1 1
1975 05 06 830.000000 1 1
1975 05 07 894.000000 1 1
1975 05 08 656.000000 1 1
1975 05 09 642.000000 1 1
1975 05 10 734.000000 1 1
1975 05 11 628.000000 1 1
1975 05 12 530.000000 1 1
1975 05 13 465.000000 1 1
1975 05 14 478.000000 1 1
1975 05 15 558.000000 1 1
1975 05 16 656.000000 1 1
1975 05 17 702.000000 1 1
1975 05 18 628.000000 1 1
1975 05 19 586.000000 1 1
1975 05 20 558.000000 1 1
1975 05 21 614.000000 1 1
1975 05 22 517.000000 1 1
1975 05 23 377.000000 1 1
1975 05 24 343.000000 1 1
1975 05 25 465.000000 1 1
1975 05 26 517.000000 1 1
1975 05 27 400.000000 1 1
1975 05 28 377.000000 1 1
1975 05 29 413.000000 1 1
1975 05 30 558.000000 1 1
1975 05 31 670.000000 1 1
1975 06 01 798.000000 1 1
1975 06 02 942.000000 1 1
1975 06 03 1022.000000 1 1
1975 06 04 1006.000000 1 1
1975 06 05 1038.000000 1 1
1975 06 06 1150.000000 1 1
1975 06 07 1326.000000 1 1
1975 06 08 1406.000000 1 1
1975 06 09 1438.000000 1 1
1975 06 10 1515.000000 1 1
1975 06 11 1560.000000 1 1
1975 06 12 1530.000000 1 1
1975 06 13 1870.000000 1 1
1975 06 14 2072.000000 1 1
1975 06 15 2144.000000 1 1
1975 06 16 2204.000000 1 1
1975 06 17 2251.000000 1 1
1975 06 18 2216.000000 1 1
1975 06 19 2012.000000 1 1
1975 06 20 1470.000000 1 1
1975 06 21 1086.000000 1 1
1975 06 22 1118.000000 1 1
1975 06 23 1054.000000 1 1
1975 06 24 1006.000000 1 1
1975 06 25 990.000000 1 1
1975 06 26 1070.000000 1 1
1975 06 27 926.000000 1 1
1975 06 28 926.000000 1 1
1975 06 29 830.000000 1 1
1975 06 30 766.000000 1 1
1975 07 01 734.000000 1 1
1975 07 02 782.000000 1 1
1975 07 03 830.000000 1 1
1975 07 04 942.000000 1 1
1975 07 05 1054.000000 1 1
1975 07 06 1166.000000 1 1
1975 07 07 1246.000000 1 1
1975 07 08 1198.000000 1 1
1975 07 09 1166.000000 1 1
1975 07 10 1134.000000 1 1
1975 07 11 1054.000000 1 1
1975 07 12 990.000000 1 1
1975 07 13 942.000000 1 1
1975 07 14 974.000000 1 1
1975 07 15 1006.000000 1 1
1975 07 16 1118.000000 1 1
1975 07 17 1246.000000 1 1
1975 07 18 1438.000000 1 1
1975 07 19 1590.000000 1 1
1975 07 20 1774.000000 1 1
1975 07 21 1672.000000 1 1
1975 07 22 1500.000000 1 1
1975 07 23 1326.000000 1 1
1975 07 24 1262.000000 1 1
1975 07 25 1166.000000 1 1
1975 07 26 1102.000000 1 1
1975 07 27 1070.000000 1 1
1975 07 28 1006.000000 1 1
1975 07 29 942.000000 1 1
1975 07 30 766.000000 1 1
1975 07 31 656.000000 1 1
1975 08 01 544.000000 1 1
1975 08 02 517.000000 1 1
1975 08 03 670.000000 1 1
1975 08 04 990.000000 1 1
1975 08 05 1374.000000 1 1
1975 08 06 1590.000000 1 1
1975 08 07 1575.000000 1 1
1975 08 08 1605.000000 1 1
1975 08 09 1909.000000 1 1
1975 08 10 2800.000000 1 1
1975 08 11 4899.000000 1 1
1975 08 12 5352.000000 1 1
1975 08 13 4987.000000 1 1
1975 08 14 4534.000000 1 1
1975 08 15 4062.000000 1 1
1975 08 16 4101.000000 1 1
1975 08 17 4242.000000 1 1
1975 08 18 4359.000000 1 1
1975 08 19 4374.000000 1 1
1975 08 20 4101.000000 1 1
1975 08 21 3750.000000 1 1
1975 08 22 3334.000000 1 1
1975 08 23 3113.000000 1 1
1975 08 24 3074.000000 1 1
1975 08 25 3035.000000 1 1
1975 08 26 3009.000000 1 1
1975 08 27 2983.000000 1 1
1975 08 28 2996.000000 1 1
1975 08 29 2946.000000 1 1
1975 08 30 2922.000000 1 1
1975 08 31 2886.000000 1 1
1975 09 01 2934.000000 1 1
1975 09 02 2996.000000 1 1
1975 09 03 3048.000000 1 1
1975 09 04 3074.000000 1 1
1975 09 05 3009.000000 1 1
1975 09 06 3022.000000 1 1
1975 09 07 3412.000000 1 1
1975 09 08 3815.000000 1 1
1975 09 09 4242.000000 1 1
1975 09 10 4374.000000 1 1
1975 09 11 4695.000000 1 1
1975 09 12 5191.000000 1 1
1975 09 13 5498.000000 1 1
1975 09 14 5675.000000 1 1
1975 09 15 5915.000000 1 1
1975 09 16 6110.000000 1 1
1975 09 17 5960.000000 1 1
1975 09 18 5780.000000 1 1
1975 09 19 5483.000000 1 1
1975 09 20 5279.000000 1 1
1975 09 21 5074.000000 1 1
1975 09 22 4928.000000 1 1
1975 09 23 4782.000000 1 1
1975 09 24 4549.000000 1 1
1975 09 25 4315.000000 1 1
1975 09 26 3854.000000 1 1
1975 09 27 3425.000000 1 1
1975 09 28 2934.000000 1 1
1975 09 29 2710.000000 1 1
1975 09 30 2460.000000 1 1
1975 10 01 2204.000000 1 1
1975 10 02 1883.000000 1 1
1975 10 03 1786.000000 1 1
1975 10 04 1786.000000 1 1
1975 10 05 1737.000000 1 1
1975 10 06 1685.000000 1 1
1975 10 07 1672.000000 1 1
1975 10 08 1659.000000 1 1
1975 10 09 1659.000000 1 1
1975 10 10 1646.000000 1 1
1975 10 11 1620.000000 1 1
1975 10 12 1545.000000 1 1
1975 10 13 1500.000000 1 1
1975 10 14 1545.000000 1 1
1975 10 15 1515.000000 1 1
1975 10 16 1470.000000 1 1
1975 10 17 1406.000000 1 1
1975 10 18 1358.000000 1 1
1975 10 19 1294.000000 1 1
1975 10 20 1198.000000 1 1
1975 10 21 1262.000000 1 1
1975 10 22 1246.000000 1 1
1975 10 23 1246.000000 1 1
1975 10 24 1166.000000 1 1
1975 10 25 1070.000000 1 1
1975 10 26 926.000000 1 1
1975 10 27 910.000000 1 1
1975 10 28 814.000000 1 1
1975 10 29 686.000000 1 1
1975 10 30 862.000000 1 1
1975 10 31 1022.000000 1 1
1975 11 01 1102.000000 1 1
1975 11 02 1166.000000 1 1
1975 11 03 1022.000000 1 1
1975 11 04 990.000000 1 1
1975 11 05 926.000000 1 1
1975 11 06 766.000000 1 1
1975 11 07 686.000000 1 1
1975 11 08 628.000000 1 1
1975 11 09 530.000000 1 1
1975 11 10 439.000000 1 1
1975 11 11 354.000000 1 1
1975 11 12 452.000000 1 1
1975 11 13 517.000000 1 1
1975 11 14 572.000000 1 1
1975 11 15 628.000000 1 1
1975 11 16 614.000000 1 1
1975 11 17 766.000000 1 1
1975 11 18 798.000000 1 1
1975 11 19 958.000000 1 1
1975 11 20 1022.000000 1 1
1975 11 21 1102.000000 1 1
1975 11 22 1150.000000 1 1
1975 11 23 1278.000000 1 1
1975 11 24 1326.000000 1 1
1975 11 25 1438.000000 1 1
1975 11 26 1500.000000 1 1
1975 11 27 1575.000000 1 1
1975 11 28 1620.000000 1 1
1975 11 29 1685.000000 1 1
1975 11 30 1737.000000 1 1
1975 12 01 1672.000000 1 1
1975 12 02 1545.000000 1 1
1975 12 03 1406.000000 1 1
1975 12 04 1262.000000 1 1
1975 12 05 1134.000000 1 1
1975 12 06 1006.000000 1 1
1975 12 07 846.000000 1 1
1975 12 08 656.000000 1 1
1975 12 09 718.000000 1 1
1975 12 10 750.000000 1 1
1975 12 11 846.000000 1 1
1975 12 12 926.000000 1 1
1975 12 13 1134.000000 1 1
1975 12 14 1530.000000 1 1
1975 12 15 1698.000000 1 1
1975 12 16 1560.000000 1 1
1975 12 17 942.000000 1 1
1975 12 18 766.000000 1 1
1975 12 19 670.000000 1 1
1975 12 20 1278.000000 1 1
1975 12 21 1198.000000 1 1
1975 12 22 1134.000000 1 1
1975 12 23 1006.000000 1 1
1975 12 24 862.000000 1 1
1975 12 25 670.000000 1 1
1975 12 26 544.000000 1 1
1975 12 27 452.000000 1 1
1975 12 28 389.000000 1 1
1975 12 29 343.000000 1 1
1975 12 30 320.000000 1 1
1975 12 31 297.000000 1 1
1976 01 01 254.000000 1 1
1976 01 02 265.000000 1 1
1976 01 03 331.000000 1 1
1976 01 04 331.000000 1 1
1976 01 05 389.000000 1 1
1976 01 06 413.000000 1 1
1976 01 07 452.000000 1 1
1976 01 08 478.000000 1 1
1976 01 09 426.000000 1 1
1976 01 10 426.000000 1 1
1976 01 11 465.000000 1 1
1976 01 12 478.000000 1 1
1976 01 13 504.000000 1 1
1976 01 14 491.000000 1 1
1976 01 15 491.000000 1 1
1976 01 16 558.000000 1 1
1976 01 17 558.000000 1 1
1976 01 18 558.000000 1 1
1976 01 19 558.000000 1 1
1976 01 20 586.000000 1 1
1976 01 21 600.000000 1 1
1976 01 22 544.000000 1 1
1976 01 23 504.000000 1 1
1976 01 24 558.000000 1 1
1976 01 25 614.000000 1 1
1976 01 26 586.000000 1 1
1976 01 27 614.000000 1 1
1976 01 28 614.000000 1 1
1976 01 29 656.000000 1 1
1976 01 30 734.000000 1 1
1976 01 31 750.000000 1 1
1976 02 01 798.000000 1 1
1976 02 02 878.000000 1 1
1976 02 03 958.000000 1 1
1976 02 04 1038.000000 1 1
1976 02 05 1102.000000 1 1
1976 02 06 1086.000000 1 1
1976 02 07 1198.000000 1 1
1976 02 08 1278.000000 1 1
1976 02 09 1230.000000 1 1
1976 02 10 1166.000000 1 1
1976 02 11 1038.000000 1 1
1976 02 12 942.000000 1 1
1976 02 13 814.000000 1 1
1976 02 14 718.000000 1 1
1976 02 15 614.000000 1 1
1976 02 16 491.000000 1 1
1976 02 17 354.000000 1 1
1976 02 18 308.000000 1 1
1976 02 19 343.000000 1 1
1976 02 20 377.000000 1 1
1976 02 21 426.000000 1 1
1976 02 22 465.000000 1 1
1976 02 23 426.000000 1 1
1976 02 24 366.000000 1 1
1976 02 25 354.000000 1 1
1976 02 26 377.000000 1 1
1976 02 27 366.000000 1 1
1976 02 28 413.000000 1 1
1976 02 29 413.000000 1 1
1976 03 01 439.000000 1 1
1976 03 02 413.000000 1 1
1976 03 03 426.000000 1 1
1976 03 04 366.000000 1 1
1976 03 05 320.000000 1 1
1976 03 06 366.000000 1 1
1976 03 07 452.000000 1 1
1976 03 08 530.000000 1 1
1976 03 09 600.000000 1 1
1976 03 10 558.000000 1 1
1976 03 11 1342.000000 1 1
1976 03 12 686.000000 1 1
1976 03 13 1374.000000 1 1
1976 03 14 1374.000000 1 1
1976 03 15 1150.000000 1 1
1976 03 16 1038.000000 1 1
1976 03 17 1294.000000 1 1
1976 03 18 1646.000000 1 1
1976 03 19 1685.000000 1 1
1976 03 20 1711.000000 1 1
1976 03 21 1590.000000 1 1
1976 03 22 1485.000000 1 1
1976 03 23 1374.000000 1 1
1976 03 24 1310.000000 1 1
1976 03 25 1262.000000 1 1
1976 03 26 1182.000000 1 1
1976 03 27 1262.000000 1 1
1976 03 28 1278.000000 1 1
1976 03 29 1182.000000 1 1
1976 03 30 1198.000000 1 1
1976 03 31 1230.000000 1 1
1976 04 01 1182.000000 1 1
1976 04 02 1102.000000 1 1
1976 04 03 1038.000000 1 1
1976 04 04 974.000000 1 1
1976 04 05 926.000000 1 1
1976 04 06 862.000000 1 1
1976 04 07 894.000000 1 1
1976 04 08 910.000000 1 1
1976 04 09 846.000000 1 1
1976 04 10 782.000000 1 1
1976 04 11 750.000000 1 1
1976 04 12 656.000000 1 1
1976 04 13 600.000000 1 1
1976 04 14 572.000000 1 1
1976 04 15 642.000000 1 1
1976 04 16 702.000000 1 1
1976 04 17 750.000000 1 1
1976 04 18 814.000000 1 1
1976 04 19 894.000000 1 1
1976 04 20 910.000000 1 1
1976 04 21 926.000000 1 1
1976 04 22 990.000000 1 1
1976 04 23 1038.000000 1 1
1976 04 24 1070.000000 1 1
1976 04 25 1118.000000 1 1
1976 04 26 1150.000000 1 1
1976 04 27 1150.000000 1 1
1976 04 28 1118.000000 1 1
1976 04 29 990.000000 1 1
1976 04 30 910.000000 1 1
