year month day streamflow_m3s qual_control_by_ana qual_flag
1943 01 01 nan nan 0
1943 01 02 nan nan 0
1943 01 03 nan nan 0
1943 01 04 nan nan 0
1943 01 05 nan nan 0
1943 01 06 nan nan 0
1943 01 07 nan nan 0
1943 01 08 nan nan 0
1943 01 09 16.400000 1 1
1943 01 10 16.400000 1 1
1943 01 11 15.800000 1 1
1943 01 12 15.200000 1 1
1943 01 13 16.400000 1 1
1943 01 14 17.600000 1 1
1943 01 15 17.600000 1 1
1943 01 16 16.400000 1 1
1943 01 17 16.400000 1 1
1943 01 18 17.600000 1 1
1943 01 19 17.600000 1 1
1943 01 20 17.000000 1 1
1943 01 21 16.400000 1 1
1943 01 22 15.800000 1 1
1943 01 23 15.800000 1 1
1943 01 24 16.400000 1 1
1943 01 25 15.800000 1 1
1943 01 26 17.000000 1 1
1943 01 27 15.800000 1 1
1943 01 28 15.200000 1 1
1943 01 29 15.200000 1 1
1943 01 30 14.600000 1 1
1943 01 31 14.600000 1 1
1943 02 01 11.900000 1 1
1943 02 02 11.300000 1 1
1943 02 03 10.800000 1 1
1943 02 04 9.840000 1 1
1943 02 05 9.360000 1 1
1943 02 06 9.360000 1 1
1943 02 07 22.900000 1 1
1943 02 08 46.900000 1 1
1943 02 09 36.900000 1 1
1943 02 10 34.400000 1 1
1943 02 11 31.100000 1 1
1943 02 12 28.000000 1 1
1943 02 13 22.900000 1 1
1943 02 14 21.500000 1 1
1943 02 15 21.500000 1 1
1943 02 16 20.800000 1 1
1943 02 17 21.500000 1 1
1943 02 18 38.700000 1 1
1943 02 19 28.800000 1 1
1943 02 20 34.400000 1 1
1943 02 21 31.100000 1 1
1943 02 22 28.000000 1 1
1943 02 23 23.600000 1 1
1943 02 24 22.200000 1 1
1943 02 25 22.200000 1 1
1943 02 26 21.500000 1 1
1943 02 27 19.500000 1 1
1943 02 28 18.200000 1 1
1943 03 01 17.000000 1 1
1943 03 02 15.800000 1 1
1943 03 03 14.600000 1 1
1943 03 04 14.000000 1 1
1943 03 05 15.200000 1 1
1943 03 06 17.000000 1 1
1943 03 07 15.800000 1 1
1943 03 08 15.200000 1 1
1943 03 09 14.600000 1 1
1943 03 10 15.800000 1 1
1943 03 11 14.600000 1 1
1943 03 12 16.400000 1 1
1943 03 13 15.800000 1 1
1943 03 14 15.200000 1 1
1943 03 15 15.800000 1 1
1943 03 16 14.600000 1 1
1943 03 17 16.400000 1 1
1943 03 18 14.600000 1 1
1943 03 19 14.000000 1 1
1943 03 20 13.500000 1 1
1943 03 21 14.000000 1 1
1943 03 22 13.500000 1 1
1943 03 23 13.500000 1 1
1943 03 24 12.900000 1 1
1943 03 25 12.400000 1 1
1943 03 26 11.900000 1 1
1943 03 27 11.300000 1 1
1943 03 28 10.800000 1 1
1943 03 29 10.300000 1 1
1943 03 30 10.300000 1 1
1943 03 31 9.840000 1 1
1943 04 01 9.360000 1 1
1943 04 02 9.840000 1 1
1943 04 03 10.300000 1 1
1943 04 04 9.840000 1 1
1943 04 05 9.840000 1 1
1943 04 06 9.840000 1 1
1943 04 07 9.360000 1 1
1943 04 08 10.300000 1 1
1943 04 09 11.300000 1 1
1943 04 10 11.300000 1 1
1943 04 11 10.300000 1 1
1943 04 12 9.840000 1 1
1943 04 13 10.300000 1 1
1943 04 14 11.300000 1 1
1943 04 15 10.800000 1 1
1943 04 16 10.300000 1 1
1943 04 17 9.840000 1 1
1943 04 18 10.300000 1 1
1943 04 19 9.840000 1 1
1943 04 20 9.840000 1 1
1943 04 21 9.360000 1 1
1943 04 22 8.890000 1 1
1943 04 23 8.890000 1 1
1943 04 24 8.890000 1 1
1943 04 25 8.430000 1 1
1943 04 26 8.430000 1 1
1943 04 27 8.430000 1 1
1943 04 28 8.430000 1 1
1943 04 29 8.430000 1 1
1943 04 30 7.980000 1 1
1943 05 01 7.980000 1 1
1943 05 02 7.980000 1 1
1943 05 03 7.550000 1 1
1943 05 04 7.550000 1 1
1943 05 05 7.550000 1 1
1943 05 06 7.550000 1 1
1943 05 07 7.550000 1 1
1943 05 08 7.120000 1 1
1943 05 09 7.120000 1 1
1943 05 10 7.120000 1 1
1943 05 11 7.120000 1 1
1943 05 12 7.120000 1 1
1943 05 13 7.120000 1 1
1943 05 14 7.550000 1 1
1943 05 15 7.980000 1 1
1943 05 16 8.430000 1 1
1943 05 17 8.430000 1 1
1943 05 18 8.430000 1 1
1943 05 19 8.430000 1 1
1943 05 20 8.430000 1 1
1943 05 21 8.890000 1 1
1943 05 22 12.900000 1 1
1943 05 23 17.600000 1 1
1943 05 24 20.800000 1 1
1943 05 25 22.900000 1 1
1943 05 26 18.900000 1 1
1943 05 27 19.500000 1 1
1943 05 28 21.500000 1 1
1943 05 29 25.700000 1 1
1943 05 30 63.200000 1 1
1943 05 31 73.300000 1 1
1943 06 01 85.300000 1 1
1943 06 02 98.100000 1 1
1943 06 03 112.000000 1 1
1943 06 04 112.000000 1 1
1943 06 05 90.300000 1 1
1943 06 06 85.300000 1 1
1943 06 07 84.100000 1 1
1943 06 08 78.000000 1 1
1943 06 09 73.300000 1 1
1943 06 10 66.500000 1 1
1943 06 11 54.800000 1 1
1943 06 12 50.800000 1 1
1943 06 13 47.900000 1 1
1943 06 14 42.200000 1 1
1943 06 15 40.400000 1 1
1943 06 16 33.500000 1 1
1943 06 17 29.500000 1 1
1943 06 18 28.800000 1 1
1943 06 19 27.200000 1 1
1943 06 20 26.500000 1 1
1943 06 21 26.500000 1 1
1943 06 22 25.700000 1 1
1943 06 23 23.600000 1 1
1943 06 24 31.900000 1 1
1943 06 25 38.700000 1 1
1943 06 26 38.700000 1 1
1943 06 27 36.900000 1 1
1943 06 28 39.500000 1 1
1943 06 29 41.300000 1 1
1943 06 30 44.100000 1 1
1943 07 01 50.800000 1 1
1943 07 02 53.800000 1 1
1943 07 03 246.000000 1 1
1943 07 04 1118.000000 1 1
1943 07 05 989.000000 1 1
1943 07 06 901.000000 1 1
1943 07 07 833.000000 1 1
1943 07 08 475.000000 1 1
1943 07 09 376.000000 1 1
1943 07 10 308.000000 1 1
1943 07 11 246.000000 1 1
1943 07 12 208.000000 1 1
1943 07 13 190.000000 1 1
1943 07 14 157.000000 1 1
1943 07 15 141.000000 1 1
1943 07 16 126.000000 1 1
1943 07 17 112.000000 1 1
1943 07 18 101.000000 1 1
1943 07 19 98.100000 1 1
1943 07 20 98.100000 1 1
1943 07 21 94.200000 1 1
1943 07 22 91.600000 1 1
1943 07 23 87.800000 1 1
1943 07 24 82.900000 1 1
1943 07 25 80.400000 1 1
1943 07 26 68.800000 1 1
1943 07 27 66.500000 1 1
1943 07 28 64.300000 1 1
1943 07 29 71.000000 1 1
1943 07 30 82.900000 1 1
1943 07 31 87.800000 1 1
1943 08 01 84.100000 1 1
1943 08 02 81.600000 1 1
1943 08 03 78.000000 1 1
1943 08 04 72.200000 1 1
1943 08 05 65.400000 1 1
1943 08 06 61.100000 1 1
1943 08 07 55.800000 1 1
1943 08 08 50.800000 1 1
1943 08 09 50.800000 1 1
1943 08 10 51.800000 1 1
1943 08 11 55.800000 1 1
1943 08 12 60.000000 1 1
1943 08 13 57.900000 1 1
1943 08 14 55.800000 1 1
1943 08 15 54.800000 1 1
1943 08 16 53.800000 1 1
1943 08 17 52.800000 1 1
1943 08 18 51.800000 1 1
1943 08 19 51.800000 1 1
1943 08 20 58.900000 1 1
1943 08 21 84.100000 1 1
1943 08 22 98.100000 1 1
1943 08 23 94.200000 1 1
1943 08 24 87.800000 1 1
1943 08 25 82.900000 1 1
1943 08 26 80.400000 1 1
1943 08 27 74.500000 1 1
1943 08 28 67.600000 1 1
1943 08 29 55.800000 1 1
1943 08 30 52.800000 1 1
1943 08 31 48.800000 1 1
1943 09 01 45.000000 1 1
1943 09 02 49.800000 1 1
1943 09 03 49.800000 1 1
1943 09 04 46.900000 1 1
1943 09 05 45.900000 1 1
1943 09 06 45.000000 1 1
1943 09 07 44.100000 1 1
1943 09 08 43.100000 1 1
1943 09 09 42.200000 1 1
1943 09 10 40.400000 1 1
1943 09 11 39.500000 1 1
1943 09 12 38.700000 1 1
1943 09 13 46.900000 1 1
1943 09 14 60.000000 1 1
1943 09 15 55.800000 1 1
1943 09 16 58.900000 1 1
1943 09 17 67.600000 1 1
1943 09 18 75.700000 1 1
1943 09 19 82.900000 1 1
1943 09 20 109.000000 1 1
1943 09 21 144.000000 1 1
1943 09 22 160.000000 1 1
1943 09 23 166.000000 1 1
1943 09 24 146.000000 1 1
1943 09 25 127.000000 1 1
1943 09 26 101.000000 1 1
1943 09 27 89.100000 1 1
1943 09 28 81.600000 1 1
1943 09 29 73.300000 1 1
1943 09 30 67.600000 1 1
1943 10 01 64.300000 1 1
1943 10 02 61.100000 1 1
1943 10 03 61.100000 1 1
1943 10 04 60.000000 1 1
1943 10 05 58.900000 1 1
1943 10 06 56.900000 1 1
1943 10 07 53.800000 1 1
1943 10 08 51.800000 1 1
1943 10 09 49.800000 1 1
1943 10 10 52.800000 1 1
1943 10 11 56.900000 1 1
1943 10 12 54.800000 1 1
1943 10 13 49.800000 1 1
1943 10 14 48.800000 1 1
1943 10 15 47.900000 1 1
1943 10 16 45.900000 1 1
1943 10 17 40.400000 1 1
1943 10 18 39.500000 1 1
1943 10 19 38.700000 1 1
1943 10 20 37.800000 1 1
1943 10 21 36.100000 1 1
1943 10 22 34.400000 1 1
1943 10 23 32.700000 1 1
1943 10 24 30.300000 1 1
1943 10 25 30.300000 1 1
1943 10 26 28.800000 1 1
1943 10 27 27.200000 1 1
1943 10 28 26.500000 1 1
1943 10 29 24.300000 1 1
1943 10 30 22.900000 1 1
1943 10 31 22.200000 1 1
1943 11 01 22.200000 1 1
1943 11 02 22.200000 1 1
1943 11 03 59.100000 1 2
1943 11 04 86.000000 1 2
1943 11 05 89.700000 1 2
1943 11 06 85.200000 1 2
1943 11 07 74.500000 1 2
1943 11 08 62.900000 1 2
1943 11 09 56.200000 1 2
1943 11 10 47.800000 1 2
1943 11 11 41.700000 1 2
1943 11 12 37.000000 1 2
1943 11 13 35.200000 1 1
1943 11 14 31.100000 1 1
1943 11 15 28.800000 1 1
1943 11 16 28.000000 1 1
1943 11 17 26.500000 1 1
1943 11 18 24.300000 1 1
1943 11 19 21.500000 1 1
1943 11 20 20.200000 1 1
1943 11 21 19.500000 1 1
1943 11 22 18.900000 1 1
1943 11 23 20.200000 1 1
1943 11 24 20.800000 1 1
1943 11 25 22.200000 1 1
1943 11 26 20.800000 1 1
1943 11 27 19.500000 1 1
1943 11 28 18.900000 1 1
1943 11 29 18.200000 1 1
1943 11 30 18.200000 1 1
1943 12 01 17.000000 1 1
1943 12 02 15.200000 1 1
1943 12 03 13.500000 1 1
1943 12 04 11.900000 1 1
1943 12 05 10.300000 1 1
1943 12 06 9.840000 1 1
1943 12 07 9.360000 1 1
1943 12 08 8.890000 1 1
1943 12 09 8.890000 1 1
1943 12 10 9.360000 1 1
1943 12 11 9.840000 1 1
1943 12 12 9.840000 1 1
1943 12 13 21.500000 1 1
1943 12 14 18.900000 1 1
1943 12 15 13.500000 1 1
1943 12 16 11.900000 1 1
1943 12 17 11.900000 1 1
1943 12 18 11.300000 1 1
1943 12 19 10.800000 1 1
1943 12 20 9.360000 1 1
1943 12 21 7.980000 1 1
1943 12 22 7.120000 1 1
1943 12 23 7.120000 1 1
1943 12 24 7.550000 1 1
1943 12 25 7.980000 1 1
1943 12 26 8.890000 1 1
1943 12 27 8.890000 1 1
1943 12 28 7.980000 1 1
1943 12 29 7.550000 1 1
1943 12 30 6.710000 1 1
1943 12 31 6.300000 1 1
1944 01 01 7.120000 1 1
1944 01 02 18.900000 1 1
1944 01 03 27.200000 1 1
1944 01 04 26.500000 1 1
1944 01 05 24.300000 1 1
1944 01 06 22.200000 1 1
1944 01 07 29.500000 1 1
1944 01 08 46.900000 1 1
1944 01 09 106.000000 1 1
1944 01 10 133.000000 1 1
1944 01 11 304.000000 1 1
1944 01 12 393.000000 1 1
1944 01 13 478.000000 1 1
1944 01 14 355.000000 1 1
1944 01 15 225.000000 1 1
1944 01 16 180.000000 1 1
1944 01 17 141.000000 1 1
1944 01 18 116.000000 1 1
1944 01 19 94.200000 1 1
1944 01 20 74.500000 1 1
1944 01 21 67.600000 1 1
1944 01 22 58.900000 1 1
1944 01 23 51.800000 1 1
1944 01 24 67.600000 1 1
1944 01 25 160.000000 1 1
1944 01 26 227.000000 1 1
1944 01 27 295.000000 1 1
1944 01 28 341.000000 1 1
1944 01 29 360.000000 1 1
1944 01 30 260.000000 1 1
1944 01 31 177.000000 1 1
1944 02 01 139.000000 1 1
1944 02 02 120.000000 1 1
1944 02 03 99.400000 1 1
1944 02 04 89.100000 1 1
1944 02 05 80.400000 1 1
1944 02 06 69.900000 1 1
1944 02 07 56.900000 1 1
1944 02 08 49.800000 1 1
1944 02 09 45.000000 1 1
1944 02 10 41.300000 1 1
1944 02 11 37.800000 1 1
1944 02 12 35.200000 1 1
1944 02 13 31.900000 1 1
1944 02 14 30.300000 1 1
1944 02 15 29.500000 1 1
1944 02 16 28.000000 1 1
1944 02 17 25.700000 1 1
1944 02 18 23.600000 1 1
1944 02 19 22.900000 1 1
1944 02 20 27.200000 1 1
1944 02 21 25.700000 1 1
1944 02 22 26.500000 1 1
1944 02 23 28.000000 1 1
1944 02 24 25.700000 1 1
1944 02 25 25.000000 1 1
1944 02 26 28.800000 1 1
1944 02 27 32.700000 1 1
1944 02 28 31.100000 1 1
1944 02 29 28.800000 1 1
1944 03 01 28.000000 1 1
1944 03 02 25.700000 1 1
1944 03 03 28.000000 1 1
1944 03 04 31.900000 1 1
1944 03 05 33.500000 1 1
1944 03 06 31.100000 1 1
1944 03 07 28.800000 1 1
1944 03 08 26.500000 1 1
1944 03 09 25.700000 1 1
1944 03 10 31.100000 1 1
1944 03 11 33.500000 1 1
1944 03 12 28.000000 1 1
1944 03 13 26.500000 1 1
1944 03 14 25.700000 1 1
1944 03 15 23.600000 1 1
1944 03 16 22.200000 1 1
1944 03 17 21.500000 1 1
1944 03 18 22.900000 1 1
1944 03 19 38.700000 1 1
1944 03 20 85.300000 1 1
1944 03 21 65.000000 1 2
1944 03 22 60.800000 1 2
1944 03 23 88.200000 1 2
1944 03 24 103.000000 1 2
1944 03 25 82.100000 1 2
1944 03 26 65.300000 1 2
1944 03 27 56.500000 1 2
1944 03 28 45.400000 1 2
1944 03 29 45.900000 1 1
1944 03 30 39.500000 1 1
1944 03 31 36.100000 1 1
1944 04 01 32.700000 1 1
1944 04 02 30.300000 1 1
1944 04 03 26.500000 1 1
1944 04 04 24.300000 1 1
1944 04 05 22.900000 1 1
1944 04 06 21.500000 1 1
1944 04 07 20.200000 1 1
1944 04 08 18.900000 1 1
1944 04 09 18.900000 1 1
1944 04 10 27.200000 1 1
1944 04 11 37.800000 1 1
1944 04 12 43.100000 1 1
1944 04 13 41.300000 1 1
1944 04 14 37.800000 1 1
1944 04 15 33.500000 1 1
1944 04 16 31.900000 1 1
1944 04 17 33.500000 1 1
1944 04 18 28.800000 1 1
1944 04 19 30.300000 1 1
1944 04 20 28.000000 1 1
1944 04 21 25.700000 1 1
1944 04 22 23.600000 1 1
1944 04 23 22.200000 1 1
1944 04 24 20.800000 1 1
1944 04 25 20.200000 1 1
1944 04 26 18.900000 1 1
1944 04 27 18.200000 1 1
1944 04 28 16.400000 1 1
1944 04 29 17.000000 1 1
1944 04 30 18.200000 1 1
1944 05 01 18.200000 1 1
1944 05 02 17.600000 1 1
1944 05 03 16.400000 1 1
1944 05 04 15.800000 1 1
1944 05 05 15.200000 1 1
1944 05 06 14.600000 1 1
1944 05 07 14.600000 1 1
1944 05 08 14.600000 1 1
1944 05 09 14.600000 1 1
1944 05 10 17.000000 1 1
1944 05 11 18.900000 1 1
1944 05 12 20.200000 1 1
1944 05 13 21.500000 1 1
1944 05 14 22.900000 1 1
1944 05 15 21.500000 1 1
1944 05 16 22.200000 1 1
1944 05 17 20.800000 1 1
1944 05 18 19.500000 1 1
1944 05 19 18.900000 1 1
1944 05 20 18.200000 1 1
1944 05 21 18.900000 1 1
1944 05 22 18.900000 1 1
1944 05 23 18.200000 1 1
1944 05 24 17.600000 1 1
1944 05 25 17.000000 1 1
1944 05 26 17.000000 1 1
1944 05 27 17.600000 1 1
1944 05 28 16.400000 1 1
1944 05 29 16.400000 1 1
1944 05 30 16.400000 1 1
1944 05 31 16.400000 1 1
1944 06 01 15.800000 1 1
1944 06 02 15.800000 1 1
1944 06 03 15.200000 1 1
1944 06 04 15.200000 1 1
1944 06 05 15.800000 1 1
1944 06 06 15.200000 1 1
1944 06 07 16.400000 1 1
1944 06 08 16.400000 1 1
1944 06 09 16.400000 1 1
1944 06 10 18.200000 1 1
1944 06 11 18.200000 1 1
1944 06 12 18.900000 1 1
1944 06 13 18.200000 1 1
1944 06 14 17.600000 1 1
1944 06 15 17.600000 1 1
1944 06 16 16.400000 1 1
1944 06 17 15.800000 1 1
1944 06 18 15.200000 1 1
1944 06 19 15.800000 1 1
1944 06 20 18.900000 1 1
1944 06 21 41.300000 1 1
1944 06 22 72.200000 1 1
1944 06 23 221.000000 1 1
1944 06 24 432.000000 1 1
1944 06 25 505.000000 1 1
1944 06 26 698.000000 1 1
1944 06 27 483.000000 1 1
1944 06 28 367.000000 1 1
1944 06 29 266.000000 1 1
1944 06 30 214.000000 1 1
1944 07 01 166.000000 1 1
1944 07 02 155.000000 1 1
1944 07 03 136.000000 1 1
1944 07 04 141.000000 1 1
1944 07 05 346.000000 1 1
1944 07 06 462.000000 1 1
1944 07 07 400.000000 1 1
1944 07 08 321.000000 1 1
1944 07 09 238.000000 1 1
1944 07 10 199.000000 1 1
1944 07 11 160.000000 1 1
1944 07 12 147.000000 1 1
1944 07 13 129.000000 1 1
1944 07 14 120.000000 1 1
1944 07 15 106.000000 1 1
1944 07 16 105.000000 1 1
1944 07 17 92.900000 1 1
1944 07 18 89.100000 1 1
1944 07 19 84.100000 1 1
1944 07 20 73.300000 1 1
1944 07 21 72.200000 1 1
1944 07 22 68.800000 1 1
1944 07 23 66.500000 1 1
1944 07 24 63.200000 1 1
1944 07 25 62.100000 1 1
1944 07 26 58.900000 1 1
1944 07 27 56.900000 1 1
1944 07 28 53.800000 1 1
1944 07 29 51.800000 1 1
1944 07 30 49.800000 1 1
1944 07 31 49.800000 1 1
1944 08 01 47.900000 1 1
1944 08 02 45.900000 1 1
1944 08 03 45.000000 1 1
1944 08 04 44.100000 1 1
1944 08 05 43.100000 1 1
1944 08 06 42.200000 1 1
1944 08 07 46.900000 1 1
1944 08 08 45.000000 1 1
1944 08 09 44.100000 1 1
1944 08 10 43.100000 1 1
1944 08 11 47.900000 1 1
1944 08 12 50.800000 1 1
1944 08 13 55.800000 1 1
1944 08 14 57.900000 1 1
1944 08 15 64.300000 1 1
1944 08 16 68.800000 1 1
1944 08 17 105.000000 1 1
1944 08 18 126.000000 1 1
1944 08 19 158.000000 1 1
1944 08 20 146.000000 1 1
1944 08 21 122.000000 1 1
1944 08 22 102.000000 1 1
1944 08 23 95.500000 1 1
1944 08 24 86.600000 1 1
1944 08 25 78.000000 1 1
1944 08 26 69.900000 1 1
1944 08 27 66.500000 1 1
1944 08 28 69.900000 1 1
1944 08 29 71.000000 1 1
1944 08 30 63.200000 1 1
1944 08 31 56.900000 1 1
1944 09 01 54.800000 1 1
1944 09 02 53.800000 1 1
1944 09 03 51.800000 1 1
1944 09 04 49.800000 1 1
1944 09 05 51.800000 1 1
1944 09 06 68.800000 1 1
1944 09 07 95.500000 1 1
1944 09 08 98.100000 1 1
1944 09 09 92.900000 1 1
1944 09 10 90.300000 1 1
1944 09 11 85.300000 1 1
1944 09 12 69.900000 1 1
1944 09 13 66.500000 1 1
1944 09 14 61.100000 1 1
1944 09 15 58.900000 1 1
1944 09 16 60.000000 1 1
1944 09 17 63.200000 1 1
1944 09 18 76.800000 1 1
1944 09 19 65.400000 1 1
1944 09 20 64.300000 1 1
1944 09 21 60.000000 1 1
1944 09 22 56.900000 1 1
1944 09 23 55.800000 1 1
1944 09 24 54.800000 1 1
1944 09 25 57.900000 1 1
1944 09 26 62.100000 1 1
1944 09 27 61.100000 1 1
1944 09 28 58.900000 1 1
1944 09 29 58.900000 1 1
1944 09 30 56.900000 1 1
1944 10 01 45.000000 1 1
1944 10 02 61.100000 1 1
1944 10 03 101.000000 1 1
1944 10 04 407.000000 1 1
1944 10 05 950.000000 1 1
1944 10 06 1555.000000 1 1
1944 10 07 1319.000000 1 1
1944 10 08 1207.000000 1 1
1944 10 09 1397.000000 1 1
1944 10 10 1302.000000 1 1
1944 10 11 1062.000000 1 1
1944 10 12 673.000000 1 1
1944 10 13 551.000000 1 1
1944 10 14 502.000000 1 1
1944 10 15 417.000000 1 1
1944 10 16 334.000000 1 1
1944 10 17 293.000000 1 1
1944 10 18 238.000000 1 1
1944 10 19 216.000000 1 1
1944 10 20 190.000000 1 1
1944 10 21 171.000000 1 1
1944 10 22 153.000000 1 1
1944 10 23 139.000000 1 1
1944 10 24 130.000000 1 1
1944 10 25 157.000000 1 1
1944 10 26 170.000000 1 1
1944 10 27 173.000000 1 1
1944 10 28 183.000000 1 1
1944 10 29 199.000000 1 1
1944 10 30 197.000000 1 1
1944 10 31 369.000000 1 1
1944 11 01 293.000000 1 1
1944 11 02 227.000000 1 1
1944 11 03 304.000000 1 1
1944 11 04 357.000000 1 1
1944 11 05 554.000000 1 1
1944 11 06 455.000000 1 1
1944 11 07 310.000000 1 1
1944 11 08 238.000000 1 1
1944 11 09 197.000000 1 1
1944 11 10 168.000000 1 1
1944 11 11 149.000000 1 1
1944 11 12 138.000000 1 1
1944 11 13 124.000000 1 1
1944 11 14 107.000000 1 1
1944 11 15 105.000000 1 1
1944 11 16 98.100000 1 1
1944 11 17 91.600000 1 1
1944 11 18 79.200000 1 1
1944 11 19 73.300000 1 1
1944 11 20 67.600000 1 1
1944 11 21 64.300000 1 1
1944 11 22 62.100000 1 1
1944 11 23 58.900000 1 1
1944 11 24 55.800000 1 1
1944 11 25 53.800000 1 1
1944 11 26 53.800000 1 1
1944 11 27 50.800000 1 1
1944 11 28 48.800000 1 1
1944 11 29 45.000000 1 1
1944 11 30 39.500000 1 1
1944 12 01 38.700000 1 1
1944 12 02 36.900000 1 1
1944 12 03 34.400000 1 1
1944 12 04 31.100000 1 1
1944 12 05 30.300000 1 1
1944 12 06 29.500000 1 1
1944 12 07 27.200000 1 1
1944 12 08 28.800000 1 1
1944 12 09 30.300000 1 1
1944 12 10 30.300000 1 1
1944 12 11 31.900000 1 1
1944 12 12 31.100000 1 1
1944 12 13 31.100000 1 1
1944 12 14 29.500000 1 1
1944 12 15 29.500000 1 1
1944 12 16 31.100000 1 1
1944 12 17 30.300000 1 1
1944 12 18 29.500000 1 1
1944 12 19 23.600000 1 1
1944 12 20 18.900000 1 1
1944 12 21 17.600000 1 1
1944 12 22 16.400000 1 1
1944 12 23 15.800000 1 1
1944 12 24 15.200000 1 1
1944 12 25 14.600000 1 1
1944 12 26 14.000000 1 1
1944 12 27 14.000000 1 1
1944 12 28 11.300000 1 1
1944 12 29 10.800000 1 1
1944 12 30 12.400000 1 1
1944 12 31 12.900000 1 1
1945 01 01 12.400000 1 1
1945 01 02 11.300000 1 1
1945 01 03 10.800000 1 1
1945 01 04 10.800000 1 1
1945 01 05 10.800000 1 1
1945 01 06 11.300000 1 1
1945 01 07 10.800000 1 1
1945 01 08 10.300000 1 1
1945 01 09 10.300000 1 1
1945 01 10 8.890000 1 1
1945 01 11 8.430000 1 1
1945 01 12 7.980000 1 1
1945 01 13 7.550000 1 1
1945 01 14 7.120000 1 1
1945 01 15 7.120000 1 1
1945 01 16 6.300000 1 1
1945 01 17 6.300000 1 1
1945 01 18 6.300000 1 1
1945 01 19 5.910000 1 1
1945 01 20 5.530000 1 1
1945 01 21 6.710000 1 1
1945 01 22 6.300000 1 1
1945 01 23 6.300000 1 1
1945 01 24 5.910000 1 1
1945 01 25 5.910000 1 1
1945 01 26 5.530000 1 1
1945 01 27 5.530000 1 1
1945 01 28 6.300000 1 1
1945 01 29 5.910000 1 1
1945 01 30 5.530000 1 1
1945 01 31 5.530000 1 1
1945 02 01 5.160000 1 1
1945 02 02 4.800000 1 1
1945 02 03 4.800000 1 1
1945 02 04 4.450000 1 1
1945 02 05 4.450000 1 1
1945 02 06 4.110000 1 1
1945 02 07 4.110000 1 1
1945 02 08 4.110000 1 1
1945 02 09 4.110000 1 1
1945 02 10 4.110000 1 1
1945 02 11 4.110000 1 1
1945 02 12 4.110000 1 1
1945 02 13 4.110000 1 1
1945 02 14 4.110000 1 1
1945 02 15 4.450000 1 1
1945 02 16 4.450000 1 1
1945 02 17 5.160000 1 1
1945 02 18 5.530000 1 1
1945 02 19 5.530000 1 1
1945 02 20 5.530000 1 1
1945 02 21 5.530000 1 1
1945 02 22 5.160000 1 1
1945 02 23 4.800000 1 1
1945 02 24 4.800000 1 1
1945 02 25 4.450000 1 1
1945 02 26 4.450000 1 1
1945 02 27 4.450000 1 1
1945 02 28 4.800000 1 1
1945 03 01 nan nan 0
1945 03 02 nan nan 0
1945 03 03 nan nan 0
1945 03 04 nan nan 0
1945 03 05 nan nan 0
1945 03 06 nan nan 0
1945 03 07 nan nan 0
1945 03 08 nan nan 0
1945 03 09 nan nan 0
1945 03 10 nan nan 0
1945 03 11 nan nan 0
1945 03 12 nan nan 0
1945 03 13 nan nan 0
1945 03 14 nan nan 0
1945 03 15 nan nan 0
1945 03 16 nan nan 0
1945 03 17 nan nan 0
1945 03 18 nan nan 0
1945 03 19 nan nan 0
1945 03 20 nan nan 0
1945 03 21 nan nan 0
1945 03 22 nan nan 0
1945 03 23 nan nan 0
1945 03 24 nan nan 0
1945 03 25 nan nan 0
1945 03 26 nan nan 0
1945 03 27 nan nan 0
1945 03 28 nan nan 0
1945 03 29 nan nan 0
1945 03 30 nan nan 0
1945 03 31 nan nan 0
1945 04 01 nan nan 0
1945 04 02 nan nan 0
1945 04 03 nan nan 0
1945 04 04 nan nan 0
1945 04 05 nan nan 0
1945 04 06 nan nan 0
1945 04 07 nan nan 0
1945 04 08 nan nan 0
1945 04 09 nan nan 0
1945 04 10 nan nan 0
1945 04 11 nan nan 0
1945 04 12 nan nan 0
1945 04 13 nan nan 0
1945 04 14 nan nan 0
1945 04 15 nan nan 0
1945 04 16 nan nan 0
1945 04 17 nan nan 0
1945 04 18 nan nan 0
1945 04 19 nan nan 0
1945 04 20 nan nan 0
1945 04 21 nan nan 0
1945 04 22 nan nan 0
1945 04 23 nan nan 0
1945 04 24 nan nan 0
1945 04 25 nan nan 0
1945 04 26 nan nan 0
1945 04 27 nan nan 0
1945 04 28 nan nan 0
1945 04 29 nan nan 0
1945 04 30 4.450000 1 1
1945 05 01 4.800000 1 1
1945 05 02 4.800000 1 1
1945 05 03 4.800000 1 1
1945 05 04 4.450000 1 1
1945 05 05 4.450000 1 1
1945 05 06 4.110000 1 1
1945 05 07 3.480000 1 1
1945 05 08 3.170000 1 1
1945 05 09 2.880000 1 1
1945 05 10 2.880000 1 1
1945 05 11 3.170000 1 1
1945 05 12 2.880000 1 1
1945 05 13 3.170000 1 1
1945 05 14 3.480000 1 1
1945 05 15 5.160000 1 1
1945 05 16 6.300000 1 1
1945 05 17 6.300000 1 1
1945 05 18 7.120000 1 1
1945 05 19 6.710000 1 1
1945 05 20 6.300000 1 1
1945 05 21 6.300000 1 1
1945 05 22 5.910000 1 1
1945 05 23 5.160000 1 1
1945 05 24 5.160000 1 1
1945 05 25 4.800000 1 1
1945 05 26 4.800000 1 1
1945 05 27 4.800000 1 1
1945 05 28 4.450000 1 1
1945 05 29 4.450000 1 1
1945 05 30 4.450000 1 1
1945 05 31 4.110000 1 1
1945 06 01 4.110000 1 1
1945 06 02 4.110000 1 1
1945 06 03 5.530000 1 1
1945 06 04 8.430000 1 1
1945 06 05 13.500000 1 1
1945 06 06 15.800000 1 1
1945 06 07 13.500000 1 1
1945 06 08 11.300000 1 1
1945 06 09 11.900000 1 1
1945 06 10 11.900000 1 1
1945 06 11 11.900000 1 1
1945 06 12 11.300000 1 1
1945 06 13 10.300000 1 1
1945 06 14 9.840000 1 1
1945 06 15 9.360000 1 1
1945 06 16 7.980000 1 1
1945 06 17 7.120000 1 1
1945 06 18 8.890000 1 1
1945 06 19 15.200000 1 1
1945 06 20 27.200000 1 1
1945 06 21 23.600000 1 1
1945 06 22 18.900000 1 1
1945 06 23 16.400000 1 1
1945 06 24 15.200000 1 1
1945 06 25 14.600000 1 1
1945 06 26 12.900000 1 1
1945 06 27 11.900000 1 1
1945 06 28 10.800000 1 1
1945 06 29 9.840000 1 1
1945 06 30 9.360000 1 1
1945 07 01 9.360000 1 1
1945 07 02 8.890000 1 1
1945 07 03 9.360000 1 1
1945 07 04 9.360000 1 1
1945 07 05 9.840000 1 1
1945 07 06 9.360000 1 1
1945 07 07 8.430000 1 1
1945 07 08 8.430000 1 1
1945 07 09 8.430000 1 1
1945 07 10 8.430000 1 1
1945 07 11 7.980000 1 1
1945 07 12 7.550000 1 1
1945 07 13 7.550000 1 1
1945 07 14 7.120000 1 1
1945 07 15 6.710000 1 1
1945 07 16 6.710000 1 1
1945 07 17 6.300000 1 1
1945 07 18 6.710000 1 1
1945 07 19 5.160000 1 1
1945 07 20 9.360000 1 1
1945 07 21 27.200000 1 1
1945 07 22 80.400000 1 1
1945 07 23 91.600000 1 1
1945 07 24 114.000000 1 1
1945 07 25 127.000000 1 1
1945 07 26 123.000000 1 1
1945 07 27 122.000000 1 1
1945 07 28 96.800000 1 1
1945 07 29 105.000000 1 1
1945 07 30 266.000000 1 1
1945 07 31 452.000000 1 1
1945 08 01 486.000000 1 1
1945 08 02 707.000000 1 1
1945 08 03 643.000000 1 1
1945 08 04 475.000000 1 1
1945 08 05 400.000000 1 1
1945 08 06 348.000000 1 1
1945 08 07 189.000000 1 1
1945 08 08 171.000000 1 1
1945 08 09 160.000000 1 1
1945 08 10 153.000000 1 1
1945 08 11 142.000000 1 1
1945 08 12 141.000000 1 1
1945 08 13 136.000000 1 1
1945 08 14 123.000000 1 1
1945 08 15 109.000000 1 1
1945 08 16 102.000000 1 1
1945 08 17 98.100000 1 1
1945 08 18 196.000000 1 1
1945 08 19 302.000000 1 1
1945 08 20 323.000000 1 1
1945 08 21 299.000000 1 1
1945 08 22 240.000000 1 1
1945 08 23 160.000000 1 1
1945 08 24 165.000000 1 1
1945 08 25 254.000000 1 1
1945 08 26 310.000000 1 1
1945 08 27 395.000000 1 1
1945 08 28 434.000000 1 1
1945 08 29 407.000000 1 1
1945 08 30 355.000000 1 1
1945 08 31 208.000000 1 1
1945 09 01 166.000000 1 1
1945 09 02 144.000000 1 1
1945 09 03 136.000000 1 1
1945 09 04 124.000000 1 1
1945 09 05 119.000000 1 1
1945 09 06 120.000000 1 1
1945 09 07 353.000000 1 1
1945 09 08 489.000000 1 1
1945 09 09 486.000000 1 1
1945 09 10 465.000000 1 1
1945 09 11 304.000000 1 1
1945 09 12 238.000000 1 1
1945 09 13 203.000000 1 1
1945 09 14 177.000000 1 1
1945 09 15 196.000000 1 1
1945 09 16 272.000000 1 1
1945 09 17 233.000000 1 1
1945 09 18 206.000000 1 1
1945 09 19 178.000000 1 1
1945 09 20 158.000000 1 1
1945 09 21 166.000000 1 1
1945 09 22 177.000000 1 1
1945 09 23 201.000000 1 1
1945 09 24 225.000000 1 1
1945 09 25 212.000000 1 1
1945 09 26 185.000000 1 1
1945 09 27 147.000000 1 1
1945 09 28 182.000000 1 1
1945 09 29 227.000000 1 1
1945 09 30 287.000000 1 1
1945 10 01 254.000000 1 1
1945 10 02 192.000000 1 1
1945 10 03 158.000000 1 1
1945 10 04 149.000000 1 1
1945 10 05 124.000000 1 1
1945 10 06 119.000000 1 1
1945 10 07 117.000000 1 1
1945 10 08 113.000000 1 1
1945 10 09 107.000000 1 1
1945 10 10 85.300000 1 1
1945 10 11 106.000000 1 1
1945 10 12 113.000000 1 1
1945 10 13 85.300000 1 1
1945 10 14 81.600000 1 1
1945 10 15 76.800000 1 1
1945 10 16 68.800000 1 1
1945 10 17 68.800000 1 1
1945 10 18 62.100000 1 1
1945 10 19 58.900000 1 1
1945 10 20 55.800000 1 1
1945 10 21 50.800000 1 1
1945 10 22 47.900000 1 1
1945 10 23 45.900000 1 1
1945 10 24 44.100000 1 1
1945 10 25 44.100000 1 1
1945 10 26 41.300000 1 1
1945 10 27 39.500000 1 1
1945 10 28 38.700000 1 1
1945 10 29 38.700000 1 1
1945 10 30 50.800000 1 1
1945 10 31 60.000000 1 1
1945 11 01 62.100000 1 1
1945 11 02 60.000000 1 1
1945 11 03 58.900000 1 1
1945 11 04 56.900000 1 1
1945 11 05 55.800000 1 1
1945 11 06 54.800000 1 1
1945 11 07 56.900000 1 1
1945 11 08 56.900000 1 1
1945 11 09 54.800000 1 1
1945 11 10 51.800000 1 1
1945 11 11 49.800000 1 1
1945 11 12 50.800000 1 1
1945 11 13 54.800000 1 1
1945 11 14 55.800000 1 1
1945 11 15 56.900000 1 1
1945 11 16 60.000000 1 1
1945 11 17 56.900000 1 1
1945 11 18 51.800000 1 1
1945 11 19 45.900000 1 1
1945 11 20 50.800000 1 1
1945 11 21 91.600000 1 1
1945 11 22 208.000000 1 1
1945 11 23 278.000000 1 1
1945 11 24 280.000000 1 1
1945 11 25 250.000000 1 1
1945 11 26 157.000000 1 1
1945 11 27 138.000000 1 1
1945 11 28 132.000000 1 1
1945 11 29 126.000000 1 1
1945 11 30 113.000000 1 1
1945 12 01 105.000000 1 1
1945 12 02 99.400000 1 1
1945 12 03 81.600000 1 1
1945 12 04 78.000000 1 1
1945 12 05 155.000000 1 1
1945 12 06 206.000000 1 1
1945 12 07 194.000000 1 1
1945 12 08 185.000000 1 1
1945 12 09 143.000000 1 2
1945 12 10 110.000000 1 2
1945 12 11 97.900000 1 2
1945 12 12 77.100000 1 2
1945 12 13 65.100000 1 2
1945 12 14 55.700000 1 2
1945 12 15 48.500000 1 2
1945 12 16 45.400000 1 2
1945 12 17 40.000000 1 2
1945 12 18 37.900000 1 2
1945 12 19 35.900000 1 2
1945 12 20 33.800000 1 2
1945 12 21 31.200000 1 2
1945 12 22 28.100000 1 2
1945 12 23 27.200000 1 1
1945 12 24 24.300000 1 1
1945 12 25 22.200000 1 1
1945 12 26 21.500000 1 1
1945 12 27 21.500000 1 1
1945 12 28 21.500000 1 1
1945 12 29 29.500000 1 1
1945 12 30 31.100000 1 1
1945 12 31 37.800000 1 1
1946 01 01 41.300000 1 1
1946 01 02 47.900000 1 1
1946 01 03 52.800000 1 1
1946 01 04 44.100000 1 1
1946 01 05 29.500000 1 1
1946 01 06 24.300000 1 1
1946 01 07 23.600000 1 1
1946 01 08 25.000000 1 1
1946 01 09 21.500000 1 1
1946 01 10 20.800000 1 1
1946 01 11 20.800000 1 1
1946 01 12 18.900000 1 1
1946 01 13 17.600000 1 1
1946 01 14 16.400000 1 1
1946 01 15 16.400000 1 1
1946 01 16 16.400000 1 1
1946 01 17 15.200000 1 1
1946 01 18 15.200000 1 1
1946 01 19 16.400000 1 1
1946 01 20 22.200000 1 1
1946 01 21 31.900000 1 1
1946 01 22 29.500000 1 1
1946 01 23 30.300000 1 1
1946 01 24 28.000000 1 1
1946 01 25 26.500000 1 1
1946 01 26 31.100000 1 1
1946 01 27 33.500000 1 1
1946 01 28 23.600000 1 1
1946 01 29 20.200000 1 1
1946 01 30 18.900000 1 1
1946 01 31 18.900000 1 1
1946 02 01 18.200000 1 1
1946 02 02 24.300000 1 1
1946 02 03 28.000000 1 1
1946 02 04 31.100000 1 1
1946 02 05 19.500000 1 1
1946 02 06 23.600000 1 1
1946 02 07 22.900000 1 1
1946 02 08 28.000000 1 1
1946 02 09 39.500000 1 1
1946 02 10 40.400000 1 1
1946 02 11 45.900000 1 1
1946 02 12 41.300000 1 1
1946 02 13 38.900000 1 2
1946 02 14 69.300000 1 2
1946 02 15 94.200000 1 1
1946 02 16 129.000000 1 1
1946 02 17 125.000000 1 2
1946 02 18 94.400000 1 2
1946 02 19 73.400000 1 2
1946 02 20 55.700000 1 2
1946 02 21 43.000000 1 2
1946 02 22 33.900000 1 2
1946 02 23 30.300000 1 1
1946 02 24 20.800000 1 1
1946 02 25 19.500000 1 1
1946 02 26 18.200000 1 1
1946 02 27 18.200000 1 1
1946 02 28 18.200000 1 1
1946 03 01 18.200000 1 1
1946 03 02 18.200000 1 1
1946 03 03 28.000000 1 1
1946 03 04 34.400000 1 1
1946 03 05 36.900000 1 1
1946 03 06 38.700000 1 1
1946 03 07 36.100000 1 1
1946 03 08 31.900000 1 1
1946 03 09 24.300000 1 1
1946 03 10 19.500000 1 1
1946 03 11 18.200000 1 1
1946 03 12 17.600000 1 1
1946 03 13 17.000000 1 1
1946 03 14 17.000000 1 1
1946 03 15 15.200000 1 1
1946 03 16 11.300000 1 1
1946 03 17 9.360000 1 1
1946 03 18 8.430000 1 1
1946 03 19 7.550000 1 1
1946 03 20 7.550000 1 1
1946 03 21 7.120000 1 1
1946 03 22 6.710000 1 1
1946 03 23 6.710000 1 1
1946 03 24 5.910000 1 1
1946 03 25 5.530000 1 1
1946 03 26 5.530000 1 1
1946 03 27 5.910000 1 1
1946 03 28 7.120000 1 1
1946 03 29 7.980000 1 1
1946 03 30 7.980000 1 1
1946 03 31 7.980000 1 1
1946 04 01 8.430000 1 1
1946 04 02 8.430000 1 1
1946 04 03 9.360000 1 1
1946 04 04 9.360000 1 1
1946 04 05 8.890000 1 1
1946 04 06 8.430000 1 1
1946 04 07 7.980000 1 1
1946 04 08 7.120000 1 1
1946 04 09 6.710000 1 1
1946 04 10 6.300000 1 1
1946 04 11 6.300000 1 1
1946 04 12 5.910000 1 1
1946 04 13 6.300000 1 1
1946 04 14 8.430000 1 1
1946 04 15 8.430000 1 1
1946 04 16 7.980000 1 1
1946 04 17 7.550000 1 1
1946 04 18 6.710000 1 1
1946 04 19 6.300000 1 1
1946 04 20 6.300000 1 1
1946 04 21 6.300000 1 1
1946 04 22 5.910000 1 1
1946 04 23 5.910000 1 1
1946 04 24 5.910000 1 1
1946 04 25 5.530000 1 1
1946 04 26 5.530000 1 1
1946 04 27 4.800000 1 1
1946 04 28 4.450000 1 1
1946 04 29 3.790000 1 1
1946 04 30 3.480000 1 1
1946 05 01 2.880000 1 1
1946 05 02 3.170000 1 1
1946 05 03 3.480000 1 1
1946 05 04 3.790000 1 1
1946 05 05 3.170000 1 1
1946 05 06 3.170000 1 1
1946 05 07 3.170000 1 1
1946 05 08 2.880000 1 1
1946 05 09 3.480000 1 1
1946 05 10 3.170000 1 1
1946 05 11 2.340000 1 1
1946 05 12 2.610000 1 1
1946 05 13 2.610000 1 1
1946 05 14 2.610000 1 1
1946 05 15 2.340000 1 1
1946 05 16 2.340000 1 1
1946 05 17 1.850000 1 1
1946 05 18 1.850000 1 1
1946 05 19 2.090000 1 1
1946 05 20 2.340000 1 1
1946 05 21 3.170000 1 1
1946 05 22 7.550000 1 1
1946 05 23 10.800000 1 1
1946 05 24 10.800000 1 1
1946 05 25 8.430000 1 1
1946 05 26 7.980000 1 1
1946 05 27 7.550000 1 1
1946 05 28 7.550000 1 1
1946 05 29 7.550000 1 1
1946 05 30 14.600000 1 1
1946 05 31 38.700000 1 1
1946 06 01 60.000000 1 1
1946 06 02 50.800000 1 1
1946 06 03 48.800000 1 1
1946 06 04 44.100000 1 1
1946 06 05 32.700000 1 1
1946 06 06 27.200000 1 1
1946 06 07 22.200000 1 1
1946 06 08 19.500000 1 1
1946 06 09 18.200000 1 1
1946 06 10 16.400000 1 1
1946 06 11 14.600000 1 1
1946 06 12 12.900000 1 1
1946 06 13 11.900000 1 1
1946 06 14 11.900000 1 1
1946 06 15 12.900000 1 1
1946 06 16 12.900000 1 1
1946 06 17 14.000000 1 1
1946 06 18 17.600000 1 1
1946 06 19 80.400000 1 1
1946 06 20 337.000000 1 1
1946 06 21 447.000000 1 1
1946 06 22 422.000000 1 1
1946 06 23 317.000000 1 1
1946 06 24 177.000000 1 1
1946 06 25 133.000000 1 1
1946 06 26 113.000000 1 1
1946 06 27 110.000000 1 1
1946 06 28 112.000000 1 1
1946 06 29 113.000000 1 1
1946 06 30 107.000000 1 1
1946 07 01 95.500000 1 1
1946 07 02 86.600000 1 1
1946 07 03 80.400000 1 1
1946 07 04 87.800000 1 1
1946 07 05 82.900000 1 1
1946 07 06 72.200000 1 1
1946 07 07 66.500000 1 1
1946 07 08 66.500000 1 1
1946 07 09 80.400000 1 1
1946 07 10 158.000000 1 1
1946 07 11 252.000000 1 1
1946 07 12 223.000000 1 1
1946 07 13 242.000000 1 1
1946 07 14 339.000000 1 1
1946 07 15 367.000000 1 1
1946 07 16 341.000000 1 1
1946 07 17 362.000000 1 1
1946 07 18 410.000000 1 1
1946 07 19 388.000000 1 1
1946 07 20 334.000000 1 1
1946 07 21 264.000000 1 1
1946 07 22 225.000000 1 1
1946 07 23 190.000000 1 1
1946 07 24 212.000000 1 1
1946 07 25 274.000000 1 1
1946 07 26 272.000000 1 1
1946 07 27 236.000000 1 1
1946 07 28 190.000000 1 1
1946 07 29 163.000000 1 1
1946 07 30 142.000000 1 1
1946 07 31 117.000000 1 1
1946 08 01 119.000000 1 1
1946 08 02 109.000000 1 1
1946 08 03 99.400000 1 1
1946 08 04 94.200000 1 1
1946 08 05 90.300000 1 1
1946 08 06 92.900000 1 1
1946 08 07 103.000000 1 1
1946 08 08 103.000000 1 1
1946 08 09 103.000000 1 1
1946 08 10 99.400000 1 1
1946 08 11 89.100000 1 1
1946 08 12 79.200000 1 1
1946 08 13 81.600000 1 1
1946 08 14 94.200000 1 1
1946 08 15 113.000000 1 1
1946 08 16 105.000000 1 1
1946 08 17 94.200000 1 1
1946 08 18 81.600000 1 1
1946 08 19 79.200000 1 1
1946 08 20 69.900000 1 1
1946 08 21 124.000000 1 2
1946 08 22 289.000000 1 1
1946 08 23 455.000000 1 1
1946 08 24 457.000000 1 1
1946 08 25 410.000000 1 1
1946 08 26 350.000000 1 1
1946 08 27 337.000000 1 1
1946 08 28 326.000000 1 1
1946 08 29 312.000000 1 1
1946 08 30 295.000000 1 1
1946 08 31 264.000000 1 1
1946 09 01 240.000000 1 2
1946 09 02 197.000000 1 1
1946 09 03 168.000000 1 1
1946 09 04 150.000000 1 1
1946 09 05 141.000000 1 1
1946 09 06 144.000000 1 1
1946 09 07 196.000000 1 1
1946 09 08 256.000000 1 1
1946 09 09 276.000000 1 1
1946 09 10 264.000000 1 1
1946 09 11 208.000000 1 1
1946 09 12 162.000000 1 1
1946 09 13 141.000000 1 1
1946 09 14 130.000000 1 1
1946 09 15 120.000000 1 1
1946 09 16 113.000000 1 1
1946 09 17 107.000000 1 1
1946 09 18 103.000000 1 1
1946 09 19 92.900000 1 1
1946 09 20 84.100000 1 1
1946 09 21 78.000000 1 1
1946 09 22 73.300000 1 1
1946 09 23 80.400000 1 1
1946 09 24 94.200000 1 1
1946 09 25 153.000000 1 1
1946 09 26 221.000000 1 1
1946 09 27 205.000000 1 1
1946 09 28 173.000000 1 1
1946 09 29 147.000000 1 1
1946 09 30 122.000000 1 1
1946 10 01 99.400000 1 1
1946 10 02 87.800000 1 1
1946 10 03 81.600000 1 1
1946 10 04 91.600000 1 1
1946 10 05 117.000000 1 1
1946 10 06 234.000000 1 1
1946 10 07 777.000000 1 1
1946 10 08 1175.000000 1 1
1946 10 09 1278.000000 1 1
1946 10 10 1270.000000 1 1
1946 10 11 948.000000 1 2
1946 10 12 518.000000 1 2
1946 10 13 748.000000 1 1
1946 10 14 1254.000000 1 1
1946 10 15 1266.000000 1 1
1946 10 16 1183.000000 1 1
1946 10 17 950.000000 1 1
1946 10 18 683.000000 1 1
1946 10 19 451.000000 1 2
1946 10 20 374.000000 1 2
1946 10 21 321.000000 1 1
1946 10 22 278.000000 1 1
1946 10 23 256.000000 1 1
1946 10 24 212.000000 1 1
1946 10 25 192.000000 1 1
1946 10 26 171.000000 1 1
1946 10 27 158.000000 1 1
1946 10 28 149.000000 1 1
1946 10 29 155.000000 1 1
1946 10 30 136.000000 1 1
1946 10 31 132.000000 1 1
1946 11 01 129.000000 1 1
1946 11 02 124.000000 1 1
1946 11 03 119.000000 1 1
1946 11 04 117.000000 1 1
1946 11 05 103.000000 1 1
1946 11 06 91.600000 1 1
1946 11 07 87.800000 1 1
1946 11 08 85.300000 1 1
1946 11 09 81.600000 1 1
1946 11 10 nan nan 0
1946 11 11 nan nan 0
1946 11 12 nan nan 0
1946 11 13 nan nan 0
1946 11 14 nan nan 0
1946 11 15 nan nan 0
1946 11 16 nan nan 0
1946 11 17 nan nan 0
1946 11 18 nan nan 0
1946 11 19 nan nan 0
1946 11 20 nan nan 0
1946 11 21 nan nan 0
1946 11 22 nan nan 0
1946 11 23 nan nan 0
1946 11 24 nan nan 0
1946 11 25 nan nan 0
1946 11 26 nan nan 0
1946 11 27 nan nan 0
1946 11 28 nan nan 0
1946 11 29 nan nan 0
1946 11 30 nan nan 0
1946 12 01 89.100000 1 1
1946 12 02 89.100000 1 1
1946 12 03 95.500000 1 1
1946 12 04 106.000000 1 1
1946 12 05 107.000000 1 1
1946 12 06 101.000000 1 1
1946 12 07 98.100000 1 1
1946 12 08 94.200000 1 1
1946 12 09 91.600000 1 1
1946 12 10 89.100000 1 1
1946 12 11 85.300000 1 1
1946 12 12 85.300000 1 1
1946 12 13 92.900000 1 1
1946 12 14 452.000000 1 1
1946 12 15 686.000000 1 1
1946 12 16 717.000000 1 1
1946 12 17 754.000000 1 1
1946 12 18 658.000000 1 1
1946 12 19 319.000000 1 1
1946 12 20 219.000000 1 1
1946 12 21 244.000000 1 1
1946 12 22 233.000000 1 1
1946 12 23 225.000000 1 1
1946 12 24 206.000000 1 1
1946 12 25 177.000000 1 1
1946 12 26 158.000000 1 1
1946 12 27 122.000000 1 1
1946 12 28 112.000000 1 1
1946 12 29 101.000000 1 1
1946 12 30 90.300000 1 1
1946 12 31 85.300000 1 1
1947 01 01 73.300000 1 1
1947 01 02 69.900000 1 1
1947 01 03 65.400000 1 1
1947 01 04 64.300000 1 1
1947 01 05 63.200000 1 1
1947 01 06 54.800000 1 1
1947 01 07 50.800000 1 1
1947 01 08 45.900000 1 1
1947 01 09 43.100000 1 1
1947 01 10 40.400000 1 1
1947 01 11 38.700000 1 1
1947 01 12 39.500000 1 1
1947 01 13 53.800000 1 1
1947 01 14 71.000000 1 1
1947 01 15 74.500000 1 1
1947 01 16 61.100000 1 1
1947 01 17 75.700000 1 1
1947 01 18 157.000000 1 1
1947 01 19 150.000000 1 1
1947 01 20 133.000000 1 1
1947 01 21 122.000000 1 1
1947 01 22 106.000000 1 1
1947 01 23 76.800000 1 1
1947 01 24 68.800000 1 1
1947 01 25 66.500000 1 1
1947 01 26 57.900000 1 1
1947 01 27 45.000000 1 1
1947 01 28 38.700000 1 1
1947 01 29 39.500000 1 1
1947 01 30 43.100000 1 1
1947 01 31 47.900000 1 1
1947 02 01 44.100000 1 1
1947 02 02 41.300000 1 1
1947 02 03 39.500000 1 1
1947 02 04 52.800000 1 1
1947 02 05 75.700000 1 1
1947 02 06 85.300000 1 1
1947 02 07 94.200000 1 1
1947 02 08 79.200000 1 1
1947 02 09 67.600000 1 1
1947 02 10 112.000000 1 1
1947 02 11 252.000000 1 1
1947 02 12 227.000000 1 1
1947 02 13 205.000000 1 1
1947 02 14 180.000000 1 1
1947 02 15 153.000000 1 1
1947 02 16 139.000000 1 1
1947 02 17 123.000000 1 1
1947 02 18 110.000000 1 1
1947 02 19 103.000000 1 1
1947 02 20 99.400000 1 1
1947 02 21 94.200000 1 1
1947 02 22 84.100000 1 1
1947 02 23 72.200000 1 1
1947 02 24 63.200000 1 1
1947 02 25 54.800000 1 1
1947 02 26 47.900000 1 1
1947 02 27 41.300000 1 1
1947 02 28 35.200000 1 1
1947 03 01 31.900000 1 1
1947 03 02 31.100000 1 1
1947 03 03 30.300000 1 1
1947 03 04 28.800000 1 1
1947 03 05 35.200000 1 1
1947 03 06 39.500000 1 1
1947 03 07 32.700000 1 1
1947 03 08 31.900000 1 1
1947 03 09 31.900000 1 1
1947 03 10 30.300000 1 1
1947 03 11 31.900000 1 1
1947 03 12 30.300000 1 1
1947 03 13 30.300000 1 1
1947 03 14 29.500000 1 1
1947 03 15 28.800000 1 1
1947 03 16 29.500000 1 1
1947 03 17 31.900000 1 1
1947 03 18 31.100000 1 1
1947 03 19 28.800000 1 1
1947 03 20 27.200000 1 1
1947 03 21 26.500000 1 1
1947 03 22 24.300000 1 1
1947 03 23 22.900000 1 1
1947 03 24 21.500000 1 1
1947 03 25 21.500000 1 1
1947 03 26 20.800000 1 1
1947 03 27 20.800000 1 1
1947 03 28 19.500000 1 1
1947 03 29 18.900000 1 1
1947 03 30 17.000000 1 1
1947 03 31 22.900000 1 1
1947 04 01 21.500000 1 1
1947 04 02 20.200000 1 1
1947 04 03 20.200000 1 1
1947 04 04 18.900000 1 1
1947 04 05 18.200000 1 1
1947 04 06 17.600000 1 1
1947 04 07 21.500000 1 1
1947 04 08 20.200000 1 1
1947 04 09 22.200000 1 1
1947 04 10 24.300000 1 1
1947 04 11 37.800000 1 1
1947 04 12 30.300000 1 1
1947 04 13 28.000000 1 1
1947 04 14 25.700000 1 1
1947 04 15 23.600000 1 1
1947 04 16 22.900000 1 1
1947 04 17 22.200000 1 1
1947 04 18 22.900000 1 1
1947 04 19 24.300000 1 1
1947 04 20 23.600000 1 1
1947 04 21 22.900000 1 1
1947 04 22 22.900000 1 1
1947 04 23 22.200000 1 1
1947 04 24 22.200000 1 1
1947 04 25 21.500000 1 1
1947 04 26 21.500000 1 1
1947 04 27 20.200000 1 1
1947 04 28 19.500000 1 1
1947 04 29 18.900000 1 1
1947 04 30 18.200000 1 1
1947 05 01 18.200000 1 1
1947 05 02 17.600000 1 1
1947 05 03 17.600000 1 1
1947 05 04 17.600000 1 1
1947 05 05 17.000000 1 1
1947 05 06 16.400000 1 1
1947 05 07 16.400000 1 1
1947 05 08 17.000000 1 1
1947 05 09 19.500000 1 1
1947 05 10 26.500000 1 1
1947 05 11 31.100000 1 1
1947 05 12 36.900000 1 1
1947 05 13 51.800000 1 1
1947 05 14 50.800000 1 1
1947 05 15 52.800000 1 1
1947 05 16 66.500000 1 1
1947 05 17 114.000000 1 1
1947 05 18 163.000000 1 1
1947 05 19 328.000000 1 1
1947 05 20 238.000000 1 1
1947 05 21 216.000000 1 1
1947 05 22 152.000000 1 1
1947 05 23 130.000000 1 1
1947 05 24 122.000000 1 1
1947 05 25 120.000000 1 1
1947 05 26 122.000000 1 1
1947 05 27 116.000000 1 1
1947 05 28 95.500000 1 1
1947 05 29 80.400000 1 1
1947 05 30 74.500000 1 1
1947 05 31 69.900000 1 1
1947 06 01 66.500000 1 1
1947 06 02 64.300000 1 1
1947 06 03 60.000000 1 1
1947 06 04 57.900000 1 1
1947 06 05 56.900000 1 1
1947 06 06 55.800000 1 1
1947 06 07 52.800000 1 1
1947 06 08 50.800000 1 1
1947 06 09 48.800000 1 1
1947 06 10 47.900000 1 1
1947 06 11 50.800000 1 1
1947 06 12 61.100000 1 1
1947 06 13 75.700000 1 1
1947 06 14 84.100000 1 1
1947 06 15 96.800000 1 1
1947 06 16 92.900000 1 1
1947 06 17 153.000000 1 1
1947 06 18 321.000000 1 1
1947 06 19 400.000000 1 1
1947 06 20 468.000000 1 1
1947 06 21 319.000000 1 1
1947 06 22 291.000000 1 1
1947 06 23 244.000000 1 1
1947 06 24 185.000000 1 1
1947 06 25 166.000000 1 1
1947 06 26 150.000000 1 1
1947 06 27 138.000000 1 1
1947 06 28 129.000000 1 1
1947 06 29 302.000000 1 1
1947 06 30 614.000000 1 1
1947 07 01 820.000000 1 1
1947 07 02 890.000000 1 1
1947 07 03 739.000000 1 1
1947 07 04 661.000000 1 1
1947 07 05 573.000000 1 1
1947 07 06 518.000000 1 1
1947 07 07 410.000000 1 1
1947 07 08 299.000000 1 1
1947 07 09 266.000000 1 1
1947 07 10 229.000000 1 1
1947 07 11 194.000000 1 1
1947 07 12 187.000000 1 1
1947 07 13 166.000000 1 1
1947 07 14 158.000000 1 1
1947 07 15 146.000000 1 1
1947 07 16 133.000000 1 1
1947 07 17 129.000000 1 1
1947 07 18 119.000000 1 1
1947 07 19 109.000000 1 1
1947 07 20 107.000000 1 1
1947 07 21 103.000000 1 1
1947 07 22 95.500000 1 1
1947 07 23 86.600000 1 1
1947 07 24 85.300000 1 1
1947 07 25 150.000000 1 1
1947 07 26 339.000000 1 1
1947 07 27 432.000000 1 1
1947 07 28 374.000000 1 1
1947 07 29 308.000000 1 1
1947 07 30 229.000000 1 1
1947 07 31 138.000000 1 1
1947 08 01 146.000000 1 1
1947 08 02 133.000000 1 1
1947 08 03 126.000000 1 1
1947 08 04 119.000000 1 1
1947 08 05 113.000000 1 1
1947 08 06 107.000000 1 1
1947 08 07 99.400000 1 1
1947 08 08 95.500000 1 1
1947 08 09 91.600000 1 1
1947 08 10 89.100000 1 1
1947 08 11 85.300000 1 1
1947 08 12 84.100000 1 1
1947 08 13 71.000000 1 1
1947 08 14 67.600000 1 1
1947 08 15 63.200000 1 1
1947 08 16 62.100000 1 1
1947 08 17 61.100000 1 1
1947 08 18 60.000000 1 1
1947 08 19 57.900000 1 1
1947 08 20 56.900000 1 1
1947 08 21 55.800000 1 1
1947 08 22 56.900000 1 1
1947 08 23 71.000000 1 1
1947 08 24 101.000000 1 1
1947 08 25 103.000000 1 1
1947 08 26 105.000000 1 1
1947 08 27 117.000000 1 1
1947 08 28 157.000000 1 1
1947 08 29 177.000000 1 1
1947 08 30 185.000000 1 1
1947 08 31 183.000000 1 1
1947 09 01 120.000000 1 1
1947 09 02 113.000000 1 1
1947 09 03 106.000000 1 1
1947 09 04 103.000000 1 1
1947 09 05 92.900000 1 1
1947 09 06 82.900000 1 1
1947 09 07 76.800000 1 1
1947 09 08 72.200000 1 1
1947 09 09 69.900000 1 1
1947 09 10 75.700000 1 1
1947 09 11 78.000000 1 1
1947 09 12 78.000000 1 1
1947 09 13 72.200000 1 1
1947 09 14 69.900000 1 1
1947 09 15 67.600000 1 1
1947 09 16 65.400000 1 1
1947 09 17 64.300000 1 1
1947 09 18 64.300000 1 1
1947 09 19 80.400000 1 1
1947 09 20 231.000000 1 1
1947 09 21 350.000000 1 1
1947 09 22 410.000000 1 1
1947 09 23 337.000000 1 1
1947 09 24 242.000000 1 1
1947 09 25 201.000000 1 1
1947 09 26 170.000000 1 1
1947 09 27 136.000000 1 1
1947 09 28 114.000000 1 1
1947 09 29 155.000000 1 1
1947 09 30 331.000000 1 2
1947 10 01 717.000000 1 2
1947 10 02 978.000000 1 2
1947 10 03 1233.000000 1 2
1947 10 04 1498.000000 1 2
1947 10 05 1389.000000 1 1
1947 10 06 573.000000 1 2
1947 10 07 382.000000 1 2
1947 10 08 317.000000 1 1
1947 10 09 315.000000 1 3
1947 10 10 283.000000 1 2
1947 10 11 252.000000 1 2
1947 10 12 233.000000 1 2
1947 10 13 211.000000 1 2
1947 10 14 183.000000 1 1
1947 10 15 152.000000 1 1
1947 10 16 139.000000 1 1
1947 10 17 133.000000 1 1
1947 10 18 133.000000 1 1
1947 10 19 160.000000 1 1
1947 10 20 264.000000 1 1
1947 10 21 256.000000 1 1
1947 10 22 203.000000 1 1
1947 10 23 177.000000 1 1
1947 10 24 166.000000 1 1
1947 10 25 158.000000 1 1
1947 10 26 149.000000 1 1
1947 10 27 144.000000 1 1
1947 10 28 130.000000 1 1
1947 10 29 133.000000 1 1
1947 10 30 119.000000 1 1
1947 10 31 117.000000 1 1
1947 11 01 107.000000 1 1
1947 11 02 84.100000 1 1
1947 11 03 74.500000 1 1
1947 11 04 64.300000 1 1
1947 11 05 60.000000 1 1
1947 11 06 57.900000 1 1
1947 11 07 55.800000 1 1
1947 11 08 55.800000 1 1
1947 11 09 53.800000 1 1
1947 11 10 48.800000 1 1
1947 11 11 45.900000 1 1
1947 11 12 42.200000 1 1
1947 11 13 39.500000 1 1
1947 11 14 37.800000 1 1
1947 11 15 36.900000 1 1
1947 11 16 36.100000 1 1
1947 11 17 33.500000 1 1
1947 11 18 33.500000 1 1
1947 11 19 33.500000 1 1
1947 11 20 31.100000 1 1
1947 11 21 30.300000 1 1
1947 11 22 31.900000 1 1
1947 11 23 39.500000 1 1
1947 11 24 43.100000 1 1
1947 11 25 46.900000 1 1
1947 11 26 45.900000 1 1
1947 11 27 45.900000 1 1
1947 11 28 45.000000 1 1
1947 11 29 44.100000 1 1
1947 11 30 42.200000 1 1
1947 12 01 44.100000 1 1
1947 12 02 43.100000 1 1
1947 12 03 43.100000 1 1
1947 12 04 42.200000 1 1
1947 12 05 42.200000 1 1
1947 12 06 39.500000 1 1
1947 12 07 38.700000 1 1
1947 12 08 33.500000 1 1
1947 12 09 46.900000 1 1
1947 12 10 62.100000 1 1
1947 12 11 57.900000 1 1
1947 12 12 54.800000 1 1
1947 12 13 53.800000 1 1
1947 12 14 52.800000 1 1
1947 12 15 48.800000 1 1
1947 12 16 47.900000 1 1
1947 12 17 45.900000 1 1
1947 12 18 43.100000 1 1
1947 12 19 41.300000 1 1
1947 12 20 40.400000 1 1
1947 12 21 37.800000 1 1
1947 12 22 31.100000 1 1
1947 12 23 26.500000 1 1
1947 12 24 24.300000 1 1
1947 12 25 21.500000 1 1
1947 12 26 20.800000 1 1
1947 12 27 18.900000 1 1
1947 12 28 18.900000 1 1
1947 12 29 36.900000 1 1
1947 12 30 29.500000 1 1
1947 12 31 28.000000 1 1
1948 01 01 25.000000 1 1
1948 01 02 23.600000 1 1
1948 01 03 22.900000 1 1
1948 01 04 37.800000 1 1
1948 01 05 71.000000 1 1
1948 01 06 69.900000 1 1
1948 01 07 75.700000 1 1
1948 01 08 96.800000 1 1
1948 01 09 139.000000 1 1
1948 01 10 362.000000 1 1
1948 01 11 465.000000 1 1
1948 01 12 462.000000 1 1
1948 01 13 412.000000 1 1
1948 01 14 312.000000 1 1
1948 01 15 201.000000 1 2
1948 01 16 138.000000 1 1
1948 01 17 102.000000 1 1
1948 01 18 81.600000 1 1
1948 01 19 67.600000 1 1
1948 01 20 65.400000 1 1
1948 01 21 62.100000 1 1
1948 01 22 67.600000 1 1
1948 01 23 91.600000 1 1
1948 01 24 166.000000 1 1
1948 01 25 206.000000 1 1
1948 01 26 240.000000 1 1
1948 01 27 412.000000 1 1
1948 01 28 319.000000 1 1
1948 01 29 236.000000 1 1
1948 01 30 194.000000 1 1
1948 01 31 163.000000 1 1
1948 02 01 150.000000 1 1
1948 02 02 138.000000 1 1
1948 02 03 116.000000 1 1
1948 02 04 129.000000 1 1
1948 02 05 120.000000 1 1
1948 02 06 116.000000 1 1
1948 02 07 112.000000 1 1
1948 02 08 110.000000 1 1
1948 02 09 102.000000 1 1
1948 02 10 94.200000 1 1
1948 02 11 72.200000 1 1
1948 02 12 63.200000 1 1
1948 02 13 63.200000 1 1
1948 02 14 58.900000 1 1
1948 02 15 55.800000 1 1
1948 02 16 49.800000 1 1
1948 02 17 45.900000 1 1
1948 02 18 40.400000 1 1
1948 02 19 31.100000 1 1
1948 02 20 29.500000 1 1
1948 02 21 28.800000 1 1
1948 02 22 27.200000 1 1
1948 02 23 25.700000 1 1
1948 02 24 32.700000 1 1
1948 02 25 31.100000 1 1
1948 02 26 37.800000 1 1
1948 02 27 37.800000 1 1
1948 02 28 36.100000 1 1
1948 02 29 32.700000 1 1
1948 03 01 29.500000 1 1
1948 03 02 28.000000 1 1
1948 03 03 25.700000 1 1
1948 03 04 23.600000 1 1
1948 03 05 23.600000 1 1
1948 03 06 27.200000 1 1
1948 03 07 33.500000 1 1
1948 03 08 37.800000 1 1
1948 03 09 34.400000 1 1
1948 03 10 30.300000 1 1
1948 03 11 31.900000 1 1
1948 03 12 30.300000 1 1
1948 03 13 29.500000 1 1
1948 03 14 28.000000 1 1
1948 03 15 25.700000 1 1
1948 03 16 25.000000 1 1
1948 03 17 22.200000 1 1
1948 03 18 20.800000 1 1
1948 03 19 18.900000 1 1
1948 03 20 18.900000 1 1
1948 03 21 18.200000 1 1
1948 03 22 17.000000 1 1
1948 03 23 18.200000 1 1
1948 03 24 21.500000 1 1
1948 03 25 26.500000 1 1
1948 03 26 22.900000 1 1
1948 03 27 20.200000 1 1
1948 03 28 19.500000 1 1
1948 03 29 18.900000 1 1
1948 03 30 22.200000 1 1
1948 03 31 25.700000 1 1
1948 04 01 31.900000 1 1
1948 04 02 37.800000 1 1
1948 04 03 42.200000 1 1
1948 04 04 48.800000 1 1
1948 04 05 49.800000 1 1
1948 04 06 50.800000 1 1
1948 04 07 45.000000 1 1
1948 04 08 52.800000 1 1
1948 04 09 58.900000 1 1
1948 04 10 55.800000 1 1
1948 04 11 58.900000 1 1
1948 04 12 69.900000 1 1
1948 04 13 79.200000 1 1
1948 04 14 81.600000 1 1
1948 04 15 142.000000 1 1
1948 04 16 130.000000 1 1
1948 04 17 116.000000 1 1
1948 04 18 113.000000 1 1
1948 04 19 185.000000 1 1
1948 04 20 258.000000 1 1
1948 04 21 270.000000 1 1
1948 04 22 192.000000 1 1
1948 04 23 180.000000 1 1
1948 04 24 126.000000 1 1
1948 04 25 92.900000 1 1
1948 04 26 91.600000 1 1
1948 04 27 89.100000 1 1
1948 04 28 84.100000 1 1
1948 04 29 79.200000 1 1
1948 04 30 74.500000 1 1
1948 05 01 163.000000 1 1
1948 05 02 308.000000 1 1
1948 05 03 486.000000 1 1
1948 05 04 571.000000 1 1
1948 05 05 518.000000 1 1
1948 05 06 460.000000 1 1
1948 05 07 369.000000 1 1
1948 05 08 332.000000 1 1
1948 05 09 278.000000 1 1
1948 05 10 231.000000 1 1
1948 05 11 217.000000 1 1
1948 05 12 197.000000 1 1
1948 05 13 178.000000 1 1
1948 05 14 166.000000 1 1
1948 05 15 147.000000 1 1
1948 05 16 229.000000 1 1
1948 05 17 262.000000 1 1
1948 05 18 278.000000 1 1
1948 05 19 256.000000 1 1
1948 05 20 231.000000 1 1
1948 05 21 216.000000 1 1
1948 05 22 196.000000 1 1
1948 05 23 166.000000 1 1
1948 05 24 153.000000 1 1
1948 05 25 138.000000 1 1
1948 05 26 120.000000 1 1
1948 05 27 107.000000 1 1
1948 05 28 96.800000 1 1
1948 05 29 94.200000 1 1
1948 05 30 91.600000 1 1
1948 05 31 89.100000 1 1
1948 06 01 84.100000 1 1
1948 06 02 81.600000 1 1
1948 06 03 78.000000 1 1
1948 06 04 68.800000 1 1
1948 06 05 63.200000 1 1
1948 06 06 60.000000 1 1
1948 06 07 57.900000 1 1
1948 06 08 54.800000 1 1
1948 06 09 53.800000 1 1
1948 06 10 146.000000 1 1
1948 06 11 122.000000 1 1
1948 06 12 593.000000 1 1
1948 06 13 1021.000000 1 1
1948 06 14 1152.000000 1 1
1948 06 15 1065.000000 1 1
1948 06 16 400.000000 1 1
1948 06 17 323.000000 1 1
1948 06 18 304.000000 1 1
1948 06 19 278.000000 1 1
1948 06 20 242.000000 1 1
1948 06 21 212.000000 1 1
1948 06 22 206.000000 1 1
1948 06 23 201.000000 1 1
1948 06 24 332.000000 1 1
1948 06 25 543.000000 1 1
1948 06 26 710.000000 1 1
1948 06 27 683.000000 1 1
1948 06 28 634.000000 1 1
1948 06 29 545.000000 1 1
1948 06 30 505.000000 1 1
1948 07 01 274.000000 1 1
1948 07 02 240.000000 1 1
1948 07 03 254.000000 1 1
1948 07 04 276.000000 1 1
1948 07 05 326.000000 1 1
1948 07 06 378.000000 1 1
1948 07 07 429.000000 1 1
1948 07 08 475.000000 1 1
1948 07 09 507.000000 1 1
1948 07 10 499.000000 1 1
1948 07 11 442.000000 1 1
1948 07 12 374.000000 1 1
1948 07 13 289.000000 1 1
1948 07 14 216.000000 1 1
1948 07 15 203.000000 1 1
1948 07 16 203.000000 1 1
1948 07 17 197.000000 1 1
1948 07 18 190.000000 1 1
1948 07 19 189.000000 1 1
1948 07 20 189.000000 1 1
1948 07 21 194.000000 1 1
1948 07 22 192.000000 1 1
1948 07 23 192.000000 1 1
1948 07 24 197.000000 1 1
1948 07 25 217.000000 1 1
1948 07 26 244.000000 1 1
1948 07 27 628.000000 1 1
1948 07 28 462.000000 1 1
1948 07 29 410.000000 1 1
1948 07 30 323.000000 1 1
1948 07 31 274.000000 1 1
1948 08 01 238.000000 1 1
1948 08 02 219.000000 1 1
1948 08 03 196.000000 1 1
1948 08 04 173.000000 1 1
1948 08 05 160.000000 1 1
1948 08 06 150.000000 1 1
1948 08 07 127.000000 1 1
1948 08 08 124.000000 1 1
1948 08 09 120.000000 1 1
1948 08 10 117.000000 1 1
1948 08 11 109.000000 1 1
1948 08 12 103.000000 1 1
1948 08 13 102.000000 1 1
1948 08 14 99.400000 1 1
1948 08 15 95.500000 1 1
1948 08 16 92.900000 1 1
1948 08 17 89.100000 1 1
1948 08 18 86.600000 1 1
1948 08 19 82.900000 1 1
1948 08 20 80.400000 1 1
1948 08 21 75.700000 1 1
1948 08 22 72.200000 1 1
1948 08 23 69.900000 1 1
1948 08 24 68.800000 1 1
1948 08 25 65.400000 1 1
1948 08 26 81.600000 1 1
1948 08 27 81.600000 1 1
1948 08 28 80.400000 1 1
1948 08 29 76.800000 1 1
1948 08 30 71.000000 1 1
1948 08 31 64.300000 1 1
1948 09 01 60.000000 1 1
1948 09 02 57.900000 1 1
1948 09 03 57.900000 1 1
1948 09 04 56.900000 1 1
1948 09 05 55.800000 1 1
1948 09 06 56.900000 1 1
1948 09 07 68.800000 1 1
1948 09 08 122.000000 1 1
1948 09 09 285.000000 1 1
1948 09 10 806.000000 1 1
1948 09 11 877.000000 1 1
1948 09 12 686.000000 1 1
1948 09 13 571.000000 1 1
1948 09 14 397.000000 1 1
1948 09 15 393.000000 1 1
1948 09 16 360.000000 1 1
1948 09 17 344.000000 1 1
1948 09 18 360.000000 1 1
1948 09 19 378.000000 1 1
1948 09 20 402.000000 1 1
1948 09 21 378.000000 1 1
1948 09 22 344.000000 1 1
1948 09 23 593.000000 1 1
1948 09 24 1414.000000 1 1
1948 09 25 2153.000000 1 1
1948 09 26 nan nan 0
1948 09 27 nan nan 0
1948 09 28 1884.000000 1 1
1948 09 29 1753.000000 1 1
1948 09 30 1335.000000 1 1
1948 10 01 1084.000000 1 1
1948 10 02 946.000000 1 1
1948 10 03 655.000000 1 1
1948 10 04 573.000000 1 1
1948 10 05 478.000000 1 1
1948 10 06 315.000000 1 1
1948 10 07 276.000000 1 1
1948 10 08 229.000000 1 1
1948 10 09 217.000000 1 1
1948 10 10 212.000000 1 1
1948 10 11 203.000000 1 1
1948 10 12 180.000000 1 1
1948 10 13 158.000000 1 1
1948 10 14 150.000000 1 1
1948 10 15 147.000000 1 1
1948 10 16 141.000000 1 1
1948 10 17 136.000000 1 1
1948 10 18 129.000000 1 1
1948 10 19 124.000000 1 1
1948 10 20 119.000000 1 1
1948 10 21 132.000000 1 1
1948 10 22 155.000000 1 1
1948 10 23 162.000000 1 1
1948 10 24 173.000000 1 1
1948 10 25 166.000000 1 1
1948 10 26 162.000000 1 1
1948 10 27 155.000000 1 1
1948 10 28 147.000000 1 1
1948 10 29 155.000000 1 1
1948 10 30 162.000000 1 1
1948 10 31 166.000000 1 1
1948 11 01 196.000000 1 1
1948 11 02 199.000000 1 1
1948 11 03 187.000000 1 1
1948 11 04 171.000000 1 1
1948 11 05 155.000000 1 1
1948 11 06 123.000000 1 1
1948 11 07 116.000000 1 1
1948 11 08 106.000000 1 1
1948 11 09 98.100000 1 1
1948 11 10 107.000000 1 1
1948 11 11 113.000000 1 1
1948 11 12 124.000000 1 1
1948 11 13 129.000000 1 1
1948 11 14 119.000000 1 1
1948 11 15 112.000000 1 1
1948 11 16 103.000000 1 1
1948 11 17 122.000000 1 1
1948 11 18 129.000000 1 1
1948 11 19 139.000000 1 1
1948 11 20 139.000000 1 1
1948 11 21 133.000000 1 1
1948 11 22 129.000000 1 1
1948 11 23 124.000000 1 1
1948 11 24 122.000000 1 1
1948 11 25 123.000000 1 1
1948 11 26 124.000000 1 1
1948 11 27 126.000000 1 1
1948 11 28 122.000000 1 1
1948 11 29 107.000000 1 1
1948 11 30 95.500000 1 1
1948 12 01 90.300000 1 1
1948 12 02 89.100000 1 1
1948 12 03 84.100000 1 1
1948 12 04 80.400000 1 1
1948 12 05 66.500000 1 1
1948 12 06 60.000000 1 1
1948 12 07 56.900000 1 1
1948 12 08 55.800000 1 1
1948 12 09 53.800000 1 1
1948 12 10 60.000000 1 1
1948 12 11 57.900000 1 1
1948 12 12 54.800000 1 1
1948 12 13 50.800000 1 1
1948 12 14 48.800000 1 1
1948 12 15 44.100000 1 1
1948 12 16 42.200000 1 1
1948 12 17 40.400000 1 1
1948 12 18 40.400000 1 1
1948 12 19 36.100000 1 1
1948 12 20 33.500000 1 1
1948 12 21 31.100000 1 1
1948 12 22 30.300000 1 1
1948 12 23 29.500000 1 1
1948 12 24 28.800000 1 1
1948 12 25 27.200000 1 1
1948 12 26 26.500000 1 1
1948 12 27 26.500000 1 1
1948 12 28 25.700000 1 1
1948 12 29 25.000000 1 1
1948 12 30 22.900000 1 1
1948 12 31 21.500000 1 1
