year month day streamflow_m3s qual_control_by_ana qual_flag
1943 01 01 nan nan 0
1943 01 02 nan nan 0
1943 01 03 nan nan 0
1943 01 04 nan nan 0
1943 01 05 nan nan 0
1943 01 06 36.800000 1 1
1943 01 07 36.800000 1 1
1943 01 08 36.100000 1 1
1943 01 09 35.300000 1 1
1943 01 10 34.500000 1 1
1943 01 11 34.500000 1 1
1943 01 12 32.200000 1 1
1943 01 13 32.200000 1 1
1943 01 14 32.900000 1 1
1943 01 15 32.900000 1 1
1943 01 16 32.900000 1 1
1943 01 17 32.200000 1 1
1943 01 18 32.200000 1 1
1943 01 19 32.200000 1 1
1943 01 20 32.200000 1 1
1943 01 21 31.400000 1 1
1943 01 22 31.400000 1 1
1943 01 23 30.600000 1 1
1943 01 24 31.400000 1 1
1943 01 25 34.500000 1 1
1943 01 26 35.300000 1 1
1943 01 27 36.100000 1 1
1943 01 28 32.900000 1 1
1943 01 29 30.600000 1 1
1943 01 30 30.600000 1 1
1943 01 31 37.600000 1 1
1943 02 01 29.900000 1 1
1943 02 02 29.900000 1 1
1943 02 03 29.900000 1 1
1943 02 04 29.900000 1 1
1943 02 05 28.500000 1 1
1943 02 06 28.500000 1 1
1943 02 07 32.900000 1 1
1943 02 08 66.000000 1 1
1943 02 09 73.000000 1 1
1943 02 10 62.000000 1 1
1943 02 11 57.000000 1 1
1943 02 12 48.600000 1 1
1943 02 13 46.800000 1 1
1943 02 14 47.700000 1 1
1943 02 15 41.800000 1 1
1943 02 16 40.100000 1 1
1943 02 17 39.200000 1 1
1943 02 18 46.800000 1 1
1943 02 19 60.000000 1 1
1943 02 20 56.000000 1 1
1943 02 21 60.000000 1 1
1943 02 22 55.100000 1 1
1943 02 23 48.600000 1 1
1943 02 24 44.300000 1 1
1943 02 25 41.800000 1 1
1943 02 26 40.100000 1 1
1943 02 27 38.400000 1 1
1943 02 28 36.800000 1 1
1943 03 01 35.300000 1 1
1943 03 02 33.700000 1 1
1943 03 03 32.900000 1 1
1943 03 04 32.200000 1 1
1943 03 05 33.700000 1 1
1943 03 06 33.700000 1 1
1943 03 07 38.400000 1 1
1943 03 08 39.200000 1 1
1943 03 09 38.400000 1 1
1943 03 10 36.800000 1 1
1943 03 11 36.800000 1 1
1943 03 12 38.400000 1 1
1943 03 13 36.100000 1 1
1943 03 14 36.100000 1 1
1943 03 15 36.800000 1 1
1943 03 16 36.800000 1 1
1943 03 17 36.800000 1 1
1943 03 18 36.800000 1 1
1943 03 19 35.300000 1 1
1943 03 20 33.700000 1 1
1943 03 21 32.900000 1 1
1943 03 22 32.900000 1 1
1943 03 23 29.200000 1 1
1943 03 24 29.200000 1 1
1943 03 25 29.900000 1 1
1943 03 26 29.200000 1 1
1943 03 27 29.200000 1 1
1943 03 28 28.500000 1 1
1943 03 29 27.800000 1 1
1943 03 30 27.100000 1 1
1943 03 31 26.500000 1 1
1943 04 01 29.200000 1 1
1943 04 02 27.800000 1 1
1943 04 03 26.500000 1 1
1943 04 04 25.800000 1 1
1943 04 05 25.800000 1 1
1943 04 06 25.800000 1 1
1943 04 07 25.800000 1 1
1943 04 08 25.100000 1 1
1943 04 09 25.100000 1 1
1943 04 10 26.500000 1 1
1943 04 11 27.800000 1 1
1943 04 12 27.800000 1 1
1943 04 13 27.800000 1 1
1943 04 14 27.100000 1 1
1943 04 15 27.100000 1 1
1943 04 16 26.500000 1 1
1943 04 17 26.500000 1 1
1943 04 18 25.800000 1 1
1943 04 19 25.100000 1 1
1943 04 20 25.100000 1 1
1943 04 21 25.100000 1 1
1943 04 22 25.100000 1 1
1943 04 23 23.700000 1 1
1943 04 24 23.700000 1 1
1943 04 25 23.700000 1 1
1943 04 26 23.700000 1 1
1943 04 27 23.700000 1 1
1943 04 28 23.100000 1 1
1943 04 29 23.100000 1 1
1943 04 30 22.400000 1 1
1943 05 01 22.400000 1 1
1943 05 02 22.400000 1 1
1943 05 03 21.800000 1 1
1943 05 04 21.800000 1 1
1943 05 05 21.800000 1 1
1943 05 06 21.800000 1 1
1943 05 07 21.800000 1 1
1943 05 08 21.800000 1 1
1943 05 09 21.200000 1 1
1943 05 10 21.200000 1 1
1943 05 11 19.900000 1 1
1943 05 12 19.900000 1 1
1943 05 13 19.900000 1 1
1943 05 14 19.900000 1 1
1943 05 15 19.900000 1 1
1943 05 16 19.300000 1 1
1943 05 17 21.200000 1 1
1943 05 18 21.200000 1 1
1943 05 19 21.200000 1 1
1943 05 20 21.200000 1 1
1943 05 21 21.200000 1 1
1943 05 22 23.700000 1 1
1943 05 23 27.800000 1 1
1943 05 24 32.200000 1 1
1943 05 25 38.400000 1 1
1943 05 26 35.300000 1 1
1943 05 27 35.300000 1 1
1943 05 28 34.500000 1 1
1943 05 29 45.100000 1 1
1943 05 30 61.000000 1 1
1943 05 31 96.400000 1 1
1943 06 01 119.000000 1 1
1943 06 02 119.000000 1 1
1943 06 03 119.000000 1 1
1943 06 04 130.000000 1 1
1943 06 05 142.000000 1 1
1943 06 06 137.000000 1 1
1943 06 07 133.000000 1 1
1943 06 08 123.000000 1 1
1943 06 09 109.000000 1 1
1943 06 10 99.200000 1 1
1943 06 11 85.600000 1 1
1943 06 12 77.200000 1 1
1943 06 13 73.000000 1 1
1943 06 14 67.000000 1 1
1943 06 15 64.000000 1 1
1943 06 16 61.000000 1 1
1943 06 17 61.000000 1 1
1943 06 18 60.000000 1 1
1943 06 19 59.000000 1 1
1943 06 20 58.000000 1 1
1943 06 21 58.000000 1 1
1943 06 22 58.000000 1 1
1943 06 23 58.000000 1 1
1943 06 24 58.000000 1 1
1943 06 25 58.000000 1 1
1943 06 26 60.000000 1 1
1943 06 27 60.000000 1 1
1943 06 28 61.000000 1 1
1943 06 29 64.000000 1 1
1943 06 30 64.000000 1 1
1943 07 01 64.000000 1 1
1943 07 02 85.600000 1 1
1943 07 03 102.000000 1 1
1943 07 04 444.000000 1 1
1943 07 05 1060.000000 1 1
1943 07 06 1790.000000 1 1
1943 07 07 1300.000000 1 1
1943 07 08 890.000000 1 1
1943 07 09 690.000000 1 1
1943 07 10 500.000000 1 1
1943 07 11 360.000000 1 1
1943 07 12 300.000000 1 1
1943 07 13 273.000000 1 1
1943 07 14 252.000000 1 1
1943 07 15 240.000000 1 1
1943 07 16 229.000000 1 1
1943 07 17 203.000000 1 1
1943 07 18 182.000000 1 1
1943 07 19 172.000000 1 1
1943 07 20 162.000000 1 1
1943 07 21 160.000000 1 1
1943 07 22 150.000000 1 1
1943 07 23 142.000000 1 1
1943 07 24 133.000000 1 1
1943 07 25 126.000000 1 1
1943 07 26 120.000000 1 1
1943 07 27 118.000000 1 1
1943 07 28 117.000000 1 1
1943 07 29 118.000000 1 1
1943 07 30 119.000000 1 1
1943 07 31 121.000000 1 1
1943 08 01 121.000000 1 1
1943 08 02 118.000000 1 1
1943 08 03 111.000000 1 1
1943 08 04 102.000000 1 1
1943 08 05 102.000000 1 1
1943 08 06 99.200000 1 1
1943 08 07 93.600000 1 1
1943 08 08 83.200000 1 1
1943 08 09 80.800000 1 1
1943 08 10 76.000000 1 1
1943 08 11 84.400000 1 1
1943 08 12 88.000000 1 1
1943 08 13 90.800000 1 1
1943 08 14 93.600000 1 1
1943 08 15 96.400000 1 1
1943 08 16 93.600000 1 1
1943 08 17 88.000000 1 1
1943 08 18 86.800000 1 1
1943 08 19 83.200000 1 1
1943 08 20 76.000000 1 1
1943 08 21 85.600000 1 1
1943 08 22 121.000000 1 1
1943 08 23 132.000000 1 1
1943 08 24 119.000000 1 1
1943 08 25 104.000000 1 1
1943 08 26 97.800000 1 1
1943 08 27 96.400000 1 1
1943 08 28 92.200000 1 1
1943 08 29 88.000000 1 1
1943 08 30 83.200000 1 1
1943 08 31 76.000000 1 1
1943 09 01 75.000000 1 1
1943 09 02 74.000000 1 1
1943 09 03 74.000000 1 1
1943 09 04 70.000000 1 1
1943 09 05 68.000000 1 1
1943 09 06 68.000000 1 1
1943 09 07 66.000000 1 1
1943 09 08 68.000000 1 1
1943 09 09 74.000000 1 1
1943 09 10 76.000000 1 1
1943 09 11 82.000000 1 1
1943 09 12 86.800000 1 1
1943 09 13 96.400000 1 1
1943 09 14 102.000000 1 1
1943 09 15 99.200000 1 1
1943 09 16 93.600000 1 1
1943 09 17 96.400000 1 1
1943 09 18 102.000000 1 1
1943 09 19 123.000000 1 1
1943 09 20 165.000000 1 1
1943 09 21 179.000000 1 1
1943 09 22 210.000000 1 1
1943 09 23 189.000000 1 1
1943 09 24 175.000000 1 1
1943 09 25 144.000000 1 1
1943 09 26 135.000000 1 1
1943 09 27 116.000000 1 1
1943 09 28 109.000000 1 1
1943 09 29 93.600000 1 1
1943 09 30 90.800000 1 1
1943 10 01 90.800000 1 1
1943 10 02 90.800000 1 1
1943 10 03 93.600000 1 1
1943 10 04 96.400000 1 1
1943 10 05 92.200000 1 1
1943 10 06 84.400000 1 1
1943 10 07 72.000000 1 1
1943 10 08 72.000000 1 1
1943 10 09 71.000000 1 1
1943 10 10 68.000000 1 1
1943 10 11 68.000000 1 1
1943 10 12 68.000000 1 1
1943 10 13 67.000000 1 1
1943 10 14 67.000000 1 1
1943 10 15 66.000000 1 1
1943 10 16 66.000000 1 1
1943 10 17 66.000000 1 1
1943 10 18 64.000000 1 1
1943 10 19 58.000000 1 1
1943 10 20 54.200000 1 1
1943 10 21 50.500000 1 1
1943 10 22 46.800000 1 1
1943 10 23 45.100000 1 1
1943 10 24 41.800000 1 1
1943 10 25 36.800000 1 1
1943 10 26 36.100000 1 1
1943 10 27 36.100000 1 1
1943 10 28 35.300000 1 1
1943 10 29 31.400000 1 1
1943 10 30 25.100000 1 1
1943 10 31 23.700000 1 1
1943 11 01 25.100000 1 1
1943 11 02 25.100000 1 1
1943 11 03 26.500000 1 1
1943 11 04 37.600000 1 1
1943 11 05 68.000000 1 1
1943 11 06 90.800000 1 1
1943 11 07 85.600000 1 1
1943 11 08 78.400000 1 1
1943 11 09 75.000000 1 1
1943 11 10 64.000000 1 1
1943 11 11 49.600000 1 1
1943 11 12 46.800000 1 1
1943 11 13 46.800000 1 1
1943 11 14 44.300000 1 1
1943 11 15 40.100000 1 1
1943 11 16 35.300000 1 1
1943 11 17 32.900000 1 1
1943 11 18 32.200000 1 1
1943 11 19 30.600000 1 1
1943 11 20 28.500000 1 1
1943 11 21 28.500000 1 1
1943 11 22 28.500000 1 1
1943 11 23 27.800000 1 1
1943 11 24 29.900000 1 1
1943 11 25 30.600000 1 1
1943 11 26 31.400000 1 1
1943 11 27 30.600000 1 1
1943 11 28 30.600000 1 1
1943 11 29 29.200000 1 1
1943 11 30 27.800000 1 1
1943 12 01 27.800000 1 1
1943 12 02 27.800000 1 1
1943 12 03 27.100000 1 1
1943 12 04 26.500000 1 1
1943 12 05 26.500000 1 1
1943 12 06 25.800000 1 1
1943 12 07 23.700000 1 1
1943 12 08 22.400000 1 1
1943 12 09 19.900000 1 1
1943 12 10 18.700000 1 1
1943 12 11 18.700000 1 1
1943 12 12 18.700000 1 1
1943 12 13 18.700000 1 1
1943 12 14 27.100000 1 1
1943 12 15 36.800000 1 1
1943 12 16 27.100000 1 1
1943 12 17 21.200000 1 1
1943 12 18 18.700000 1 1
1943 12 19 16.800000 1 1
1943 12 20 15.700000 1 1
1943 12 21 14.000000 1 1
1943 12 22 12.800000 1 1
1943 12 23 13.400000 1 1
1943 12 24 15.700000 1 1
1943 12 25 15.700000 1 1
1943 12 26 16.300000 1 1
1943 12 27 15.100000 1 1
1943 12 28 15.100000 1 1
1943 12 29 15.100000 1 1
1943 12 30 11.700000 1 1
1943 12 31 11.700000 1 1
1944 01 01 17.400000 1 1
1944 01 02 17.400000 1 1
1944 01 03 23.700000 1 1
1944 01 04 32.900000 1 1
1944 01 05 34.500000 1 1
1944 01 06 29.900000 1 1
1944 01 07 30.600000 1 1
1944 01 08 37.600000 1 1
1944 01 09 86.800000 1 1
1944 01 10 149.000000 1 1
1944 01 11 168.000000 1 1
1944 01 12 227.000000 1 1
1944 01 13 411.000000 1 1
1944 01 14 417.000000 1 1
1944 01 15 306.000000 1 1
1944 01 16 212.000000 1 1
1944 01 17 168.000000 1 1
1944 01 18 133.000000 1 1
1944 01 19 102.000000 1 1
1944 01 20 85.600000 1 1
1944 01 21 78.400000 1 1
1944 01 22 76.000000 1 1
1944 01 23 74.000000 1 1
1944 01 24 79.600000 1 1
1944 01 25 362.000000 1 1
1944 01 26 513.000000 1 1
1944 01 27 755.000000 1 1
1944 01 28 883.000000 1 1
1944 01 29 1164.000000 1 1
1944 01 30 849.000000 1 1
1944 01 31 513.000000 1 1
1944 02 01 326.000000 1 1
1944 02 02 262.000000 1 1
1944 02 03 208.000000 1 1
1944 02 04 166.000000 1 1
1944 02 05 146.000000 1 1
1944 02 06 123.000000 1 1
1944 02 07 102.000000 1 1
1944 02 08 99.200000 1 1
1944 02 09 88.000000 1 1
1944 02 10 78.400000 1 1
1944 02 11 73.000000 1 1
1944 02 12 66.000000 1 1
1944 02 13 60.000000 1 1
1944 02 14 56.000000 1 1
1944 02 15 52.300000 1 1
1944 02 16 49.600000 1 1
1944 02 17 48.600000 1 1
1944 02 18 46.800000 1 1
1944 02 19 44.300000 1 1
1944 02 20 43.400000 1 1
1944 02 21 45.100000 1 1
1944 02 22 45.100000 1 1
1944 02 23 45.100000 1 1
1944 02 24 46.800000 1 1
1944 02 25 45.100000 1 1
1944 02 26 52.300000 1 1
1944 02 27 53.200000 1 1
1944 02 28 52.300000 1 1
1944 02 29 48.600000 1 1
1944 03 01 45.100000 1 1
1944 03 02 50.500000 1 1
1944 03 03 45.100000 1 1
1944 03 04 45.100000 1 1
1944 03 05 49.600000 1 1
1944 03 06 48.600000 1 1
1944 03 07 46.000000 1 1
1944 03 08 45.100000 1 1
1944 03 09 41.800000 1 1
1944 03 10 43.400000 1 1
1944 03 11 60.000000 1 1
1944 03 12 53.200000 1 1
1944 03 13 44.300000 1 1
1944 03 14 41.800000 1 1
1944 03 15 40.900000 1 1
1944 03 16 37.600000 1 1
1944 03 17 36.800000 1 1
1944 03 18 36.800000 1 1
1944 03 19 41.800000 1 1
1944 03 20 55.100000 1 1
1944 03 21 101.000000 1 1
1944 03 22 123.000000 1 1
1944 03 23 147.000000 1 1
1944 03 24 179.000000 1 1
1944 03 25 172.000000 1 1
1944 03 26 132.000000 1 1
1944 03 27 109.000000 1 1
1944 03 28 90.800000 1 1
1944 03 29 80.800000 1 1
1944 03 30 68.000000 1 1
1944 03 31 63.000000 1 1
1944 04 01 56.000000 1 1
1944 04 02 51.400000 1 1
1944 04 03 47.700000 1 1
1944 04 04 45.100000 1 1
1944 04 05 42.600000 1 1
1944 04 06 40.100000 1 1
1944 04 07 38.400000 1 1
1944 04 08 36.800000 1 1
1944 04 09 36.100000 1 1
1944 04 10 43.400000 1 1
1944 04 11 54.200000 1 1
1944 04 12 63.000000 1 1
1944 04 13 62.000000 1 1
1944 04 14 58.000000 1 1
1944 04 15 57.000000 1 1
1944 04 16 52.300000 1 1
1944 04 17 50.500000 1 1
1944 04 18 54.200000 1 1
1944 04 19 52.300000 1 1
1944 04 20 48.600000 1 1
1944 04 21 45.100000 1 1
1944 04 22 41.800000 1 1
1944 04 23 40.100000 1 1
1944 04 24 38.400000 1 1
1944 04 25 36.800000 1 1
1944 04 26 35.300000 1 1
1944 04 27 34.500000 1 1
1944 04 28 33.700000 1 1
1944 04 29 32.200000 1 1
1944 04 30 32.200000 1 1
1944 05 01 32.200000 1 1
1944 05 02 32.200000 1 1
1944 05 03 30.600000 1 1
1944 05 04 29.900000 1 1
1944 05 05 29.200000 1 1
1944 05 06 29.200000 1 1
1944 05 07 28.500000 1 1
1944 05 08 28.500000 1 1
1944 05 09 27.800000 1 1
1944 05 10 29.900000 1 1
1944 05 11 29.900000 1 1
1944 05 12 31.400000 1 1
1944 05 13 32.200000 1 1
1944 05 14 32.200000 1 1
1944 05 15 33.700000 1 1
1944 05 16 33.700000 1 1
1944 05 17 34.500000 1 1
1944 05 18 33.700000 1 1
1944 05 19 32.200000 1 1
1944 05 20 30.600000 1 1
1944 05 21 31.400000 1 1
1944 05 22 32.200000 1 1
1944 05 23 31.400000 1 1
1944 05 24 30.600000 1 1
1944 05 25 29.900000 1 1
1944 05 26 29.900000 1 1
1944 05 27 30.600000 1 1
1944 05 28 29.200000 1 1
1944 05 29 29.200000 1 1
1944 05 30 27.800000 1 1
1944 05 31 27.800000 1 1
1944 06 01 26.500000 1 1
1944 06 02 26.500000 1 1
1944 06 03 27.800000 1 1
1944 06 04 27.800000 1 1
1944 06 05 29.200000 1 1
1944 06 06 29.200000 1 1
1944 06 07 28.500000 1 1
1944 06 08 27.800000 1 1
1944 06 09 27.800000 1 1
1944 06 10 27.800000 1 1
1944 06 11 29.200000 1 1
1944 06 12 29.200000 1 1
1944 06 13 28.500000 1 1
1944 06 14 27.800000 1 1
1944 06 15 26.500000 1 1
1944 06 16 26.500000 1 1
1944 06 17 26.500000 1 1
1944 06 18 26.500000 1 1
1944 06 19 26.500000 1 1
1944 06 20 27.800000 1 1
1944 06 21 52.300000 1 1
1944 06 22 86.800000 1 1
1944 06 23 262.000000 1 1
1944 06 24 785.000000 1 1
1944 06 25 872.000000 1 1
1944 06 26 917.000000 1 1
1944 06 27 830.000000 1 1
1944 06 28 552.000000 1 1
1944 06 29 392.000000 1 1
1944 06 30 293.000000 1 1
1944 07 01 252.000000 1 1
1944 07 02 217.000000 1 1
1944 07 03 192.000000 1 1
1944 07 04 198.000000 1 1
1944 07 05 386.000000 1 1
1944 07 06 770.000000 1 1
1944 07 07 657.000000 1 1
1944 07 08 486.000000 1 1
1944 07 09 386.000000 1 1
1944 07 10 293.000000 1 1
1944 07 11 248.000000 1 1
1944 07 12 217.000000 1 1
1944 07 13 194.000000 1 1
1944 07 14 182.000000 1 1
1944 07 15 161.000000 1 1
1944 07 16 152.000000 1 1
1944 07 17 144.000000 1 1
1944 07 18 133.000000 1 1
1944 07 19 125.000000 1 1
1944 07 20 116.000000 1 1
1944 07 21 104.000000 1 1
1944 07 22 102.000000 1 1
1944 07 23 102.000000 1 1
1944 07 24 99.200000 1 1
1944 07 25 96.400000 1 1
1944 07 26 90.800000 1 1
1944 07 27 88.000000 1 1
1944 07 28 83.200000 1 1
1944 07 29 79.600000 1 1
1944 07 30 76.000000 1 1
1944 07 31 74.000000 1 1
1944 08 01 72.000000 1 1
1944 08 02 69.000000 1 1
1944 08 03 69.000000 1 1
1944 08 04 66.000000 1 1
1944 08 05 60.000000 1 1
1944 08 06 62.000000 1 1
1944 08 07 73.000000 1 1
1944 08 08 76.000000 1 1
1944 08 09 70.000000 1 1
1944 08 10 66.000000 1 1
1944 08 11 64.000000 1 1
1944 08 12 66.000000 1 1
1944 08 13 73.000000 1 1
1944 08 14 77.200000 1 1
1944 08 15 82.000000 1 1
1944 08 16 107.000000 1 1
1944 08 17 142.000000 1 1
1944 08 18 199.000000 1 1
1944 08 19 252.000000 1 1
1944 08 20 250.000000 1 1
1944 08 21 205.000000 1 1
1944 08 22 175.000000 1 1
1944 08 23 159.000000 1 1
1944 08 24 139.000000 1 1
1944 08 25 123.000000 1 1
1944 08 26 125.000000 1 1
1944 08 27 102.000000 1 1
1944 08 28 102.000000 1 1
1944 08 29 109.000000 1 1
1944 08 30 102.000000 1 1
1944 08 31 102.000000 1 1
1944 09 01 102.000000 1 1
1944 09 02 89.400000 1 1
1944 09 03 79.600000 1 1
1944 09 04 75.000000 1 1
1944 09 05 75.000000 1 1
1944 09 06 89.400000 1 1
1944 09 07 133.000000 1 1
1944 09 08 146.000000 1 1
1944 09 09 133.000000 1 1
1944 09 10 125.000000 1 1
1944 09 11 116.000000 1 1
1944 09 12 101.000000 1 1
1944 09 13 96.400000 1 1
1944 09 14 90.800000 1 1
1944 09 15 86.800000 1 1
1944 09 16 85.600000 1 1
1944 09 17 85.600000 1 1
1944 09 18 86.800000 1 1
1944 09 19 93.600000 1 1
1944 09 20 86.800000 1 1
1944 09 21 82.000000 1 1
1944 09 22 79.600000 1 1
1944 09 23 78.400000 1 1
1944 09 24 78.400000 1 1
1944 09 25 80.800000 1 1
1944 09 26 82.000000 1 1
1944 09 27 82.000000 1 1
1944 09 28 78.400000 1 1
1944 09 29 71.000000 1 1
1944 09 30 70.000000 1 1
1944 10 01 68.000000 1 1
1944 10 02 72.000000 1 1
1944 10 03 200.000000 1 1
1944 10 04 435.000000 1 1
1944 10 05 1050.000000 1 1
1944 10 06 1980.000000 1 1
1944 10 07 1960.000000 1 1
1944 10 08 1800.000000 1 1
1944 10 09 1950.000000 1 1
1944 10 10 1880.000000 1 1
1944 10 11 1590.000000 1 1
1944 10 12 1230.000000 1 1
1944 10 13 980.000000 1 1
1944 10 14 800.000000 1 1
1944 10 15 657.000000 1 1
1944 10 16 552.000000 1 1
1944 10 17 444.000000 1 1
1944 10 18 370.000000 1 1
1944 10 19 315.000000 1 1
1944 10 20 267.000000 1 1
1944 10 21 231.000000 1 1
1944 10 22 213.000000 1 1
1944 10 23 196.000000 1 1
1944 10 24 186.000000 1 1
1944 10 25 194.000000 1 1
1944 10 26 238.000000 1 1
1944 10 27 222.000000 1 1
1944 10 28 224.000000 1 1
1944 10 29 470.000000 1 1
1944 10 30 489.000000 1 1
1944 10 31 475.000000 1 1
1944 11 01 384.000000 1 1
1944 11 02 298.000000 1 1
1944 11 03 276.000000 1 1
1944 11 04 433.000000 1 1
1944 11 05 491.000000 1 1
1944 11 06 571.000000 1 1
1944 11 07 450.000000 1 1
1944 11 08 306.000000 1 1
1944 11 09 246.000000 1 1
1944 11 10 213.000000 1 1
1944 11 11 189.000000 1 1
1944 11 12 172.000000 1 1
1944 11 13 158.000000 1 1
1944 11 14 144.000000 1 1
1944 11 15 135.000000 1 1
1944 11 16 123.000000 1 1
1944 11 17 112.000000 1 1
1944 11 18 102.000000 1 1
1944 11 19 102.000000 1 1
1944 11 20 102.000000 1 1
1944 11 21 97.800000 1 1
1944 11 22 90.800000 1 1
1944 11 23 82.000000 1 1
1944 11 24 76.000000 1 1
1944 11 25 73.000000 1 1
1944 11 26 68.000000 1 1
1944 11 27 64.000000 1 1
1944 11 28 64.000000 1 1
1944 11 29 63.000000 1 1
1944 11 30 61.000000 1 1
1944 12 01 57.000000 1 1
1944 12 02 63.000000 1 1
1944 12 03 56.000000 1 1
1944 12 04 48.600000 1 1
1944 12 05 46.000000 1 1
1944 12 06 45.100000 1 1
1944 12 07 43.400000 1 1
1944 12 08 43.400000 1 1
1944 12 09 46.800000 1 1
1944 12 10 61.000000 1 1
1944 12 11 53.200000 1 1
1944 12 12 48.600000 1 1
1944 12 13 43.400000 1 1
1944 12 14 43.400000 1 1
1944 12 15 42.600000 1 1
1944 12 16 38.400000 1 1
1944 12 17 36.800000 1 1
1944 12 18 35.300000 1 1
1944 12 19 32.900000 1 1
1944 12 20 32.200000 1 1
1944 12 21 31.400000 1 1
1944 12 22 29.200000 1 1
1944 12 23 27.800000 1 1
1944 12 24 27.800000 1 1
1944 12 25 26.500000 1 1
1944 12 26 24.400000 1 1
1944 12 27 22.400000 1 1
1944 12 28 22.400000 1 1
1944 12 29 22.400000 1 1
1944 12 30 28.500000 1 1
1944 12 31 24.400000 1 1
1945 01 01 22.400000 1 1
1945 01 02 22.400000 1 1
1945 01 03 23.100000 1 1
1945 01 04 22.400000 1 1
1945 01 05 21.800000 1 1
1945 01 06 21.800000 1 1
1945 01 07 19.900000 1 1
1945 01 08 18.700000 1 1
1945 01 09 18.700000 1 1
1945 01 10 17.400000 1 1
1945 01 11 16.800000 1 1
1945 01 12 16.300000 1 1
1945 01 13 15.100000 1 1
1945 01 14 15.100000 1 1
1945 01 15 15.100000 1 1
1945 01 16 15.100000 1 1
1945 01 17 15.100000 1 1
1945 01 18 14.000000 1 1
1945 01 19 14.000000 1 1
1945 01 20 14.000000 1 1
1945 01 21 14.000000 1 1
1945 01 22 16.300000 1 1
1945 01 23 14.500000 1 1
1945 01 24 16.300000 1 1
1945 01 25 14.500000 1 1
1945 01 26 14.000000 1 1
1945 01 27 12.800000 1 1
1945 01 28 14.000000 1 1
1945 01 29 14.000000 1 1
1945 01 30 11.700000 1 1
1945 01 31 11.700000 1 1
1945 02 01 10.700000 1 1
1945 02 02 10.700000 1 1
1945 02 03 7.780000 1 1
1945 02 04 6.800000 1 1
1945 02 05 6.800000 1 1
1945 02 06 6.240000 1 1
1945 02 07 6.240000 1 1
1945 02 08 5.680000 1 1
1945 02 09 5.680000 1 1
1945 02 10 5.680000 1 1
1945 02 11 5.680000 1 1
1945 02 12 5.680000 1 1
1945 02 13 5.680000 1 1
1945 02 14 5.680000 1 1
1945 02 15 15.100000 1 1
1945 02 16 15.100000 1 1
1945 02 17 16.300000 1 1
1945 02 18 16.300000 1 1
1945 02 19 18.700000 1 1
1945 02 20 22.400000 1 1
1945 02 21 19.900000 1 1
1945 02 22 16.800000 1 1
1945 02 23 16.300000 1 1
1945 02 24 14.500000 1 1
1945 02 25 14.000000 1 1
1945 02 26 11.700000 1 1
1945 02 27 11.700000 1 1
1945 02 28 11.700000 1 1
1945 03 01 7.780000 1 1
1945 03 02 7.780000 1 1
1945 03 03 6.800000 1 1
1945 03 04 6.800000 1 1
1945 03 05 6.800000 1 1
1945 03 06 6.800000 1 1
1945 03 07 6.520000 1 1
1945 03 08 6.520000 1 1
1945 03 09 6.520000 1 1
1945 03 10 6.800000 1 1
1945 03 11 6.800000 1 1
1945 03 12 11.700000 1 1
1945 03 13 12.800000 1 1
1945 03 14 6.800000 1 1
1945 03 15 6.800000 1 1
1945 03 16 6.800000 1 1
1945 03 17 6.800000 1 1
1945 03 18 6.800000 1 1
1945 03 19 6.800000 1 1
1945 03 20 6.520000 1 1
1945 03 21 6.520000 1 1
1945 03 22 6.240000 1 1
1945 03 23 6.240000 1 1
1945 03 24 6.240000 1 1
1945 03 25 5.680000 1 1
1945 03 26 5.680000 1 1
1945 03 27 5.400000 1 1
1945 03 28 5.400000 1 1
1945 03 29 5.400000 1 1
1945 03 30 5.400000 1 1
1945 03 31 5.400000 1 1
1945 04 01 6.240000 1 1
1945 04 02 6.240000 1 1
1945 04 03 6.240000 1 1
1945 04 04 5.680000 1 1
1945 04 05 5.680000 1 1
1945 04 06 5.680000 1 1
1945 04 07 5.680000 1 1
1945 04 08 5.400000 1 1
1945 04 09 5.400000 1 1
1945 04 10 5.400000 1 1
1945 04 11 5.400000 1 1
1945 04 12 5.680000 1 1
1945 04 13 5.680000 1 1
1945 04 14 5.680000 1 1
1945 04 15 5.680000 1 1
1945 04 16 6.800000 1 1
1945 04 17 7.780000 1 1
1945 04 18 6.800000 1 1
1945 04 19 6.800000 1 1
1945 04 20 6.520000 1 1
1945 04 21 6.240000 1 1
1945 04 22 6.240000 1 1
1945 04 23 6.240000 1 1
1945 04 24 6.240000 1 1
1945 04 25 6.240000 1 1
1945 04 26 6.240000 1 1
1945 04 27 6.240000 1 1
1945 04 28 6.520000 1 1
1945 04 29 7.290000 1 1
1945 04 30 7.780000 1 1
1945 05 01 8.760000 1 1
1945 05 02 9.740000 1 1
1945 05 03 9.740000 1 1
1945 05 04 8.760000 1 1
1945 05 05 8.270000 1 1
1945 05 06 7.780000 1 1
1945 05 07 7.780000 1 1
1945 05 08 7.780000 1 1
1945 05 09 7.780000 1 1
1945 05 10 7.780000 1 1
1945 05 11 7.780000 1 1
1945 05 12 7.780000 1 1
1945 05 13 8.270000 1 1
1945 05 14 10.700000 1 1
1945 05 15 11.700000 1 1
1945 05 16 11.700000 1 1
1945 05 17 11.700000 1 1
1945 05 18 11.700000 1 1
1945 05 19 11.700000 1 1
1945 05 20 11.700000 1 1
1945 05 21 11.200000 1 1
1945 05 22 10.700000 1 1
1945 05 23 10.700000 1 1
1945 05 24 10.200000 1 1
1945 05 25 9.740000 1 1
1945 05 26 9.740000 1 1
1945 05 27 9.740000 1 1
1945 05 28 9.740000 1 1
1945 05 29 9.740000 1 1
1945 05 30 9.740000 1 1
1945 05 31 9.740000 1 1
1945 06 01 9.250000 1 1
1945 06 02 9.250000 1 1
1945 06 03 11.700000 1 1
1945 06 04 15.100000 1 1
1945 06 05 21.200000 1 1
1945 06 06 23.700000 1 1
1945 06 07 25.100000 1 1
1945 06 08 21.800000 1 1
1945 06 09 19.300000 1 1
1945 06 10 17.400000 1 1
1945 06 11 17.400000 1 1
1945 06 12 16.800000 1 1
1945 06 13 16.300000 1 1
1945 06 14 15.700000 1 1
1945 06 15 15.100000 1 1
1945 06 16 14.000000 1 1
1945 06 17 12.800000 1 1
1945 06 18 14.000000 1 1
1945 06 19 27.100000 1 1
1945 06 20 36.800000 1 1
1945 06 21 41.800000 1 1
1945 06 22 35.300000 1 1
1945 06 23 28.500000 1 1
1945 06 24 24.400000 1 1
1945 06 25 23.700000 1 1
1945 06 26 21.200000 1 1
1945 06 27 20.500000 1 1
1945 06 28 19.900000 1 1
1945 06 29 18.000000 1 1
1945 06 30 17.400000 1 1
1945 07 01 17.400000 1 1
1945 07 02 16.300000 1 1
1945 07 03 16.300000 1 1
1945 07 04 16.300000 1 1
1945 07 05 16.300000 1 1
1945 07 06 15.100000 1 1
1945 07 07 15.100000 1 1
1945 07 08 15.100000 1 1
1945 07 09 15.100000 1 1
1945 07 10 15.100000 1 1
1945 07 11 14.000000 1 1
1945 07 12 14.000000 1 1
1945 07 13 12.800000 1 1
1945 07 14 12.800000 1 1
1945 07 15 12.800000 1 1
1945 07 16 12.800000 1 1
1945 07 17 12.800000 1 1
1945 07 18 12.300000 1 1
1945 07 19 12.300000 1 1
1945 07 20 14.000000 1 1
1945 07 21 32.900000 1 1
1945 07 22 75.000000 1 1
1945 07 23 118.000000 1 1
1945 07 24 140.000000 1 1
1945 07 25 161.000000 1 1
1945 07 26 179.000000 1 1
1945 07 27 158.000000 1 1
1945 07 28 144.000000 1 1
1945 07 29 147.000000 1 1
1945 07 30 266.000000 1 1
1945 07 31 464.000000 1 1
1945 08 01 740.000000 1 1
1945 08 02 1140.000000 1 1
1945 08 03 1173.000000 1 1
1945 08 04 1013.000000 1 1
1945 08 05 883.000000 1 1
1945 08 06 638.000000 1 1
1945 08 07 433.000000 1 1
1945 08 08 330.000000 1 1
1945 08 09 270.000000 1 1
1945 08 10 222.000000 1 1
1945 08 11 191.000000 1 1
1945 08 12 175.000000 1 1
1945 08 13 159.000000 1 1
1945 08 14 147.000000 1 1
1945 08 15 137.000000 1 1
1945 08 16 125.000000 1 1
1945 08 17 126.000000 1 1
1945 08 18 151.000000 1 1
1945 08 19 300.000000 1 1
1945 08 20 356.000000 1 1
1945 08 21 330.000000 1 1
1945 08 22 300.000000 1 1
1945 08 23 270.000000 1 1
1945 08 24 250.000000 1 1
1945 08 25 295.000000 1 1
1945 08 26 360.000000 1 1
1945 08 27 410.000000 1 1
1945 08 28 460.000000 1 1
1945 08 29 500.000000 1 1
1945 08 30 378.000000 1 1
1945 08 31 264.000000 1 1
1945 09 01 259.000000 1 1
1945 09 02 213.000000 1 1
1945 09 03 189.000000 1 1
1945 09 04 168.000000 1 1
1945 09 05 137.000000 1 1
1945 09 06 144.000000 1 1
1945 09 07 222.000000 1 1
1945 09 08 414.000000 1 1
1945 09 09 530.000000 1 1
1945 09 10 513.000000 1 1
1945 09 11 436.000000 1 1
1945 09 12 315.000000 1 1
1945 09 13 233.000000 1 1
1945 09 14 215.000000 1 1
1945 09 15 257.000000 1 1
1945 09 16 306.000000 1 1
1945 09 17 309.000000 1 1
1945 09 18 264.000000 1 1
1945 09 19 253.000000 1 1
1945 09 20 203.000000 1 1
1945 09 21 182.000000 1 1
1945 09 22 179.000000 1 1
1945 09 23 206.000000 1 1
1945 09 24 257.000000 1 1
1945 09 25 246.000000 1 1
1945 09 26 231.000000 1 1
1945 09 27 203.000000 1 1
1945 09 28 208.000000 1 1
1945 09 29 252.000000 1 1
1945 09 30 274.000000 1 1
1945 10 01 282.000000 1 1
1945 10 02 255.000000 1 1
1945 10 03 233.000000 1 1
1945 10 04 201.000000 1 1
1945 10 05 161.000000 1 1
1945 10 06 140.000000 1 1
1945 10 07 123.000000 1 1
1945 10 08 109.000000 1 1
1945 10 09 104.000000 1 1
1945 10 10 109.000000 1 1
1945 10 11 130.000000 1 1
1945 10 12 142.000000 1 1
1945 10 13 137.000000 1 1
1945 10 14 119.000000 1 1
1945 10 15 102.000000 1 1
1945 10 16 96.400000 1 1
1945 10 17 90.800000 1 1
1945 10 18 82.000000 1 1
1945 10 19 82.000000 1 1
1945 10 20 77.200000 1 1
1945 10 21 71.000000 1 1
1945 10 22 68.000000 1 1
1945 10 23 63.000000 1 1
1945 10 24 60.000000 1 1
1945 10 25 56.000000 1 1
1945 10 26 52.300000 1 1
1945 10 27 53.200000 1 1
1945 10 28 66.000000 1 1
1945 10 29 83.200000 1 1
1945 10 30 97.800000 1 1
1945 10 31 96.400000 1 1
1945 11 01 77.200000 1 1
1945 11 02 73.000000 1 1
1945 11 03 67.000000 1 1
1945 11 04 61.000000 1 1
1945 11 05 58.000000 1 1
1945 11 06 53.200000 1 1
1945 11 07 51.400000 1 1
1945 11 08 54.200000 1 1
1945 11 09 58.000000 1 1
1945 11 10 64.000000 1 1
1945 11 11 60.000000 1 1
1945 11 12 58.000000 1 1
1945 11 13 64.000000 1 1
1945 11 14 69.000000 1 1
1945 11 15 71.000000 1 1
1945 11 16 70.000000 1 1
1945 11 17 72.000000 1 1
1945 11 18 66.000000 1 1
1945 11 19 60.000000 1 1
1945 11 20 56.000000 1 1
1945 11 21 72.000000 1 1
1945 11 22 142.000000 1 1
1945 11 23 255.000000 1 1
1945 11 24 300.000000 1 1
1945 11 25 260.000000 1 1
1945 11 26 200.000000 1 1
1945 11 27 144.000000 1 1
1945 11 28 105.000000 1 1
1945 11 29 95.000000 1 1
1945 11 30 90.800000 1 1
1945 12 01 86.800000 1 1
1945 12 02 82.000000 1 1
1945 12 03 75.000000 1 1
1945 12 04 75.000000 1 1
1945 12 05 96.400000 1 1
1945 12 06 180.000000 1 1
1945 12 07 220.000000 1 1
1945 12 08 206.000000 1 1
1945 12 09 151.000000 1 1
1945 12 10 116.000000 1 1
1945 12 11 95.000000 1 1
1945 12 12 85.600000 1 1
1945 12 13 72.000000 1 1
1945 12 14 65.000000 1 1
1945 12 15 57.000000 1 1
1945 12 16 50.500000 1 1
1945 12 17 46.800000 1 1
1945 12 18 56.000000 1 1
1945 12 19 41.800000 1 1
1945 12 20 39.200000 1 1
1945 12 21 36.800000 1 1
1945 12 22 34.500000 1 1
1945 12 23 32.200000 1 1
1945 12 24 32.200000 1 1
1945 12 25 32.200000 1 1
1945 12 26 27.800000 1 1
1945 12 27 25.800000 1 1
1945 12 28 26.500000 1 1
1945 12 29 32.200000 1 1
1945 12 30 36.800000 1 1
1945 12 31 34.500000 1 1
1946 01 01 40.100000 1 1
1946 01 02 44.300000 1 1
1946 01 03 47.700000 1 1
1946 01 04 46.800000 1 1
1946 01 05 41.800000 1 1
1946 01 06 36.100000 1 1
1946 01 07 32.200000 1 1
1946 01 08 31.400000 1 1
1946 01 09 34.500000 1 1
1946 01 10 33.700000 1 1
1946 01 11 32.200000 1 1
1946 01 12 30.600000 1 1
1946 01 13 27.800000 1 1
1946 01 14 23.700000 1 1
1946 01 15 23.700000 1 1
1946 01 16 23.100000 1 1
1946 01 17 25.100000 1 1
1946 01 18 25.100000 1 1
1946 01 19 29.900000 1 1
1946 01 20 27.800000 1 1
1946 01 21 29.200000 1 1
1946 01 22 38.400000 1 1
1946 01 23 39.200000 1 1
1946 01 24 38.400000 1 1
1946 01 25 40.100000 1 1
1946 01 26 40.100000 1 1
1946 01 27 37.600000 1 1
1946 01 28 32.200000 1 1
1946 01 29 26.500000 1 1
1946 01 30 22.400000 1 1
1946 01 31 20.500000 1 1
1946 02 01 18.700000 1 1
1946 02 02 23.700000 1 1
1946 02 03 23.700000 1 1
1946 02 04 40.100000 1 1
1946 02 05 40.900000 1 1
1946 02 06 32.200000 1 1
1946 02 07 27.800000 1 1
1946 02 08 29.900000 1 1
1946 02 09 39.200000 1 1
1946 02 10 45.100000 1 1
1946 02 11 62.000000 1 1
1946 02 12 64.000000 1 1
1946 02 13 55.100000 1 1
1946 02 14 65.000000 1 1
1946 02 15 121.000000 1 1
1946 02 16 165.000000 1 1
1946 02 17 154.000000 1 1
1946 02 18 118.000000 1 1
1946 02 19 95.000000 1 1
1946 02 20 89.400000 1 1
1946 02 21 74.000000 1 1
1946 02 22 55.100000 1 1
1946 02 23 44.300000 1 1
1946 02 24 35.300000 1 1
1946 02 25 32.200000 1 1
1946 02 26 29.900000 1 1
1946 02 27 29.200000 1 1
1946 02 28 45.100000 1 1
1946 03 01 37.600000 1 1
1946 03 02 31.400000 1 1
1946 03 03 27.800000 1 1
1946 03 04 30.600000 1 1
1946 03 05 40.100000 1 1
1946 03 06 44.300000 1 1
1946 03 07 43.400000 1 1
1946 03 08 41.800000 1 1
1946 03 09 35.300000 1 1
1946 03 10 28.500000 1 1
1946 03 11 26.500000 1 1
1946 03 12 24.400000 1 1
1946 03 13 22.400000 1 1
1946 03 14 21.200000 1 1
1946 03 15 18.700000 1 1
1946 03 16 16.800000 1 1
1946 03 17 12.800000 1 1
1946 03 18 12.800000 1 1
1946 03 19 12.800000 1 1
1946 03 20 12.300000 1 1
1946 03 21 11.700000 1 1
1946 03 22 11.700000 1 1
1946 03 23 11.200000 1 1
1946 03 24 10.700000 1 1
1946 03 25 10.700000 1 1
1946 03 26 10.700000 1 1
1946 03 27 10.200000 1 1
1946 03 28 9.740000 1 1
1946 03 29 9.740000 1 1
1946 03 30 8.760000 1 1
1946 03 31 11.200000 1 1
1946 04 01 12.800000 1 1
1946 04 02 12.800000 1 1
1946 04 03 12.300000 1 1
1946 04 04 12.300000 1 1
1946 04 05 12.800000 1 1
1946 04 06 14.000000 1 1
1946 04 07 14.000000 1 1
1946 04 08 11.700000 1 1
1946 04 09 12.300000 1 1
1946 04 10 11.200000 1 1
1946 04 11 11.200000 1 1
1946 04 12 11.200000 1 1
1946 04 13 11.700000 1 1
1946 04 14 11.700000 1 1
1946 04 15 11.700000 1 1
1946 04 16 11.700000 1 1
1946 04 17 11.700000 1 1
1946 04 18 11.700000 1 1
1946 04 19 11.700000 1 1
1946 04 20 11.700000 1 1
1946 04 21 11.700000 1 1
1946 04 22 11.700000 1 1
1946 04 23 10.700000 1 1
1946 04 24 10.700000 1 1
1946 04 25 10.200000 1 1
1946 04 26 9.250000 1 1
1946 04 27 8.760000 1 1
1946 04 28 8.760000 1 1
1946 04 29 8.760000 1 1
1946 04 30 8.760000 1 1
1946 05 01 9.250000 1 1
1946 05 02 9.740000 1 1
1946 05 03 9.740000 1 1
1946 05 04 9.740000 1 1
1946 05 05 9.250000 1 1
1946 05 06 8.760000 1 1
1946 05 07 8.760000 1 1
1946 05 08 8.270000 1 1
1946 05 09 7.780000 1 1
1946 05 10 7.780000 1 1
1946 05 11 7.780000 1 1
1946 05 12 7.780000 1 1
1946 05 13 7.780000 1 1
1946 05 14 7.780000 1 1
1946 05 15 7.780000 1 1
1946 05 16 7.780000 1 1
1946 05 17 7.780000 1 1
1946 05 18 7.780000 1 1
1946 05 19 7.780000 1 1
1946 05 20 8.270000 1 1
1946 05 21 7.780000 1 1
1946 05 22 9.740000 1 1
1946 05 23 11.700000 1 1
1946 05 24 11.700000 1 1
1946 05 25 19.900000 1 1
1946 05 26 21.800000 1 1
1946 05 27 22.400000 1 1
1946 05 28 21.200000 1 1
1946 05 29 19.900000 1 1
1946 05 30 21.800000 1 1
1946 05 31 39.200000 1 1
1946 06 01 69.000000 1 1
1946 06 02 73.000000 1 1
1946 06 03 67.000000 1 1
1946 06 04 59.000000 1 1
1946 06 05 48.600000 1 1
1946 06 06 40.900000 1 1
1946 06 07 35.300000 1 1
1946 06 08 31.400000 1 1
1946 06 09 28.500000 1 1
1946 06 10 25.800000 1 1
1946 06 11 23.700000 1 1
1946 06 12 22.400000 1 1
1946 06 13 20.500000 1 1
1946 06 14 19.300000 1 1
1946 06 15 18.700000 1 1
1946 06 16 18.700000 1 1
1946 06 17 19.900000 1 1
1946 06 18 21.200000 1 1
1946 06 19 30.600000 1 1
1946 06 20 381.000000 1 1
1946 06 21 672.000000 1 1
1946 06 22 804.000000 1 1
1946 06 23 691.000000 1 1
1946 06 24 486.000000 1 1
1946 06 25 375.000000 1 1
1946 06 26 345.000000 1 1
1946 06 27 339.000000 1 1
1946 06 28 339.000000 1 1
1946 06 29 331.000000 1 1
1946 06 30 323.000000 1 1
1946 07 01 290.000000 1 1
1946 07 02 137.000000 1 1
1946 07 03 132.000000 1 1
1946 07 04 126.000000 1 1
1946 07 05 139.000000 1 1
1946 07 06 121.000000 1 1
1946 07 07 104.000000 1 1
1946 07 08 252.000000 1 1
1946 07 09 252.000000 1 1
1946 07 10 298.000000 1 1
1946 07 11 436.000000 1 1
1946 07 12 513.000000 1 1
1946 07 13 519.000000 1 1
1946 07 14 616.000000 1 1
1946 07 15 702.000000 1 1
1946 07 16 736.000000 1 1
1946 07 17 796.000000 1 1
1946 07 18 815.000000 1 1
1946 07 19 800.000000 1 1
1946 07 20 759.000000 1 1
1946 07 21 676.000000 1 1
1946 07 22 586.000000 1 1
1946 07 23 513.000000 1 1
1946 07 24 505.000000 1 1
1946 07 25 480.000000 1 1
1946 07 26 560.000000 1 1
1946 07 27 721.000000 1 1
1946 07 28 497.000000 1 1
1946 07 29 450.000000 1 1
1946 07 30 408.000000 1 1
1946 07 31 395.000000 1 1
1946 08 01 381.000000 1 1
1946 08 02 373.000000 1 1
1946 08 03 339.000000 1 1
1946 08 04 331.000000 1 1
1946 08 05 312.000000 1 1
1946 08 06 102.000000 1 1
1946 08 07 102.000000 1 1
1946 08 08 102.000000 1 1
1946 08 09 102.000000 1 1
1946 08 10 102.000000 1 1
1946 08 11 187.000000 1 1
1946 08 12 269.000000 1 1
1946 08 13 269.000000 1 1
1946 08 14 269.000000 1 1
1946 08 15 269.000000 1 1
1946 08 16 273.000000 1 1
1946 08 17 273.000000 1 1
1946 08 18 273.000000 1 1
1946 08 19 273.000000 1 1
1946 08 20 273.000000 1 1
1946 08 21 273.000000 1 1
1946 08 22 466.000000 1 1
1946 08 23 826.000000 1 1
1946 08 24 1291.000000 1 1
1946 08 25 1324.000000 1 1
1946 08 26 834.000000 1 1
1946 08 27 717.000000 1 1
1946 08 28 811.000000 1 1
1946 08 29 714.000000 1 1
1946 08 30 654.000000 1 1
1946 08 31 638.000000 1 1
1946 09 01 608.000000 1 1
1946 09 02 567.000000 1 1
1946 09 03 483.000000 1 1
1946 09 04 458.000000 1 1
1946 09 05 411.000000 1 1
1946 09 06 403.000000 1 1
1946 09 07 422.000000 1 1
1946 09 08 524.000000 1 1
1946 09 09 411.000000 1 1
1946 09 10 408.000000 1 1
1946 09 11 533.000000 1 1
1946 09 12 453.000000 1 1
1946 09 13 400.000000 1 1
1946 09 14 367.000000 1 1
1946 09 15 348.000000 1 1
1946 09 16 342.000000 1 1
1946 09 17 348.000000 1 1
1946 09 18 342.000000 1 1
1946 09 19 312.000000 1 1
1946 09 20 187.000000 1 1
1946 09 21 269.000000 1 1
1946 09 22 266.000000 1 1
1946 09 23 266.000000 1 1
1946 09 24 282.000000 1 1
1946 09 25 312.000000 1 1
1946 09 26 373.000000 1 1
1946 09 27 466.000000 1 1
1946 09 28 464.000000 1 1
1946 09 29 433.000000 1 1
1946 09 30 351.000000 1 1
1946 10 01 301.000000 1 1
1946 10 02 274.000000 1 1
1946 10 03 284.000000 1 1
1946 10 04 342.000000 1 1
1946 10 05 466.000000 1 1
1946 10 06 748.000000 1 1
1946 10 07 1018.000000 1 1
1946 10 08 1463.000000 1 1
1946 10 09 1481.000000 1 1
1946 10 10 1481.000000 1 1
1946 10 11 1481.000000 1 1
1946 10 12 1481.000000 1 1
1946 10 13 1362.000000 1 1
1946 10 14 1762.000000 1 1
1946 10 15 1797.000000 1 1
1946 10 16 1762.000000 1 1
1946 10 17 1693.000000 1 1
1946 10 18 1481.000000 1 1
1946 10 19 1211.000000 1 1
1946 10 20 966.000000 1 1
1946 10 21 759.000000 1 1
1946 10 22 567.000000 1 1
1946 10 23 513.000000 1 1
1946 10 24 469.000000 1 1
1946 10 25 450.000000 1 1
1946 10 26 425.000000 1 1
1946 10 27 403.000000 1 1
1946 10 28 381.000000 1 1
1946 10 29 353.000000 1 1
1946 10 30 339.000000 1 1
1946 10 31 328.000000 1 1
1946 11 01 317.000000 1 1
1946 11 02 306.000000 1 1
1946 11 03 295.000000 1 1
1946 11 04 284.000000 1 1
1946 11 05 279.000000 1 1
1946 11 06 269.000000 1 1
1946 11 07 246.000000 1 1
1946 11 08 245.000000 1 1
1946 11 09 233.000000 1 1
1946 11 10 222.000000 1 1
1946 11 11 220.000000 1 1
1946 11 12 217.000000 1 1
1946 11 13 213.000000 1 1
1946 11 14 212.000000 1 1
1946 11 15 210.000000 1 1
1946 11 16 189.000000 1 1
1946 11 17 189.000000 1 1
1946 11 18 198.000000 1 1
1946 11 19 198.000000 1 1
1946 11 20 192.000000 1 1
1946 11 21 192.000000 1 1
1946 11 22 192.000000 1 1
1946 11 23 192.000000 1 1
1946 11 24 192.000000 1 1
1946 11 25 192.000000 1 1
1946 11 26 192.000000 1 1
1946 11 27 208.000000 1 1
1946 11 28 212.000000 1 1
1946 11 29 213.000000 1 1
1946 11 30 213.000000 1 1
1946 12 01 213.000000 1 1
1946 12 02 229.000000 1 1
1946 12 03 245.000000 1 1
1946 12 04 245.000000 1 1
1946 12 05 224.000000 1 1
1946 12 06 219.000000 1 1
1946 12 07 304.000000 1 1
1946 12 08 187.000000 1 1
1946 12 09 290.000000 1 1
1946 12 10 304.000000 1 1
1946 12 11 304.000000 1 1
1946 12 12 180.000000 1 1
1946 12 13 236.000000 1 1
1946 12 14 511.000000 1 1
1946 12 15 928.000000 1 1
1946 12 16 1140.000000 1 1
1946 12 17 1117.000000 1 1
1946 12 18 1155.000000 1 1
1946 12 19 830.000000 1 1
1946 12 20 513.000000 1 1
1946 12 21 491.000000 1 1
1946 12 22 533.000000 1 1
1946 12 23 541.000000 1 1
1946 12 24 403.000000 1 1
1946 12 25 370.000000 1 1
1946 12 26 351.000000 1 1
1946 12 27 323.000000 1 1
1946 12 28 198.000000 1 1
1946 12 29 271.000000 1 1
1946 12 30 243.000000 1 1
1946 12 31 245.000000 1 1
1947 01 01 82.000000 1 1
1947 01 02 73.000000 1 1
1947 01 03 69.000000 1 1
1947 01 04 60.000000 1 1
1947 01 05 59.000000 1 1
1947 01 06 58.000000 1 1
1947 01 07 46.000000 1 1
1947 01 08 43.400000 1 1
1947 01 09 41.800000 1 1
1947 01 10 40.100000 1 1
1947 01 11 38.400000 1 1
1947 01 12 38.400000 1 1
1947 01 13 47.700000 1 1
1947 01 14 61.000000 1 1
1947 01 15 79.600000 1 1
1947 01 16 74.000000 1 1
1947 01 17 83.200000 1 1
1947 01 18 128.000000 1 1
1947 01 19 208.000000 1 1
1947 01 20 172.000000 1 1
1947 01 21 152.000000 1 1
1947 01 22 121.000000 1 1
1947 01 23 102.000000 1 1
1947 01 24 96.400000 1 1
1947 01 25 84.400000 1 1
1947 01 26 73.000000 1 1
1947 01 27 62.000000 1 1
1947 01 28 46.800000 1 1
1947 01 29 44.300000 1 1
1947 01 30 69.000000 1 1
1947 01 31 66.000000 1 1
1947 02 01 83.200000 1 1
1947 02 02 85.600000 1 1
1947 02 03 75.000000 1 1
1947 02 04 74.000000 1 1
1947 02 05 84.400000 1 1
1947 02 06 97.800000 1 1
1947 02 07 125.000000 1 1
1947 02 08 52.300000 1 1
1947 02 09 97.800000 1 1
1947 02 10 210.000000 1 1
1947 02 11 406.000000 1 1
1947 02 12 414.000000 1 1
1947 02 13 384.000000 1 1
1947 02 14 348.000000 1 1
1947 02 15 301.000000 1 1
1947 02 16 252.000000 1 1
1947 02 17 217.000000 1 1
1947 02 18 194.000000 1 1
1947 02 19 184.000000 1 1
1947 02 20 184.000000 1 1
1947 02 21 156.000000 1 1
1947 02 22 135.000000 1 1
1947 02 23 109.000000 1 1
1947 02 24 78.400000 1 1
1947 02 25 73.000000 1 1
1947 02 26 70.000000 1 1
1947 02 27 65.000000 1 1
1947 02 28 61.000000 1 1
1947 03 01 53.200000 1 1
1947 03 02 49.600000 1 1
1947 03 03 40.900000 1 1
1947 03 04 36.100000 1 1
1947 03 05 33.700000 1 1
1947 03 06 32.200000 1 1
1947 03 07 32.200000 1 1
1947 03 08 32.200000 1 1
1947 03 09 32.200000 1 1
1947 03 10 32.200000 1 1
1947 03 11 32.200000 1 1
1947 03 12 34.500000 1 1
1947 03 13 41.800000 1 1
1947 03 14 42.600000 1 1
1947 03 15 40.100000 1 1
1947 03 16 30.600000 1 1
1947 03 17 32.200000 1 1
1947 03 18 30.600000 1 1
1947 03 19 29.200000 1 1
1947 03 20 28.500000 1 1
1947 03 21 27.800000 1 1
1947 03 22 25.800000 1 1
1947 03 23 25.100000 1 1
1947 03 24 23.700000 1 1
1947 03 25 23.100000 1 1
1947 03 26 21.800000 1 1
1947 03 27 19.900000 1 1
1947 03 28 19.900000 1 1
1947 03 29 19.900000 1 1
1947 03 30 19.900000 1 1
1947 03 31 19.900000 1 1
1947 04 01 19.900000 1 1
1947 04 02 19.900000 1 1
1947 04 03 19.900000 1 1
1947 04 04 19.900000 1 1
1947 04 05 19.900000 1 1
1947 04 06 18.700000 1 1
1947 04 07 17.400000 1 1
1947 04 08 17.400000 1 1
1947 04 09 17.400000 1 1
1947 04 10 17.400000 1 1
1947 04 11 19.900000 1 1
1947 04 12 25.100000 1 1
1947 04 13 28.500000 1 1
1947 04 14 30.600000 1 1
1947 04 15 36.100000 1 1
1947 04 16 32.900000 1 1
1947 04 17 23.700000 1 1
1947 04 18 23.700000 1 1
1947 04 19 23.700000 1 1
1947 04 20 23.700000 1 1
1947 04 21 27.100000 1 1
1947 04 22 35.300000 1 1
1947 04 23 41.800000 1 1
1947 04 24 42.600000 1 1
1947 04 25 33.700000 1 1
1947 04 26 29.900000 1 1
1947 04 27 27.800000 1 1
1947 04 28 23.700000 1 1
1947 04 29 23.700000 1 1
1947 04 30 22.400000 1 1
1947 05 01 20.500000 1 1
1947 05 02 18.700000 1 1
1947 05 03 18.700000 1 1
1947 05 04 18.700000 1 1
1947 05 05 18.700000 1 1
1947 05 06 18.700000 1 1
1947 05 07 18.700000 1 1
1947 05 08 18.700000 1 1
1947 05 09 19.900000 1 1
1947 05 10 20.500000 1 1
1947 05 11 23.100000 1 1
1947 05 12 27.100000 1 1
1947 05 13 36.800000 1 1
1947 05 14 48.600000 1 1
1947 05 15 62.000000 1 1
1947 05 16 79.600000 1 1
1947 05 17 89.400000 1 1
1947 05 18 123.000000 1 1
1947 05 19 266.000000 1 1
1947 05 20 400.000000 1 1
1947 05 21 326.000000 1 1
1947 05 22 255.000000 1 1
1947 05 23 198.000000 1 1
1947 05 24 154.000000 1 1
1947 05 25 142.000000 1 1
1947 05 26 149.000000 1 1
1947 05 27 140.000000 1 1
1947 05 28 121.000000 1 1
1947 05 29 97.800000 1 1
1947 05 30 84.400000 1 1
1947 05 31 76.000000 1 1
1947 06 01 52.300000 1 1
1947 06 02 44.300000 1 1
1947 06 03 36.800000 1 1
1947 06 04 33.700000 1 1
1947 06 05 29.900000 1 1
1947 06 06 27.100000 1 1
1947 06 07 24.400000 1 1
1947 06 08 23.100000 1 1
1947 06 09 20.500000 1 1
1947 06 10 20.500000 1 1
1947 06 11 21.800000 1 1
1947 06 12 30.600000 1 1
1947 06 13 40.900000 1 1
1947 06 14 52.300000 1 1
1947 06 15 76.000000 1 1
1947 06 16 76.000000 1 1
1947 06 17 172.000000 1 1
1947 06 18 271.000000 1 1
1947 06 19 397.000000 1 1
1947 06 20 524.000000 1 1
1947 06 21 661.000000 1 1
1947 06 22 524.000000 1 1
1947 06 23 287.000000 1 1
1947 06 24 239.000000 1 1
1947 06 25 212.000000 1 1
1947 06 26 180.000000 1 1
1947 06 27 146.000000 1 1
1947 06 28 205.000000 1 1
1947 06 29 796.000000 1 1
1947 06 30 1440.000000 1 1
1947 07 01 980.000000 1 1
1947 07 02 909.000000 1 1
1947 07 03 845.000000 1 1
1947 07 04 781.000000 1 1
1947 07 05 699.000000 1 1
1947 07 06 605.000000 1 1
1947 07 07 541.000000 1 1
1947 07 08 519.000000 1 1
1947 07 09 461.000000 1 1
1947 07 10 389.000000 1 1
1947 07 11 362.000000 1 1
1947 07 12 320.000000 1 1
1947 07 13 282.000000 1 1
1947 07 14 243.000000 1 1
1947 07 15 222.000000 1 1
1947 07 16 199.000000 1 1
1947 07 17 189.000000 1 1
1947 07 18 158.000000 1 1
1947 07 19 130.000000 1 1
1947 07 20 111.000000 1 1
1947 07 21 92.200000 1 1
1947 07 22 78.400000 1 1
1947 07 23 71.000000 1 1
1947 07 24 88.000000 1 1
1947 07 25 152.000000 1 1
1947 07 26 210.000000 1 1
1947 07 27 274.000000 1 1
1947 07 28 386.000000 1 1
1947 07 29 439.000000 1 1
1947 07 30 337.000000 1 1
1947 07 31 236.000000 1 1
1947 08 01 184.000000 1 1
1947 08 02 172.000000 1 1
1947 08 03 159.000000 1 1
1947 08 04 142.000000 1 1
1947 08 05 128.000000 1 1
1947 08 06 120.000000 1 1
1947 08 07 112.000000 1 1
1947 08 08 107.000000 1 1
1947 08 09 102.000000 1 1
1947 08 10 97.800000 1 1
1947 08 11 92.200000 1 1
1947 08 12 90.000000 1 1
1947 08 13 89.000000 1 1
1947 08 14 88.000000 1 1
1947 08 15 83.000000 1 1
1947 08 16 79.000000 1 1
1947 08 17 75.000000 1 1
1947 08 18 72.000000 1 1
1947 08 19 70.000000 1 1
1947 08 20 69.000000 1 1
1947 08 21 68.000000 1 1
1947 08 22 69.000000 1 1
1947 08 23 96.500000 1 1
1947 08 24 134.000000 1 1
1947 08 25 132.000000 1 1
1947 08 26 130.000000 1 1
1947 08 27 167.000000 1 1
1947 08 28 193.000000 1 1
1947 08 29 200.000000 1 1
1947 08 30 210.000000 1 1
1947 08 31 220.000000 1 1
1947 09 01 172.000000 1 1
1947 09 02 135.000000 1 1
1947 09 03 128.000000 1 1
1947 09 04 123.000000 1 1
1947 09 05 114.000000 1 1
1947 09 06 107.000000 1 1
1947 09 07 102.000000 1 1
1947 09 08 97.800000 1 1
1947 09 09 92.200000 1 1
1947 09 10 84.400000 1 1
1947 09 11 79.600000 1 1
1947 09 12 66.000000 1 1
1947 09 13 66.000000 1 1
1947 09 14 66.000000 1 1
1947 09 15 74.000000 1 1
1947 09 16 74.000000 1 1
1947 09 17 74.000000 1 1
1947 09 18 74.000000 1 1
1947 09 19 128.000000 1 1
1947 09 20 276.000000 1 1
1947 09 21 364.000000 1 1
1947 09 22 392.000000 1 1
1947 09 23 367.000000 1 1
1947 09 24 276.000000 1 1
1947 09 25 239.000000 1 1
1947 09 26 199.000000 1 1
1947 09 27 189.000000 1 1
1947 09 28 199.000000 1 1
1947 09 29 326.000000 1 1
1947 09 30 680.000000 1 1
1947 10 01 608.000000 1 1
1947 10 02 1051.000000 1 1
1947 10 03 1329.000000 1 1
1947 10 04 1659.000000 1 1
1947 10 05 1567.000000 1 1
1947 10 06 1376.000000 1 1
1947 10 07 1211.000000 1 1
1947 10 08 1013.000000 1 1
1947 10 09 687.000000 1 1
1947 10 10 748.000000 1 1
1947 10 11 650.000000 1 1
1947 10 12 586.000000 1 1
1947 10 13 519.000000 1 1
1947 10 14 466.000000 1 1
1947 10 15 403.000000 1 1
1947 10 16 381.000000 1 1
1947 10 17 328.000000 1 1
1947 10 18 298.000000 1 1
1947 10 19 257.000000 1 1
1947 10 20 227.000000 1 1
1947 10 21 194.000000 1 1
1947 10 22 175.000000 1 1
1947 10 23 151.000000 1 1
1947 10 24 128.000000 1 1
1947 10 25 111.000000 1 1
1947 10 26 97.800000 1 1
1947 10 27 92.200000 1 1
1947 10 28 76.000000 1 1
1947 10 29 76.000000 1 1
1947 10 30 76.000000 1 1
1947 10 31 76.000000 1 1
1947 11 01 89.400000 1 1
1947 11 02 89.500000 1 1
1947 11 03 89.000000 1 1
1947 11 04 87.500000 1 1
1947 11 05 84.000000 1 1
1947 11 06 82.000000 1 1
1947 11 07 76.000000 1 1
1947 11 08 73.000000 1 1
1947 11 09 70.000000 1 1
1947 11 10 65.000000 1 1
1947 11 11 61.000000 1 1
1947 11 12 59.000000 1 1
1947 11 13 56.000000 1 1
1947 11 14 54.000000 1 1
1947 11 15 53.000000 1 1
1947 11 16 50.000000 1 1
1947 11 17 38.500000 1 1
1947 11 18 37.000000 1 1
1947 11 19 33.000000 1 1
1947 11 20 30.000000 1 1
1947 11 21 26.000000 1 1
1947 11 22 23.000000 1 1
1947 11 23 29.200000 1 1
1947 11 24 38.000000 1 1
1947 11 25 43.800000 1 1
1947 11 26 49.000000 1 1
1947 11 27 51.000000 1 1
1947 11 28 49.000000 1 1
1947 11 29 48.500000 1 1
1947 11 30 47.500000 1 1
1947 12 01 44.300000 1 1
1947 12 02 44.300000 1 1
1947 12 03 44.300000 1 1
1947 12 04 44.300000 1 1
1947 12 05 44.300000 1 1
1947 12 06 45.100000 1 1
1947 12 07 45.100000 1 1
1947 12 08 44.300000 1 1
1947 12 09 58.000000 1 1
1947 12 10 78.400000 1 1
1947 12 11 75.000000 1 1
1947 12 12 72.000000 1 1
1947 12 13 70.000000 1 1
1947 12 14 68.000000 1 1
1947 12 15 62.000000 1 1
1947 12 16 58.000000 1 1
1947 12 17 55.100000 1 1
1947 12 18 52.300000 1 1
1947 12 19 48.600000 1 1
1947 12 20 46.800000 1 1
1947 12 21 44.300000 1 1
1947 12 22 40.900000 1 1
1947 12 23 36.100000 1 1
1947 12 24 27.100000 1 1
1947 12 25 25.800000 1 1
1947 12 26 25.800000 1 1
1947 12 27 24.400000 1 1
1947 12 28 32.200000 1 1
1947 12 29 41.800000 1 1
1947 12 30 35.300000 1 1
1947 12 31 30.600000 1 1
1948 01 01 28.500000 1 1
1948 01 02 25.800000 1 1
1948 01 03 32.200000 1 1
1948 01 04 42.600000 1 1
1948 01 05 49.600000 1 1
1948 01 06 64.000000 1 1
1948 01 07 93.600000 1 1
1948 01 08 154.000000 1 1
1948 01 09 241.000000 1 1
1948 01 10 362.000000 1 1
1948 01 11 497.000000 1 1
1948 01 12 373.000000 1 1
1948 01 13 274.000000 1 1
1948 01 14 227.000000 1 1
1948 01 15 199.000000 1 1
1948 01 16 149.000000 1 1
1948 01 17 114.000000 1 1
1948 01 18 99.200000 1 1
1948 01 19 84.400000 1 1
1948 01 20 111.000000 1 1
1948 01 21 151.000000 1 1
1948 01 22 215.000000 1 1
1948 01 23 262.000000 1 1
1948 01 24 315.000000 1 1
1948 01 25 348.000000 1 1
1948 01 26 359.000000 1 1
1948 01 27 348.000000 1 1
1948 01 28 317.000000 1 1
1948 01 29 295.000000 1 1
1948 01 30 257.000000 1 1
1948 01 31 239.000000 1 1
1948 02 01 222.000000 1 1
1948 02 02 180.000000 1 1
1948 02 03 151.000000 1 1
1948 02 04 172.000000 1 1
1948 02 05 159.000000 1 1
1948 02 06 140.000000 1 1
1948 02 07 130.000000 1 1
1948 02 08 128.000000 1 1
1948 02 09 114.000000 1 1
1948 02 10 102.000000 1 1
1948 02 11 97.800000 1 1
1948 02 12 89.400000 1 1
1948 02 13 79.600000 1 1
1948 02 14 74.000000 1 1
1948 02 15 70.000000 1 1
1948 02 16 63.000000 1 1
1948 02 17 57.000000 1 1
1948 02 18 50.500000 1 1
1948 02 19 41.800000 1 1
1948 02 20 36.800000 1 1
1948 02 21 33.700000 1 1
1948 02 22 29.200000 1 1
1948 02 23 27.100000 1 1
1948 02 24 32.900000 1 1
1948 02 25 38.400000 1 1
1948 02 26 36.800000 1 1
1948 02 27 36.100000 1 1
1948 02 28 34.500000 1 1
1948 02 29 32.200000 1 1
1948 03 01 34.200000 1 1
1948 03 02 32.000000 1 1
1948 03 03 30.000000 1 1
1948 03 04 29.000000 1 1
1948 03 05 31.000000 1 1
1948 03 06 33.800000 1 1
1948 03 07 40.000000 1 1
1948 03 08 44.000000 1 1
1948 03 09 39.500000 1 1
1948 03 10 36.000000 1 1
1948 03 11 38.000000 1 1
1948 03 12 37.000000 1 1
1948 03 13 35.600000 1 1
1948 03 14 35.500000 1 1
1948 03 15 34.000000 1 1
1948 03 16 31.000000 1 1
1948 03 17 30.000000 1 1
1948 03 18 27.600000 1 1
1948 03 19 25.600000 1 1
1948 03 20 23.500000 1 1
1948 03 21 21.500000 1 1
1948 03 22 20.600000 1 1
1948 03 23 25.000000 1 1
1948 03 24 31.200000 1 1
1948 03 25 37.200000 1 1
1948 03 26 33.500000 1 1
1948 03 27 29.000000 1 1
1948 03 28 27.000000 1 1
1948 03 29 24.500000 1 1
1948 03 30 28.500000 1 1
1948 03 31 34.000000 1 1
1948 04 01 38.400000 1 1
1948 04 02 42.000000 1 1
1948 04 03 48.000000 1 1
1948 04 04 54.000000 1 1
1948 04 05 59.000000 1 1
1948 04 06 62.000000 1 1
1948 04 07 65.000000 1 1
1948 04 08 69.000000 1 1
1948 04 09 74.000000 1 1
1948 04 10 76.500000 1 1
1948 04 11 82.000000 1 1
1948 04 12 86.500000 1 1
1948 04 13 95.000000 1 1
1948 04 14 107.000000 1 1
1948 04 15 130.000000 1 1
1948 04 16 185.000000 1 1
1948 04 17 166.000000 1 1
1948 04 18 152.000000 1 1
1948 04 19 200.000000 1 1
1948 04 20 260.000000 1 1
1948 04 21 312.000000 1 1
1948 04 22 255.000000 1 1
1948 04 23 200.000000 1 1
1948 04 24 166.000000 1 1
1948 04 25 145.000000 1 1
1948 04 26 130.000000 1 1
1948 04 27 123.000000 1 1
1948 04 28 116.000000 1 1
1948 04 29 100.000000 1 1
1948 04 30 168.000000 1 1
1948 05 01 192.000000 1 1
1948 05 02 392.000000 1 1
1948 05 03 879.000000 1 1
1948 05 04 1027.000000 1 1
1948 05 05 1004.000000 1 1
1948 05 06 857.000000 1 1
1948 05 07 755.000000 1 1
1948 05 08 721.000000 1 1
1948 05 09 665.000000 1 1
1948 05 10 420.000000 1 1
1948 05 11 238.000000 1 1
1948 05 12 227.000000 1 1
1948 05 13 217.000000 1 1
1948 05 14 208.000000 1 1
1948 05 15 229.000000 1 1
1948 05 16 250.000000 1 1
1948 05 17 262.000000 1 1
1948 05 18 260.000000 1 1
1948 05 19 243.000000 1 1
1948 05 20 215.000000 1 1
1948 05 21 187.000000 1 1
1948 05 22 179.000000 1 1
1948 05 23 179.000000 1 1
1948 05 24 149.000000 1 1
1948 05 25 139.000000 1 1
1948 05 26 114.000000 1 1
1948 05 27 95.000000 1 1
1948 05 28 85.600000 1 1
1948 05 29 79.600000 1 1
1948 05 30 75.000000 1 1
1948 05 31 71.000000 1 1
1948 06 01 83.200000 1 1
1948 06 02 78.400000 1 1
1948 06 03 75.000000 1 1
1948 06 04 71.000000 1 1
1948 06 05 69.000000 1 1
1948 06 06 65.000000 1 1
1948 06 07 59.000000 1 1
1948 06 08 57.000000 1 1
1948 06 09 60.000000 1 1
1948 06 10 180.000000 1 1
1948 06 11 680.000000 1 1
1948 06 12 1100.000000 1 1
1948 06 13 1250.000000 1 1
1948 06 14 1480.000000 1 1
1948 06 15 1400.000000 1 1
1948 06 16 1155.000000 1 1
1948 06 17 910.000000 1 1
1948 06 18 700.000000 1 1
1948 06 19 420.000000 1 1
1948 06 20 285.000000 1 1
1948 06 21 241.000000 1 1
1948 06 22 234.000000 1 1
1948 06 23 245.000000 1 1
1948 06 24 420.000000 1 1
1948 06 25 620.000000 1 1
1948 06 26 600.000000 1 1
1948 06 27 830.000000 1 1
1948 06 28 760.000000 1 1
1948 06 29 610.000000 1 1
1948 06 30 545.000000 1 1
1948 07 01 284.000000 1 1
1948 07 02 271.000000 1 1
1948 07 03 266.000000 1 1
1948 07 04 300.000000 1 1
1948 07 05 386.000000 1 1
1948 07 06 500.000000 1 1
1948 07 07 555.000000 1 1
1948 07 08 590.000000 1 1
1948 07 09 630.000000 1 1
1948 07 10 580.000000 1 1
1948 07 11 494.000000 1 1
1948 07 12 455.000000 1 1
1948 07 13 420.000000 1 1
1948 07 14 380.000000 1 1
1948 07 15 342.000000 1 1
1948 07 16 305.000000 1 1
1948 07 17 265.000000 1 1
1948 07 18 200.000000 1 1
1948 07 19 239.000000 1 1
1948 07 20 246.000000 1 1
1948 07 21 252.000000 1 1
1948 07 22 253.000000 1 1
1948 07 23 246.000000 1 1
1948 07 24 266.000000 1 1
1948 07 25 320.000000 1 1
1948 07 26 490.000000 1 1
1948 07 27 690.000000 1 1
1948 07 28 510.000000 1 1
1948 07 29 430.000000 1 1
1948 07 30 392.000000 1 1
1948 07 31 339.000000 1 1
1948 08 01 306.000000 1 1
1948 08 02 276.000000 1 1
1948 08 03 248.000000 1 1
1948 08 04 220.000000 1 1
1948 08 05 205.000000 1 1
1948 08 06 189.000000 1 1
1948 08 07 184.000000 1 1
1948 08 08 177.000000 1 1
1948 08 09 170.000000 1 1
1948 08 10 158.000000 1 1
1948 08 11 147.000000 1 1
1948 08 12 140.000000 1 1
1948 08 13 132.000000 1 1
1948 08 14 130.000000 1 1
1948 08 15 118.000000 1 1
1948 08 16 109.000000 1 1
1948 08 17 104.000000 1 1
1948 08 18 101.000000 1 1
1948 08 19 96.400000 1 1
1948 08 20 95.000000 1 1
1948 08 21 89.400000 1 1
1948 08 22 88.000000 1 1
1948 08 23 84.400000 1 1
1948 08 24 82.000000 1 1
1948 08 25 79.600000 1 1
1948 08 26 79.600000 1 1
1948 08 27 88.000000 1 1
1948 08 28 90.800000 1 1
1948 08 29 88.000000 1 1
1948 08 30 72.000000 1 1
1948 08 31 70.000000 1 1
1948 09 01 83.200000 1 1
1948 09 02 79.000000 1 1
1948 09 03 76.000000 1 1
1948 09 04 73.000000 1 1
1948 09 05 70.000000 1 1
1948 09 06 67.000000 1 1
1948 09 07 65.000000 1 1
1948 09 08 195.000000 1 1
1948 09 09 630.000000 1 1
1948 09 10 1060.000000 1 1
1948 09 11 1200.000000 1 1
1948 09 12 1090.000000 1 1
1948 09 13 760.000000 1 1
1948 09 14 560.000000 1 1
1948 09 15 565.000000 1 1
1948 09 16 390.000000 1 1
1948 09 17 355.000000 1 1
1948 09 18 385.000000 1 1
1948 09 19 425.000000 1 1
1948 09 20 680.000000 1 1
1948 09 21 793.000000 1 1
1948 09 22 879.000000 1 1
1948 09 23 1250.000000 1 1
1948 09 24 2080.000000 1 1
1948 09 25 2990.000000 1 1
1948 09 26 3180.000000 1 1
1948 09 27 2980.000000 1 1
1948 09 28 2400.000000 1 1
1948 09 29 2200.000000 1 1
1948 09 30 1600.000000 1 1
1948 10 01 864.000000 1 1
1948 10 02 710.000000 1 1
1948 10 03 549.000000 1 1
1948 10 04 425.000000 1 1
1948 10 05 326.000000 1 1
1948 10 06 276.000000 1 1
1948 10 07 262.000000 1 1
1948 10 08 250.000000 1 1
1948 10 09 243.000000 1 1
1948 10 10 236.000000 1 1
1948 10 11 224.000000 1 1
1948 10 12 208.000000 1 1
1948 10 13 191.000000 1 1
1948 10 14 180.000000 1 1
1948 10 15 173.000000 1 1
1948 10 16 172.000000 1 1
1948 10 17 163.000000 1 1
1948 10 18 156.000000 1 1
1948 10 19 147.000000 1 1
1948 10 20 140.000000 1 1
1948 10 21 1.550000 1 1
1948 10 22 170.000000 1 1
1948 10 23 180.000000 1 1
1948 10 24 200.000000 1 1
1948 10 25 210.000000 1 1
1948 10 26 222.000000 1 1
1948 10 27 235.000000 1 1
1948 10 28 252.000000 1 1
1948 10 29 270.000000 1 1
1948 10 30 270.000000 1 1
1948 10 31 280.000000 1 1
1948 11 01 264.000000 1 1
1948 11 02 252.000000 1 1
1948 11 03 245.000000 1 1
1948 11 04 233.000000 1 1
1948 11 05 217.000000 1 1
1948 11 06 219.000000 1 1
1948 11 07 212.000000 1 1
1948 11 08 199.000000 1 1
1948 11 09 189.000000 1 1
1948 11 10 186.000000 1 1
1948 11 11 186.000000 1 1
1948 11 12 186.000000 1 1
1948 11 13 186.000000 1 1
1948 11 14 186.000000 1 1
1948 11 15 186.000000 1 1
1948 11 16 186.000000 1 1
1948 11 17 173.000000 1 1
1948 11 18 165.000000 1 1
1948 11 19 159.000000 1 1
1948 11 20 151.000000 1 1
1948 11 21 142.000000 1 1
1948 11 22 137.000000 1 1
1948 11 23 130.000000 1 1
1948 11 24 126.000000 1 1
1948 11 25 123.000000 1 1
1948 11 26 118.000000 1 1
1948 11 27 112.000000 1 1
1948 11 28 111.000000 1 1
1948 11 29 105.000000 1 1
1948 11 30 104.000000 1 1
1948 12 01 104.000000 1 1
1948 12 02 104.000000 1 1
1948 12 03 104.000000 1 1
1948 12 04 101.000000 1 1
1948 12 05 95.000000 1 1
1948 12 06 86.800000 1 1
1948 12 07 82.000000 1 1
1948 12 08 77.200000 1 1
1948 12 09 79.600000 1 1
1948 12 10 83.200000 1 1
1948 12 11 82.000000 1 1
1948 12 12 79.600000 1 1
1948 12 13 74.000000 1 1
1948 12 14 70.000000 1 1
1948 12 15 66.000000 1 1
1948 12 16 65.000000 1 1
1948 12 17 63.000000 1 1
1948 12 18 63.000000 1 1
1948 12 19 59.000000 1 1
1948 12 20 56.000000 1 1
1948 12 21 53.200000 1 1
1948 12 22 51.400000 1 1
1948 12 23 51.400000 1 1
1948 12 24 49.600000 1 1
1948 12 25 47.700000 1 1
1948 12 26 46.800000 1 1
1948 12 27 44.300000 1 1
1948 12 28 42.600000 1 1
1948 12 29 40.900000 1 1
1948 12 30 39.200000 1 1
1948 12 31 38.400000 1 1
1949 01 01 21.800000 1 1
1949 01 02 19.300000 1 1
1949 01 03 17.400000 1 1
1949 01 04 19.900000 1 1
1949 01 05 27.100000 1 1
1949 01 06 33.700000 1 1
1949 01 07 48.600000 1 1
1949 01 08 67.000000 1 1
1949 01 09 90.800000 1 1
1949 01 10 125.000000 1 1
1949 01 11 140.000000 1 1
1949 01 12 165.000000 1 1
1949 01 13 126.000000 1 1
1949 01 14 172.000000 1 1
1949 01 15 75.000000 1 1
1949 01 16 71.000000 1 1
1949 01 17 62.000000 1 1
1949 01 18 50.500000 1 1
1949 01 19 43.400000 1 1
1949 01 20 36.800000 1 1
1949 01 21 36.800000 1 1
1949 01 22 36.800000 1 1
1949 01 23 36.800000 1 1
1949 01 24 36.800000 1 1
1949 01 25 36.800000 1 1
1949 01 26 36.800000 1 1
1949 01 27 36.800000 1 1
1949 01 28 36.800000 1 1
1949 01 29 36.800000 1 1
1949 01 30 36.800000 1 1
1949 01 31 36.800000 1 1
1949 02 01 36.800000 1 1
1949 02 02 35.300000 1 1
1949 02 03 32.900000 1 1
1949 02 04 27.800000 1 1
1949 02 05 23.700000 1 1
1949 02 06 19.900000 1 1
1949 02 07 17.400000 1 1
1949 02 08 17.400000 1 1
1949 02 09 17.400000 1 1
1949 02 10 17.400000 1 1
1949 02 11 17.400000 1 1
1949 02 12 23.700000 1 1
1949 02 13 29.900000 1 1
1949 02 14 37.600000 1 1
1949 02 15 38.400000 1 1
1949 02 16 43.400000 1 1
1949 02 17 36.100000 1 1
1949 02 18 29.900000 1 1
1949 02 19 25.800000 1 1
1949 02 20 21.800000 1 1
1949 02 21 18.000000 1 1
1949 02 22 17.400000 1 1
1949 02 23 17.400000 1 1
1949 02 24 17.400000 1 1
1949 02 25 17.400000 1 1
1949 02 26 17.400000 1 1
1949 02 27 17.400000 1 1
1949 02 28 17.400000 1 1
1949 03 01 nan nan nan
1949 03 02 nan nan nan
1949 03 03 nan nan nan
1949 03 04 nan nan nan
1949 03 05 nan nan nan
1949 03 06 nan nan nan
1949 03 07 nan nan nan
1949 03 08 nan nan nan
1949 03 09 nan nan nan
1949 03 10 nan nan nan
1949 03 11 nan nan nan
1949 03 12 nan nan nan
1949 03 13 nan nan nan
1949 03 14 nan nan nan
1949 03 15 nan nan nan
1949 03 16 nan nan nan
1949 03 17 nan nan nan
1949 03 18 nan nan nan
1949 03 19 nan nan nan
1949 03 20 nan nan nan
1949 03 21 nan nan nan
1949 03 22 nan nan nan
1949 03 23 nan nan nan
1949 03 24 nan nan nan
1949 03 25 nan nan nan
1949 03 26 nan nan nan
1949 03 27 nan nan nan
1949 03 28 nan nan nan
1949 03 29 nan nan nan
1949 03 30 nan nan nan
1949 03 31 nan nan nan
1949 04 01 189.000000 1 1
1949 04 02 233.000000 1 1
1949 04 03 317.000000 1 1
1949 04 04 309.000000 1 1
1949 04 05 287.000000 1 1
1949 04 06 253.000000 1 1
1949 04 07 233.000000 1 1
1949 04 08 210.000000 1 1
1949 04 09 184.000000 1 1
1949 04 10 158.000000 1 1
1949 04 11 137.000000 1 1
1949 04 12 109.000000 1 1
1949 04 13 86.800000 1 1
1949 04 14 109.000000 1 1
1949 04 15 137.000000 1 1
1949 04 16 109.000000 1 1
1949 04 17 76.000000 1 1
1949 04 18 55.100000 1 1
1949 04 19 38.400000 1 1
1949 04 20 30.600000 1 1
1949 04 21 27.100000 1 1
1949 04 22 23.700000 1 1
1949 04 23 40.100000 1 1
1949 04 24 57.000000 1 1
1949 04 25 77.200000 1 1
1949 04 26 112.000000 1 1
1949 04 27 144.000000 1 1
1949 04 28 175.000000 1 1
1949 04 29 203.000000 1 1
1949 04 30 203.000000 1 1
1949 05 01 nan nan nan
1949 05 02 nan nan nan
1949 05 03 nan nan nan
1949 05 04 nan nan nan
1949 05 05 nan nan nan
1949 05 06 nan nan nan
1949 05 07 nan nan nan
1949 05 08 nan nan nan
1949 05 09 nan nan nan
1949 05 10 nan nan nan
1949 05 11 nan nan nan
1949 05 12 nan nan nan
1949 05 13 nan nan nan
1949 05 14 nan nan nan
1949 05 15 nan nan nan
1949 05 16 nan nan nan
1949 05 17 nan nan nan
1949 05 18 nan nan nan
1949 05 19 nan nan nan
1949 05 20 nan nan nan
1949 05 21 nan nan nan
1949 05 22 nan nan nan
1949 05 23 nan nan nan
1949 05 24 nan nan nan
1949 05 25 nan nan nan
1949 05 26 nan nan nan
1949 05 27 nan nan nan
1949 05 28 nan nan nan
1949 05 29 nan nan nan
1949 05 30 nan nan nan
1949 05 31 nan nan nan
1949 06 01 nan nan nan
1949 06 02 nan nan nan
1949 06 03 nan nan nan
1949 06 04 nan nan nan
1949 06 05 nan nan nan
1949 06 06 nan nan nan
1949 06 07 nan nan nan
1949 06 08 nan nan nan
1949 06 09 nan nan nan
1949 06 10 nan nan nan
1949 06 11 nan nan nan
1949 06 12 nan nan nan
1949 06 13 nan nan nan
1949 06 14 nan nan nan
1949 06 15 nan nan nan
1949 06 16 nan nan nan
1949 06 17 nan nan nan
1949 06 18 nan nan nan
1949 06 19 nan nan nan
1949 06 20 nan nan nan
1949 06 21 nan nan nan
1949 06 22 nan nan nan
1949 06 23 nan nan nan
1949 06 24 nan nan nan
1949 06 25 nan nan nan
1949 06 26 nan nan nan
1949 06 27 nan nan nan
1949 06 28 nan nan nan
1949 06 29 nan nan nan
1949 06 30 nan nan nan
1949 07 01 nan nan nan
1949 07 02 nan nan nan
1949 07 03 nan nan nan
1949 07 04 nan nan nan
1949 07 05 nan nan nan
1949 07 06 nan nan nan
1949 07 07 nan nan nan
1949 07 08 nan nan nan
1949 07 09 nan nan nan
1949 07 10 nan nan nan
1949 07 11 nan nan nan
1949 07 12 nan nan nan
1949 07 13 nan nan nan
1949 07 14 nan nan nan
1949 07 15 nan nan nan
1949 07 16 nan nan nan
1949 07 17 nan nan nan
1949 07 18 nan nan nan
1949 07 19 nan nan nan
1949 07 20 nan nan nan
1949 07 21 nan nan nan
1949 07 22 nan nan nan
1949 07 23 nan nan nan
1949 07 24 nan nan nan
1949 07 25 nan nan nan
1949 07 26 nan nan nan
1949 07 27 nan nan nan
1949 07 28 nan nan nan
1949 07 29 nan nan nan
1949 07 30 nan nan nan
1949 07 31 nan nan nan
1949 08 01 nan nan nan
1949 08 02 nan nan nan
1949 08 03 nan nan nan
1949 08 04 nan nan nan
1949 08 05 nan nan nan
1949 08 06 nan nan nan
1949 08 07 nan nan nan
1949 08 08 nan nan nan
1949 08 09 nan nan nan
1949 08 10 nan nan nan
1949 08 11 nan nan nan
1949 08 12 nan nan nan
1949 08 13 nan nan nan
1949 08 14 nan nan nan
1949 08 15 nan nan nan
1949 08 16 nan nan nan
1949 08 17 nan nan nan
1949 08 18 nan nan nan
1949 08 19 nan nan nan
1949 08 20 nan nan nan
1949 08 21 nan nan nan
1949 08 22 nan nan nan
1949 08 23 nan nan nan
1949 08 24 nan nan nan
1949 08 25 nan nan nan
1949 08 26 nan nan nan
1949 08 27 nan nan nan
1949 08 28 nan nan nan
1949 08 29 nan nan nan
1949 08 30 nan nan nan
1949 08 31 nan nan nan
1949 09 01 nan nan nan
1949 09 02 nan nan nan
1949 09 03 nan nan nan
1949 09 04 nan nan nan
1949 09 05 nan nan nan
1949 09 06 nan nan nan
1949 09 07 nan nan nan
1949 09 08 nan nan nan
1949 09 09 nan nan nan
1949 09 10 nan nan nan
1949 09 11 nan nan nan
1949 09 12 nan nan nan
1949 09 13 nan nan nan
1949 09 14 nan nan nan
1949 09 15 nan nan nan
1949 09 16 nan nan nan
1949 09 17 nan nan nan
1949 09 18 nan nan nan
1949 09 19 nan nan nan
1949 09 20 nan nan nan
1949 09 21 nan nan nan
1949 09 22 nan nan nan
1949 09 23 nan nan nan
1949 09 24 nan nan nan
1949 09 25 nan nan nan
1949 09 26 nan nan nan
1949 09 27 nan nan nan
1949 09 28 nan nan nan
1949 09 29 nan nan nan
1949 09 30 nan nan nan
1949 10 01 nan nan nan
1949 10 02 nan nan nan
1949 10 03 nan nan nan
1949 10 04 nan nan nan
1949 10 05 nan nan nan
1949 10 06 nan nan nan
1949 10 07 nan nan nan
1949 10 08 nan nan nan
1949 10 09 nan nan nan
1949 10 10 nan nan nan
1949 10 11 nan nan nan
1949 10 12 nan nan nan
1949 10 13 nan nan nan
1949 10 14 nan nan nan
1949 10 15 nan nan nan
1949 10 16 nan nan nan
1949 10 17 nan nan nan
1949 10 18 nan nan nan
1949 10 19 nan nan nan
1949 10 20 nan nan nan
1949 10 21 nan nan nan
1949 10 22 nan nan nan
1949 10 23 nan nan nan
1949 10 24 nan nan nan
1949 10 25 nan nan nan
1949 10 26 nan nan nan
1949 10 27 nan nan nan
1949 10 28 nan nan nan
1949 10 29 nan nan nan
1949 10 30 nan nan nan
1949 10 31 nan nan nan
1949 11 01 nan nan nan
1949 11 02 nan nan nan
1949 11 03 nan nan nan
1949 11 04 nan nan nan
1949 11 05 nan nan nan
1949 11 06 nan nan nan
1949 11 07 nan nan nan
1949 11 08 nan nan nan
1949 11 09 nan nan nan
1949 11 10 nan nan nan
1949 11 11 nan nan nan
1949 11 12 nan nan nan
1949 11 13 nan nan nan
1949 11 14 nan nan nan
1949 11 15 nan nan nan
1949 11 16 nan nan nan
1949 11 17 nan nan nan
1949 11 18 nan nan nan
1949 11 19 nan nan nan
1949 11 20 nan nan nan
1949 11 21 nan nan nan
1949 11 22 nan nan nan
1949 11 23 nan nan nan
1949 11 24 nan nan nan
1949 11 25 nan nan nan
1949 11 26 nan nan nan
1949 11 27 nan nan nan
1949 11 28 nan nan nan
1949 11 29 nan nan nan
1949 11 30 nan nan nan
1949 12 01 nan nan nan
1949 12 02 nan nan nan
1949 12 03 nan nan nan
1949 12 04 nan nan nan
1949 12 05 nan nan nan
1949 12 06 nan nan nan
1949 12 07 nan nan nan
1949 12 08 nan nan nan
1949 12 09 nan nan nan
1949 12 10 nan nan nan
1949 12 11 nan nan nan
1949 12 12 nan nan nan
1949 12 13 nan nan nan
1949 12 14 nan nan nan
1949 12 15 nan nan nan
1949 12 16 nan nan nan
1949 12 17 nan nan nan
1949 12 18 nan nan nan
1949 12 19 nan nan nan
1949 12 20 nan nan nan
1949 12 21 nan nan nan
1949 12 22 nan nan nan
1949 12 23 nan nan nan
1949 12 24 nan nan nan
1949 12 25 nan nan nan
1949 12 26 nan nan nan
1949 12 27 nan nan nan
1949 12 28 nan nan nan
1949 12 29 nan nan nan
1949 12 30 nan nan nan
1949 12 31 nan nan nan
1950 01 01 nan nan nan
1950 01 02 nan nan nan
1950 01 03 nan nan nan
1950 01 04 nan nan nan
1950 01 05 nan nan nan
1950 01 06 nan nan nan
1950 01 07 nan nan nan
1950 01 08 nan nan nan
1950 01 09 nan nan nan
1950 01 10 nan nan nan
1950 01 11 nan nan nan
1950 01 12 nan nan nan
1950 01 13 nan nan nan
1950 01 14 nan nan nan
1950 01 15 nan nan nan
1950 01 16 nan nan nan
1950 01 17 nan nan nan
1950 01 18 nan nan nan
1950 01 19 nan nan nan
1950 01 20 nan nan nan
1950 01 21 nan nan nan
1950 01 22 nan nan nan
1950 01 23 nan nan nan
1950 01 24 nan nan nan
1950 01 25 nan nan nan
1950 01 26 nan nan nan
1950 01 27 nan nan nan
1950 01 28 nan nan nan
1950 01 29 nan nan nan
1950 01 30 nan nan nan
1950 01 31 nan nan nan
1950 02 01 nan nan nan
1950 02 02 nan nan nan
1950 02 03 nan nan nan
1950 02 04 nan nan nan
1950 02 05 nan nan nan
1950 02 06 nan nan nan
1950 02 07 nan nan nan
1950 02 08 nan nan nan
1950 02 09 nan nan nan
1950 02 10 nan nan nan
1950 02 11 nan nan nan
1950 02 12 nan nan nan
1950 02 13 nan nan nan
1950 02 14 nan nan nan
1950 02 15 nan nan nan
1950 02 16 nan nan nan
1950 02 17 nan nan nan
1950 02 18 nan nan nan
1950 02 19 nan nan nan
1950 02 20 nan nan nan
1950 02 21 nan nan nan
1950 02 22 nan nan nan
1950 02 23 nan nan nan
1950 02 24 nan nan nan
1950 02 25 nan nan nan
1950 02 26 nan nan nan
1950 02 27 nan nan nan
1950 02 28 nan nan nan
1950 03 01 nan nan 0
1950 03 02 nan nan 0
1950 03 03 nan nan 0
1950 03 04 nan nan 0
1950 03 05 nan nan 0
1950 03 06 nan nan 0
1950 03 07 nan nan 0
1950 03 08 nan nan 0
1950 03 09 nan nan 0
1950 03 10 nan nan 0
1950 03 11 nan nan 0
1950 03 12 nan nan 0
1950 03 13 nan nan 0
1950 03 14 nan nan 0
1950 03 15 nan nan 0
1950 03 16 0.108000 1 1
1950 03 17 0.108000 1 1
1950 03 18 0.219000 1 1
1950 03 19 0.199000 1 1
1950 03 20 0.238000 1 1
1950 03 21 0.219000 1 1
1950 03 22 0.108000 1 1
1950 03 23 0.084000 1 1
1950 03 24 0.084000 1 1
1950 03 25 0.084000 1 1
1950 03 26 0.060000 1 1
1950 03 27 0.060000 1 1
1950 03 28 0.060000 1 1
1950 03 29 0.108000 1 1
1950 03 30 0.680000 1 1
1950 03 31 14.500000 1 1
1950 04 01 25.100000 1 1
1950 04 02 26.500000 1 1
1950 04 03 22.400000 1 1
1950 04 04 14.000000 1 1
1950 04 05 9.250000 1 1
1950 04 06 4.000000 1 1
1950 04 07 1.870000 1 1
1950 04 08 0.940000 1 1
1950 04 09 1.120000 1 1
1950 04 10 0.745000 1 1
1950 04 11 0.447000 1 1
1950 04 12 0.423000 1 1
1950 04 13 0.297000 1 1
1950 04 14 0.375000 1 1
1950 04 15 0.316000 1 1
1950 04 16 0.297000 1 1
1950 04 17 0.277000 1 1
1950 04 18 0.219000 1 1
1950 04 19 0.180000 1 1
1950 04 20 0.168000 1 1
1950 04 21 0.156000 1 1
1950 04 22 0.156000 1 1
1950 04 23 0.156000 1 1
1950 04 24 0.168000 1 1
1950 04 25 0.375000 1 1
1950 04 26 1.260000 1 1
1950 04 27 31.400000 1 1
1950 04 28 47.700000 1 1
1950 04 29 48.600000 1 1
1950 04 30 34.500000 1 1
1950 05 01 9.740000 1 1
1950 05 02 5.400000 1 1
1950 05 03 4.560000 1 1
1950 05 04 4.560000 1 1
1950 05 05 3.170000 1 1
1950 05 06 2.350000 1 1
1950 05 07 1.870000 1 1
1950 05 08 1.590000 1 1
1950 05 09 1.220000 1 1
1950 05 10 0.907000 1 1
1950 05 11 0.712000 1 1
1950 05 12 0.615000 1 1
1950 05 13 0.567000 1 1
1950 05 14 0.543000 1 1
1950 05 15 0.471000 1 1
1950 05 16 0.495000 1 1
1950 05 17 0.615000 1 1
1950 05 18 0.745000 1 1
1950 05 19 1.400000 1 1
1950 05 20 2.160000 1 1
1950 05 21 5.120000 1 1
1950 05 22 29.200000 1 1
1950 05 23 36.800000 1 1
1950 05 24 36.800000 1 1
1950 05 25 71.000000 1 1
1950 05 26 273.000000 1 1
1950 05 27 431.000000 1 1
1950 05 28 486.000000 1 1
1950 05 29 541.000000 1 1
1950 05 30 601.000000 1 1
1950 05 31 631.000000 1 1
1950 06 01 428.000000 1 1
1950 06 02 497.000000 1 1
1950 06 03 483.000000 1 1
1950 06 04 717.000000 1 1
1950 06 05 928.000000 1 1
1950 06 06 1117.000000 1 1
1950 06 07 999.000000 1 1
1950 06 08 917.000000 1 1
1950 06 09 819.000000 1 1
1950 06 10 389.000000 1 1
1950 06 11 262.000000 1 1
1950 06 12 187.000000 1 1
1950 06 13 179.000000 1 1
1950 06 14 166.000000 1 1
1950 06 15 158.000000 1 1
1950 06 16 147.000000 1 1
1950 06 17 137.000000 1 1
1950 06 18 130.000000 1 1
1950 06 19 123.000000 1 1
1950 06 20 121.000000 1 1
1950 06 21 119.000000 1 1
1950 06 22 119.000000 1 1
1950 06 23 119.000000 1 1
1950 06 24 170.000000 1 1
1950 06 25 224.000000 1 1
1950 06 26 248.000000 1 1
1950 06 27 274.000000 1 1
1950 06 28 326.000000 1 1
1950 06 29 334.000000 1 1
1950 06 30 290.000000 1 1
1950 07 01 220.000000 1 1
1950 07 02 139.000000 1 1
1950 07 03 88.000000 1 1
1950 07 04 79.600000 1 1
1950 07 05 66.000000 1 1
1950 07 06 66.000000 1 1
1950 07 07 66.000000 1 1
1950 07 08 75.000000 1 1
1950 07 09 159.000000 1 1
1950 07 10 198.000000 1 1
1950 07 11 158.000000 1 1
1950 07 12 133.000000 1 1
1950 07 13 126.000000 1 1
1950 07 14 97.800000 1 1
1950 07 15 86.800000 1 1
1950 07 16 77.200000 1 1
1950 07 17 65.000000 1 1
1950 07 18 59.000000 1 1
1950 07 19 52.300000 1 1
1950 07 20 46.800000 1 1
1950 07 21 46.800000 1 1
1950 07 22 46.000000 1 1
1950 07 23 38.400000 1 1
1950 07 24 32.900000 1 1
1950 07 25 32.900000 1 1
1950 07 26 29.200000 1 1
1950 07 27 54.200000 1 1
1950 07 28 205.000000 1 1
1950 07 29 284.000000 1 1
1950 07 30 304.000000 1 1
1950 07 31 304.000000 1 1
1950 08 01 339.000000 1 1
1950 08 02 320.000000 1 1
1950 08 03 250.000000 1 1
1950 08 04 234.000000 1 1
1950 08 05 220.000000 1 1
1950 08 06 206.000000 1 1
1950 08 07 189.000000 1 1
1950 08 08 170.000000 1 1
1950 08 09 140.000000 1 1
1950 08 10 17.400000 1 1
1950 08 11 86.800000 1 1
1950 08 12 69.000000 1 1
1950 08 13 60.000000 1 1
1950 08 14 52.300000 1 1
1950 08 15 44.300000 1 1
1950 08 16 43.400000 1 1
1950 08 17 40.100000 1 1
1950 08 18 40.100000 1 1
1950 08 19 40.100000 1 1
1950 08 20 40.100000 1 1
1950 08 21 40.100000 1 1
1950 08 22 38.400000 1 1
1950 08 23 34.500000 1 1
1950 08 24 30.600000 1 1
1950 08 25 27.100000 1 1
1950 08 26 25.100000 1 1
1950 08 27 24.400000 1 1
1950 08 28 23.700000 1 1
1950 08 29 23.700000 1 1
1950 08 30 23.700000 1 1
1950 08 31 23.700000 1 1
1950 09 01 41.800000 1 1
1950 09 02 70.000000 1 1
1950 09 03 84.400000 1 1
1950 09 04 88.000000 1 1
1950 09 05 231.000000 1 1
1950 09 06 312.000000 1 1
1950 09 07 248.000000 1 1
1950 09 08 245.000000 1 1
1950 09 09 236.000000 1 1
1950 09 10 217.000000 1 1
1950 09 11 206.000000 1 1
1950 09 12 180.000000 1 1
1950 09 13 158.000000 1 1
1950 09 14 137.000000 1 1
1950 09 15 112.000000 1 1
1950 09 16 80.800000 1 1
1950 09 17 54.200000 1 1
1950 09 18 48.600000 1 1
1950 09 19 45.100000 1 1
1950 09 20 39.200000 1 1
1950 09 21 80.800000 1 1
1950 09 22 107.000000 1 1
1950 09 23 116.000000 1 1
1950 09 24 180.000000 1 1
1950 09 25 114.000000 1 1
1950 09 26 111.000000 1 1
1950 09 27 170.000000 1 1
1950 09 28 72.000000 1 1
1950 09 29 67.000000 1 1
1950 09 30 62.000000 1 1
