year month day streamflow_m3s qual_control_by_ana qual_flag
1984 01 01 nan nan 0
1984 01 02 nan nan 0
1984 01 03 nan nan 0
1984 01 04 nan nan 0
1984 01 05 nan nan 0
1984 01 06 nan nan 0
1984 01 07 nan nan 0
1984 01 08 nan nan 0
1984 01 09 nan nan 0
1984 01 10 nan nan 0
1984 01 11 nan nan 0
1984 01 12 nan nan 0
1984 01 13 nan nan 0
1984 01 14 nan nan 0
1984 01 15 nan nan 0
1984 01 16 nan nan 0
1984 01 17 nan nan 0
1984 01 18 nan nan 0
1984 01 19 nan nan 0
1984 01 20 nan nan 0
1984 01 21 48.900000 1 1
1984 01 22 51.300000 1 1
1984 01 23 47.900000 1 1
1984 01 24 46.500000 1 1
1984 01 25 50.300000 1 1
1984 01 26 49.900000 1 1
1984 01 27 47.900000 1 1
1984 01 28 39.800000 1 1
1984 01 29 35.400000 1 1
1984 01 30 28.400000 1 1
1984 01 31 23.800000 1 1
1984 02 01 23.500000 1 1
1984 02 02 22.200000 1 1
1984 02 03 22.500000 1 1
1984 02 04 23.800000 1 1
1984 02 05 22.200000 1 1
1984 02 06 21.900000 1 1
1984 02 07 21.000000 1 1
1984 02 08 23.600000 1 1
1984 02 09 35.400000 1 1
1984 02 10 44.300000 1 1
1984 02 11 39.800000 1 1
1984 02 12 35.400000 1 1
1984 02 13 30.600000 1 1
1984 02 14 29.500000 1 1
1984 02 15 28.900000 1 1
1984 02 16 31.700000 1 1
1984 02 17 31.700000 1 1
1984 02 18 31.400000 1 1
1984 02 19 29.500000 1 1
1984 02 20 32.100000 1 1
1984 02 21 37.500000 1 1
1984 02 22 36.600000 1 1
1984 02 23 34.900000 1 1
1984 02 24 35.400000 1 1
1984 02 25 29.500000 1 1
1984 02 26 30.200000 1 1
1984 02 27 23.800000 1 1
1984 02 28 23.800000 1 1
1984 02 29 22.800000 1 1
1984 03 01 23.800000 1 1
1984 03 02 23.600000 1 1
1984 03 03 23.600000 1 1
1984 03 04 23.500000 1 1
1984 03 05 23.500000 1 1
1984 03 06 23.300000 1 1
1984 03 07 22.500000 1 1
1984 03 08 21.000000 1 1
1984 03 09 22.900000 1 1
1984 03 10 32.500000 1 1
1984 03 11 37.100000 1 1
1984 03 12 51.300000 1 1
1984 03 13 53.400000 1 1
1984 03 14 67.200000 1 1
1984 03 15 64.900000 1 1
1984 03 16 62.600000 1 1
1984 03 17 52.900000 1 1
1984 03 18 56.600000 1 1
1984 03 19 58.200000 1 1
1984 03 20 47.900000 1 1
1984 03 21 42.000000 1 1
1984 03 22 49.900000 1 1
1984 03 23 51.300000 1 1
1984 03 24 51.300000 1 1
1984 03 25 39.800000 1 1
1984 03 26 40.700000 1 1
1984 03 27 35.400000 1 1
1984 03 28 69.600000 1 1
1984 03 29 54.000000 1 1
1984 03 30 60.900000 1 1
1984 03 31 71.900000 1 1
1984 04 01 67.800000 1 1
1984 04 02 53.400000 1 1
1984 04 03 51.300000 1 1
1984 04 04 54.000000 1 1
1984 04 05 50.300000 1 1
1984 04 06 46.500000 1 1
1984 04 07 49.400000 1 1
1984 04 08 48.900000 1 1
1984 04 09 46.500000 1 1
1984 04 10 45.200000 1 1
1984 04 11 43.400000 1 1
1984 04 12 39.300000 1 1
1984 04 13 38.000000 1 1
1984 04 14 37.100000 1 1
1984 04 15 34.100000 1 1
1984 04 16 31.000000 1 1
1984 04 17 28.900000 1 1
1984 04 18 29.500000 1 1
1984 04 19 35.400000 1 1
1984 04 20 33.200000 1 1
1984 04 21 36.600000 1 1
1984 04 22 35.400000 1 1
1984 04 23 31.700000 1 1
1984 04 24 30.200000 1 1
1984 04 25 27.800000 1 1
1984 04 26 25.000000 1 1
1984 04 27 23.300000 1 1
1984 04 28 23.100000 1 1
1984 04 29 22.600000 1 1
1984 04 30 23.500000 1 1
1984 05 01 25.600000 1 1
1984 05 02 30.600000 1 1
1984 05 03 34.100000 1 1
1984 05 04 31.700000 1 1
1984 05 05 32.100000 1 1
1984 05 06 33.200000 1 1
1984 05 07 33.200000 1 1
1984 05 08 29.500000 1 1
1984 05 09 25.000000 1 1
1984 05 10 23.300000 1 1
1984 05 11 22.500000 1 1
1984 05 12 21.300000 1 1
1984 05 13 20.600000 1 1
1984 05 14 19.700000 1 1
1984 05 15 19.400000 1 1
1984 05 16 19.100000 1 1
1984 05 17 18.200000 1 1
1984 05 18 18.200000 1 1
1984 05 19 19.100000 1 1
1984 05 20 19.400000 1 1
1984 05 21 19.100000 1 1
1984 05 22 18.200000 1 1
1984 05 23 17.400000 1 1
1984 05 24 16.500000 1 1
1984 05 25 16.000000 1 1
1984 05 26 15.500000 1 1
1984 05 27 15.300000 1 1
1984 05 28 15.500000 1 1
1984 05 29 15.500000 1 1
1984 05 30 16.800000 1 1
1984 05 31 16.800000 1 1
1984 06 01 16.800000 1 1
1984 06 02 16.500000 1 1
1984 06 03 15.800000 1 1
1984 06 04 15.000000 1 1
1984 06 05 15.000000 1 1
1984 06 06 14.800000 1 1
1984 06 07 14.800000 1 1
1984 06 08 14.800000 1 1
1984 06 09 14.000000 1 1
1984 06 10 13.800000 1 1
1984 06 11 13.500000 1 1
1984 06 12 13.500000 1 1
1984 06 13 13.000000 1 1
1984 06 14 12.500000 1 1
1984 06 15 12.000000 1 1
1984 06 16 11.500000 1 1
1984 06 17 11.300000 1 1
1984 06 18 11.100000 1 1
1984 06 19 10.900000 1 1
1984 06 20 10.700000 1 1
1984 06 21 10.500000 1 1
1984 06 22 10.100000 1 1
1984 06 23 9.900000 1 1
1984 06 24 9.700000 1 1
1984 06 25 9.500000 1 1
1984 06 26 9.310000 1 1
1984 06 27 9.120000 1 1
1984 06 28 9.120000 1 1
1984 06 29 8.930000 1 1
1984 06 30 8.930000 1 1
1984 07 01 8.930000 1 1
1984 07 02 8.740000 1 1
1984 07 03 8.550000 1 1
1984 07 04 8.360000 1 1
1984 07 05 8.360000 1 1
1984 07 06 8.360000 1 1
1984 07 07 8.170000 1 1
1984 07 08 7.980000 1 1
1984 07 09 7.790000 1 1
1984 07 10 7.600000 1 1
1984 07 11 7.440000 1 1
1984 07 12 7.270000 1 1
1984 07 13 6.940000 1 1
1984 07 14 6.940000 1 1
1984 07 15 6.780000 1 1
1984 07 16 6.780000 1 1
1984 07 17 6.780000 1 1
1984 07 18 6.940000 1 1
1984 07 19 6.780000 1 1
1984 07 20 6.450000 1 1
1984 07 21 6.280000 1 1
1984 07 22 6.280000 1 1
1984 07 23 6.120000 1 1
1984 07 24 6.120000 1 1
1984 07 25 5.950000 1 1
1984 07 26 5.950000 1 1
1984 07 27 5.810000 1 1
1984 07 28 5.660000 1 1
1984 07 29 5.520000 1 1
1984 07 30 5.370000 1 1
1984 07 31 5.230000 1 1
1984 08 01 5.230000 1 1
1984 08 02 5.080000 1 1
1984 08 03 4.940000 1 1
1984 08 04 4.940000 1 1
1984 08 05 4.790000 1 1
1984 08 06 4.650000 1 1
1984 08 07 4.500000 1 1
1984 08 08 4.380000 1 1
1984 08 09 4.380000 1 1
1984 08 10 4.130000 1 1
1984 08 11 4.130000 1 1
1984 08 12 4.010000 1 1
1984 08 13 3.890000 1 1
1984 08 14 3.890000 1 1
1984 08 15 3.890000 1 1
1984 08 16 3.650000 1 1
1984 08 17 3.650000 1 1
1984 08 18 3.650000 1 1
1984 08 19 3.650000 1 1
1984 08 20 3.650000 1 1
1984 08 21 3.650000 1 1
1984 08 22 3.650000 1 1
1984 08 23 3.520000 1 1
1984 08 24 4.380000 1 1
1984 08 25 4.500000 1 1
1984 08 26 4.650000 1 1
1984 08 27 5.230000 1 1
1984 08 28 5.230000 1 1
1984 08 29 4.790000 1 1
1984 08 30 4.500000 1 1
1984 08 31 4.500000 1 1
1984 09 01 4.500000 1 1
1984 09 02 4.500000 1 1
1984 09 03 4.260000 1 1
1984 09 04 4.010000 1 1
1984 09 05 4.010000 1 1
1984 09 06 4.260000 1 1
1984 09 07 4.260000 1 1
1984 09 08 4.010000 1 1
1984 09 09 4.380000 1 1
1984 09 10 4.940000 1 1
1984 09 11 5.080000 1 1
1984 09 12 4.500000 1 1
1984 09 13 4.130000 1 1
1984 09 14 3.770000 1 1
1984 09 15 3.520000 1 1
1984 09 16 3.280000 1 1
1984 09 17 3.280000 1 1
1984 09 18 3.170000 1 1
1984 09 19 3.280000 1 1
1984 09 20 3.280000 1 1
1984 09 21 3.280000 1 1
1984 09 22 3.520000 1 1
1984 09 23 4.130000 1 1
1984 09 24 5.080000 1 1
1984 09 25 5.370000 1 1
1984 09 26 5.230000 1 1
1984 09 27 5.370000 1 1
1984 09 28 5.230000 1 1
1984 09 29 5.230000 1 1
1984 09 30 5.080000 1 1
1984 10 01 4.650000 1 1
1984 10 02 4.380000 1 1
1984 10 03 4.010000 1 1
1984 10 04 4.940000 1 1
1984 10 05 4.260000 1 1
1984 10 06 3.400000 1 1
1984 10 07 3.280000 1 1
1984 10 08 4.130000 1 1
1984 10 09 4.500000 1 1
1984 10 10 4.010000 1 1
1984 10 11 3.400000 1 1
1984 10 12 3.060000 1 1
1984 10 13 3.170000 1 1
1984 10 14 3.400000 1 1
1984 10 15 6.940000 1 1
1984 10 16 11.100000 1 1
1984 10 17 10.700000 1 1
1984 10 18 8.550000 1 1
1984 10 19 6.940000 1 1
1984 10 20 7.440000 1 1
1984 10 21 7.600000 1 1
1984 10 22 7.790000 1 1
1984 10 23 10.500000 1 1
1984 10 24 14.000000 1 1
1984 10 25 23.100000 1 1
1984 10 26 19.400000 1 1
1984 10 27 18.200000 1 1
1984 10 28 21.900000 1 1
1984 10 29 20.600000 1 1
1984 10 30 18.800000 1 1
1984 10 31 17.100000 1 1
1984 11 01 15.500000 1 1
1984 11 02 12.800000 1 1
1984 11 03 14.500000 1 1
1984 11 04 15.300000 1 1
1984 11 05 12.300000 1 1
1984 11 06 10.500000 1 1
1984 11 07 9.120000 1 1
1984 11 08 7.790000 1 1
1984 11 09 6.780000 1 1
1984 11 10 7.270000 1 1
1984 11 11 9.120000 1 1
1984 11 12 10.100000 1 1
1984 11 13 11.100000 1 1
1984 11 14 11.800000 1 1
1984 11 15 11.500000 1 1
1984 11 16 13.000000 1 1
1984 11 17 14.500000 1 1
1984 11 18 20.300000 1 1
1984 11 19 22.800000 1 1
1984 11 20 21.900000 1 1
1984 11 21 23.200000 1 1
1984 11 22 23.100000 1 1
1984 11 23 21.900000 1 1
1984 11 24 16.800000 1 1
1984 11 25 20.000000 1 1
1984 11 26 23.500000 1 1
1984 11 27 20.300000 1 1
1984 11 28 17.700000 1 1
1984 11 29 16.000000 1 1
1984 11 30 17.700000 1 1
1984 12 01 16.300000 1 1
1984 12 02 14.800000 1 1
1984 12 03 14.800000 1 1
1984 12 04 21.000000 1 1
1984 12 05 23.100000 1 1
1984 12 06 21.600000 1 1
1984 12 07 22.600000 1 1
1984 12 08 23.500000 1 1
1984 12 09 28.400000 1 1
1984 12 10 23.300000 1 1
1984 12 11 22.500000 1 1
1984 12 12 22.600000 1 1
1984 12 13 23.100000 1 1
1984 12 14 21.600000 1 1
1984 12 15 17.400000 1 1
1984 12 16 14.000000 1 1
1984 12 17 12.000000 1 1
1984 12 18 16.300000 1 1
1984 12 19 13.800000 1 1
1984 12 20 12.300000 1 1
1984 12 21 13.500000 1 1
1984 12 22 16.000000 1 1
1984 12 23 14.000000 1 1
1984 12 24 13.300000 1 1
1984 12 25 13.000000 1 1
1984 12 26 16.500000 1 1
1984 12 27 18.800000 1 1
1984 12 28 21.300000 1 1
1984 12 29 21.900000 1 1
1984 12 30 21.900000 1 1
1984 12 31 22.500000 1 1
1985 01 01 21.900000 1 1
1985 01 02 17.400000 1 1
1985 01 03 15.800000 1 1
1985 01 04 17.100000 1 1
1985 01 05 18.800000 1 1
1985 01 06 23.600000 1 1
1985 01 07 32.500000 1 1
1985 01 08 36.600000 1 1
1985 01 09 43.800000 1 1
1985 01 10 46.100000 1 1
1985 01 11 45.200000 1 1
1985 01 12 42.900000 1 1
1985 01 13 39.800000 1 1
1985 01 14 36.600000 1 1
1985 01 15 36.600000 1 1
1985 01 16 39.800000 1 1
1985 01 17 54.500000 1 1
1985 01 18 50.300000 1 1
1985 01 19 51.800000 1 1
1985 01 20 50.800000 1 1
1985 01 21 47.500000 1 1
1985 01 22 42.900000 1 1
1985 01 23 41.600000 1 1
1985 01 24 36.200000 1 1
1985 01 25 32.100000 1 1
1985 01 26 32.100000 1 1
1985 01 27 43.400000 1 1
1985 01 28 48.400000 1 1
1985 01 29 52.900000 1 1
1985 01 30 46.500000 1 1
1985 01 31 45.600000 1 1
1985 02 01 45.200000 1 1
1985 02 02 43.400000 1 1
1985 02 03 42.900000 1 1
1985 02 04 38.400000 1 1
1985 02 05 44.300000 1 1
1985 02 06 45.600000 1 1
1985 02 07 45.600000 1 1
1985 02 08 43.400000 1 1
1985 02 09 44.700000 1 1
1985 02 10 45.200000 1 1
1985 02 11 42.500000 1 1
1985 02 12 43.400000 1 1
1985 02 13 52.400000 1 1
1985 02 14 50.300000 1 1
1985 02 15 50.800000 1 1
1985 02 16 54.500000 1 1
1985 02 17 53.400000 1 1
1985 02 18 58.200000 1 1
1985 02 19 69.600000 1 1
1985 02 20 78.000000 1 1
1985 02 21 90.900000 1 1
1985 02 22 nan nan 0
1985 02 23 84.800000 1 1
1985 02 24 74.900000 1 1
1985 02 25 76.100000 1 1
1985 02 26 81.700000 1 1
1985 02 27 74.300000 1 1
1985 02 28 63.700000 1 1
1985 03 01 56.600000 1 1
1985 03 02 59.800000 1 1
1985 03 03 56.100000 1 1
1985 03 04 70.800000 1 1
1985 03 05 73.100000 1 1
1985 03 06 78.600000 1 1
1985 03 07 80.400000 1 1
1985 03 08 74.900000 1 1
1985 03 09 70.800000 1 1
1985 03 10 67.200000 1 1
1985 03 11 63.200000 1 1
1985 03 12 58.800000 1 1
1985 03 13 59.800000 1 1
1985 03 14 62.000000 1 1
1985 03 15 54.500000 1 1
1985 03 16 53.400000 1 1
1985 03 17 54.000000 1 1
1985 03 18 56.600000 1 1
1985 03 19 60.900000 1 1
1985 03 20 59.300000 1 1
1985 03 21 53.400000 1 1
1985 03 22 59.300000 1 1
1985 03 23 60.400000 1 1
1985 03 24 66.100000 1 1
1985 03 25 70.200000 1 1
1985 03 26 57.700000 1 1
1985 03 27 49.400000 1 1
1985 03 28 44.700000 1 1
1985 03 29 41.600000 1 1
1985 03 30 39.800000 1 1
1985 03 31 42.900000 1 1
1985 04 01 41.600000 1 1
1985 04 02 47.900000 1 1
1985 04 03 44.700000 1 1
1985 04 04 46.100000 1 1
1985 04 05 50.300000 1 1
1985 04 06 53.400000 1 1
1985 04 07 49.900000 1 1
1985 04 08 44.700000 1 1
1985 04 09 47.900000 1 1
1985 04 10 46.500000 1 1
1985 04 11 43.400000 1 1
1985 04 12 48.400000 1 1
1985 04 13 46.100000 1 1
1985 04 14 41.600000 1 1
1985 04 15 39.800000 1 1
1985 04 16 36.200000 1 1
1985 04 17 34.100000 1 1
1985 04 18 32.800000 1 1
1985 04 19 35.800000 1 1
1985 04 20 38.000000 1 1
1985 04 21 62.000000 1 1
1985 04 22 52.900000 1 1
1985 04 23 67.200000 1 1
1985 04 24 78.000000 1 1
1985 04 25 84.800000 1 1
1985 04 26 93.700000 1 1
1985 04 27 97.900000 1 1
1985 04 28 82.300000 1 1
1985 04 29 71.300000 1 1
1985 04 30 59.800000 1 1
1985 05 01 51.300000 1 1
1985 05 02 47.000000 1 1
1985 05 03 44.300000 1 1
1985 05 04 41.600000 1 1
1985 05 05 38.400000 1 1
1985 05 06 35.800000 1 1
1985 05 07 34.100000 1 1
1985 05 08 32.800000 1 1
1985 05 09 31.700000 1 1
1985 05 10 31.700000 1 1
1985 05 11 31.700000 1 1
1985 05 12 31.700000 1 1
1985 05 13 31.000000 1 1
1985 05 14 29.900000 1 1
1985 05 15 27.800000 1 1
1985 05 16 26.700000 1 1
1985 05 17 25.600000 1 1
1985 05 18 24.500000 1 1
1985 05 19 23.900000 1 1
1985 05 20 23.600000 1 1
1985 05 21 23.500000 1 1
1985 05 22 23.600000 1 1
1985 05 23 23.800000 1 1
1985 05 24 23.300000 1 1
1985 05 25 22.800000 1 1
1985 05 26 22.200000 1 1
1985 05 27 21.600000 1 1
1985 05 28 21.000000 1 1
1985 05 29 20.600000 1 1
1985 05 30 20.000000 1 1
1985 05 31 19.400000 1 1
1985 06 01 19.100000 1 1
1985 06 02 18.800000 1 1
1985 06 03 18.200000 1 1
1985 06 04 18.200000 1 1
1985 06 05 18.200000 1 1
1985 06 06 18.200000 1 1
1985 06 07 18.000000 1 1
1985 06 08 17.400000 1 1
1985 06 09 16.500000 1 1
1985 06 10 16.300000 1 1
1985 06 11 16.000000 1 1
1985 06 12 16.000000 1 1
1985 06 13 16.300000 1 1
1985 06 14 16.500000 1 1
1985 06 15 16.300000 1 1
1985 06 16 16.000000 1 1
1985 06 17 15.800000 1 1
1985 06 18 15.500000 1 1
1985 06 19 15.300000 1 1
1985 06 20 14.800000 1 1
1985 06 21 14.800000 1 1
1985 06 22 14.500000 1 1
1985 06 23 14.500000 1 1
1985 06 24 14.300000 1 1
1985 06 25 14.300000 1 1
1985 06 26 13.800000 1 1
1985 06 27 13.300000 1 1
1985 06 28 13.000000 1 1
1985 06 29 12.800000 1 1
1985 06 30 12.500000 1 1
1985 07 01 12.500000 1 1
1985 07 02 12.800000 1 1
1985 07 03 15.500000 1 1
1985 07 04 15.500000 1 1
1985 07 05 16.500000 1 1
1985 07 06 19.100000 1 1
1985 07 07 16.000000 1 1
1985 07 08 15.500000 1 1
1985 07 09 15.300000 1 1
1985 07 10 14.800000 1 1
1985 07 11 14.000000 1 1
1985 07 12 13.500000 1 1
1985 07 13 13.000000 1 1
1985 07 14 12.500000 1 1
1985 07 15 12.000000 1 1
1985 07 16 11.500000 1 1
1985 07 17 11.100000 1 1
1985 07 18 10.900000 1 1
1985 07 19 10.700000 1 1
1985 07 20 10.300000 1 1
1985 07 21 10.100000 1 1
1985 07 22 9.700000 1 1
1985 07 23 9.500000 1 1
1985 07 24 9.310000 1 1
1985 07 25 9.120000 1 1
1985 07 26 8.930000 1 1
1985 07 27 8.740000 1 1
1985 07 28 8.930000 1 1
1985 07 29 8.550000 1 1
1985 07 30 8.360000 1 1
1985 07 31 8.170000 1 1
1985 08 01 8.550000 1 1
1985 08 02 8.930000 1 1
1985 08 03 8.740000 1 1
1985 08 04 8.360000 1 1
1985 08 05 8.170000 1 1
1985 08 06 7.980000 1 1
1985 08 07 7.600000 1 1
1985 08 08 7.600000 1 1
1985 08 09 7.270000 1 1
1985 08 10 7.110000 1 1
1985 08 11 6.940000 1 1
1985 08 12 6.940000 1 1
1985 08 13 6.780000 1 1
1985 08 14 6.610000 1 1
1985 08 15 6.450000 1 1
1985 08 16 6.450000 1 1
1985 08 17 6.450000 1 1
1985 08 18 6.280000 1 1
1985 08 19 6.280000 1 1
1985 08 20 6.120000 1 1
1985 08 21 6.120000 1 1
1985 08 22 5.950000 1 1
1985 08 23 5.810000 1 1
1985 08 24 5.660000 1 1
1985 08 25 5.660000 1 1
1985 08 26 5.660000 1 1
1985 08 27 5.520000 1 1
1985 08 28 5.520000 1 1
1985 08 29 5.810000 1 1
1985 08 30 5.660000 1 1
1985 08 31 5.660000 1 1
1985 09 01 5.660000 1 1
1985 09 02 5.950000 1 1
1985 09 03 5.810000 1 1
1985 09 04 5.810000 1 1
1985 09 05 5.660000 1 1
1985 09 06 5.660000 1 1
1985 09 07 5.520000 1 1
1985 09 08 5.520000 1 1
1985 09 09 5.370000 1 1
1985 09 10 5.230000 1 1
1985 09 11 6.280000 1 1
1985 09 12 7.600000 1 1
1985 09 13 7.270000 1 1
1985 09 14 7.270000 1 1
1985 09 15 7.110000 1 1
1985 09 16 7.110000 1 1
1985 09 17 6.610000 1 1
1985 09 18 5.950000 1 1
1985 09 19 5.660000 1 1
1985 09 20 5.370000 1 1
1985 09 21 5.230000 1 1
1985 09 22 5.230000 1 1
1985 09 23 5.230000 1 1
1985 09 24 5.370000 1 1
1985 09 25 5.080000 1 1
1985 09 26 4.940000 1 1
1985 09 27 5.230000 1 1
1985 09 28 4.940000 1 1
1985 09 29 5.080000 1 1
1985 09 30 4.940000 1 1
1985 10 01 4.790000 1 1
1985 10 02 4.650000 1 1
1985 10 03 7.110000 1 1
1985 10 04 6.940000 1 1
1985 10 05 6.450000 1 1
1985 10 06 5.950000 1 1
1985 10 07 4.940000 1 1
1985 10 08 7.440000 1 1
1985 10 09 9.500000 1 1
1985 10 10 10.700000 1 1
1985 10 11 13.300000 1 1
1985 10 12 13.500000 1 1
1985 10 13 13.500000 1 1
1985 10 14 12.300000 1 1
1985 10 15 11.500000 1 1
1985 10 16 10.500000 1 1
1985 10 17 9.700000 1 1
1985 10 18 10.100000 1 1
1985 10 19 9.500000 1 1
1985 10 20 9.120000 1 1
1985 10 21 9.900000 1 1
1985 10 22 10.300000 1 1
1985 10 23 8.930000 1 1
1985 10 24 8.360000 1 1
1985 10 25 7.790000 1 1
1985 10 26 7.110000 1 1
1985 10 27 9.310000 1 1
1985 10 28 16.500000 1 1
1985 10 29 14.000000 1 1
1985 10 30 12.500000 1 1
1985 10 31 12.500000 1 1
1985 11 01 13.800000 1 1
1985 11 02 17.400000 1 1
1985 11 03 20.300000 1 1
1985 11 04 26.100000 1 1
1985 11 05 28.400000 1 1
1985 11 06 58.200000 1 1
1985 11 07 47.900000 1 1
1985 11 08 58.200000 1 1
1985 11 09 59.800000 1 1
1985 11 10 57.700000 1 1
1985 11 11 44.700000 1 1
1985 11 12 32.800000 1 1
1985 11 13 23.500000 1 1
1985 11 14 19.700000 1 1
1985 11 15 18.200000 1 1
1985 11 16 14.300000 1 1
1985 11 17 10.700000 1 1
1985 11 18 10.900000 1 1
1985 11 19 13.800000 1 1
1985 11 20 17.400000 1 1
1985 11 21 17.100000 1 1
1985 11 22 14.500000 1 1
1985 11 23 12.300000 1 1
1985 11 24 10.500000 1 1
1985 11 25 12.500000 1 1
1985 11 26 15.800000 1 1
1985 11 27 15.800000 1 1
1985 11 28 18.000000 1 1
1985 11 29 17.700000 1 1
1985 11 30 15.000000 1 1
1985 12 01 13.500000 1 1
1985 12 02 11.500000 1 1
1985 12 03 9.700000 1 1
1985 12 04 8.930000 1 1
1985 12 05 8.740000 1 1
1985 12 06 8.550000 1 1
1985 12 07 8.740000 1 1
1985 12 08 8.930000 1 1
1985 12 09 8.930000 1 1
1985 12 10 9.120000 1 1
1985 12 11 9.500000 1 1
1985 12 12 17.400000 1 1
1985 12 13 17.100000 1 1
1985 12 14 23.800000 1 1
1985 12 15 21.300000 1 1
1985 12 16 20.000000 1 1
1985 12 17 19.400000 1 1
1985 12 18 18.200000 1 1
1985 12 19 38.000000 1 1
1985 12 20 30.600000 1 1
1985 12 21 36.600000 1 1
1985 12 22 30.600000 1 1
1985 12 23 28.900000 1 1
1985 12 24 34.500000 1 1
1985 12 25 55.000000 1 1
1985 12 26 51.800000 1 1
1985 12 27 47.000000 1 1
1985 12 28 45.600000 1 1
1985 12 29 47.500000 1 1
1985 12 30 49.900000 1 1
1985 12 31 47.900000 1 1
1986 01 01 nan nan nan
1986 01 02 nan nan nan
1986 01 03 nan nan nan
1986 01 04 nan nan nan
1986 01 05 nan nan nan
1986 01 06 nan nan nan
1986 01 07 nan nan nan
1986 01 08 nan nan nan
1986 01 09 nan nan nan
1986 01 10 nan nan nan
1986 01 11 nan nan nan
1986 01 12 nan nan nan
1986 01 13 nan nan nan
1986 01 14 nan nan nan
1986 01 15 nan nan nan
1986 01 16 nan nan nan
1986 01 17 nan nan nan
1986 01 18 nan nan nan
1986 01 19 nan nan nan
1986 01 20 nan nan nan
1986 01 21 nan nan nan
1986 01 22 nan nan nan
1986 01 23 nan nan nan
1986 01 24 nan nan nan
1986 01 25 nan nan nan
1986 01 26 nan nan nan
1986 01 27 nan nan nan
1986 01 28 nan nan nan
1986 01 29 nan nan nan
1986 01 30 nan nan nan
1986 01 31 nan nan nan
1986 02 01 nan nan nan
1986 02 02 nan nan nan
1986 02 03 nan nan nan
1986 02 04 nan nan nan
1986 02 05 nan nan nan
1986 02 06 nan nan nan
1986 02 07 nan nan nan
1986 02 08 nan nan nan
1986 02 09 nan nan nan
1986 02 10 nan nan nan
1986 02 11 nan nan nan
1986 02 12 nan nan nan
1986 02 13 nan nan nan
1986 02 14 nan nan nan
1986 02 15 nan nan nan
1986 02 16 nan nan nan
1986 02 17 nan nan nan
1986 02 18 nan nan nan
1986 02 19 nan nan nan
1986 02 20 nan nan nan
1986 02 21 nan nan nan
1986 02 22 nan nan nan
1986 02 23 nan nan nan
1986 02 24 nan nan nan
1986 02 25 nan nan nan
1986 02 26 nan nan nan
1986 02 27 nan nan nan
1986 02 28 nan nan nan
1986 03 01 nan nan nan
1986 03 02 nan nan nan
1986 03 03 nan nan nan
1986 03 04 nan nan nan
1986 03 05 nan nan nan
1986 03 06 nan nan nan
1986 03 07 nan nan nan
1986 03 08 nan nan nan
1986 03 09 nan nan nan
1986 03 10 nan nan nan
1986 03 11 nan nan nan
1986 03 12 nan nan nan
1986 03 13 nan nan nan
1986 03 14 nan nan nan
1986 03 15 nan nan nan
1986 03 16 nan nan nan
1986 03 17 nan nan nan
1986 03 18 nan nan nan
1986 03 19 nan nan nan
1986 03 20 nan nan nan
1986 03 21 nan nan nan
1986 03 22 nan nan nan
1986 03 23 nan nan nan
1986 03 24 nan nan nan
1986 03 25 nan nan nan
1986 03 26 nan nan nan
1986 03 27 nan nan nan
1986 03 28 nan nan nan
1986 03 29 nan nan nan
1986 03 30 nan nan nan
1986 03 31 nan nan nan
1986 04 01 nan nan nan
1986 04 02 nan nan nan
1986 04 03 nan nan nan
1986 04 04 nan nan nan
1986 04 05 nan nan nan
1986 04 06 nan nan nan
1986 04 07 nan nan nan
1986 04 08 nan nan nan
1986 04 09 nan nan nan
1986 04 10 nan nan nan
1986 04 11 nan nan nan
1986 04 12 nan nan nan
1986 04 13 nan nan nan
1986 04 14 nan nan nan
1986 04 15 nan nan nan
1986 04 16 nan nan nan
1986 04 17 nan nan nan
1986 04 18 nan nan nan
1986 04 19 nan nan nan
1986 04 20 nan nan nan
1986 04 21 nan nan nan
1986 04 22 nan nan nan
1986 04 23 nan nan nan
1986 04 24 nan nan nan
1986 04 25 nan nan nan
1986 04 26 nan nan nan
1986 04 27 nan nan nan
1986 04 28 nan nan nan
1986 04 29 nan nan nan
1986 04 30 nan nan nan
1986 05 01 nan nan nan
1986 05 02 nan nan nan
1986 05 03 nan nan nan
1986 05 04 nan nan nan
1986 05 05 nan nan nan
1986 05 06 nan nan nan
1986 05 07 nan nan nan
1986 05 08 nan nan nan
1986 05 09 nan nan nan
1986 05 10 nan nan nan
1986 05 11 nan nan nan
1986 05 12 nan nan nan
1986 05 13 nan nan nan
1986 05 14 nan nan nan
1986 05 15 nan nan nan
1986 05 16 nan nan nan
1986 05 17 nan nan nan
1986 05 18 nan nan nan
1986 05 19 nan nan nan
1986 05 20 nan nan nan
1986 05 21 nan nan nan
1986 05 22 nan nan nan
1986 05 23 nan nan nan
1986 05 24 nan nan nan
1986 05 25 nan nan nan
1986 05 26 nan nan nan
1986 05 27 nan nan nan
1986 05 28 nan nan nan
1986 05 29 nan nan nan
1986 05 30 nan nan nan
1986 05 31 nan nan nan
1986 06 01 35.400000 1 1
1986 06 02 33.200000 1 1
1986 06 03 31.700000 1 1
1986 06 04 30.200000 1 1
1986 06 05 29.900000 1 1
1986 06 06 26.700000 1 1
1986 06 07 24.500000 1 1
1986 06 08 23.300000 1 1
1986 06 09 23.100000 1 1
1986 06 10 22.900000 1 1
1986 06 11 22.900000 1 1
1986 06 12 22.500000 1 1
1986 06 13 21.900000 1 1
1986 06 14 21.000000 1 1
1986 06 15 20.300000 1 1
1986 06 16 19.700000 1 1
1986 06 17 19.400000 1 1
1986 06 18 19.700000 1 1
1986 06 19 19.400000 1 1
1986 06 20 18.800000 1 1
1986 06 21 18.200000 1 1
1986 06 22 18.000000 1 1
1986 06 23 17.700000 1 1
1986 06 24 17.400000 1 1
1986 06 25 16.800000 1 1
1986 06 26 16.500000 1 1
1986 06 27 16.300000 1 1
1986 06 28 15.800000 1 1
1986 06 29 15.500000 1 1
1986 06 30 15.800000 1 1
1986 07 01 15.800000 1 1
1986 07 02 15.000000 1 1
1986 07 03 14.500000 1 1
1986 07 04 14.300000 1 1
1986 07 05 14.000000 1 1
1986 07 06 13.800000 1 1
1986 07 07 13.500000 1 1
1986 07 08 13.300000 1 1
1986 07 09 12.800000 1 1
1986 07 10 12.500000 1 1
1986 07 11 12.300000 1 1
1986 07 12 12.000000 1 1
1986 07 13 11.500000 1 1
1986 07 14 11.300000 1 1
1986 07 15 11.100000 1 1
1986 07 16 11.100000 1 1
1986 07 17 11.300000 1 1
1986 07 18 11.100000 1 1
1986 07 19 10.900000 1 1
1986 07 20 10.700000 1 1
1986 07 21 10.500000 1 1
1986 07 22 10.300000 1 1
1986 07 23 10.100000 1 1
1986 07 24 9.900000 1 1
1986 07 25 9.900000 1 1
1986 07 26 9.700000 1 1
1986 07 27 9.900000 1 1
1986 07 28 9.700000 1 1
1986 07 29 9.700000 1 1
1986 07 30 9.500000 1 1
1986 07 31 9.310000 1 1
1986 08 01 9.120000 1 1
1986 08 02 9.120000 1 1
1986 08 03 10.900000 1 1
1986 08 04 9.900000 1 1
1986 08 05 10.500000 1 1
1986 08 06 10.700000 1 1
1986 08 07 10.100000 1 1
1986 08 08 9.700000 1 1
1986 08 09 9.700000 1 1
1986 08 10 9.500000 1 1
1986 08 11 9.310000 1 1
1986 08 12 8.740000 1 1
1986 08 13 8.170000 1 1
1986 08 14 8.550000 1 1
1986 08 15 9.500000 1 1
1986 08 16 11.100000 1 1
1986 08 17 16.300000 1 1
1986 08 18 17.100000 1 1
1986 08 19 16.500000 1 1
1986 08 20 15.800000 1 1
1986 08 21 14.000000 1 1
1986 08 22 11.800000 1 1
1986 08 23 10.700000 1 1
1986 08 24 9.700000 1 1
1986 08 25 9.120000 1 1
1986 08 26 13.000000 1 1
1986 08 27 15.300000 1 1
1986 08 28 15.500000 1 1
1986 08 29 15.500000 1 1
1986 08 30 16.300000 1 1
1986 08 31 15.500000 1 1
1986 09 01 14.500000 1 1
1986 09 02 14.300000 1 1
1986 09 03 12.500000 1 1
1986 09 04 11.100000 1 1
1986 09 05 12.000000 1 1
1986 09 06 10.900000 1 1
1986 09 07 11.100000 1 1
1986 09 08 10.100000 1 1
1986 09 09 8.930000 1 1
1986 09 10 8.170000 1 1
1986 09 11 7.600000 1 1
1986 09 12 7.440000 1 1
1986 09 13 7.440000 1 1
1986 09 14 9.310000 1 1
1986 09 15 7.980000 1 1
1986 09 16 7.440000 1 1
1986 09 17 7.270000 1 1
1986 09 18 7.440000 1 1
1986 09 19 6.780000 1 1
1986 09 20 6.780000 1 1
1986 09 21 6.780000 1 1
1986 09 22 7.110000 1 1
1986 09 23 7.600000 1 1
1986 09 24 9.120000 1 1
1986 09 25 10.300000 1 1
1986 09 26 16.800000 1 1
1986 09 27 22.600000 1 1
1986 09 28 20.000000 1 1
1986 09 29 17.100000 1 1
1986 09 30 14.000000 1 1
1986 10 01 11.300000 1 1
1986 10 02 9.900000 1 1
1986 10 03 8.930000 1 1
1986 10 04 7.980000 1 1
1986 10 05 10.300000 1 1
1986 10 06 9.500000 1 1
1986 10 07 8.740000 1 1
1986 10 08 7.790000 1 1
1986 10 09 11.100000 1 1
1986 10 10 17.100000 1 1
1986 10 11 23.900000 1 1
1986 10 12 26.700000 1 1
1986 10 13 27.300000 1 1
1986 10 14 28.400000 1 1
1986 10 15 23.200000 1 1
1986 10 16 23.300000 1 1
1986 10 17 20.000000 1 1
1986 10 18 18.200000 1 1
1986 10 19 13.800000 1 1
1986 10 20 10.500000 1 1
1986 10 21 9.500000 1 1
1986 10 22 9.120000 1 1
1986 10 23 10.300000 1 1
1986 10 24 15.500000 1 1
1986 10 25 17.100000 1 1
1986 10 26 13.300000 1 1
1986 10 27 12.000000 1 1
1986 10 28 10.500000 1 1
1986 10 29 8.930000 1 1
1986 10 30 7.600000 1 1
1986 10 31 6.780000 1 1
1986 11 01 6.280000 1 1
1986 11 02 6.940000 1 1
1986 11 03 6.780000 1 1
1986 11 04 6.280000 1 1
1986 11 05 6.780000 1 1
1986 11 06 6.610000 1 1
1986 11 07 6.450000 1 1
1986 11 08 8.170000 1 1
1986 11 09 7.600000 1 1
1986 11 10 6.280000 1 1
1986 11 11 6.780000 1 1
1986 11 12 12.300000 1 1
1986 11 13 11.500000 1 1
1986 11 14 12.000000 1 1
1986 11 15 10.500000 1 1
1986 11 16 9.700000 1 1
1986 11 17 9.500000 1 1
1986 11 18 9.120000 1 1
1986 11 19 8.740000 1 1
1986 11 20 16.300000 1 1
1986 11 21 20.300000 1 1
1986 11 22 21.300000 1 1
1986 11 23 20.300000 1 1
1986 11 24 15.000000 1 1
1986 11 25 13.500000 1 1
1986 11 26 12.800000 1 1
1986 11 27 13.800000 1 1
1986 11 28 15.000000 1 1
1986 11 29 15.300000 1 1
1986 11 30 18.000000 1 1
1986 12 01 18.200000 1 1
1986 12 02 17.400000 1 1
1986 12 03 17.100000 1 1
1986 12 04 21.600000 1 1
1986 12 05 30.200000 1 1
1986 12 06 29.900000 1 1
1986 12 07 32.800000 1 1
1986 12 08 40.200000 1 1
1986 12 09 38.900000 1 1
1986 12 10 33.200000 1 1
1986 12 11 25.600000 1 1
1986 12 12 23.500000 1 1
1986 12 13 23.800000 1 1
1986 12 14 29.900000 1 1
1986 12 15 29.900000 1 1
1986 12 16 27.300000 1 1
1986 12 17 25.600000 1 1
1986 12 18 23.800000 1 1
1986 12 19 23.900000 1 1
1986 12 20 23.500000 1 1
1986 12 21 23.300000 1 1
1986 12 22 22.900000 1 1
1986 12 23 21.600000 1 1
1986 12 24 19.100000 1 1
1986 12 25 15.800000 1 1
1986 12 26 14.800000 1 1
1986 12 27 14.300000 1 1
1986 12 28 34.100000 1 1
1986 12 29 35.800000 1 1
1986 12 30 23.600000 1 1
1986 12 31 21.900000 1 1
1987 01 01 nan nan nan
1987 01 02 nan nan nan
1987 01 03 nan nan nan
1987 01 04 nan nan nan
1987 01 05 nan nan nan
1987 01 06 nan nan nan
1987 01 07 nan nan nan
1987 01 08 nan nan nan
1987 01 09 nan nan nan
1987 01 10 nan nan nan
1987 01 11 nan nan nan
1987 01 12 nan nan nan
1987 01 13 nan nan nan
1987 01 14 nan nan nan
1987 01 15 nan nan nan
1987 01 16 nan nan nan
1987 01 17 nan nan nan
1987 01 18 nan nan nan
1987 01 19 nan nan nan
1987 01 20 nan nan nan
1987 01 21 nan nan nan
1987 01 22 nan nan nan
1987 01 23 nan nan nan
1987 01 24 nan nan nan
1987 01 25 nan nan nan
1987 01 26 nan nan nan
1987 01 27 nan nan nan
1987 01 28 nan nan nan
1987 01 29 nan nan nan
1987 01 30 nan nan nan
1987 01 31 nan nan nan
1987 02 01 nan nan nan
1987 02 02 nan nan nan
1987 02 03 nan nan nan
1987 02 04 nan nan nan
1987 02 05 nan nan nan
1987 02 06 nan nan nan
1987 02 07 nan nan nan
1987 02 08 nan nan nan
1987 02 09 nan nan nan
1987 02 10 nan nan nan
1987 02 11 nan nan nan
1987 02 12 nan nan nan
1987 02 13 nan nan nan
1987 02 14 nan nan nan
1987 02 15 nan nan nan
1987 02 16 nan nan nan
1987 02 17 nan nan nan
1987 02 18 nan nan nan
1987 02 19 nan nan nan
1987 02 20 nan nan nan
1987 02 21 nan nan nan
1987 02 22 nan nan nan
1987 02 23 nan nan nan
1987 02 24 nan nan nan
1987 02 25 nan nan nan
1987 02 26 nan nan nan
1987 02 27 nan nan nan
1987 02 28 nan nan nan
1987 03 01 nan nan nan
1987 03 02 nan nan nan
1987 03 03 nan nan nan
1987 03 04 nan nan nan
1987 03 05 nan nan nan
1987 03 06 nan nan nan
1987 03 07 nan nan nan
1987 03 08 nan nan nan
1987 03 09 nan nan nan
1987 03 10 nan nan nan
1987 03 11 nan nan nan
1987 03 12 nan nan nan
1987 03 13 nan nan nan
1987 03 14 nan nan nan
1987 03 15 nan nan nan
1987 03 16 nan nan nan
1987 03 17 nan nan nan
1987 03 18 nan nan nan
1987 03 19 nan nan nan
1987 03 20 nan nan nan
1987 03 21 nan nan nan
1987 03 22 nan nan nan
1987 03 23 nan nan nan
1987 03 24 nan nan nan
1987 03 25 nan nan nan
1987 03 26 nan nan nan
1987 03 27 nan nan nan
1987 03 28 nan nan nan
1987 03 29 nan nan nan
1987 03 30 nan nan nan
1987 03 31 nan nan nan
1987 04 01 nan nan nan
1987 04 02 nan nan nan
1987 04 03 nan nan nan
1987 04 04 nan nan nan
1987 04 05 nan nan nan
1987 04 06 nan nan nan
1987 04 07 nan nan nan
1987 04 08 nan nan nan
1987 04 09 nan nan nan
1987 04 10 nan nan nan
1987 04 11 nan nan nan
1987 04 12 nan nan nan
1987 04 13 nan nan nan
1987 04 14 nan nan nan
1987 04 15 nan nan nan
1987 04 16 nan nan nan
1987 04 17 nan nan nan
1987 04 18 nan nan nan
1987 04 19 nan nan nan
1987 04 20 nan nan nan
1987 04 21 nan nan nan
1987 04 22 nan nan nan
1987 04 23 nan nan nan
1987 04 24 nan nan nan
1987 04 25 nan nan nan
1987 04 26 nan nan nan
1987 04 27 nan nan nan
1987 04 28 nan nan nan
1987 04 29 nan nan nan
1987 04 30 nan nan nan
1987 05 01 nan nan nan
1987 05 02 nan nan nan
1987 05 03 nan nan nan
1987 05 04 nan nan nan
1987 05 05 nan nan nan
1987 05 06 nan nan nan
1987 05 07 nan nan nan
1987 05 08 nan nan nan
1987 05 09 nan nan nan
1987 05 10 nan nan nan
1987 05 11 nan nan nan
1987 05 12 nan nan nan
1987 05 13 nan nan nan
1987 05 14 nan nan nan
1987 05 15 nan nan nan
1987 05 16 nan nan nan
1987 05 17 nan nan nan
1987 05 18 nan nan nan
1987 05 19 nan nan nan
1987 05 20 nan nan nan
1987 05 21 nan nan nan
1987 05 22 nan nan nan
1987 05 23 nan nan nan
1987 05 24 nan nan nan
1987 05 25 nan nan nan
1987 05 26 nan nan nan
1987 05 27 nan nan nan
1987 05 28 nan nan nan
1987 05 29 nan nan nan
1987 05 30 nan nan nan
1987 05 31 nan nan nan
1987 06 01 nan nan nan
1987 06 02 nan nan nan
1987 06 03 nan nan nan
1987 06 04 nan nan nan
1987 06 05 nan nan nan
1987 06 06 nan nan nan
1987 06 07 nan nan nan
1987 06 08 nan nan nan
1987 06 09 nan nan nan
1987 06 10 nan nan nan
1987 06 11 nan nan nan
1987 06 12 nan nan nan
1987 06 13 nan nan nan
1987 06 14 nan nan nan
1987 06 15 nan nan nan
1987 06 16 nan nan nan
1987 06 17 nan nan nan
1987 06 18 nan nan nan
1987 06 19 nan nan nan
1987 06 20 nan nan nan
1987 06 21 nan nan nan
1987 06 22 nan nan nan
1987 06 23 nan nan nan
1987 06 24 nan nan nan
1987 06 25 nan nan nan
1987 06 26 nan nan nan
1987 06 27 nan nan nan
1987 06 28 nan nan nan
1987 06 29 nan nan nan
1987 06 30 nan nan nan
1987 07 01 8.360000 1 1
1987 07 02 7.980000 1 1
1987 07 03 7.600000 1 1
1987 07 04 7.440000 1 1
1987 07 05 7.270000 1 1
1987 07 06 7.110000 1 1
1987 07 07 6.940000 1 1
1987 07 08 6.780000 1 1
1987 07 09 6.610000 1 1
1987 07 10 6.450000 1 1
1987 07 11 6.450000 1 1
1987 07 12 6.280000 1 1
1987 07 13 6.120000 1 1
1987 07 14 6.120000 1 1
1987 07 15 5.950000 1 1
1987 07 16 5.810000 1 1
1987 07 17 5.660000 1 1
1987 07 18 5.370000 1 1
1987 07 19 5.230000 1 1
1987 07 20 5.080000 1 1
1987 07 21 4.940000 1 1
1987 07 22 4.790000 1 1
1987 07 23 4.790000 1 1
1987 07 24 4.650000 1 1
1987 07 25 4.500000 1 1
1987 07 26 4.500000 1 1
1987 07 27 4.380000 1 1
1987 07 28 4.380000 1 1
1987 07 29 4.260000 1 1
1987 07 30 4.130000 1 1
1987 07 31 4.130000 1 1
1987 08 01 4.130000 1 1
1987 08 02 4.010000 1 1
1987 08 03 3.890000 1 1
1987 08 04 3.890000 1 1
1987 08 05 3.770000 1 1
1987 08 06 3.770000 1 1
1987 08 07 3.650000 1 1
1987 08 08 3.650000 1 1
1987 08 09 3.650000 1 1
1987 08 10 3.520000 1 1
1987 08 11 3.520000 1 1
1987 08 12 3.400000 1 1
1987 08 13 3.400000 1 1
1987 08 14 3.400000 1 1
1987 08 15 3.280000 1 1
1987 08 16 3.280000 1 1
1987 08 17 3.280000 1 1
1987 08 18 3.280000 1 1
1987 08 19 3.170000 1 1
1987 08 20 3.170000 1 1
1987 08 21 3.170000 1 1
1987 08 22 3.060000 1 1
1987 08 23 3.060000 1 1
1987 08 24 2.960000 1 1
1987 08 25 2.960000 1 1
1987 08 26 2.850000 1 1
1987 08 27 2.740000 1 1
1987 08 28 2.630000 1 1
1987 08 29 2.520000 1 1
1987 08 30 2.520000 1 1
1987 08 31 2.420000 1 1
1987 09 01 2.310000 1 1
1987 09 02 2.630000 1 1
1987 09 03 2.960000 1 1
1987 09 04 3.170000 1 1
1987 09 05 3.770000 1 1
1987 09 06 4.380000 1 1
1987 09 07 4.500000 1 1
1987 09 08 4.380000 1 1
1987 09 09 4.260000 1 1
1987 09 10 4.260000 1 1
1987 09 11 4.500000 1 1
1987 09 12 4.500000 1 1
1987 09 13 4.260000 1 1
1987 09 14 4.010000 1 1
1987 09 15 4.010000 1 1
1987 09 16 3.890000 1 1
1987 09 17 3.890000 1 1
1987 09 18 3.890000 1 1
1987 09 19 4.010000 1 1
1987 09 20 3.890000 1 1
1987 09 21 3.890000 1 1
1987 09 22 7.790000 1 1
1987 09 23 7.110000 1 1
1987 09 24 6.450000 1 1
1987 09 25 5.520000 1 1
1987 09 26 5.230000 1 1
1987 09 27 4.650000 1 1
1987 09 28 4.260000 1 1
1987 09 29 4.010000 1 1
1987 09 30 3.770000 1 1
1987 10 01 5.520000 1 1
1987 10 02 7.270000 1 1
1987 10 03 12.300000 1 1
1987 10 04 10.900000 1 1
1987 10 05 10.100000 1 1
1987 10 06 9.700000 1 1
1987 10 07 8.550000 1 1
1987 10 08 7.600000 1 1
1987 10 09 7.270000 1 1
1987 10 10 6.940000 1 1
1987 10 11 6.280000 1 1
1987 10 12 6.780000 1 1
1987 10 13 6.610000 1 1
1987 10 14 6.120000 1 1
1987 10 15 5.810000 1 1
1987 10 16 6.120000 1 1
1987 10 17 6.940000 1 1
1987 10 18 7.110000 1 1
1987 10 19 6.610000 1 1
1987 10 20 6.120000 1 1
1987 10 21 5.810000 1 1
1987 10 22 6.450000 1 1
1987 10 23 7.270000 1 1
1987 10 24 6.610000 1 1
1987 10 25 6.120000 1 1
1987 10 26 5.660000 1 1
1987 10 27 5.230000 1 1
1987 10 28 4.650000 1 1
1987 10 29 5.230000 1 1
1987 10 30 6.280000 1 1
1987 10 31 7.270000 1 1
1987 11 01 8.170000 1 1
1987 11 02 8.740000 1 1
1987 11 03 9.310000 1 1
1987 11 04 10.100000 1 1
1987 11 05 10.500000 1 1
1987 11 06 11.300000 1 1
1987 11 07 12.300000 1 1
1987 11 08 13.300000 1 1
1987 11 09 14.000000 1 1
1987 11 10 14.800000 1 1
1987 11 11 15.500000 1 1
1987 11 12 16.000000 1 1
1987 11 13 nan nan 4
1987 11 14 nan nan 4
1987 11 15 nan nan 4
1987 11 16 nan nan 4
1987 11 17 nan nan 4
1987 11 18 nan nan 4
1987 11 19 nan nan 4
1987 11 20 nan nan 4
1987 11 21 nan nan 4
1987 11 22 nan nan 4
1987 11 23 nan nan 4
1987 11 24 nan nan 4
1987 11 25 nan nan 4
1987 11 26 nan nan 4
1987 11 27 nan nan 4
1987 11 28 nan nan 4
1987 11 29 nan nan 4
1987 11 30 nan nan 4
1987 12 01 nan nan nan
1987 12 02 nan nan nan
1987 12 03 nan nan nan
1987 12 04 nan nan nan
1987 12 05 nan nan nan
1987 12 06 nan nan nan
1987 12 07 nan nan nan
1987 12 08 nan nan nan
1987 12 09 nan nan nan
1987 12 10 nan nan nan
1987 12 11 nan nan nan
1987 12 12 nan nan nan
1987 12 13 nan nan nan
1987 12 14 nan nan nan
1987 12 15 nan nan nan
1987 12 16 nan nan nan
1987 12 17 nan nan nan
1987 12 18 nan nan nan
1987 12 19 nan nan nan
1987 12 20 nan nan nan
1987 12 21 nan nan nan
1987 12 22 nan nan nan
1987 12 23 nan nan nan
1987 12 24 nan nan nan
1987 12 25 nan nan nan
1987 12 26 nan nan nan
1987 12 27 nan nan nan
1987 12 28 nan nan nan
1987 12 29 nan nan nan
1987 12 30 nan nan nan
1987 12 31 nan nan nan
1988 01 01 nan nan nan
1988 01 02 nan nan nan
1988 01 03 nan nan nan
1988 01 04 nan nan nan
1988 01 05 nan nan nan
1988 01 06 nan nan nan
1988 01 07 nan nan nan
1988 01 08 nan nan nan
1988 01 09 nan nan nan
1988 01 10 nan nan nan
1988 01 11 nan nan nan
1988 01 12 nan nan nan
1988 01 13 nan nan nan
1988 01 14 nan nan nan
1988 01 15 nan nan nan
1988 01 16 nan nan nan
1988 01 17 nan nan nan
1988 01 18 nan nan nan
1988 01 19 nan nan nan
1988 01 20 nan nan nan
1988 01 21 nan nan nan
1988 01 22 nan nan nan
1988 01 23 nan nan nan
1988 01 24 nan nan nan
1988 01 25 nan nan nan
1988 01 26 nan nan nan
1988 01 27 nan nan nan
1988 01 28 nan nan nan
1988 01 29 nan nan nan
1988 01 30 nan nan nan
1988 01 31 nan nan nan
1988 02 01 nan nan nan
1988 02 02 nan nan nan
1988 02 03 nan nan nan
1988 02 04 nan nan nan
1988 02 05 nan nan nan
1988 02 06 nan nan nan
1988 02 07 nan nan nan
1988 02 08 nan nan nan
1988 02 09 nan nan nan
1988 02 10 nan nan nan
1988 02 11 nan nan nan
1988 02 12 nan nan nan
1988 02 13 nan nan nan
1988 02 14 nan nan nan
1988 02 15 nan nan nan
1988 02 16 nan nan nan
1988 02 17 nan nan nan
1988 02 18 nan nan nan
1988 02 19 nan nan nan
1988 02 20 nan nan nan
1988 02 21 nan nan nan
1988 02 22 nan nan nan
1988 02 23 nan nan nan
1988 02 24 nan nan nan
1988 02 25 nan nan nan
1988 02 26 nan nan nan
1988 02 27 nan nan nan
1988 02 28 nan nan nan
1988 02 29 nan nan nan
1988 03 01 nan nan nan
1988 03 02 nan nan nan
1988 03 03 nan nan nan
1988 03 04 nan nan nan
1988 03 05 nan nan nan
1988 03 06 nan nan nan
1988 03 07 nan nan nan
1988 03 08 nan nan nan
1988 03 09 nan nan nan
1988 03 10 nan nan nan
1988 03 11 nan nan nan
1988 03 12 nan nan nan
1988 03 13 nan nan nan
1988 03 14 nan nan nan
1988 03 15 nan nan nan
1988 03 16 nan nan nan
1988 03 17 nan nan nan
1988 03 18 nan nan nan
1988 03 19 nan nan nan
1988 03 20 nan nan nan
1988 03 21 nan nan nan
1988 03 22 nan nan nan
1988 03 23 nan nan nan
1988 03 24 nan nan nan
1988 03 25 nan nan nan
1988 03 26 nan nan nan
1988 03 27 nan nan nan
1988 03 28 nan nan nan
1988 03 29 nan nan nan
1988 03 30 nan nan nan
1988 03 31 nan nan nan
1988 04 01 nan nan nan
1988 04 02 nan nan nan
1988 04 03 nan nan nan
1988 04 04 nan nan nan
1988 04 05 nan nan nan
1988 04 06 nan nan nan
1988 04 07 nan nan nan
1988 04 08 nan nan nan
1988 04 09 nan nan nan
1988 04 10 nan nan nan
1988 04 11 nan nan nan
1988 04 12 nan nan nan
1988 04 13 nan nan nan
1988 04 14 nan nan nan
1988 04 15 nan nan nan
1988 04 16 nan nan nan
1988 04 17 nan nan nan
1988 04 18 nan nan nan
1988 04 19 nan nan nan
1988 04 20 nan nan nan
1988 04 21 nan nan nan
1988 04 22 nan nan nan
1988 04 23 nan nan nan
1988 04 24 nan nan nan
1988 04 25 nan nan nan
1988 04 26 nan nan nan
1988 04 27 nan nan nan
1988 04 28 nan nan nan
1988 04 29 nan nan nan
1988 04 30 nan nan nan
1988 05 01 nan nan nan
1988 05 02 nan nan nan
1988 05 03 nan nan nan
1988 05 04 nan nan nan
1988 05 05 nan nan nan
1988 05 06 nan nan nan
1988 05 07 nan nan nan
1988 05 08 nan nan nan
1988 05 09 nan nan nan
1988 05 10 nan nan nan
1988 05 11 nan nan nan
1988 05 12 nan nan nan
1988 05 13 nan nan nan
1988 05 14 nan nan nan
1988 05 15 nan nan nan
1988 05 16 nan nan nan
1988 05 17 nan nan nan
1988 05 18 nan nan nan
1988 05 19 nan nan nan
1988 05 20 nan nan nan
1988 05 21 nan nan nan
1988 05 22 nan nan nan
1988 05 23 nan nan nan
1988 05 24 nan nan nan
1988 05 25 nan nan nan
1988 05 26 nan nan nan
1988 05 27 nan nan nan
1988 05 28 nan nan nan
1988 05 29 nan nan nan
1988 05 30 nan nan nan
1988 05 31 nan nan nan
1988 06 01 19.700000 1 1
1988 06 02 19.400000 1 1
1988 06 03 19.100000 1 1
1988 06 04 18.800000 1 1
1988 06 05 18.200000 1 1
1988 06 06 18.000000 1 1
1988 06 07 17.400000 1 1
1988 06 08 17.100000 1 1
1988 06 09 17.100000 1 1
1988 06 10 16.800000 1 1
1988 06 11 16.500000 1 1
1988 06 12 16.300000 1 1
1988 06 13 16.000000 1 1
1988 06 14 15.800000 1 1
1988 06 15 15.500000 1 1
1988 06 16 15.500000 1 1
1988 06 17 15.500000 1 1
1988 06 18 15.300000 1 1
1988 06 19 15.300000 1 1
1988 06 20 15.000000 1 1
1988 06 21 14.500000 1 1
1988 06 22 14.000000 1 1
1988 06 23 13.800000 1 1
1988 06 24 13.500000 1 1
1988 06 25 13.300000 1 1
1988 06 26 13.000000 1 1
1988 06 27 12.800000 1 1
1988 06 28 12.500000 1 1
1988 06 29 12.300000 1 1
1988 06 30 12.000000 1 1
1988 07 01 11.800000 1 1
1988 07 02 11.500000 1 1
1988 07 03 11.500000 1 1
1988 07 04 11.100000 1 1
1988 07 05 10.700000 1 1
1988 07 06 10.500000 1 1
1988 07 07 10.300000 1 1
1988 07 08 10.100000 1 1
1988 07 09 10.100000 1 1
1988 07 10 10.100000 1 1
1988 07 11 9.900000 1 1
1988 07 12 9.700000 1 1
1988 07 13 9.310000 1 1
1988 07 14 9.120000 1 1
1988 07 15 9.120000 1 1
1988 07 16 9.120000 1 1
1988 07 17 9.120000 1 1
1988 07 18 8.930000 1 1
1988 07 19 8.740000 1 1
1988 07 20 8.550000 1 1
1988 07 21 8.550000 1 1
1988 07 22 8.360000 1 1
1988 07 23 8.170000 1 1
1988 07 24 7.980000 1 1
1988 07 25 7.600000 1 1
1988 07 26 7.600000 1 1
1988 07 27 7.440000 1 1
1988 07 28 7.440000 1 1
1988 07 29 7.270000 1 1
1988 07 30 7.110000 1 1
1988 07 31 7.110000 1 1
1988 08 01 6.940000 1 1
1988 08 02 6.780000 1 1
1988 08 03 6.610000 1 1
1988 08 04 6.610000 1 1
1988 08 05 6.450000 1 1
1988 08 06 6.280000 1 1
1988 08 07 6.120000 1 1
1988 08 08 5.950000 1 1
1988 08 09 5.950000 1 1
1988 08 10 5.810000 1 1
1988 08 11 5.810000 1 1
1988 08 12 5.660000 1 1
1988 08 13 5.520000 1 1
1988 08 14 5.520000 1 1
1988 08 15 5.370000 1 1
1988 08 16 5.370000 1 1
1988 08 17 5.230000 1 1
1988 08 18 5.080000 1 1
1988 08 19 5.080000 1 1
1988 08 20 4.940000 1 1
1988 08 21 4.940000 1 1
1988 08 22 4.790000 1 1
1988 08 23 4.790000 1 1
1988 08 24 4.790000 1 1
1988 08 25 4.650000 1 1
1988 08 26 4.650000 1 1
1988 08 27 4.650000 1 1
1988 08 28 4.650000 1 1
1988 08 29 4.500000 1 1
1988 08 30 4.500000 1 1
1988 08 31 4.500000 1 1
1988 09 01 4.500000 1 1
1988 09 02 4.370000 1 1
1988 09 03 4.370000 1 1
1988 09 04 4.370000 1 1
1988 09 05 4.370000 1 1
1988 09 06 4.230000 1 1
1988 09 07 4.230000 1 1
1988 09 08 4.100000 1 1
1988 09 09 4.100000 1 1
1988 09 10 3.960000 1 1
1988 09 11 3.960000 1 1
1988 09 12 3.960000 1 1
1988 09 13 3.830000 1 1
1988 09 14 3.830000 1 1
1988 09 15 3.690000 1 1
1988 09 16 4.790000 1 1
1988 09 17 5.230000 1 1
1988 09 18 4.790000 1 1
1988 09 19 4.230000 1 1
1988 09 20 3.960000 1 1
1988 09 21 3.830000 1 1
1988 09 22 3.830000 1 1
1988 09 23 3.690000 1 1
1988 09 24 3.560000 1 1
1988 09 25 3.420000 1 1
1988 09 26 3.150000 1 1
1988 09 27 2.960000 1 1
1988 09 28 2.870000 1 1
1988 09 29 2.770000 1 1
1988 09 30 2.680000 1 1
1988 10 01 3.060000 1 1
1988 10 02 2.960000 1 1
1988 10 03 2.870000 1 1
1988 10 04 2.770000 1 1
1988 10 05 2.870000 1 1
1988 10 06 3.560000 1 1
1988 10 07 4.230000 1 1
1988 10 08 4.650000 1 1
1988 10 09 5.080000 1 1
1988 10 10 5.080000 1 1
1988 10 11 4.940000 1 1
1988 10 12 5.080000 1 1
1988 10 13 6.610000 1 1
1988 10 14 5.950000 1 1
1988 10 15 5.520000 1 1
1988 10 16 5.080000 1 1
1988 10 17 5.810000 1 1
1988 10 18 6.120000 1 1
1988 10 19 6.280000 1 1
1988 10 20 7.110000 1 1
1988 10 21 6.940000 1 1
1988 10 22 5.370000 1 1
1988 10 23 4.370000 1 1
1988 10 24 7.270000 1 1
1988 10 25 7.600000 1 1
1988 10 26 8.170000 1 1
1988 10 27 7.790000 1 1
1988 10 28 6.450000 1 1
1988 10 29 4.790000 1 1
1988 10 30 4.940000 1 1
1988 10 31 5.520000 1 1
1988 11 01 5.810000 1 1
1988 11 02 7.790000 1 1
1988 11 03 8.930000 1 1
1988 11 04 9.310000 1 1
1988 11 05 10.100000 1 1
1988 11 06 10.100000 1 1
1988 11 07 8.930000 1 1
1988 11 08 9.900000 1 1
1988 11 09 9.120000 1 1
1988 11 10 7.980000 1 1
1988 11 11 7.600000 1 1
1988 11 12 6.940000 1 1
1988 11 13 6.120000 1 1
1988 11 14 4.790000 1 1
1988 11 15 7.270000 1 1
1988 11 16 7.440000 1 1
1988 11 17 7.980000 1 1
1988 11 18 7.600000 1 1
1988 11 19 7.110000 1 1
1988 11 20 10.900000 1 1
1988 11 21 14.000000 1 1
1988 11 22 13.500000 1 1
1988 11 23 13.300000 1 1
1988 11 24 11.800000 1 1
1988 11 25 10.500000 1 1
1988 11 26 10.900000 1 1
1988 11 27 13.000000 1 1
1988 11 28 21.000000 1 1
1988 11 29 16.300000 1 1
1988 11 30 14.800000 1 1
1988 12 01 22.800000 1 1
1988 12 02 36.600000 1 1
1988 12 03 30.200000 1 1
1988 12 04 23.800000 1 1
1988 12 05 23.300000 1 1
1988 12 06 27.300000 1 1
1988 12 07 26.100000 1 1
1988 12 08 25.000000 1 1
1988 12 09 25.000000 1 1
1988 12 10 26.100000 1 1
1988 12 11 26.700000 1 1
1988 12 12 42.000000 1 1
1988 12 13 35.400000 1 1
1988 12 14 38.000000 1 1
1988 12 15 42.000000 1 1
1988 12 16 38.000000 1 1
1988 12 17 34.100000 1 1
1988 12 18 29.500000 1 1
1988 12 19 27.300000 1 1
1988 12 20 26.100000 1 1
1988 12 21 23.800000 1 1
1988 12 22 22.900000 1 1
1988 12 23 22.500000 1 1
1988 12 24 34.900000 1 1
1988 12 25 37.100000 1 1
1988 12 26 37.100000 1 1
1988 12 27 35.400000 1 1
1988 12 28 43.800000 1 1
1988 12 29 42.000000 1 1
1988 12 30 47.000000 1 1
1988 12 31 43.800000 1 1
1989 01 01 48.900000 1 1
1989 01 02 93.000000 1 1
1989 01 03 103.000000 1 1
1989 01 04 90.200000 1 1
1989 01 05 82.900000 1 1
1989 01 06 64.300000 1 1
1989 01 07 55.000000 1 1
1989 01 08 46.500000 1 1
1989 01 09 58.800000 1 1
1989 01 10 62.000000 1 1
1989 01 11 54.000000 1 1
1989 01 12 69.600000 1 1
1989 01 13 49.400000 1 1
1989 01 14 48.400000 1 1
1989 01 15 46.100000 1 1
1989 01 16 43.400000 1 1
1989 01 17 44.700000 1 1
1989 01 18 36.600000 1 1
1989 01 19 32.100000 1 1
1989 01 20 29.500000 1 1
1989 01 21 27.800000 1 1
1989 01 22 33.200000 1 1
1989 01 23 28.400000 1 1
1989 01 24 27.300000 1 1
1989 01 25 27.800000 1 1
1989 01 26 28.900000 1 1
1989 01 27 26.100000 1 1
1989 01 28 52.400000 1 1
1989 01 29 60.400000 1 1
1989 01 30 58.800000 1 1
1989 01 31 57.100000 1 1
1989 02 01 117.000000 1 1
1989 02 02 100.000000 1 1
1989 02 03 80.400000 1 1
1989 02 04 70.200000 1 1
1989 02 05 60.900000 1 1
1989 02 06 52.900000 1 1
1989 02 07 44.700000 1 1
1989 02 08 45.200000 1 1
1989 02 09 45.600000 1 1
1989 02 10 47.900000 1 1
1989 02 11 87.400000 1 1
1989 02 12 105.000000 1 1
1989 02 13 81.700000 1 1
1989 02 14 72.500000 1 1
1989 02 15 70.200000 1 1
1989 02 16 93.700000 1 1
1989 02 17 106.000000 1 1
1989 02 18 109.000000 1 1
1989 02 19 105.000000 1 1
1989 02 20 91.600000 1 1
1989 02 21 81.700000 1 1
1989 02 22 63.700000 1 1
1989 02 23 57.700000 1 1
1989 02 24 54.000000 1 1
1989 02 25 55.000000 1 1
1989 02 26 49.400000 1 1
1989 02 27 46.500000 1 1
1989 02 28 46.100000 1 1
1989 03 01 42.900000 1 1
1989 03 02 49.900000 1 1
1989 03 03 48.900000 1 1
1989 03 04 44.300000 1 1
1989 03 05 40.700000 1 1
1989 03 06 35.800000 1 1
1989 03 07 32.800000 1 1
1989 03 08 31.700000 1 1
1989 03 09 30.600000 1 1
1989 03 10 29.500000 1 1
1989 03 11 31.400000 1 1
1989 03 12 32.800000 1 1
1989 03 13 40.200000 1 1
1989 03 14 41.100000 1 1
1989 03 15 40.700000 1 1
1989 03 16 38.400000 1 1
1989 03 17 35.400000 1 1
1989 03 18 38.000000 1 1
1989 03 19 39.300000 1 1
1989 03 20 39.800000 1 1
1989 03 21 41.100000 1 1
1989 03 22 37.500000 1 1
1989 03 23 36.600000 1 1
1989 03 24 37.100000 1 1
1989 03 25 37.100000 1 1
1989 03 26 37.100000 1 1
1989 03 27 35.800000 1 1
1989 03 28 34.900000 1 1
1989 03 29 34.100000 1 1
1989 03 30 33.200000 1 1
1989 03 31 31.000000 1 1
1989 04 01 29.500000 1 1
1989 04 02 27.800000 1 1
1989 04 03 26.100000 1 1
1989 04 04 24.500000 1 1
1989 04 05 26.100000 1 1
1989 04 06 25.600000 1 1
1989 04 07 24.500000 1 1
1989 04 08 23.900000 1 1
1989 04 09 25.000000 1 1
1989 04 10 24.500000 1 1
1989 04 11 23.600000 1 1
1989 04 12 27.800000 1 1
1989 04 13 31.000000 1 1
1989 04 14 41.100000 1 1
1989 04 15 40.200000 1 1
1989 04 16 38.000000 1 1
1989 04 17 35.400000 1 1
1989 04 18 33.600000 1 1
1989 04 19 32.500000 1 1
1989 04 20 30.200000 1 1
1989 04 21 29.500000 1 1
1989 04 22 35.800000 1 1
1989 04 23 35.800000 1 1
1989 04 24 36.200000 1 1
1989 04 25 40.200000 1 1
1989 04 26 38.400000 1 1
1989 04 27 54.500000 1 1
1989 04 28 53.400000 1 1
1989 04 29 54.000000 1 1
1989 04 30 53.400000 1 1
1989 05 01 53.400000 1 1
1989 05 02 47.000000 1 1
1989 05 03 45.600000 1 1
1989 05 04 43.400000 1 1
1989 05 05 45.600000 1 1
1989 05 06 50.800000 1 1
1989 05 07 52.400000 1 1
1989 05 08 47.900000 1 1
1989 05 09 42.000000 1 1
1989 05 10 35.400000 1 1
1989 05 11 31.700000 1 1
1989 05 12 28.900000 1 1
1989 05 13 26.700000 1 1
1989 05 14 24.500000 1 1
1989 05 15 23.600000 1 1
1989 05 16 23.300000 1 1
1989 05 17 23.200000 1 1
1989 05 18 23.100000 1 1
1989 05 19 23.100000 1 1
1989 05 20 22.900000 1 1
1989 05 21 22.500000 1 1
1989 05 22 21.900000 1 1
1989 05 23 21.000000 1 1
1989 05 24 20.300000 1 1
1989 05 25 19.700000 1 1
1989 05 26 19.400000 1 1
1989 05 27 19.100000 1 1
1989 05 28 18.800000 1 1
1989 05 29 18.800000 1 1
1989 05 30 18.500000 1 1
1989 05 31 18.200000 1 1
1989 06 01 18.200000 1 1
1989 06 02 18.000000 1 1
1989 06 03 17.700000 1 1
1989 06 04 17.400000 1 1
1989 06 05 17.100000 1 1
1989 06 06 16.800000 1 1
1989 06 07 16.300000 1 1
1989 06 08 15.800000 1 1
1989 06 09 15.500000 1 1
1989 06 10 15.300000 1 1
1989 06 11 15.000000 1 1
1989 06 12 15.000000 1 1
1989 06 13 15.000000 1 1
1989 06 14 14.800000 1 1
1989 06 15 16.000000 1 1
1989 06 16 16.800000 1 1
1989 06 17 17.700000 1 1
1989 06 18 17.400000 1 1
1989 06 19 17.100000 1 1
1989 06 20 16.500000 1 1
1989 06 21 16.000000 1 1
1989 06 22 15.500000 1 1
1989 06 23 15.000000 1 1
1989 06 24 14.500000 1 1
1989 06 25 14.300000 1 1
1989 06 26 15.000000 1 1
1989 06 27 14.800000 1 1
1989 06 28 14.000000 1 1
1989 06 29 13.800000 1 1
1989 06 30 16.300000 1 1
1989 07 01 16.500000 1 1
1989 07 02 15.800000 1 1
1989 07 03 18.800000 1 1
1989 07 04 16.000000 1 1
1989 07 05 14.300000 1 1
1989 07 06 13.800000 1 1
1989 07 07 13.300000 1 1
1989 07 08 13.300000 1 1
1989 07 09 13.000000 1 1
1989 07 10 13.000000 1 1
1989 07 11 12.800000 1 1
1989 07 12 12.300000 1 1
1989 07 13 12.000000 1 1
1989 07 14 11.800000 1 1
1989 07 15 11.500000 1 1
1989 07 16 11.100000 1 1
1989 07 17 10.500000 1 1
1989 07 18 10.300000 1 1
1989 07 19 10.100000 1 1
1989 07 20 9.900000 1 1
1989 07 21 9.700000 1 1
1989 07 22 9.500000 1 1
1989 07 23 9.120000 1 1
1989 07 24 8.930000 1 1
1989 07 25 8.740000 1 1
1989 07 26 8.740000 1 1
1989 07 27 8.740000 1 1
1989 07 28 8.740000 1 1
1989 07 29 8.550000 1 1
1989 07 30 8.550000 1 1
1989 07 31 8.360000 1 1
1989 08 01 8.550000 1 1
1989 08 02 8.360000 1 1
1989 08 03 8.360000 1 1
1989 08 04 8.550000 1 1
1989 08 05 9.700000 1 1
1989 08 06 9.900000 1 1
1989 08 07 9.900000 1 1
1989 08 08 9.700000 1 1
1989 08 09 11.800000 1 1
1989 08 10 12.800000 1 1
1989 08 11 12.000000 1 1
1989 08 12 11.300000 1 1
1989 08 13 9.120000 1 1
1989 08 14 8.170000 1 1
1989 08 15 7.600000 1 1
1989 08 16 7.440000 1 1
1989 08 17 6.940000 1 1
1989 08 18 10.500000 1 1
1989 08 19 9.700000 1 1
1989 08 20 12.300000 1 1
1989 08 21 11.100000 1 1
1989 08 22 9.900000 1 1
1989 08 23 8.550000 1 1
1989 08 24 9.120000 1 1
1989 08 25 11.500000 1 1
1989 08 26 10.300000 1 1
1989 08 27 9.120000 1 1
1989 08 28 10.700000 1 1
1989 08 29 11.100000 1 1
1989 08 30 10.100000 1 1
1989 08 31 9.500000 1 1
1989 09 01 10.700000 1 1
1989 09 02 13.800000 1 1
1989 09 03 12.000000 1 1
1989 09 04 9.900000 1 1
1989 09 05 8.930000 1 1
1989 09 06 7.980000 1 1
1989 09 07 7.440000 1 1
1989 09 08 7.270000 1 1
1989 09 09 6.780000 1 2
1989 09 10 6.450000 1 2
1989 09 11 6.120000 1 2
1989 09 12 5.810000 1 2
1989 09 13 5.520000 1 2
1989 09 14 5.370000 1 2
1989 09 15 5.230000 1 2
1989 09 16 5.080000 1 2
1989 09 17 4.940000 1 2
1989 09 18 4.790000 1 2
1989 09 19 4.650000 1 2
1989 09 20 4.500000 1 2
1989 09 21 4.370000 1 2
1989 09 22 4.100000 1 2
1989 09 23 3.960000 1 2
1989 09 24 3.960000 1 2
1989 09 25 3.830000 1 2
1989 09 26 3.690000 1 2
1989 09 27 3.690000 1 2
1989 09 28 3.560000 1 2
1989 09 29 3.560000 1 2
1989 09 30 3.690000 1 2
1989 10 01 3.830000 1 1
1989 10 02 4.370000 1 1
1989 10 03 4.100000 1 1
1989 10 04 4.230000 1 1
1989 10 05 4.650000 1 1
1989 10 06 6.280000 1 1
1989 10 07 6.120000 1 1
1989 10 08 5.810000 1 1
1989 10 09 6.610000 1 1
1989 10 10 6.280000 1 1
1989 10 11 6.120000 1 1
1989 10 12 5.520000 1 1
1989 10 13 5.080000 1 1
1989 10 14 6.120000 1 1
1989 10 15 7.790000 1 1
1989 10 16 10.900000 1 1
1989 10 17 10.900000 1 1
1989 10 18 9.900000 1 1
1989 10 19 7.600000 1 1
1989 10 20 6.120000 1 1
1989 10 21 5.370000 1 1
1989 10 22 4.790000 1 1
1989 10 23 4.500000 1 1
1989 10 24 4.230000 1 1
1989 10 25 4.230000 1 1
1989 10 26 4.500000 1 1
1989 10 27 7.110000 1 1
1989 10 28 9.310000 1 1
1989 10 29 8.550000 1 1
1989 10 30 9.120000 1 1
1989 10 31 8.550000 1 1
1989 11 01 8.360000 1 1
1989 11 02 11.800000 1 1
1989 11 03 10.900000 1 1
1989 11 04 10.300000 1 1
1989 11 05 8.930000 1 1
1989 11 06 12.000000 1 1
1989 11 07 10.500000 1 1
1989 11 08 9.120000 1 1
1989 11 09 9.310000 1 1
1989 11 10 14.300000 1 1
1989 11 11 19.100000 1 1
1989 11 12 19.700000 1 1
1989 11 13 18.500000 1 1
1989 11 14 14.500000 1 1
1989 11 15 9.700000 1 1
1989 11 16 7.980000 1 1
1989 11 17 7.440000 1 1
1989 11 18 7.270000 1 1
1989 11 19 6.940000 1 1
1989 11 20 6.280000 1 1
1989 11 21 6.940000 1 1
1989 11 22 6.280000 1 1
1989 11 23 6.120000 1 1
1989 11 24 5.810000 1 1
1989 11 25 4.650000 1 1
1989 11 26 3.960000 1 1
1989 11 27 3.690000 1 1
1989 11 28 14.800000 1 1
1989 11 29 21.900000 1 1
1989 11 30 19.700000 1 1
1989 12 01 15.000000 1 1
1989 12 02 12.800000 1 1
1989 12 03 11.500000 1 1
1989 12 04 9.120000 1 1
1989 12 05 9.700000 1 1
1989 12 06 17.700000 1 1
1989 12 07 20.300000 1 1
1989 12 08 16.800000 1 1
1989 12 09 14.500000 1 1
1989 12 10 11.800000 1 1
1989 12 11 nan nan 0
1989 12 12 nan nan 0
1989 12 13 nan nan 0
1989 12 14 nan nan 0
1989 12 15 nan nan 0
1989 12 16 nan nan 0
1989 12 17 nan nan 0
1989 12 18 nan nan 0
1989 12 19 nan nan 0
1989 12 20 nan nan 0
1989 12 21 nan nan 0
1989 12 22 nan nan 0
1989 12 23 nan nan 0
1989 12 24 nan nan 0
1989 12 25 nan nan 0
1989 12 26 nan nan 0
1989 12 27 nan nan 0
1989 12 28 nan nan 0
1989 12 29 nan nan 0
1989 12 30 nan nan 0
1989 12 31 nan nan 0
1990 01 01 nan nan nan
1990 01 02 nan nan nan
1990 01 03 nan nan nan
1990 01 04 nan nan nan
1990 01 05 nan nan nan
1990 01 06 nan nan nan
1990 01 07 nan nan nan
1990 01 08 nan nan nan
1990 01 09 nan nan nan
1990 01 10 nan nan nan
1990 01 11 nan nan nan
1990 01 12 nan nan nan
1990 01 13 nan nan nan
1990 01 14 nan nan nan
1990 01 15 nan nan nan
1990 01 16 nan nan nan
1990 01 17 nan nan nan
1990 01 18 nan nan nan
1990 01 19 nan nan nan
1990 01 20 nan nan nan
1990 01 21 nan nan nan
1990 01 22 nan nan nan
1990 01 23 nan nan nan
1990 01 24 nan nan nan
1990 01 25 nan nan nan
1990 01 26 nan nan nan
1990 01 27 nan nan nan
1990 01 28 nan nan nan
1990 01 29 nan nan nan
1990 01 30 nan nan nan
1990 01 31 nan nan nan
1990 02 01 nan nan nan
1990 02 02 nan nan nan
1990 02 03 nan nan nan
1990 02 04 nan nan nan
1990 02 05 nan nan nan
1990 02 06 nan nan nan
1990 02 07 nan nan nan
1990 02 08 nan nan nan
1990 02 09 nan nan nan
1990 02 10 nan nan nan
1990 02 11 nan nan nan
1990 02 12 nan nan nan
1990 02 13 nan nan nan
1990 02 14 nan nan nan
1990 02 15 nan nan nan
1990 02 16 nan nan nan
1990 02 17 nan nan nan
1990 02 18 nan nan nan
1990 02 19 nan nan nan
1990 02 20 nan nan nan
1990 02 21 nan nan nan
1990 02 22 nan nan nan
1990 02 23 nan nan nan
1990 02 24 nan nan nan
1990 02 25 nan nan nan
1990 02 26 nan nan nan
1990 02 27 nan nan nan
1990 02 28 nan nan nan
1990 03 01 nan nan nan
1990 03 02 nan nan nan
1990 03 03 nan nan nan
1990 03 04 nan nan nan
1990 03 05 nan nan nan
1990 03 06 nan nan nan
1990 03 07 nan nan nan
1990 03 08 nan nan nan
1990 03 09 nan nan nan
1990 03 10 nan nan nan
1990 03 11 nan nan nan
1990 03 12 nan nan nan
1990 03 13 nan nan nan
1990 03 14 nan nan nan
1990 03 15 nan nan nan
1990 03 16 nan nan nan
1990 03 17 nan nan nan
1990 03 18 nan nan nan
1990 03 19 nan nan nan
1990 03 20 nan nan nan
1990 03 21 nan nan nan
1990 03 22 nan nan nan
1990 03 23 nan nan nan
1990 03 24 nan nan nan
1990 03 25 nan nan nan
1990 03 26 nan nan nan
1990 03 27 nan nan nan
1990 03 28 nan nan nan
1990 03 29 nan nan nan
1990 03 30 nan nan nan
1990 03 31 nan nan nan
1990 04 01 nan nan nan
1990 04 02 nan nan nan
1990 04 03 nan nan nan
1990 04 04 nan nan nan
1990 04 05 nan nan nan
1990 04 06 nan nan nan
1990 04 07 nan nan nan
1990 04 08 nan nan nan
1990 04 09 nan nan nan
1990 04 10 nan nan nan
1990 04 11 nan nan nan
1990 04 12 nan nan nan
1990 04 13 nan nan nan
1990 04 14 nan nan nan
1990 04 15 nan nan nan
1990 04 16 nan nan nan
1990 04 17 nan nan nan
1990 04 18 nan nan nan
1990 04 19 nan nan nan
1990 04 20 nan nan nan
1990 04 21 nan nan nan
1990 04 22 nan nan nan
1990 04 23 nan nan nan
1990 04 24 nan nan nan
1990 04 25 nan nan nan
1990 04 26 nan nan nan
1990 04 27 nan nan nan
1990 04 28 nan nan nan
1990 04 29 nan nan nan
1990 04 30 nan nan nan
1990 05 01 nan nan nan
1990 05 02 nan nan nan
1990 05 03 nan nan nan
1990 05 04 nan nan nan
1990 05 05 nan nan nan
1990 05 06 nan nan nan
1990 05 07 nan nan nan
1990 05 08 nan nan nan
1990 05 09 nan nan nan
1990 05 10 nan nan nan
1990 05 11 nan nan nan
1990 05 12 nan nan nan
1990 05 13 nan nan nan
1990 05 14 nan nan nan
1990 05 15 nan nan nan
1990 05 16 nan nan nan
1990 05 17 nan nan nan
1990 05 18 nan nan nan
1990 05 19 nan nan nan
1990 05 20 nan nan nan
1990 05 21 nan nan nan
1990 05 22 nan nan nan
1990 05 23 nan nan nan
1990 05 24 nan nan nan
1990 05 25 nan nan nan
1990 05 26 nan nan nan
1990 05 27 nan nan nan
1990 05 28 nan nan nan
1990 05 29 nan nan nan
1990 05 30 nan nan nan
1990 05 31 nan nan nan
1990 06 01 nan nan nan
1990 06 02 nan nan nan
1990 06 03 nan nan nan
1990 06 04 nan nan nan
1990 06 05 nan nan nan
1990 06 06 nan nan nan
1990 06 07 nan nan nan
1990 06 08 nan nan nan
1990 06 09 nan nan nan
1990 06 10 nan nan nan
1990 06 11 nan nan nan
1990 06 12 nan nan nan
1990 06 13 nan nan nan
1990 06 14 nan nan nan
1990 06 15 nan nan nan
1990 06 16 nan nan nan
1990 06 17 nan nan nan
1990 06 18 nan nan nan
1990 06 19 nan nan nan
1990 06 20 nan nan nan
1990 06 21 nan nan nan
1990 06 22 nan nan nan
1990 06 23 nan nan nan
1990 06 24 nan nan nan
1990 06 25 nan nan nan
1990 06 26 nan nan nan
1990 06 27 nan nan nan
1990 06 28 nan nan nan
1990 06 29 nan nan nan
1990 06 30 nan nan nan
1990 07 01 nan nan nan
1990 07 02 nan nan nan
1990 07 03 nan nan nan
1990 07 04 nan nan nan
1990 07 05 nan nan nan
1990 07 06 nan nan nan
1990 07 07 nan nan nan
1990 07 08 nan nan nan
1990 07 09 nan nan nan
1990 07 10 nan nan nan
1990 07 11 nan nan nan
1990 07 12 nan nan nan
1990 07 13 nan nan nan
1990 07 14 nan nan nan
1990 07 15 nan nan nan
1990 07 16 nan nan nan
1990 07 17 nan nan nan
1990 07 18 nan nan nan
1990 07 19 nan nan nan
1990 07 20 nan nan nan
1990 07 21 nan nan nan
1990 07 22 nan nan nan
1990 07 23 nan nan nan
1990 07 24 nan nan nan
1990 07 25 nan nan nan
1990 07 26 nan nan nan
1990 07 27 nan nan nan
1990 07 28 nan nan nan
1990 07 29 nan nan nan
1990 07 30 nan nan nan
1990 07 31 nan nan nan
1990 08 01 nan nan nan
1990 08 02 nan nan nan
1990 08 03 nan nan nan
1990 08 04 nan nan nan
1990 08 05 nan nan nan
1990 08 06 nan nan nan
1990 08 07 nan nan nan
1990 08 08 nan nan nan
1990 08 09 nan nan nan
1990 08 10 nan nan nan
1990 08 11 nan nan nan
1990 08 12 nan nan nan
1990 08 13 nan nan nan
1990 08 14 nan nan nan
1990 08 15 nan nan nan
1990 08 16 nan nan nan
1990 08 17 nan nan nan
1990 08 18 nan nan nan
1990 08 19 nan nan nan
1990 08 20 nan nan nan
1990 08 21 nan nan nan
1990 08 22 nan nan nan
1990 08 23 nan nan nan
1990 08 24 nan nan nan
1990 08 25 nan nan nan
1990 08 26 nan nan nan
1990 08 27 nan nan nan
1990 08 28 nan nan nan
1990 08 29 nan nan nan
1990 08 30 nan nan nan
1990 08 31 nan nan nan
1990 09 01 nan nan nan
1990 09 02 nan nan nan
1990 09 03 nan nan nan
1990 09 04 nan nan nan
1990 09 05 nan nan nan
1990 09 06 nan nan nan
1990 09 07 nan nan nan
1990 09 08 nan nan nan
1990 09 09 nan nan nan
1990 09 10 nan nan nan
1990 09 11 nan nan nan
1990 09 12 nan nan nan
1990 09 13 nan nan nan
1990 09 14 nan nan nan
1990 09 15 nan nan nan
1990 09 16 nan nan nan
1990 09 17 nan nan nan
1990 09 18 nan nan nan
1990 09 19 nan nan nan
1990 09 20 nan nan nan
1990 09 21 nan nan nan
1990 09 22 nan nan nan
1990 09 23 nan nan nan
1990 09 24 nan nan nan
1990 09 25 nan nan nan
1990 09 26 nan nan nan
1990 09 27 nan nan nan
1990 09 28 nan nan nan
1990 09 29 nan nan nan
1990 09 30 nan nan nan
1990 10 01 nan nan nan
1990 10 02 nan nan nan
1990 10 03 nan nan nan
1990 10 04 nan nan nan
1990 10 05 nan nan nan
1990 10 06 nan nan nan
1990 10 07 nan nan nan
1990 10 08 nan nan nan
1990 10 09 nan nan nan
1990 10 10 nan nan nan
1990 10 11 nan nan nan
1990 10 12 nan nan nan
1990 10 13 nan nan nan
1990 10 14 nan nan nan
1990 10 15 nan nan nan
1990 10 16 nan nan nan
1990 10 17 nan nan nan
1990 10 18 nan nan nan
1990 10 19 nan nan nan
1990 10 20 nan nan nan
1990 10 21 nan nan nan
1990 10 22 nan nan nan
1990 10 23 nan nan nan
1990 10 24 nan nan nan
1990 10 25 nan nan nan
1990 10 26 nan nan nan
1990 10 27 nan nan nan
1990 10 28 nan nan nan
1990 10 29 nan nan nan
1990 10 30 nan nan nan
1990 10 31 nan nan nan
1990 11 01 nan nan 0
1990 11 02 nan nan 0
1990 11 03 nan nan 0
1990 11 04 nan nan 0
1990 11 05 nan nan 0
1990 11 06 nan nan 0
1990 11 07 nan nan 0
1990 11 08 nan nan 0
1990 11 09 nan nan 0
1990 11 10 nan nan 0
1990 11 11 nan nan 0
1990 11 12 nan nan 0
1990 11 13 nan nan 0
1990 11 14 8.550000 1 1
1990 11 15 9.500000 1 1
1990 11 16 12.800000 1 1
1990 11 17 10.700000 1 1
1990 11 18 9.120000 1 1
1990 11 19 8.740000 1 1
1990 11 20 7.790000 1 1
1990 11 21 12.300000 1 1
1990 11 22 13.800000 1 1
1990 11 23 14.000000 1 1
1990 11 24 12.300000 1 1
1990 11 25 15.300000 1 1
1990 11 26 14.500000 1 1
1990 11 27 13.000000 1 1
1990 11 28 15.500000 1 1
1990 11 29 16.500000 1 1
1990 11 30 16.800000 1 1
1990 12 01 13.800000 1 1
1990 12 02 13.500000 1 1
1990 12 03 15.300000 1 1
1990 12 04 19.700000 1 1
1990 12 05 20.000000 1 1
1990 12 06 19.400000 1 1
1990 12 07 20.000000 1 1
1990 12 08 25.600000 1 1
1990 12 09 47.000000 1 1
1990 12 10 60.900000 1 1
1990 12 11 58.800000 1 1
1990 12 12 50.300000 1 1
1990 12 13 45.200000 1 1
1990 12 14 41.100000 1 1
1990 12 15 43.800000 1 1
1990 12 16 37.100000 1 1
1990 12 17 29.900000 1 1
1990 12 18 26.700000 1 1
1990 12 19 23.800000 1 1
1990 12 20 22.600000 1 1
1990 12 21 18.500000 1 1
1990 12 22 16.800000 1 1
1990 12 23 18.800000 1 1
1990 12 24 17.700000 1 1
1990 12 25 16.000000 1 1
1990 12 26 17.700000 1 1
1990 12 27 18.500000 1 1
1990 12 28 19.400000 1 1
1990 12 29 19.100000 1 1
1990 12 30 17.700000 1 2
1990 12 31 18.000000 1 1
1991 01 01 17.700000 1 1
1991 01 02 18.000000 1 1
1991 01 03 19.400000 1 1
1991 01 04 21.300000 1 1
1991 01 05 22.500000 1 1
1991 01 06 22.900000 1 1
1991 01 07 23.600000 1 1
1991 01 08 26.700000 1 1
1991 01 09 30.200000 1 1
1991 01 10 32.800000 1 1
1991 01 11 32.100000 1 1
1991 01 12 35.400000 1 1
1991 01 13 35.800000 1 1
1991 01 14 38.400000 1 1
1991 01 15 40.200000 1 1
1991 01 16 44.700000 1 1
1991 01 17 51.300000 1 1
1991 01 18 62.600000 1 1
1991 01 19 72.500000 1 1
1991 01 20 95.800000 1 1
1991 01 21 79.200000 1 1
1991 01 22 86.700000 1 1
1991 01 23 85.400000 1 1
1991 01 24 88.100000 1 1
1991 01 25 85.400000 1 1
1991 01 26 82.300000 1 1
1991 01 27 82.900000 1 1
1991 01 28 84.100000 1 1
1991 01 29 81.000000 1 1
1991 01 30 78.000000 1 1
1991 01 31 78.600000 1 1
1991 02 01 76.800000 1 1
1991 02 02 74.900000 1 1
1991 02 03 72.500000 1 1
1991 02 04 68.400000 1 1
1991 02 05 71.300000 1 1
1991 02 06 75.500000 1 1
1991 02 07 73.700000 1 1
1991 02 08 77.400000 1 1
1991 02 09 75.500000 1 1
1991 02 10 58.800000 1 1
1991 02 11 52.400000 1 1
1991 02 12 48.900000 1 1
1991 02 13 43.400000 1 1
1991 02 14 41.600000 1 1
1991 02 15 42.900000 1 1
1991 02 16 42.900000 1 1
1991 02 17 48.900000 1 1
1991 02 18 56.100000 1 1
1991 02 19 60.900000 1 1
1991 02 20 66.600000 1 1
1991 02 21 73.100000 1 1
1991 02 22 69.600000 1 1
1991 02 23 70.200000 1 1
1991 02 24 71.900000 1 1
1991 02 25 74.900000 1 1
1991 02 26 73.100000 1 1
1991 02 27 68.400000 1 1
1991 02 28 68.400000 1 1
1991 03 01 60.900000 1 1
1991 03 02 54.000000 1 1
1991 03 03 49.900000 1 1
1991 03 04 47.000000 1 1
1991 03 05 48.900000 1 1
1991 03 06 42.500000 1 1
1991 03 07 43.400000 1 1
1991 03 08 42.500000 1 1
1991 03 09 41.100000 1 1
1991 03 10 38.900000 1 1
1991 03 11 37.500000 1 1
1991 03 12 38.400000 1 1
1991 03 13 36.200000 1 1
1991 03 14 33.200000 1 1
1991 03 15 34.900000 1 1
1991 03 16 34.500000 1 1
1991 03 17 34.900000 1 1
1991 03 18 33.200000 1 1
1991 03 19 34.900000 1 1
1991 03 20 36.600000 1 1
1991 03 21 37.500000 1 1
1991 03 22 36.200000 1 1
1991 03 23 39.300000 1 1
1991 03 24 39.300000 1 1
1991 03 25 40.700000 1 1
1991 03 26 42.000000 1 1
1991 03 27 43.800000 1 1
1991 03 28 41.600000 1 1
1991 03 29 39.800000 1 1
1991 03 30 42.500000 1 1
1991 03 31 46.500000 1 1
1991 04 01 68.400000 1 1
1991 04 02 65.500000 1 1
1991 04 03 64.900000 1 1
1991 04 04 62.600000 1 1
1991 04 05 61.500000 1 1
1991 04 06 63.200000 1 1
1991 04 07 57.700000 1 1
1991 04 08 55.500000 1 1
1991 04 09 54.500000 1 1
1991 04 10 52.400000 1 1
1991 04 11 51.300000 1 1
1991 04 12 48.400000 1 1
1991 04 13 47.000000 1 1
1991 04 14 44.700000 1 1
1991 04 15 42.500000 1 1
1991 04 16 42.500000 1 1
1991 04 17 40.700000 1 1
1991 04 18 37.100000 1 1
1991 04 19 33.200000 1 1
1991 04 20 32.500000 1 1
1991 04 21 30.200000 1 1
1991 04 22 27.800000 1 1
1991 04 23 25.000000 1 1
1991 04 24 24.500000 1 1
1991 04 25 23.300000 1 1
1991 04 26 22.600000 1 1
1991 04 27 20.300000 1 1
1991 04 28 21.000000 1 1
1991 04 29 22.500000 1 1
1991 04 30 21.900000 1 1
1991 05 01 21.600000 1 1
1991 05 02 22.500000 1 1
1991 05 03 20.000000 1 1
1991 05 04 21.300000 1 1
1991 05 05 21.600000 1 1
1991 05 06 23.200000 1 1
1991 05 07 23.900000 1 1
1991 05 08 23.300000 1 1
1991 05 09 23.100000 1 1
1991 05 10 21.600000 1 1
1991 05 11 21.900000 1 1
1991 05 12 20.000000 1 1
1991 05 13 19.100000 1 1
1991 05 14 21.900000 1 1
1991 05 15 23.100000 1 1
1991 05 16 22.200000 1 1
1991 05 17 22.800000 1 1
1991 05 18 22.500000 1 1
1991 05 19 23.300000 1 1
1991 05 20 23.900000 1 1
1991 05 21 23.500000 1 1
1991 05 22 22.900000 1 1
1991 05 23 21.600000 1 1
1991 05 24 21.000000 1 1
1991 05 25 20.000000 1 1
1991 05 26 19.400000 1 1
1991 05 27 18.800000 1 1
1991 05 28 18.000000 1 1
1991 05 29 nan nan 0
1991 05 30 nan nan 0
1991 05 31 nan nan 0
