year month day streamflow_m3s qual_control_by_ana qual_flag
2011 04 01 nan nan 0
2011 04 02 nan nan 0
2011 04 03 nan nan 0
2011 04 04 nan nan 0
2011 04 05 nan nan 0
2011 04 06 nan nan 0
2011 04 07 nan nan 0
2011 04 08 nan nan 0
2011 04 09 nan nan 0
2011 04 10 nan nan 0
2011 04 11 nan nan 0
2011 04 12 nan nan 0
2011 04 13 nan nan 0
2011 04 14 nan nan 0
2011 04 15 nan nan 0
2011 04 16 nan nan 0
2011 04 17 582.623000 1 1
2011 04 18 554.926000 1 1
2011 04 19 518.839000 1 1
2011 04 20 480.330000 1 1
2011 04 21 445.562000 1 1
2011 04 22 416.552000 1 1
2011 04 23 392.028000 1 1
2011 04 24 370.007000 1 1
2011 04 25 349.930000 1 1
2011 04 26 330.559000 1 1
2011 04 27 312.930000 1 1
2011 04 28 296.736000 1 1
2011 04 29 281.781000 1 1
2011 04 30 268.735000 1 1
2011 05 01 258.627000 1 1
2011 05 02 250.212000 1 1
2011 05 03 241.830000 1 1
2011 05 04 233.740000 1 1
2011 05 05 226.004000 1 1
2011 05 06 218.996000 1 1
2011 05 07 211.758000 1 1
2011 05 08 205.219000 1 1
2011 05 09 198.686000 1 1
2011 05 10 192.426000 1 1
2011 05 11 186.654000 1 1
2011 05 12 182.083000 1 1
2011 05 13 177.664000 1 1
2011 05 14 173.177000 1 1
2011 05 15 169.117000 1 1
2011 05 16 165.135000 1 1
2011 05 17 161.531000 1 1
2011 05 18 157.880000 1 1
2011 05 19 153.543000 1 1
2011 05 20 149.211000 1 1
2011 05 21 145.707000 1 1
2011 05 22 142.273000 1 1
2011 05 23 139.213000 1 1
2011 05 24 137.999000 1 1
2011 05 25 140.128000 1 1
2011 05 26 144.069000 1 1
2011 05 27 143.928000 1 1
2011 05 28 139.103000 1 1
2011 05 29 132.441000 1 1
2011 05 30 126.131000 1 1
2011 05 31 120.775000 1 1
2011 06 01 116.647000 1 1
2011 06 02 113.140000 1 1
2011 06 03 109.932000 1 1
2011 06 04 107.037000 1 1
2011 06 05 104.087000 1 1
2011 06 06 101.391000 1 1
2011 06 07 98.800000 1 1
2011 06 08 96.405000 1 1
2011 06 09 94.130000 1 1
2011 06 10 92.106000 1 1
2011 06 11 90.282000 1 1
2011 06 12 88.827000 1 1
2011 06 13 88.652000 1 1
2011 06 14 88.827000 1 1
2011 06 15 87.799000 1 1
2011 06 16 85.998000 1 1
2011 06 17 81.990000 1 1
2011 06 18 78.615000 1 1
2011 06 19 76.507000 1 1
2011 06 20 74.650000 1 1
2011 06 21 72.954000 1 1
2011 06 22 71.298000 1 1
2011 06 23 69.778000 1 1
2011 06 24 68.294000 1 1
2011 06 25 66.789000 1 1
2011 06 26 65.413000 1 1
2011 06 27 63.959000 1 1
2011 06 28 62.541000 1 1
2011 06 29 61.392000 1 1
2011 06 30 60.399000 1 1
2011 07 01 59.574000 1 1
2011 07 02 58.738000 1 1
2011 07 03 57.907000 1 1
2011 07 04 57.118000 1 1
2011 07 05 56.317000 1 1
2011 07 06 55.866000 1 1
2011 07 07 55.040000 1 1
2011 07 08 54.084000 1 1
2011 07 09 53.170000 1 1
2011 07 10 52.381000 1 1
2011 07 11 51.632000 1 1
2011 07 12 50.937000 1 1
2011 07 13 50.182000 1 1
2011 07 14 49.693000 1 1
2011 07 15 49.807000 1 1
2011 07 16 50.313000 1 1
2011 07 17 49.742000 1 1
2011 07 18 48.336000 1 1
2011 07 19 47.204000 1 1
2011 07 20 46.352000 1 1
2011 07 21 45.617000 1 1
2011 07 22 45.059000 1 1
2011 07 23 44.458000 1 1
2011 07 24 43.647000 1 1
2011 07 25 43.010000 1 1
2011 07 26 42.303000 1 1
2011 07 27 41.662000 1 1
2011 07 28 41.158000 1 1
2011 07 29 40.482000 1 1
2011 07 30 39.812000 1 1
2011 07 31 39.190000 1 1
2011 08 01 38.559000 1 1
2011 08 02 38.019000 1 1
2011 08 03 37.383000 1 1
2011 08 04 36.740000 1 1
2011 08 05 36.158000 1 1
2011 08 06 35.744000 1 1
2011 08 07 35.416000 1 1
2011 08 08 35.088000 1 1
2011 08 09 34.628000 1 1
2011 08 10 34.197000 1 1
2011 08 11 33.782000 1 1
2011 08 12 33.317000 1 1
2011 08 13 32.855000 1 1
2011 08 14 32.475000 1 1
2011 08 15 32.123000 1 1
2011 08 16 31.928000 1 1
2011 08 17 31.618000 1 1
2011 08 18 31.310000 1 1
2011 08 19 30.964000 1 1
2011 08 20 31.079000 1 1
2011 08 21 31.825000 1 1
2011 08 22 32.370000 1 1
2011 08 23 33.463000 1 1
2011 08 24 33.198000 1 1
2011 08 25 32.058000 1 1
2011 08 26 31.066000 1 1
2011 08 27 30.570000 1 1
2011 08 28 30.129000 1 1
2011 08 29 29.778000 1 1
2011 08 30 29.441000 1 1
2011 08 31 29.132000 1 1
2011 09 01 29.070000 1 1
2011 09 02 28.762000 1 1
2011 09 03 28.664000 1 1
2011 09 04 28.664000 1 1
2011 09 05 28.383000 1 1
2011 09 06 27.994000 1 1
2011 09 07 27.692000 1 1
2011 09 08 27.452000 1 1
2011 09 09 27.225000 1 1
2011 09 10 27.117000 1 1
2011 09 11 26.714000 1 1
2011 09 12 27.034000 1 1
2011 09 13 27.213000 1 1
2011 09 14 27.596000 1 1
2011 09 15 27.994000 1 1
2011 09 16 28.297000 1 1
2011 09 17 27.885000 1 1
2011 09 18 27.464000 1 1
2011 09 19 27.464000 1 1
2011 09 20 27.189000 1 1
2011 09 21 26.667000 1 1
2011 09 22 26.832000 1 1
2011 09 23 27.500000 1 1
2011 09 24 28.983000 1 1
2011 09 25 31.028000 1 1
2011 09 26 30.672000 1 1
2011 09 27 31.003000 1 1
2011 09 28 31.657000 1 1
2011 09 29 36.324000 1 1
2011 09 30 40.292000 1 1
2011 10 01 38.374000 1 1
2011 10 02 35.102000 1 1
2011 10 03 36.089000 1 1
2011 10 04 33.277000 1 1
2011 10 05 32.488000 1 1
2011 10 06 32.593000 1 1
2011 10 07 30.913000 1 1
2011 10 08 29.615000 1 1
2011 10 09 28.737000 1 1
2011 10 10 28.079000 1 1
2011 10 11 30.066000 1 1
2011 10 12 30.913000 1 1
2011 10 13 31.541000 1 1
2011 10 14 31.890000 1 1
2011 10 15 30.850000 1 1
2011 10 16 31.041000 1 1
2011 10 17 32.423000 1 1
2011 10 18 32.305000 1 1
2011 10 19 33.370000 1 1
2011 10 20 36.407000 1 1
2011 10 21 43.298000 1 1
2011 10 22 49.742000 1 1
2011 10 23 55.263000 1 1
2011 10 24 54.475000 1 1
2011 10 25 47.936000 1 1
2011 10 26 42.965000 1 1
2011 10 27 40.073000 1 1
2011 10 28 38.817000 1 1
2011 10 29 37.665000 1 1
2011 10 30 36.629000 1 1
2011 10 31 36.531000 1 1
2011 11 01 37.778000 1 1
2011 11 02 34.668000 1 1
2011 11 03 33.118000 1 1
2011 11 04 32.019000 1 1
2011 11 05 31.284000 1 1
2011 11 06 31.182000 1 1
2011 11 07 31.864000 1 1
2011 11 08 32.006000 1 1
2011 11 09 33.795000 1 1
2011 11 10 33.582000 1 1
2011 11 11 32.619000 1 1
2011 11 12 32.488000 1 1
2011 11 13 35.923000 1 1
2011 11 14 43.268000 1 1
2011 11 15 44.704000 1 1
2011 11 16 41.306000 1 1
2011 11 17 37.792000 1 1
2011 11 18 40.117000 1 1
2011 11 19 46.399000 1 1
2011 11 20 55.676000 1 1
2011 11 21 64.927000 1 1
2011 11 22 67.168000 1 1
2011 11 23 61.974000 1 1
2011 11 24 58.862000 1 1
2011 11 25 57.310000 1 1
2011 11 26 52.767000 1 1
2011 11 27 48.867000 1 1
2011 11 28 45.727000 1 1
2011 11 29 44.181000 1 1
2011 11 30 46.352000 1 1
2011 12 01 47.315000 1 1
2011 12 02 46.462000 1 1
2011 12 03 46.070000 1 1
2011 12 04 46.054000 1 1
2011 12 05 44.735000 1 1
2011 12 06 42.604000 1 1
2011 12 07 41.543000 1 1
2011 12 08 41.573000 1 1
2011 12 09 42.935000 1 1
2011 12 10 46.054000 1 1
2011 12 11 47.617000 1 1
2011 12 12 51.185000 1 1
2011 12 13 58.684000 1 1
2011 12 14 59.503000 1 1
2011 12 15 55.504000 1 1
2011 12 16 54.254000 1 1
2011 12 17 56.039000 1 1
2011 12 18 60.886000 1 1
2011 12 19 70.186000 1 1
2011 12 20 86.604000 1 1
2011 12 21 99.730000 1 1
2011 12 22 109.638000 1 1
2011 12 23 122.349000 1 1
2011 12 24 139.739000 1 1
2011 12 25 167.014000 1 1
2011 12 26 202.526000 1 1
2011 12 27 nan nan 0
2011 12 28 nan nan 0
2011 12 29 nan nan 0
2011 12 30 nan nan 0
2011 12 31 nan nan 0
2012 01 01 nan nan 0
2012 01 02 nan nan 0
2012 01 03 nan nan 0
2012 01 04 nan nan 0
2012 01 05 nan nan 0
2012 01 06 nan nan 0
2012 01 07 nan nan 0
2012 01 08 166.225000 1 1
2012 01 09 173.177000 1 1
2012 01 10 174.138000 1 1
2012 01 11 171.387000 1 1
2012 01 12 166.194000 1 1
2012 01 13 166.194000 1 1
2012 01 14 172.065000 1 1
2012 01 15 177.978000 1 1
2012 01 16 182.751000 1 1
2012 01 17 194.984000 1 1
2012 01 18 205.051000 1 1
2012 01 19 215.171000 1 1
2012 01 20 225.933000 1 1
2012 01 21 231.218000 1 1
2012 01 22 233.487000 1 1
2012 01 23 239.593000 1 1
2012 01 24 253.628000 1 1
2012 01 25 274.590000 1 1
2012 01 26 296.532000 1 1
2012 01 27 315.159000 1 1
2012 01 28 327.500000 1 1
2012 01 29 326.727000 1 1
2012 01 30 320.151000 1 1
2012 01 31 315.960000 1 1
2012 02 01 316.129000 1 1
2012 02 02 330.904000 1 1
2012 02 03 370.190000 1 1
2012 02 04 411.847000 1 1
2012 02 05 444.555000 1 1
2012 02 06 476.360000 1 1
2012 02 07 505.206000 1 1
2012 02 08 518.839000 1 1
2012 02 09 515.902000 1 1
2012 02 10 501.987000 1 1
2012 02 11 483.161000 1 1
2012 02 12 460.034000 1 1
2012 02 13 434.951000 1 1
2012 02 14 414.900000 1 1
2012 02 15 401.994000 1 1
2012 02 16 398.087000 1 1
2012 02 17 400.801000 1 1
2012 02 18 408.035000 1 1
2012 02 19 422.117000 1 1
2012 02 20 435.697000 1 1
2012 02 21 444.354000 1 1
2012 02 22 445.763000 1 1
2012 02 23 442.595000 1 1
2012 02 24 437.591000 1 1
2012 02 25 431.024000 1 1
2012 02 26 423.686000 1 1
2012 02 27 416.406000 1 1
2012 02 28 410.301000 1 1
2012 02 29 415.503000 1 1
2012 03 01 424.925000 1 1
2012 03 02 432.418000 1 1
2012 03 03 434.951000 1 1
2012 03 04 436.295000 1 1
2012 03 05 438.140000 1 1
2012 03 06 440.090000 1 1
2012 03 07 441.191000 1 1
2012 03 08 445.411000 1 1
2012 03 09 447.780000 1 1
2012 03 10 444.656000 1 1
2012 03 11 435.846000 1 1
2012 03 12 422.509000 1 1
2012 03 13 407.747000 1 1
2012 03 14 395.904000 1 1
2012 03 15 390.945000 1 1
2012 03 16 395.383000 1 1
2012 03 17 403.046000 1 1
2012 03 18 404.961000 1 1
2012 03 19 407.170000 1 1
2012 03 20 406.209000 1 1
2012 03 21 403.955000 1 1
2012 03 22 403.237000 1 1
2012 03 23 399.039000 1 1
2012 03 24 389.957000 1 1
2012 03 25 380.100000 1 1
2012 03 26 370.694000 1 1
2012 03 27 357.667000 1 1
2012 03 28 350.865000 1 1
2012 03 29 346.603000 1 1
2012 03 30 352.961000 1 1
2012 03 31 364.491000 1 1
2012 04 01 373.770000 1 1
2012 04 02 376.951000 1 1
2012 04 03 374.875000 1 1
2012 04 04 369.504000 1 1
2012 04 05 361.681000 1 1
2012 04 06 351.756000 1 1
2012 04 07 341.709000 1 1
2012 04 08 331.812000 1 1
2012 04 09 320.618000 1 1
2012 04 10 313.854000 1 1
2012 04 11 313.812000 1 1
2012 04 12 313.854000 1 1
2012 04 13 306.125000 1 1
2012 04 14 295.227000 1 1
2012 04 15 285.653000 1 1
2012 04 16 278.727000 1 1
2012 04 17 273.884000 1 1
2012 04 18 272.827000 1 1
2012 04 19 272.905000 1 1
2012 04 20 270.835000 1 1
2012 04 21 270.173000 1 1
2012 04 22 269.473000 1 1
2012 04 23 275.336000 1 1
2012 04 24 280.906000 1 1
2012 04 25 290.844000 1 1
2012 04 26 298.004000 1 1
2012 04 27 300.096000 1 1
2012 04 28 297.513000 1 1
2012 04 29 296.777000 1 1
2012 04 30 303.103000 1 1
2012 05 01 299.028000 1 1
2012 05 02 286.815000 1 1
2012 05 03 276.359000 1 1
2012 05 04 264.752000 1 1
2012 05 05 258.589000 1 1
2012 05 06 253.591000 1 1
2012 05 07 248.382000 1 1
2012 05 08 240.069000 1 1
2012 05 09 226.679000 1 1
2012 05 10 214.687000 1 1
2012 05 11 205.186000 1 1
2012 05 12 196.236000 1 1
2012 05 13 188.557000 1 1
2012 05 14 182.083000 1 1
2012 05 15 177.821000 1 1
2012 05 16 173.363000 1 1
2012 05 17 169.453000 1 1
2012 05 18 169.300000 1 1
2012 05 19 172.930000 1 1
2012 05 20 185.113000 1 1
2012 05 21 189.269000 1 1
2012 05 22 190.795000 1 1
2012 05 23 194.688000 1 1
2012 05 24 204.578000 1 1
2012 05 25 211.175000 1 1
2012 05 26 212.962000 1 1
2012 05 27 212.205000 1 1
2012 05 28 207.829000 1 1
2012 05 29 199.984000 1 1
2012 05 30 193.768000 1 1
2012 05 31 192.557000 1 1
2012 06 01 187.395000 1 1
2012 06 02 181.005000 1 1
2012 06 03 170.741000 1 1
2012 06 04 164.321000 1 1
2012 06 05 158.471000 1 1
2012 06 06 154.067000 1 1
2012 06 07 158.116000 1 1
2012 06 08 155.235000 1 1
2012 06 09 150.274000 1 1
2012 06 10 146.842000 1 1
2012 06 11 145.480000 1 1
2012 06 12 142.301000 1 1
2012 06 13 139.407000 1 1
2012 06 14 134.824000 1 1
2012 06 15 130.079000 1 1
2012 06 16 124.977000 1 1
2012 06 17 121.264000 1 1
2012 06 18 118.218000 1 1
2012 06 19 114.561000 1 1
2012 06 20 113.164000 1 1
2012 06 21 111.234000 1 1
2012 06 22 107.690000 1 1
2012 06 23 105.425000 1 1
2012 06 24 104.492000 1 1
2012 06 25 104.087000 1 1
2012 06 26 104.635000 1 1
2012 06 27 107.110000 1 1
2012 06 28 110.988000 1 1
2012 06 29 111.653000 1 1
2012 06 30 107.787000 1 1
2012 07 01 102.947000 1 1
2012 07 02 99.683000 1 1
2012 07 03 95.856000 1 1
2012 07 04 93.926000 1 1
2012 07 05 90.193000 1 1
2012 07 06 87.451000 1 1
2012 07 07 87.690000 1 1
2012 07 08 91.169000 1 1
2012 07 09 86.690000 1 1
2012 07 10 82.644000 1 1
2012 07 11 80.711000 1 1
2012 07 12 80.815000 1 1
2012 07 13 81.401000 1 1
2012 07 14 79.940000 1 1
2012 07 15 78.183000 1 1
2012 07 16 76.142000 1 1
2012 07 17 77.077000 1 1
2012 07 18 74.630000 1 1
2012 07 19 70.380000 1 1
2012 07 20 68.909000 1 1
2012 07 21 67.969000 1 1
2012 07 22 64.983000 1 1
2012 07 23 63.700000 1 1
2012 07 24 65.207000 1 1
2012 07 25 64.908000 1 1
2012 07 26 64.256000 1 1
2012 07 27 62.651000 1 1
2012 07 28 60.507000 1 1
2012 07 29 59.610000 1 1
2012 07 30 59.717000 1 1
2012 07 31 59.324000 1 1
2012 08 01 58.437000 1 1
2012 08 02 56.386000 1 1
2012 08 03 55.057000 1 1
2012 08 04 55.849000 1 1
2012 08 05 55.040000 1 1
2012 08 06 52.515000 1 1
2012 08 07 51.003000 1 1
2012 08 08 51.086000 1 1
2012 08 09 49.352000 1 1
2012 08 10 47.489000 1 1
2012 08 11 46.462000 1 1
2012 08 12 45.898000 1 1
2012 08 13 49.368000 1 1
2012 08 14 47.553000 1 1
2012 08 15 46.840000 1 1
2012 08 16 46.698000 1 1
2012 08 17 44.812000 1 1
2012 08 18 41.558000 1 1
2012 08 19 40.864000 1 1
2012 08 20 39.884000 1 1
2012 08 21 39.855000 1 1
2012 08 22 40.263000 1 1
2012 08 23 40.204000 1 1
2012 08 24 41.365000 1 1
2012 08 25 39.928000 1 1
2012 08 26 38.960000 1 1
2012 08 27 38.874000 1 1
2012 08 28 38.303000 1 1
2012 08 29 37.623000 1 1
2012 08 30 36.921000 1 1
2012 08 31 36.337000 1 1
2012 09 01 35.552000 1 1
2012 09 02 35.157000 1 1
2012 09 03 35.021000 1 1
2012 09 04 35.184000 1 1
2012 09 05 35.909000 1 1
2012 09 06 36.089000 1 1
2012 09 07 35.429000 1 1
2012 09 08 34.709000 1 1
2012 09 09 34.966000 1 1
2012 09 10 35.211000 1 1
2012 09 11 34.844000 1 1
2012 09 12 34.063000 1 1
2012 09 13 33.357000 1 1
2012 09 14 32.671000 1 1
2012 09 15 32.737000 1 1
2012 09 16 34.736000 1 1
2012 09 17 35.184000 1 1
2012 09 18 34.776000 1 1
2012 09 19 34.157000 1 1
2012 09 20 33.092000 1 1
2012 09 21 32.240000 1 1
2012 09 22 31.722000 1 1
2012 09 23 31.696000 1 1
2012 09 24 33.185000 1 1
2012 09 25 38.774000 1 1
2012 09 26 41.945000 1 1
2012 09 27 40.673000 1 1
2012 09 28 45.571000 1 1
2012 09 29 51.251000 1 1
2012 09 30 52.918000 1 1
2012 10 01 48.730000 1 1
2012 10 02 43.971000 1 1
2012 10 03 40.684000 1 1
2012 10 04 39.540000 1 1
2012 10 05 41.151000 1 1
2012 10 06 40.033000 1 1
2012 10 07 37.951000 1 1
2012 10 08 37.789000 1 1
2012 10 09 38.752000 1 1
2012 10 10 39.688000 1 1
2012 10 11 43.620000 1 1
2012 10 12 45.738000 1 1
2012 10 13 43.419000 1 1
2012 10 14 42.645000 1 1
2012 10 15 41.225000 1 1
2012 10 16 41.762000 1 1
2012 10 17 42.195000 1 1
2012 10 18 43.090000 1 1
2012 10 19 42.859000 1 1
2012 10 20 41.536000 1 1
2012 10 21 40.492000 1 1
2012 10 22 38.609000 1 1
2012 10 23 36.459000 1 1
2012 10 24 35.153000 1 1
2012 10 25 34.577000 1 1
2012 10 26 34.611000 1 1
2012 10 27 34.086000 1 1
2012 10 28 33.765000 1 1
2012 10 29 34.009000 1 1
2012 10 30 34.267000 1 1
2012 10 31 33.792000 1 1
2012 11 01 34.033000 1 1
2012 11 02 33.290000 1 1
2012 11 03 34.563000 1 1
2012 11 04 38.264000 1 1
2012 11 05 39.536000 1 1
2012 11 06 39.071000 1 1
2012 11 07 40.059000 1 1
2012 11 08 43.586000 1 1
2012 11 09 42.969000 1 1
2012 11 10 41.007000 1 1
2012 11 11 40.614000 1 1
2012 11 12 39.822000 1 1
2012 11 13 39.540000 1 1
2012 11 14 46.446000 1 1
2012 11 15 48.992000 1 1
2012 11 16 55.250000 1 1
2012 11 17 59.789000 1 1
2012 11 18 58.304000 1 1
2012 11 19 56.634000 1 1
2012 11 20 56.947000 1 1
2012 11 21 54.958000 1 1
2012 11 22 54.950000 1 1
2012 11 23 55.190000 1 1
2012 11 24 60.040000 1 1
2012 11 25 63.396000 1 1
2012 11 26 63.354000 1 1
2012 11 27 61.479000 1 1
2012 11 28 59.883000 1 1
2012 11 29 57.452000 1 1
2012 11 30 55.855000 1 1
2012 12 01 54.629000 1 1
2012 12 02 52.313000 1 1
2012 12 03 51.837000 1 1
2012 12 04 50.556000 1 1
2012 12 05 52.009000 1 1
2012 12 06 56.715000 1 1
2012 12 07 59.808000 1 1
2012 12 08 64.684000 1 1
2012 12 09 70.496000 1 1
2012 12 10 75.477000 1 1
2012 12 11 73.074000 1 1
2012 12 12 74.093000 1 1
2012 12 13 76.337000 1 1
2012 12 14 75.274000 1 1
2012 12 15 75.590000 1 1
2012 12 16 78.273000 1 1
2012 12 17 88.271000 1 1
2012 12 18 100.109000 1 1
2012 12 19 106.867000 1 1
2012 12 20 108.142000 1 1
2012 12 21 104.744000 1 1
2012 12 22 102.255000 1 1
2012 12 23 103.140000 1 1
2012 12 24 106.568000 1 1
2012 12 25 110.189000 1 1
2012 12 26 110.150000 1 1
2012 12 27 107.662000 1 1
2012 12 28 107.849000 1 1
2012 12 29 106.577000 1 1
2012 12 30 105.506000 1 1
2012 12 31 105.180000 1 1
2013 01 01 107.793000 1 1
2013 01 02 115.700000 1 1
2013 01 03 124.645000 1 1
2013 01 04 131.539000 1 1
2013 01 05 138.942000 1 1
2013 01 06 141.822000 1 1
2013 01 07 138.475000 1 1
2013 01 08 131.686000 1 1
2013 01 09 128.638000 1 1
2013 01 10 131.682000 1 1
2013 01 11 133.534000 1 1
2013 01 12 133.824000 1 1
2013 01 13 136.443000 1 1
2013 01 14 141.240000 1 1
2013 01 15 151.396000 1 1
2013 01 16 167.930000 1 1
2013 01 17 190.423000 1 1
2013 01 18 220.035000 1 1
2013 01 19 253.492000 1 1
2013 01 20 286.327000 1 1
2013 01 21 318.729000 1 1
2013 01 22 344.258000 1 1
2013 01 23 352.027000 1 1
2013 01 24 344.604000 1 1
2013 01 25 326.403000 1 1
2013 01 26 303.190000 1 1
2013 01 27 283.286000 1 1
2013 01 28 273.413000 1 1
2013 01 29 269.770000 1 1
2013 01 30 266.211000 1 1
2013 01 31 258.750000 1 1
2013 02 01 247.914000 1 1
2013 02 02 239.587000 1 1
2013 02 03 228.569000 1 1
2013 02 04 219.056000 1 1
2013 02 05 212.699000 1 1
2013 02 06 213.687000 1 1
2013 02 07 227.025000 1 1
2013 02 08 250.470000 1 1
2013 02 09 280.592000 1 1
2013 02 10 306.935000 1 1
2013 02 11 322.947000 1 1
2013 02 12 328.677000 1 1
2013 02 13 327.427000 1 1
2013 02 14 329.123000 1 1
2013 02 15 340.256000 1 1
2013 02 16 367.820000 1 1
2013 02 17 404.812000 1 1
2013 02 18 432.532000 1 1
2013 02 19 446.128000 1 1
2013 02 20 448.041000 1 1
2013 02 21 445.862000 1 1
2013 02 22 434.025000 1 1
2013 02 23 413.573000 1 1
2013 02 24 395.368000 1 1
2013 02 25 374.378000 1 1
2013 02 26 358.296000 1 1
2013 02 27 350.786000 1 1
2013 02 28 354.516000 1 1
2013 03 01 363.665000 1 1
2013 03 02 370.766000 1 1
2013 03 03 371.638000 1 1
2013 03 04 366.338000 1 1
2013 03 05 358.112000 1 1
2013 03 06 351.139000 1 1
2013 03 07 346.534000 1 1
2013 03 08 344.199000 1 1
2013 03 09 345.984000 1 1
2013 03 10 344.063000 1 1
2013 03 11 343.193000 1 1
2013 03 12 338.598000 1 1
2013 03 13 331.056000 1 1
2013 03 14 321.139000 1 1
2013 03 15 312.007000 1 1
2013 03 16 302.628000 1 1
2013 03 17 293.630000 1 1
2013 03 18 289.471000 1 1
2013 03 19 289.148000 1 1
2013 03 20 293.376000 1 1
2013 03 21 303.330000 1 1
2013 03 22 322.332000 1 1
2013 03 23 354.783000 1 1
2013 03 24 396.995000 1 1
2013 03 25 432.566000 1 1
2013 03 26 448.892000 1 1
2013 03 27 445.914000 1 1
2013 03 28 432.566000 1 1
2013 03 29 417.063000 1 1
2013 03 30 407.891000 1 1
2013 03 31 404.781000 1 1
2013 04 01 405.957000 1 1
2013 04 02 409.336000 1 1
2013 04 03 415.167000 1 1
2013 04 04 419.708000 1 1
2013 04 05 417.501000 1 1
2013 04 06 412.984000 1 1
2013 04 07 405.801000 1 1
2013 04 08 392.913000 1 1
2013 04 09 378.675000 1 1
2013 04 10 364.548000 1 1
2013 04 11 352.983000 1 1
2013 04 12 345.785000 1 1
2013 04 13 343.887000 1 1
2013 04 14 352.659000 1 1
2013 04 15 370.981000 1 1
2013 04 16 385.316000 1 1
2013 04 17 390.615000 1 1
2013 04 18 390.545000 1 1
2013 04 19 390.333000 1 1
2013 04 20 390.451000 1 1
2013 04 21 387.902000 1 1
2013 04 22 377.830000 1 1
2013 04 23 360.213000 1 1
2013 04 24 338.816000 1 1
2013 04 25 316.593000 1 1
2013 04 26 295.624000 1 1
2013 04 27 281.363000 1 1
2013 04 28 273.394000 1 1
2013 04 29 270.066000 1 1
2013 04 30 270.027000 1 1
2013 05 01 271.352000 1 1
2013 05 02 274.305000 1 1
2013 05 03 279.043000 1 1
2013 05 04 286.143000 1 1
2013 05 05 288.494000 1 1
2013 05 06 284.322000 1 1
2013 05 07 275.592000 1 1
2013 05 08 263.954000 1 1
2013 05 09 250.081000 1 1
2013 05 10 236.621000 1 1
2013 05 11 225.330000 1 1
2013 05 12 217.201000 1 1
2013 05 13 212.979000 1 1
2013 05 14 210.481000 1 1
2013 05 15 206.214000 1 1
2013 05 16 202.492000 1 1
2013 05 17 200.293000 1 1
2013 05 18 197.683000 1 1
2013 05 19 194.449000 1 1
2013 05 20 190.340000 1 1
2013 05 21 185.041000 1 1
2013 05 22 180.514000 1 1
2013 05 23 176.529000 1 1
2013 05 24 175.694000 1 1
2013 05 25 172.266000 1 1
2013 05 26 169.851000 1 1
2013 05 27 166.399000 1 1
2013 05 28 164.472000 1 1
2013 05 29 164.509000 1 1
2013 05 30 163.208000 1 1
2013 05 31 159.470000 1 1
2013 06 01 155.060000 1 1
2013 06 02 153.471000 1 1
2013 06 03 149.061000 1 1
2013 06 04 146.153000 1 1
2013 06 05 145.028000 1 1
2013 06 06 146.899000 1 1
2013 06 07 149.340000 1 1
2013 06 08 146.891000 1 1
2013 06 09 143.422000 1 1
2013 06 10 140.343000 1 1
2013 06 11 137.641000 1 1
2013 06 12 135.860000 1 1
2013 06 13 133.090000 1 1
2013 06 14 130.034000 1 1
2013 06 15 125.546000 1 1
2013 06 16 120.952000 1 1
2013 06 17 116.282000 1 1
2013 06 18 112.542000 1 1
2013 06 19 109.298000 1 1
2013 06 20 107.158000 1 1
2013 06 21 105.452000 1 1
2013 06 22 104.714000 1 1
2013 06 23 106.066000 1 1
2013 06 24 109.036000 1 1
2013 06 25 110.779000 1 1
2013 06 26 109.612000 1 1
2013 06 27 107.251000 1 1
2013 06 28 104.671000 1 1
2013 06 29 103.069000 1 1
2013 06 30 102.292000 1 1
2013 07 01 101.913000 1 1
2013 07 02 102.737000 1 1
2013 07 03 103.617000 1 1
2013 07 04 103.520000 1 1
2013 07 05 103.761000 1 1
2013 07 06 102.810000 1 1
2013 07 07 100.801000 1 1
2013 07 08 99.503000 1 1
2013 07 09 96.999000 1 1
2013 07 10 94.143000 1 1
2013 07 11 90.226000 1 1
2013 07 12 87.562000 1 1
2013 07 13 85.304000 1 1
2013 07 14 82.902000 1 1
2013 07 15 80.823000 1 1
2013 07 16 78.651000 1 1
2013 07 17 76.953000 1 1
2013 07 18 74.601000 1 1
2013 07 19 72.736000 1 1
2013 07 20 70.944000 1 1
2013 07 21 69.098000 1 1
2013 07 22 68.557000 1 1
2013 07 23 67.894000 1 1
2013 07 24 66.902000 1 1
2013 07 25 65.158000 1 1
2013 07 26 66.218000 1 1
2013 07 27 67.543000 1 1
2013 07 28 66.002000 1 1
2013 07 29 64.089000 1 1
2013 07 30 61.977000 1 1
2013 07 31 60.684000 1 1
2013 08 01 59.627000 1 1
2013 08 02 58.250000 1 1
2013 08 03 56.399000 1 1
2013 08 04 54.689000 1 1
2013 08 05 53.124000 1 1
2013 08 06 52.461000 1 1
2013 08 07 52.281000 1 1
2013 08 08 51.964000 1 1
2013 08 09 50.510000 1 1
2013 08 10 49.380000 1 1
2013 08 11 48.589000 1 1
2013 08 12 48.633000 1 1
2013 08 13 48.032000 1 1
2013 08 14 47.764000 1 1
2013 08 15 46.513000 1 1
2013 08 16 45.656000 1 1
2013 08 17 44.958000 1 1
2013 08 18 43.628000 1 1
2013 08 19 43.086000 1 1
2013 08 20 42.453000 1 1
2013 08 21 42.780000 1 1
2013 08 22 42.102000 1 1
2013 08 23 41.443000 1 1
2013 08 24 41.340000 1 1
2013 08 25 41.129000 1 1
2013 08 26 42.976000 1 1
2013 08 27 48.236000 1 1
2013 08 28 50.769000 1 1
2013 08 29 48.746000 1 1
2013 08 30 45.738000 1 1
2013 08 31 43.998000 1 1
2013 09 01 42.716000 1 1
2013 09 02 41.491000 1 1
2013 09 03 40.066000 1 1
2013 09 04 40.091000 1 1
2013 09 05 38.709000 1 1
2013 09 06 39.032000 1 1
2013 09 07 38.231000 1 1
2013 09 08 44.546000 1 1
2013 09 09 50.284000 1 1
2013 09 10 50.469000 1 1
2013 09 11 49.222000 1 1
2013 09 12 49.311000 1 1
2013 09 13 53.398000 1 1
2013 09 14 52.712000 1 1
2013 09 15 47.366000 1 1
2013 09 16 43.845000 1 1
2013 09 17 41.997000 1 1
2013 09 18 41.410000 1 1
2013 09 19 40.849000 1 1
2013 09 20 41.299000 1 1
2013 09 21 43.681000 1 1
2013 09 22 46.309000 1 1
2013 09 23 44.758000 1 1
2013 09 24 42.158000 1 1
2013 09 25 40.636000 1 1
2013 09 26 39.331000 1 1
2013 09 27 38.502000 1 1
2013 09 28 37.640000 1 1
2013 09 29 37.162000 1 1
2013 09 30 35.525000 1 1
2013 10 01 35.337000 1 1
2013 10 02 35.385000 1 1
2013 10 03 35.641000 1 1
2013 10 04 36.995000 1 1
2013 10 05 38.928000 1 1
2013 10 06 40.073000 1 1
2013 10 07 42.408000 1 1
2013 10 08 46.844000 1 1
2013 10 09 51.044000 1 1
2013 10 10 57.819000 1 1
2013 10 11 60.718000 1 1
2013 10 12 59.690000 1 1
2013 10 13 63.830000 1 1
2013 10 14 65.596000 1 1
2013 10 15 66.029000 1 1
2013 10 16 65.418000 1 1
2013 10 17 63.733000 1 1
2013 10 18 63.950000 1 1
2013 10 19 66.950000 1 1
2013 10 20 70.314000 1 1
2013 10 21 72.820000 1 1
2013 10 22 75.722000 1 1
2013 10 23 74.354000 1 1
2013 10 24 68.582000 1 1
2013 10 25 64.531000 1 1
2013 10 26 64.731000 1 1
2013 10 27 67.945000 1 1
2013 10 28 69.822000 1 1
2013 10 29 69.512000 1 1
2013 10 30 70.648000 1 1
2013 10 31 75.313000 1 1
2013 11 01 87.141000 1 1
2013 11 02 88.948000 1 1
2013 11 03 88.416000 1 1
2013 11 04 90.598000 1 1
2013 11 05 90.553000 1 1
2013 11 06 88.937000 1 1
2013 11 07 87.936000 1 1
2013 11 08 89.812000 1 1
2013 11 09 90.642000 1 1
2013 11 10 88.625000 1 1
2013 11 11 84.361000 1 1
2013 11 12 80.930000 1 1
2013 11 13 81.480000 1 1
2013 11 14 85.306000 1 1
2013 11 15 89.404000 1 1
2013 11 16 92.517000 1 1
2013 11 17 90.265000 1 1
2013 11 18 92.030000 1 1
2013 11 19 98.383000 1 1
2013 11 20 102.956000 1 1
2013 11 21 108.242000 1 1
2013 11 22 117.966000 1 1
2013 11 23 124.094000 1 1
2013 11 24 130.804000 1 1
2013 11 25 134.639000 1 1
2013 11 26 138.256000 1 1
2013 11 27 145.776000 1 1
2013 11 28 158.155000 1 1
2013 11 29 176.816000 1 1
2013 11 30 198.522000 1 1
2013 12 01 226.233000 1 1
2013 12 02 262.832000 1 1
2013 12 03 313.525000 1 1
2013 12 04 346.959000 1 1
2013 12 05 356.933000 1 1
2013 12 06 345.864000 1 1
2013 12 07 322.051000 1 1
2013 12 08 292.181000 1 1
2013 12 09 261.571000 1 1
2013 12 10 232.595000 1 1
2013 12 11 207.104000 1 1
2013 12 12 189.335000 1 1
2013 12 13 182.206000 1 1
2013 12 14 183.723000 1 1
2013 12 15 177.809000 1 1
2013 12 16 170.311000 1 1
2013 12 17 171.614000 1 1
2013 12 18 178.205000 1 1
2013 12 19 186.658000 1 1
2013 12 20 191.047000 1 1
2013 12 21 196.545000 1 1
2013 12 22 209.438000 1 1
2013 12 23 228.661000 1 1
2013 12 24 249.622000 1 1
2013 12 25 260.918000 1 1
2013 12 26 266.961000 1 1
2013 12 27 267.498000 1 1
2013 12 28 267.531000 1 1
2013 12 29 269.359000 1 1
2013 12 30 271.340000 1 1
2013 12 31 266.230000 1 1
2014 01 01 253.118000 1 1
2014 01 02 236.923000 1 1
2014 01 03 221.490000 1 1
2014 01 04 212.404000 1 1
2014 01 05 212.331000 1 1
2014 01 06 218.849000 1 1
2014 01 07 228.333000 1 1
2014 01 08 241.519000 1 1
2014 01 09 253.757000 1 1
2014 01 10 260.066000 1 1
2014 01 11 265.163000 1 1
2014 01 12 271.792000 1 1
2014 01 13 283.470000 1 1
2014 01 14 295.513000 1 1
2014 01 15 298.942000 1 1
2014 01 16 303.454000 1 1
2014 01 17 317.084000 1 1
2014 01 18 339.716000 1 1
2014 01 19 371.324000 1 1
2014 01 20 382.855000 1 1
2014 01 21 388.360000 1 1
2014 01 22 388.864000 1 1
2014 01 23 384.779000 1 1
2014 01 24 376.790000 1 1
2014 01 25 365.650000 1 1
2014 01 26 352.380000 1 1
2014 01 27 338.499000 1 1
2014 01 28 328.081000 1 1
2014 01 29 319.323000 1 1
2014 01 30 320.225000 1 1
2014 01 31 321.193000 1 1
2014 02 01 327.189000 1 1
2014 02 02 343.292000 1 1
2014 02 03 367.233000 1 1
2014 02 04 391.404000 1 1
2014 02 05 410.736000 1 1
2014 02 06 422.190000 1 1
2014 02 07 428.151000 1 1
2014 02 08 430.696000 1 1
2014 02 09 430.585000 1 1
2014 02 10 430.931000 1 1
2014 02 11 435.448000 1 1
2014 02 12 436.893000 1 1
2014 02 13 435.934000 1 1
2014 02 14 435.622000 1 1
2014 02 15 434.515000 1 1
2014 02 16 438.252000 1 1
2014 02 17 455.757000 1 1
2014 02 18 471.330000 1 1
2014 02 19 483.621000 1 1
2014 02 20 503.810000 1 1
2014 02 21 530.426000 1 1
2014 02 22 554.905000 1 1
2014 02 23 580.197000 1 1
2014 02 24 608.441000 1 1
2014 02 25 638.725000 1 1
2014 02 26 665.844000 1 1
2014 02 27 680.169000 1 1
2014 02 28 686.966000 1 1
2014 03 01 692.770000 1 1
2014 03 02 697.456000 1 1
2014 03 03 697.504000 1 1
2014 03 04 694.778000 1 1
2014 03 05 685.378000 1 1
2014 03 06 670.685000 1 1
2014 03 07 654.497000 1 1
2014 03 08 637.741000 1 1
2014 03 09 624.140000 1 1
2014 03 10 610.142000 1 1
2014 03 11 597.684000 1 1
2014 03 12 587.491000 1 1
2014 03 13 578.223000 1 1
2014 03 14 579.909000 1 1
2014 03 15 583.014000 1 1
2014 03 16 582.016000 1 1
2014 03 17 574.815000 1 1
2014 03 18 566.947000 1 1
2014 03 19 560.806000 1 1
2014 03 20 556.139000 1 1
2014 03 21 558.965000 1 1
2014 03 22 563.631000 1 1
2014 03 23 576.496000 1 1
2014 03 24 576.697000 1 1
2014 03 25 573.682000 1 1
2014 03 26 567.318000 1 1
2014 03 27 559.942000 1 1
2014 03 28 552.349000 1 1
2014 03 29 544.627000 1 1
2014 03 30 541.671000 1 1
2014 03 31 544.711000 1 1
2014 04 01 554.207000 1 1
2014 04 02 559.800000 1 1
2014 04 03 558.555000 1 1
2014 04 04 552.658000 1 1
2014 04 05 544.948000 1 1
2014 04 06 540.155000 1 1
2014 04 07 536.879000 1 1
2014 04 08 531.129000 1 1
2014 04 09 523.672000 1 1
2014 04 10 513.597000 1 1
2014 04 11 500.021000 1 1
2014 04 12 484.475000 1 1
2014 04 13 468.703000 1 1
2014 04 14 457.912000 1 1
2014 04 15 451.829000 1 1
2014 04 16 450.271000 1 1
2014 04 17 445.474000 1 1
2014 04 18 437.504000 1 1
2014 04 19 430.201000 1 1
2014 04 20 426.697000 1 1
2014 04 21 420.587000 1 1
2014 04 22 410.723000 1 1
2014 04 23 401.672000 1 1
2014 04 24 400.336000 1 1
2014 04 25 405.453000 1 1
2014 04 26 417.392000 1 1
2014 04 27 428.176000 1 1
2014 04 28 427.966000 1 1
2014 04 29 422.141000 1 1
2014 04 30 415.203000 1 1
2014 05 01 407.182000 1 1
2014 05 02 398.931000 1 1
2014 05 03 388.653000 1 1
2014 05 04 378.756000 1 1
2014 05 05 370.900000 1 1
2014 05 06 366.116000 1 1
2014 05 07 364.514000 1 1
2014 05 08 364.048000 1 1
2014 05 09 363.017000 1 1
2014 05 10 356.510000 1 1
2014 05 11 345.056000 1 1
2014 05 12 333.860000 1 1
2014 05 13 329.750000 1 1
2014 05 14 328.618000 1 1
2014 05 15 327.124000 1 1
2014 05 16 323.975000 1 1
2014 05 17 318.348000 1 1
2014 05 18 310.238000 1 1
2014 05 19 307.725000 1 1
2014 05 20 308.392000 1 1
2014 05 21 307.923000 1 1
2014 05 22 307.413000 1 1
2014 05 23 310.447000 1 1
2014 05 24 319.408000 1 1
2014 05 25 324.360000 1 1
2014 05 26 320.098000 1 1
2014 05 27 311.828000 1 1
2014 05 28 303.805000 1 1
2014 05 29 296.839000 1 1
2014 05 30 288.182000 1 1
2014 05 31 279.746000 1 1
2014 06 01 270.972000 1 1
2014 06 02 261.431000 1 1
2014 06 03 251.673000 1 1
2014 06 04 243.533000 1 1
2014 06 05 235.115000 1 1
2014 06 06 227.899000 1 1
2014 06 07 221.124000 1 1
2014 06 08 216.723000 1 1
2014 06 09 213.625000 1 1
2014 06 10 216.167000 1 1
2014 06 11 215.864000 1 1
2014 06 12 216.584000 1 1
2014 06 13 215.344000 1 1
2014 06 14 213.108000 1 1
2014 06 15 215.387000 1 1
2014 06 16 218.464000 1 1
2014 06 17 217.392000 1 1
2014 06 18 215.725000 1 1
2014 06 19 213.022000 1 1
2014 06 20 207.676000 1 1
2014 06 21 200.009000 1 1
2014 06 22 191.447000 1 1
2014 06 23 183.563000 1 1
2014 06 24 177.852000 1 1
2014 06 25 171.533000 1 1
2014 06 26 165.854000 1 1
2014 06 27 160.139000 1 1
2014 06 28 155.843000 1 1
2014 06 29 151.225000 1 1
2014 06 30 147.568000 1 1
2014 07 01 143.443000 1 1
2014 07 02 140.711000 1 1
2014 07 03 143.858000 1 1
2014 07 04 146.331000 1 1
2014 07 05 146.671000 1 1
2014 07 06 144.478000 1 1
2014 07 07 140.635000 1 1
2014 07 08 136.914000 1 1
2014 07 09 133.806000 1 1
2014 07 10 133.028000 1 1
2014 07 11 133.663000 1 1
2014 07 12 136.051000 1 1
2014 07 13 137.937000 1 1
2014 07 14 135.505000 1 1
2014 07 15 129.959000 1 1
2014 07 16 125.927000 1 1
2014 07 17 121.541000 1 1
2014 07 18 116.206000 1 1
2014 07 19 110.705000 1 1
2014 07 20 107.769000 1 1
2014 07 21 105.227000 1 1
2014 07 22 104.504000 1 1
2014 07 23 103.415000 1 1
2014 07 24 102.197000 1 1
2014 07 25 101.632000 1 1
2014 07 26 101.743000 1 1
2014 07 27 100.097000 1 1
2014 07 28 98.482000 1 1
2014 07 29 96.142000 1 1
2014 07 30 94.945000 1 1
2014 07 31 93.126000 1 1
2014 08 01 92.969000 1 1
2014 08 02 90.753000 1 1
2014 08 03 89.757000 1 1
2014 08 04 87.342000 1 1
2014 08 05 85.073000 1 1
2014 08 06 82.782000 1 1
2014 08 07 81.806000 1 1
2014 08 08 84.291000 1 1
2014 08 09 86.366000 1 1
2014 08 10 86.820000 1 1
2014 08 11 86.506000 1 1
2014 08 12 82.433000 1 1
2014 08 13 78.594000 1 1
2014 08 14 76.026000 1 1
2014 08 15 75.263000 1 1
2014 08 16 75.182000 1 1
2014 08 17 74.906000 1 1
2014 08 18 72.331000 1 1
2014 08 19 69.856000 1 1
2014 08 20 68.117000 1 1
2014 08 21 67.974000 1 1
2014 08 22 66.283000 1 1
2014 08 23 65.160000 1 1
2014 08 24 63.816000 1 1
2014 08 25 62.321000 1 1
2014 08 26 60.994000 1 1
2014 08 27 59.954000 1 1
2014 08 28 58.942000 1 1
2014 08 29 59.008000 1 1
2014 08 30 58.995000 1 1
2014 08 31 59.387000 1 1
2014 09 01 59.244000 1 1
2014 09 02 58.013000 1 1
2014 09 03 56.664000 1 1
2014 09 04 55.582000 1 1
2014 09 05 54.352000 1 1
2014 09 06 53.897000 1 1
2014 09 07 55.160000 1 1
2014 09 08 56.104000 1 1
2014 09 09 56.399000 1 1
2014 09 10 58.330000 1 1
2014 09 11 61.270000 1 1
2014 09 12 60.241000 1 1
2014 09 13 59.815000 1 1
2014 09 14 58.454000 1 1
2014 09 15 57.083000 1 1
2014 09 16 58.123000 1 1
2014 09 17 59.825000 1 1
2014 09 18 60.552000 1 1
2014 09 19 62.798000 1 1
2014 09 20 67.007000 1 1
2014 09 21 66.907000 1 1
2014 09 22 64.475000 1 1
2014 09 23 61.742000 1 1
2014 09 24 62.522000 1 1
2014 09 25 67.630000 1 1
2014 09 26 71.774000 1 1
2014 09 27 69.682000 1 1
2014 09 28 63.682000 1 1
2014 09 29 59.579000 1 1
2014 09 30 57.035000 1 1
2014 10 01 55.306000 1 1
2014 10 02 54.331000 1 1
2014 10 03 55.992000 1 1
2014 10 04 54.488000 1 1
2014 10 05 56.904000 1 1
2014 10 06 60.241000 1 1
2014 10 07 62.002000 1 1
2014 10 08 65.334000 1 1
2014 10 09 73.535000 1 1
2014 10 10 75.899000 1 1
2014 10 11 71.617000 1 1
2014 10 12 65.516000 1 1
2014 10 13 60.818000 1 1
2014 10 14 58.123000 1 1
2014 10 15 56.369000 1 1
2014 10 16 57.363000 1 1
2014 10 17 55.577000 1 1
2014 10 18 54.881000 1 1
2014 10 19 54.332000 1 1
2014 10 20 52.783000 1 1
2014 10 21 52.423000 1 1
2014 10 22 51.362000 1 1
2014 10 23 51.016000 1 1
2014 10 24 53.749000 1 1
2014 10 25 60.804000 1 1
2014 10 26 66.675000 1 1
2014 10 27 75.142000 1 1
2014 10 28 82.755000 1 1
2014 10 29 82.227000 1 1
2014 10 30 76.350000 1 1
2014 10 31 71.200000 1 1
2014 11 01 69.890000 1 1
2014 11 02 74.009000 1 1
2014 11 03 80.982000 1 1
2014 11 04 88.674000 1 1
2014 11 05 90.642000 1 1
2014 11 06 86.560000 1 1
2014 11 07 80.972000 1 1
2014 11 08 78.455000 1 1
2014 11 09 82.085000 1 1
2014 11 10 88.976000 1 1
2014 11 11 92.095000 1 1
2014 11 12 88.882000 1 1
2014 11 13 83.625000 1 1
2014 11 14 84.163000 1 1
2014 11 15 87.608000 1 1
2014 11 16 86.652000 1 1
2014 11 17 83.817000 1 1
2014 11 18 84.072000 1 1
2014 11 19 86.642000 1 1
2014 11 20 89.190000 1 1
2014 11 21 90.941000 1 1
2014 11 22 89.426000 1 1
2014 11 23 87.908000 1 1
2014 11 24 55.711000 1 1
2014 11 25 94.996000 1 1
2014 11 26 96.319000 1 1
2014 11 27 97.478000 1 1
2014 11 28 105.299000 1 1
2014 11 29 113.171000 1 1
2014 11 30 125.167000 1 1
2014 12 01 138.350000 1 1
2014 12 02 151.283000 1 1
2014 12 03 160.987000 1 1
2014 12 04 166.922000 1 1
2014 12 05 161.905000 1 1
2014 12 06 147.810000 1 1
2014 12 07 134.695000 1 1
2014 12 08 130.882000 1 1
2014 12 09 133.602000 1 1
2014 12 10 136.537000 1 1
2014 12 11 137.655000 1 1
2014 12 12 137.621000 1 1
2014 12 13 143.605000 1 1
2014 12 14 157.651000 1 1
2014 12 15 167.736000 1 1
2014 12 16 179.260000 1 1
2014 12 17 183.292000 1 1
2014 12 18 180.127000 1 1
2014 12 19 177.915000 1 1
2014 12 20 180.593000 1 1
2014 12 21 185.883000 1 1
2014 12 22 189.723000 1 1
2014 12 23 192.671000 1 1
2014 12 24 201.220000 1 1
2014 12 25 216.089000 1 1
2014 12 26 237.703000 1 1
2014 12 27 255.629000 1 1
2014 12 28 271.723000 1 1
2014 12 29 287.297000 1 1
2014 12 30 301.299000 1 1
2014 12 31 309.967000 1 1
2015 01 01 312.000000 1 1
2015 01 02 308.000000 1 1
2015 01 03 303.000000 1 1
2015 01 04 293.000000 1 1
2015 01 05 284.000000 1 1
2015 01 06 278.000000 1 1
2015 01 07 278.000000 1 1
2015 01 08 285.000000 1 1
2015 01 09 297.000000 1 1
2015 01 10 309.000000 1 1
2015 01 11 314.000000 1 1
2015 01 12 312.000000 1 1
2015 01 13 304.000000 1 1
2015 01 14 292.000000 1 1
2015 01 15 280.000000 1 1
2015 01 16 272.000000 1 1
2015 01 17 271.000000 1 1
2015 01 18 279.000000 1 1
2015 01 19 293.000000 1 1
2015 01 20 315.000000 1 1
2015 01 21 338.000000 1 1
2015 01 22 365.000000 1 1
2015 01 23 393.000000 1 1
2015 01 24 414.000000 1 1
2015 01 25 425.000000 1 1
2015 01 26 427.000000 1 1
2015 01 27 433.000000 1 1
2015 01 28 444.000000 1 1
2015 01 29 452.000000 1 1
2015 01 30 451.000000 1 1
2015 01 31 443.000000 1 1
2015 02 01 430.000000 1 1
2015 02 02 417.000000 1 1
2015 02 03 408.000000 1 1
2015 02 04 406.000000 1 1
2015 02 05 405.000000 1 1
2015 02 06 400.000000 1 1
2015 02 07 394.000000 1 1
2015 02 08 386.000000 1 1
2015 02 09 374.000000 1 1
2015 02 10 361.000000 1 1
2015 02 11 346.000000 1 1
2015 02 12 338.000000 1 1
2015 02 13 337.000000 1 1
2015 02 14 340.000000 1 1
2015 02 15 347.000000 1 1
2015 02 16 351.000000 1 1
2015 02 17 354.000000 1 1
2015 02 18 354.000000 1 1
2015 02 19 358.000000 1 1
2015 02 20 370.000000 1 1
2015 02 21 387.000000 1 1
2015 02 22 402.000000 1 1
2015 02 23 407.000000 1 1
2015 02 24 408.000000 1 1
2015 02 25 412.000000 1 1
2015 02 26 429.000000 1 1
2015 02 27 455.000000 1 1
2015 02 28 474.000000 1 1
2015 03 01 490.000000 1 1
2015 03 02 508.000000 1 1
2015 03 03 518.000000 1 1
2015 03 04 513.000000 1 1
2015 03 05 497.000000 1 1
2015 03 06 495.000000 1 1
2015 03 07 501.000000 1 1
2015 03 08 521.000000 1 1
2015 03 09 558.000000 1 1
2015 03 10 603.000000 1 1
2015 03 11 633.000000 1 1
2015 03 12 635.000000 1 1
2015 03 13 621.000000 1 1
2015 03 14 596.000000 1 1
2015 03 15 567.000000 1 1
2015 03 16 538.000000 1 1
2015 03 17 517.000000 1 1
2015 03 18 501.000000 1 1
2015 03 19 487.000000 1 1
2015 03 20 476.000000 1 1
2015 03 21 482.000000 1 1
2015 03 22 489.000000 1 1
2015 03 23 500.000000 1 1
2015 03 24 524.000000 1 1
2015 03 25 570.000000 1 1
2015 03 26 634.000000 1 1
2015 03 27 699.000000 1 1
2015 03 28 741.000000 1 1
2015 03 29 745.000000 1 1
2015 03 30 720.000000 1 1
2015 03 31 681.000000 1 1
2015 04 01 639.000000 1 1
2015 04 02 601.000000 1 1
2015 04 03 572.000000 1 1
2015 04 04 553.000000 1 1
2015 04 05 538.000000 1 1
2015 04 06 522.000000 1 1
2015 04 07 515.000000 1 1
2015 04 08 495.000000 1 1
2015 04 09 476.000000 1 1
2015 04 10 460.000000 1 1
2015 04 11 446.000000 1 1
2015 04 12 436.000000 1 1
2015 04 13 430.000000 1 1
2015 04 14 427.000000 1 1
2015 04 15 422.000000 1 1
2015 04 16 417.000000 1 1
2015 04 17 411.000000 1 1
2015 04 18 406.000000 1 1
2015 04 19 402.000000 1 1
2015 04 20 395.000000 1 1
2015 04 21 389.000000 1 1
2015 04 22 382.000000 1 1
2015 04 23 374.000000 1 1
2015 04 24 366.000000 1 1
2015 04 25 358.000000 1 1
2015 04 26 350.000000 1 1
2015 04 27 344.000000 1 1
2015 04 28 341.000000 1 1
2015 04 29 339.000000 1 1
2015 04 30 339.000000 1 1
2015 05 01 340.000000 1 1
2015 05 02 341.000000 1 1
2015 05 03 338.000000 1 1
2015 05 04 337.000000 1 1
2015 05 05 345.000000 1 1
2015 05 06 348.000000 1 1
2015 05 07 351.000000 1 1
2015 05 08 362.000000 1 1
2015 05 09 378.000000 1 1
2015 05 10 390.000000 1 1
2015 05 11 397.000000 1 1
2015 05 12 402.000000 1 1
2015 05 13 401.000000 1 1
2015 05 14 397.000000 1 1
2015 05 15 389.000000 1 1
2015 05 16 381.000000 1 1
2015 05 17 375.000000 1 1
2015 05 18 371.000000 1 1
2015 05 19 366.000000 1 1
2015 05 20 359.000000 1 1
2015 05 21 352.000000 1 1
2015 05 22 343.000000 1 1
2015 05 23 334.000000 1 1
2015 05 24 323.000000 1 1
2015 05 25 312.000000 1 1
2015 05 26 301.000000 1 1
2015 05 27 294.000000 1 1
2015 05 28 298.000000 1 1
2015 05 29 307.000000 1 1
2015 05 30 316.000000 1 1
2015 05 31 326.000000 1 1
2015 06 01 333.000000 1 1
2015 06 02 335.000000 1 1
2015 06 03 331.000000 1 1
2015 06 04 323.000000 1 1
2015 06 05 312.000000 1 1
2015 06 06 302.000000 1 1
2015 06 07 295.000000 1 1
2015 06 08 287.000000 1 1
2015 06 09 276.000000 1 1
2015 06 10 266.000000 1 1
2015 06 11 258.000000 1 1
2015 06 12 250.000000 1 1
2015 06 13 241.000000 1 1
2015 06 14 233.000000 1 1
2015 06 15 227.000000 1 1
2015 06 16 220.000000 1 1
2015 06 17 214.000000 1 1
2015 06 18 209.000000 1 1
2015 06 19 204.000000 1 1
2015 06 20 199.000000 1 1
2015 06 21 196.000000 1 1
2015 06 22 193.000000 1 1
2015 06 23 191.000000 1 1
2015 06 24 187.000000 1 1
2015 06 25 183.000000 1 1
2015 06 26 179.000000 1 1
2015 06 27 175.000000 1 1
2015 06 28 170.000000 1 1
2015 06 29 166.000000 1 1
2015 06 30 161.000000 1 1
2015 07 01 157.000000 1 1
2015 07 02 153.000000 1 1
2015 07 03 150.000000 1 1
2015 07 04 147.000000 1 1
2015 07 05 145.000000 1 1
2015 07 06 143.000000 1 1
2015 07 07 144.000000 1 1
2015 07 08 147.000000 1 1
2015 07 09 153.000000 1 1
2015 07 10 156.000000 1 1
2015 07 11 154.000000 1 1
2015 07 12 148.000000 1 1
2015 07 13 146.000000 1 1
2015 07 14 145.000000 1 1
2015 07 15 141.000000 1 1
2015 07 16 136.000000 1 1
2015 07 17 130.000000 1 1
2015 07 18 126.000000 1 1
2015 07 19 122.000000 1 1
2015 07 20 120.000000 1 1
2015 07 21 118.000000 1 1
2015 07 22 117.000000 1 1
2015 07 23 115.000000 1 1
2015 07 24 113.000000 1 1
2015 07 25 111.000000 1 1
2015 07 26 109.000000 1 1
2015 07 27 107.000000 1 1
2015 07 28 106.000000 1 1
2015 07 29 104.000000 1 1
2015 07 30 101.000000 1 1
2015 07 31 98.000000 1 1
2015 08 01 93.900000 1 1
2015 08 02 90.900000 1 1
2015 08 03 87.600000 1 1
2015 08 04 84.800000 1 1
2015 08 05 82.600000 1 1
2015 08 06 80.900000 1 1
2015 08 07 79.000000 1 1
2015 08 08 77.300000 1 1
2015 08 09 76.000000 1 1
2015 08 10 74.500000 1 1
2015 08 11 73.800000 1 1
2015 08 12 72.600000 1 1
2015 08 13 72.900000 1 1
2015 08 14 75.400000 1 1
2015 08 15 78.600000 1 1
2015 08 16 75.400000 1 1
2015 08 17 71.600000 1 1
2015 08 18 69.500000 1 1
2015 08 19 68.000000 1 1
2015 08 20 67.000000 1 1
2015 08 21 65.600000 1 1
2015 08 22 64.500000 1 1
2015 08 23 63.400000 1 1
2015 08 24 62.500000 1 1
2015 08 25 61.600000 1 1
2015 08 26 60.700000 1 1
2015 08 27 59.900000 1 1
2015 08 28 60.000000 1 1
2015 08 29 59.400000 1 1
2015 08 30 60.100000 1 1
2015 08 31 61.500000 1 1
2015 09 01 62.100000 1 1
2015 09 02 63.600000 1 1
2015 09 03 64.800000 1 1
2015 09 04 64.500000 1 1
2015 09 05 63.700000 1 1
2015 09 06 64.700000 1 1
2015 09 07 67.200000 1 1
2015 09 08 67.600000 1 1
2015 09 09 65.700000 1 1
2015 09 10 63.000000 1 1
2015 09 11 60.200000 1 1
2015 09 12 57.800000 1 1
2015 09 13 55.900000 1 1
2015 09 14 54.600000 1 1
2015 09 15 53.600000 1 1
2015 09 16 52.500000 1 1
2015 09 17 51.600000 1 1
2015 09 18 50.800000 1 1
2015 09 19 50.100000 1 1
2015 09 20 50.100000 1 1
2015 09 21 51.000000 1 1
2015 09 22 50.500000 1 1
2015 09 23 49.300000 1 1
2015 09 24 48.300000 1 1
2015 09 25 48.000000 1 1
2015 09 26 47.000000 1 1
2015 09 27 46.400000 1 1
2015 09 28 46.100000 1 1
2015 09 29 45.600000 1 1
2015 09 30 45.400000 1 1
2015 10 01 45.900000 1 1
2015 10 02 47.900000 1 1
2015 10 03 49.900000 1 1
2015 10 04 52.200000 1 1
2015 10 05 53.100000 1 1
2015 10 06 50.900000 1 1
2015 10 07 48.400000 1 1
2015 10 08 47.700000 1 1
2015 10 09 49.900000 1 1
2015 10 10 56.600000 1 1
2015 10 11 60.500000 1 1
2015 10 12 56.100000 1 1
2015 10 13 51.900000 1 1
2015 10 14 49.400000 1 1
2015 10 15 47.800000 1 1
2015 10 16 46.700000 1 1
2015 10 17 47.800000 1 1
2015 10 18 48.100000 1 1
2015 10 19 47.200000 1 1
2015 10 20 46.300000 1 1
2015 10 21 45.200000 1 1
2015 10 22 44.200000 1 1
2015 10 23 43.300000 1 1
2015 10 24 40.800000 1 1
2015 10 25 38.300000 1 1
2015 10 26 38.700000 1 1
2015 10 27 38.800000 1 1
2015 10 28 39.000000 1 1
2015 10 29 40.700000 1 1
2015 10 30 42.400000 1 1
2015 10 31 44.600000 1 1
2015 11 01 47.000000 1 1
2015 11 02 48.100000 1 1
2015 11 03 50.000000 1 1
2015 11 04 48.200000 1 1
2015 11 05 47.800000 1 1
2015 11 06 54.000000 1 1
2015 11 07 63.900000 1 1
2015 11 08 62.500000 1 1
2015 11 09 62.600000 1 1
2015 11 10 60.400000 1 1
2015 11 11 58.400000 1 1
2015 11 12 58.100000 1 1
2015 11 13 61.300000 1 1
2015 11 14 64.500000 1 1
2015 11 15 63.700000 1 1
2015 11 16 59.300000 1 1
2015 11 17 55.100000 1 1
2015 11 18 52.200000 1 1
2015 11 19 50.700000 1 1
2015 11 20 48.500000 1 1
2015 11 21 47.000000 1 1
2015 11 22 44.500000 1 1
2015 11 23 44.000000 1 1
2015 11 24 44.900000 1 1
2015 11 25 49.700000 1 1
2015 11 26 50.500000 1 1
2015 11 27 51.100000 1 1
2015 11 28 48.300000 1 1
2015 11 29 44.700000 1 1
2015 11 30 43.000000 1 1
2015 12 01 44.000000 1 1
2015 12 02 46.800000 1 1
2015 12 03 47.500000 1 1
2015 12 04 49.300000 1 1
2015 12 05 52.300000 1 1
2015 12 06 57.900000 1 1
2015 12 07 63.400000 1 1
2015 12 08 62.800000 1 1
2015 12 09 64.800000 1 1
2015 12 10 67.600000 1 1
2015 12 11 63.400000 1 1
2015 12 12 60.300000 1 1
2015 12 13 57.500000 1 1
2015 12 14 54.300000 1 1
2015 12 15 51.400000 1 1
2015 12 16 50.300000 1 1
2015 12 17 49.700000 1 1
2015 12 18 50.500000 1 1
2015 12 19 52.200000 1 1
2015 12 20 49.400000 1 1
2015 12 21 50.800000 1 1
2015 12 22 54.900000 1 1
2015 12 23 53.600000 1 1
2015 12 24 52.800000 1 1
2015 12 25 58.000000 1 1
2015 12 26 58.800000 1 1
2015 12 27 62.700000 1 1
2015 12 28 66.300000 1 1
2015 12 29 66.700000 1 1
2015 12 30 68.400000 1 1
2015 12 31 69.100000 1 1
2016 01 01 74.310000 1 1
2016 01 02 79.912000 1 1
2016 01 03 80.343000 1 1
2016 01 04 79.772000 1 1
2016 01 05 75.571000 1 1
2016 01 06 75.697000 1 1
2016 01 07 73.139000 1 1
2016 01 08 71.908000 1 1
2016 01 09 69.341000 1 1
2016 01 10 71.114000 1 1
2016 01 11 83.973000 1 1
2016 01 12 106.245000 1 1
2016 01 13 125.404000 1 1
2016 01 14 137.252000 1 1
2016 01 15 147.672000 1 1
2016 01 16 158.825000 1 1
2016 01 17 172.080000 1 1
2016 01 18 183.382000 1 1
2016 01 19 188.662000 1 1
2016 01 20 185.130000 1 1
2016 01 21 178.117000 1 1
2016 01 22 172.057000 1 1
2016 01 23 167.016000 1 1
2016 01 24 163.805000 1 1
2016 01 25 160.345000 1 1
2016 01 26 154.805000 1 1
2016 01 27 146.180000 1 1
2016 01 28 134.821000 1 1
2016 01 29 128.647000 1 1
2016 01 30 129.299000 1 1
2016 01 31 131.806000 1 1
2016 02 01 132.667000 1 1
2016 02 02 136.546000 1 1
2016 02 03 142.455000 1 1
2016 02 04 146.485000 1 1
2016 02 05 158.478000 1 1
2016 02 06 180.400000 1 1
2016 02 07 194.611000 1 1
2016 02 08 210.153000 1 1
2016 02 09 231.150000 1 1
2016 02 10 253.243000 1 1
2016 02 11 270.797000 1 1
2016 02 12 278.664000 1 1
2016 02 13 276.082000 1 1
2016 02 14 262.031000 1 1
2016 02 15 238.944000 1 1
2016 02 16 211.995000 1 1
2016 02 17 188.840000 1 1
2016 02 18 173.835000 1 1
2016 02 19 169.195000 1 1
2016 02 20 173.169000 1 1
2016 02 21 174.906000 1 1
2016 02 22 181.150000 1 1
2016 02 23 187.218000 1 1
2016 02 24 193.176000 1 1
2016 02 25 203.862000 1 1
2016 02 26 217.829000 1 1
2016 02 27 230.684000 1 1
2016 02 28 243.742000 1 1
2016 02 29 253.478000 1 1
2016 03 01 258.700000 1 1
2016 03 02 262.116000 1 1
2016 03 03 268.650000 1 1
2016 03 04 276.681000 1 1
2016 03 05 278.378000 1 1
2016 03 06 279.307000 1 1
2016 03 07 274.707000 1 1
2016 03 08 276.978000 1 1
2016 03 09 273.893000 1 1
2016 03 10 274.197000 1 1
2016 03 11 279.020000 1 1
2016 03 12 277.598000 1 1
2016 03 13 276.318000 1 1
2016 03 14 279.119000 1 1
2016 03 15 285.076000 1 1
2016 03 16 283.060000 1 1
2016 03 17 273.913000 1 1
2016 03 18 262.778000 1 1
2016 03 19 252.229000 1 1
2016 03 20 242.950000 1 1
2016 03 21 235.179000 1 1
2016 03 22 232.212000 1 2
2016 03 23 229.265000 1 2
2016 03 24 223.428000 1 1
2016 03 25 222.397000 1 1
2016 03 26 221.413000 1 1
2016 03 27 219.128000 1 1
2016 03 28 220.475000 1 1
2016 03 29 221.764000 1 1
2016 03 30 223.163000 1 1
2016 03 31 229.055000 1 1
2016 04 01 238.898000 1 1
2016 04 02 259.043000 1 1
2016 04 03 290.995000 1 1
2016 04 04 323.956000 1 1
2016 04 05 350.719000 1 1
2016 04 06 359.846000 1 1
2016 04 07 353.293000 1 1
2016 04 08 337.261000 1 1
2016 04 09 316.410000 1 1
2016 04 10 291.805000 1 1
2016 04 11 268.747000 1 1
2016 04 12 250.822000 1 1
2016 04 13 233.363000 1 1
2016 04 14 222.881000 1 1
2016 04 15 215.641000 1 1
2016 04 16 211.077000 1 1
2016 04 17 211.266000 1 1
2016 04 18 214.102000 1 1
2016 04 19 215.658000 1 1
2016 04 20 216.178000 1 1
2016 04 21 213.939000 1 1
2016 04 22 209.717000 1 1
2016 04 23 200.720000 1 1
2016 04 24 193.757000 1 1
2016 04 25 189.495000 1 1
2016 04 26 188.443000 1 1
2016 04 27 188.008000 1 1
2016 04 28 185.146000 1 1
2016 04 29 181.729000 1 1
2016 04 30 183.214000 1 1
2016 05 01 190.071000 1 1
2016 05 02 194.216000 1 1
2016 05 03 190.445000 1 1
2016 05 04 179.359000 1 1
2016 05 05 167.678000 1 1
2016 05 06 156.291000 1 1
2016 05 07 151.134000 1 1
2016 05 08 149.395000 1 1
2016 05 09 148.207000 1 1
2016 05 10 147.964000 1 1
2016 05 11 151.235000 1 1
2016 05 12 156.334000 1 1
2016 05 13 159.158000 1 1
2016 05 14 158.315000 1 1
2016 05 15 153.851000 1 1
2016 05 16 147.651000 1 1
2016 05 17 144.111000 1 1
2016 05 18 143.365000 1 1
2016 05 19 141.994000 1 1
2016 05 20 139.727000 1 1
2016 05 21 137.781000 1 1
2016 05 22 134.651000 1 1
2016 05 23 132.237000 1 1
2016 05 24 128.647000 1 1
2016 05 25 125.488000 1 1
2016 05 26 122.002000 1 1
2016 05 27 117.354000 1 1
2016 05 28 112.346000 1 1
2016 05 29 108.549000 1 1
2016 05 30 105.902000 1 1
2016 05 31 103.788000 1 1
2016 06 01 103.118000 1 1
2016 06 02 102.409000 1 1
2016 06 03 101.978000 1 1
2016 06 04 102.214000 1 1
2016 06 05 101.308000 1 1
2016 06 06 99.138000 1 1
2016 06 07 96.825000 1 1
2016 06 08 97.065000 1 1
2016 06 09 98.171000 1 1
2016 06 10 96.675000 1 1
2016 06 11 95.973000 1 1
2016 06 12 95.761000 1 1
2016 06 13 93.090000 1 1
2016 06 14 89.651000 1 1
2016 06 15 86.123000 1 1
2016 06 16 83.176000 1 1
2016 06 17 80.578000 1 1
2016 06 18 78.444000 1 1
2016 06 19 79.673000 1 1
2016 06 20 80.854000 1 1
2016 06 21 79.357000 1 1
2016 06 22 76.355000 1 1
2016 06 23 73.920000 1 1
2016 06 24 72.066000 1 1
2016 06 25 69.529000 1 1
2016 06 26 67.633000 1 1
2016 06 27 66.575000 1 1
2016 06 28 65.235000 1 1
2016 06 29 64.396000 1 1
2016 06 30 63.304000 1 1
2016 07 01 62.167000 1 1
2016 07 02 60.369000 1 1
2016 07 03 59.706000 1 1
2016 07 04 59.495000 1 1
2016 07 05 59.313000 1 1
2016 07 06 57.488000 1 1
2016 07 07 56.545000 1 1
2016 07 08 55.839000 1 1
2016 07 09 54.484000 1 1
2016 07 10 54.092000 1 1
2016 07 11 52.641000 1 1
2016 07 12 51.802000 1 1
2016 07 13 51.322000 1 1
2016 07 14 50.802000 1 1
2016 07 15 50.347000 1 1
2016 07 16 48.901000 1 1
2016 07 17 48.181000 1 1
2016 07 18 47.726000 1 1
2016 07 19 46.834000 1 1
2016 07 20 46.410000 1 1
2016 07 21 45.858000 1 1
2016 07 22 45.434000 1 1
2016 07 23 44.907000 1 1
2016 07 24 44.522000 1 1
2016 07 25 44.101000 1 1
2016 07 26 43.574000 1 1
2016 07 27 42.908000 1 1
2016 07 28 42.322000 1 1
2016 07 29 41.558000 1 1
2016 07 30 41.026000 1 1
2016 07 31 40.347000 1 1
2016 08 01 39.871000 1 1
2016 08 02 39.711000 1 1
2016 08 03 38.914000 1 1
2016 08 04 38.657000 1 1
2016 08 05 38.557000 1 1
2016 08 06 39.198000 1 1
2016 08 07 38.211000 1 1
2016 08 08 37.886000 1 1
2016 08 09 37.868000 1 1
2016 08 10 36.680000 1 1
2016 08 11 36.042000 1 1
2016 08 12 36.032000 1 1
2016 08 13 37.727000 1 1
2016 08 14 37.903000 1 1
2016 08 15 37.319000 1 1
2016 08 16 36.864000 1 1
2016 08 17 36.735000 1 1
2016 08 18 36.784000 1 1
2016 08 19 36.457000 1 1
2016 08 20 36.686000 1 1
2016 08 21 36.672000 1 1
2016 08 22 36.405000 1 1
2016 08 23 37.308000 1 1
2016 08 24 37.794000 1 1
2016 08 25 36.986000 1 1
2016 08 26 35.401000 1 1
2016 08 27 35.428000 1 1
2016 08 28 34.884000 1 1
2016 08 29 34.606000 1 1
2016 08 30 34.095000 1 1
2016 08 31 33.808000 1 1
2016 09 01 33.662000 1 1
2016 09 02 33.512000 1 1
2016 09 03 33.386000 1 1
2016 09 04 33.336000 1 1
2016 09 05 34.596000 1 1
2016 09 06 35.651000 1 1
2016 09 07 35.531000 1 1
2016 09 08 35.664000 1 1
2016 09 09 34.948000 1 1
2016 09 10 34.209000 1 1
2016 09 11 33.429000 1 1
2016 09 12 33.234000 1 1
2016 09 13 32.911000 1 1
2016 09 14 32.766000 1 1
2016 09 15 32.465000 1 1
2016 09 16 35.901000 1 1
2016 09 17 37.864000 1 1
2016 09 18 38.215000 1 1
2016 09 19 39.487000 1 1
2016 09 20 37.238000 1 1
2016 09 21 36.735000 1 1
2016 09 22 36.181000 1 1
2016 09 23 35.877000 1 1
2016 09 24 35.278000 1 1
2016 09 25 35.216000 1 1
2016 09 26 34.738000 1 1
2016 09 27 34.749000 1 1
2016 09 28 33.908000 1 1
2016 09 29 33.572000 1 1
2016 09 30 35.497000 1 1
2016 10 01 36.308000 1 1
2016 10 02 35.572000 1 1
2016 10 03 35.527000 1 1
2016 10 04 35.230000 1 1
2016 10 05 34.122000 1 1
2016 10 06 33.158000 1 1
2016 10 07 33.908000 1 1
2016 10 08 34.079000 1 1
2016 10 09 34.069000 1 1
2016 10 10 34.850000 1 1
2016 10 11 35.415000 1 1
2016 10 12 35.812000 1 1
2016 10 13 35.929000 1 1
2016 10 14 35.213000 1 1
2016 10 15 34.749000 1 1
2016 10 16 33.158000 1 1
2016 10 17 32.589000 1 1
2016 10 18 32.299000 1 1
2016 10 19 31.916000 1 1
2016 10 20 32.022000 1 1
2016 10 21 32.296000 1 1
2016 10 22 31.984000 1 1
2016 10 23 32.609000 1 1
2016 10 24 33.240000 1 1
2016 10 25 33.878000 1 1
2016 10 26 34.847000 1 1
2016 10 27 39.205000 1 1
2016 10 28 38.176000 1 1
2016 10 29 40.249000 1 1
2016 10 30 52.260000 1 1
2016 10 31 68.168000 1 1
2016 11 01 72.841000 1 1
2016 11 02 63.654000 1 1
2016 11 03 56.346000 1 1
2016 11 04 64.098000 1 1
2016 11 05 71.423000 1 1
2016 11 06 70.485000 1 1
2016 11 07 63.211000 1 1
2016 11 08 55.516000 1 1
2016 11 09 53.065000 1 1
2016 11 10 51.861000 1 1
2016 11 11 52.260000 1 1
2016 11 12 51.749000 1 1
2016 11 13 52.674000 1 1
2016 11 14 52.148000 1 1
2016 11 15 51.433000 1 1
2016 11 16 52.687000 1 1
2016 11 17 55.460000 1 1
2016 11 18 55.391000 1 1
2016 11 19 52.653000 1 1
2016 11 20 55.262000 1 1
2016 11 21 64.363000 1 1
2016 11 22 74.090000 1 1
2016 11 23 79.160000 1 1
2016 11 24 77.761000 1 1
2016 11 25 73.243000 1 1
2016 11 26 70.929000 1 1
2016 11 27 69.742000 1 1
2016 11 28 68.130000 1 1
2016 11 29 65.071000 1 1
2016 11 30 63.816000 1 1
2016 12 01 63.599000 1 1
2016 12 02 63.009000 1 1
2016 12 03 61.525000 1 1
2016 12 04 60.882000 1 1
2016 12 05 59.607000 1 1
2016 12 06 58.735000 1 1
2016 12 07 61.063000 1 1
2016 12 08 62.085000 1 1
2016 12 09 63.318000 1 1
2016 12 10 63.262000 1 1
2016 12 11 64.796000 1 1
2016 12 12 65.553000 1 1
2016 12 13 64.903000 1 1
2016 12 14 67.115000 1 1
2016 12 15 67.824000 1 1
2016 12 16 70.728000 1 1
2016 12 17 77.715000 1 1
2016 12 18 91.507000 1 1
2016 12 19 108.957000 1 1
2016 12 20 126.546000 1 1
2016 12 21 143.211000 1 1
2016 12 22 158.448000 1 1
2016 12 23 180.629000 1 1
2016 12 24 205.480000 1 1
2016 12 25 231.123000 1 1
2016 12 26 252.764000 1 1
2016 12 27 268.767000 1 1
2016 12 28 284.566000 1 1
2016 12 29 306.148000 1 1
2016 12 30 320.920000 1 1
2016 12 31 318.226000 1 1
2017 01 01 300.322000 1 1
2017 01 02 272.122000 1 1
2017 01 03 241.547000 1 1
2017 01 04 216.618000 1 1
2017 01 05 200.885000 1 1
2017 01 06 195.251000 1 1
2017 01 07 200.116000 1 1
2017 01 08 215.163000 1 1
2017 01 09 229.620000 1 1
2017 01 10 236.725000 1 1
2017 01 11 232.168000 1 1
2017 01 12 225.135000 1 1
2017 01 13 223.828000 1 1
2017 01 14 226.949000 1 1
2017 01 15 229.405000 1 1
2017 01 16 231.383000 1 1
2017 01 17 237.196000 1 1
2017 01 18 242.067000 1 1
2017 01 19 248.203000 1 1
2017 01 20 257.186000 1 1
2017 01 21 262.448000 1 1
2017 01 22 270.952000 1 1
2017 01 23 283.047000 1 1
2017 01 24 294.437000 1 1
2017 01 25 304.855000 1 1
2017 01 26 306.228000 1 1
2017 01 27 299.662000 1 1
2017 01 28 287.482000 1 1
2017 01 29 287.482000 1 1
2017 01 30 263.175000 1 1
2017 01 31 257.642000 1 1
2017 02 01 261.226000 1 1
2017 02 02 269.393000 1 1
2017 02 03 285.078000 1 1
2017 02 04 305.084000 1 1
2017 02 05 320.506000 1 1
2017 02 06 328.529000 1 1
2017 02 07 329.832000 1 1
2017 02 08 322.630000 1 1
2017 02 09 314.076000 1 1
2017 02 10 305.979000 1 1
2017 02 11 301.803000 1 1
2017 02 12 301.190000 1 1
2017 02 13 303.307000 1 1
2017 02 14 307.723000 1 1
2017 02 15 313.199000 1 1
2017 02 16 313.996000 1 1
2017 02 17 313.743000 1 1
2017 02 18 317.111000 1 1
2017 02 19 338.425000 1 1
2017 02 20 368.756000 1 1
2017 02 21 390.534000 1 1
2017 02 22 401.150000 1 1
2017 02 23 400.143000 1 1
2017 02 24 390.444000 1 1
2017 02 25 376.280000 1 1
2017 02 26 367.256000 1 1
2017 02 27 366.884000 1 1
2017 02 28 370.401000 1 1
2017 03 01 376.889000 1 1
2017 03 02 385.898000 1 1
2017 03 03 395.824000 1 1
2017 03 04 401.860000 1 1
2017 03 05 402.765000 1 1
2017 03 06 397.724000 1 1
2017 03 07 389.080000 1 1
2017 03 08 379.664000 1 1
2017 03 09 371.501000 1 1
2017 03 10 361.581000 1 1
2017 03 11 350.369000 1 1
2017 03 12 341.009000 1 1
2017 03 13 333.901000 1 1
2017 03 14 328.241000 1 1
2017 03 15 322.753000 1 1
2017 03 16 315.217000 1 1
2017 03 17 309.343000 1 1
2017 03 18 305.064000 1 1
2017 03 19 305.312000 1 1
2017 03 20 319.355000 1 1
2017 03 21 344.523000 1 1
2017 03 22 367.573000 1 1
2017 03 23 401.768000 1 1
2017 03 24 446.759000 1 1
2017 03 25 476.903000 1 1
2017 03 26 490.716000 1 1
2017 03 27 496.229000 1 1
2017 03 28 492.826000 1 1
2017 03 29 483.129000 1 1
2017 03 30 469.626000 1 1
2017 03 31 453.633000 1 1
2017 04 01 440.780000 1 1
2017 04 02 434.747000 1 1
2017 04 03 435.535000 1 1
2017 04 04 433.103000 1 1
2017 04 05 424.916000 1 1
2017 04 06 415.435000 1 1
2017 04 07 407.804000 1 1
2017 04 08 405.165000 1 1
2017 04 09 406.939000 1 1
2017 04 10 409.341000 1 1
2017 04 11 410.834000 1 1
2017 04 12 405.545000 1 1
2017 04 13 394.642000 1 1
2017 04 14 380.633000 1 1
2017 04 15 372.745000 1 1
2017 04 16 374.344000 1 1
2017 04 17 387.718000 1 1
2017 04 18 407.896000 1 1
2017 04 19 421.869000 1 1
2017 04 20 420.989000 1 1
2017 04 21 409.676000 1 1
2017 04 22 396.870000 1 1
2017 04 23 383.747000 1 1
2017 04 24 375.593000 1 1
2017 04 25 369.896000 1 1
2017 04 26 362.939000 1 1
2017 04 27 357.116000 1 1
2017 04 28 349.078000 1 1
2017 04 29 341.841000 1 1
2017 04 30 336.896000 1 1
2017 05 01 333.120000 1 1
2017 05 02 328.840000 1 1
2017 05 03 324.977000 1 1
2017 05 04 324.546000 1 1
2017 05 05 324.546000 1 1
2017 05 06 318.420000 1 1
2017 05 07 306.267000 1 1
2017 05 08 291.157000 1 1
2017 05 09 276.507000 1 1
2017 05 10 266.260000 1 1
2017 05 11 257.341000 1 1
2017 05 12 251.152000 1 1
2017 05 13 245.938000 1 1
2017 05 14 240.780000 1 1
2017 05 15 238.691000 1 1
2017 05 16 237.493000 1 1
2017 05 17 231.918000 1 1
2017 05 18 227.906000 1 1
2017 05 19 228.051000 1 1
2017 05 20 230.496000 1 1
2017 05 21 232.350000 1 1
2017 05 22 233.933000 1 1
2017 05 23 234.549000 1 1
2017 05 24 230.806000 1 1
2017 05 25 226.028000 1 1
2017 05 26 221.260000 1 1
2017 05 27 216.943000 1 2
2017 05 28 212.679000 1 1
2017 05 29 208.401000 1 1
2017 05 30 203.127000 1 1
2017 05 31 199.548000 1 1
2017 06 01 196.834000 1 1
2017 06 02 194.786000 1 1
2017 06 03 192.850000 1 1
2017 06 04 192.301000 1 1
2017 06 05 191.417000 1 1
2017 06 06 188.597000 1 2
2017 06 07 185.792000 1 1
2017 06 08 184.225000 1 1
2017 06 09 183.780000 1 1
2017 06 10 184.003000 1 1
2017 06 11 182.253000 1 1
2017 06 12 179.406000 1 1
2017 06 13 180.413000 1 1
2017 06 14 183.428000 1 1
2017 06 15 186.277000 1 1
2017 06 16 185.630000 1 1
2017 06 17 179.088000 1 1
2017 06 18 171.187000 1 1
2017 06 19 163.824000 1 1
2017 06 20 159.880000 1 1
2017 06 21 156.281000 1 1
2017 06 22 151.794000 1 1
2017 06 23 147.606000 1 1
2017 06 24 143.701000 1 1
2017 06 25 141.069000 1 1
2017 06 26 139.902000 1 1
2017 06 27 136.380000 1 1
2017 06 28 132.522000 1 1
2017 06 29 128.568000 1 1
2017 06 30 125.297000 1 1
2017 07 01 122.460000 1 1
2017 07 02 119.117000 1 1
2017 07 03 117.136000 1 1
2017 07 04 115.623000 1 1
2017 07 05 114.799000 1 1
2017 07 06 114.468000 1 1
2017 07 07 113.798000 1 1
2017 07 08 111.910000 1 1
2017 07 09 109.018000 1 1
2017 07 10 106.113000 1 1
2017 07 11 103.459000 1 1
2017 07 12 100.795000 1 1
2017 07 13 99.072000 1 1
2017 07 14 96.835000 1 1
2017 07 15 95.235000 1 1
2017 07 16 93.605000 1 1
2017 07 17 92.414000 1 1
2017 07 18 90.766000 1 1
2017 07 19 89.309000 1 1
2017 07 20 86.819000 1 1
2017 07 21 83.895000 1 1
2017 07 22 82.242000 1 1
2017 07 23 82.622000 1 1
2017 07 24 83.854000 1 1
2017 07 25 84.556000 1 1
2017 07 26 82.729000 1 1
2017 07 27 80.546000 1 1
2017 07 28 79.588000 1 1
2017 07 29 78.596000 1 1
2017 07 30 77.120000 1 1
2017 07 31 75.480000 1 1
2017 08 01 74.611000 1 1
2017 08 02 73.771000 1 1
2017 08 03 72.187000 1 1
2017 08 04 71.399000 1 1
2017 08 05 70.387000 1 1
2017 08 06 69.707000 1 1
2017 08 07 69.298000 1 1
2017 08 08 68.435000 1 1
2017 08 09 67.632000 1 1
2017 08 10 67.230000 1 1
2017 08 11 66.625000 1 2
2017 08 12 66.022000 1 1
2017 08 13 66.343000 1 1
2017 08 14 65.964000 1 1
2017 08 15 65.684000 1 1
2017 08 16 64.665000 1 1
2017 08 17 64.468000 1 1
2017 08 18 63.690000 1 1
2017 08 19 64.580000 1 1
2017 08 20 65.104000 1 1
2017 08 21 64.468000 1 1
2017 08 22 64.263000 1 1
2017 08 23 66.343000 1 1
2017 08 24 66.911000 1 1
2017 08 25 65.364000 1 1
2017 08 26 64.822000 1 1
2017 08 27 64.745000 1 1
2017 08 28 64.857000 1 1
2017 08 29 64.451000 1 1
2017 08 30 63.614000 1 1
2017 08 31 63.375000 1 1
2017 09 01 62.713000 1 1
2017 09 02 63.411000 1 1
2017 09 03 65.400000 1 1
2017 09 04 66.076000 1 1
2017 09 05 64.339000 1 1
2017 09 06 62.898000 1 1
2017 09 07 61.383000 1 1
2017 09 08 60.749000 1 1
2017 09 09 60.050000 1 1
2017 09 10 58.622000 1 1
2017 09 11 58.341000 1 1
2017 09 12 57.391000 1 1
2017 09 13 56.779000 1 1
2017 09 14 57.249000 1 1
2017 09 15 57.619000 1 1
2017 09 16 60.136000 1 1
2017 09 17 61.583000 1 1
2017 09 18 59.530000 1 1
2017 09 19 58.745000 1 1
2017 09 20 55.652000 1 1
2017 09 21 53.839000 1 1
2017 09 22 52.678000 1 1
2017 09 23 52.425000 1 1
2017 09 24 55.636000 1 1
2017 09 25 55.375000 1 1
2017 09 26 54.898000 1 1
2017 09 27 55.272000 1 1
2017 09 28 56.516000 1 1
2017 09 29 58.447000 1 1
2017 09 30 60.373000 1 1
2017 10 01 60.352000 1 1
2017 10 02 58.783000 1 1
2017 10 03 57.669000 1 1
2017 10 04 56.934000 1 1
2017 10 05 55.000000 1 1
2017 10 06 56.013000 1 1
2017 10 07 58.181000 1 1
2017 10 08 58.677000 1 1
2017 10 09 59.385000 1 1
2017 10 10 59.835000 1 1
2017 10 11 58.996000 1 1
2017 10 12 58.075000 1 1
2017 10 13 54.758000 1 1
2017 10 14 52.008000 1 1
2017 10 15 48.700000 1 1
2017 10 16 46.192000 1 1
2017 10 17 44.546000 1 1
2017 10 18 43.431000 1 1
2017 10 19 43.705000 1 1
2017 10 20 43.614000 1 1
2017 10 21 46.004000 1 1
2017 10 22 51.312000 1 1
2017 10 23 59.317000 1 1
2017 10 24 63.743000 1 1
2017 10 25 64.219000 1 1
2017 10 26 60.334000 1 1
2017 10 27 58.694000 1 1
2017 10 28 57.144000 1 1
2017 10 29 59.441000 1 1
2017 10 30 61.745000 1 1
2017 10 31 59.779000 1 1
2017 11 01 59.441000 1 1
2017 11 02 59.278000 1 1
2017 11 03 58.515000 1 1
2017 11 04 57.653000 1 1
2017 11 05 55.017000 1 1
2017 11 06 55.000000 1 1
2017 11 07 56.346000 1 1
2017 11 08 67.230000 1 1
2017 11 09 79.961000 1 1
2017 11 10 82.668000 1 1
2017 11 11 76.329000 1 1
2017 11 12 73.594000 1 1
2017 11 13 83.578000 1 1
2017 11 14 93.811000 1 1
2017 11 15 102.136000 1 1
2017 11 16 114.247000 1 1
2017 11 17 128.300000 1 1
2017 11 18 138.192000 1 1
2017 11 19 146.411000 1 1
2017 11 20 150.872000 1 1
2017 11 21 144.038000 1 1
2017 11 22 128.377000 1 1
2017 11 23 113.923000 1 1
2017 11 24 108.504000 1 1
2017 11 25 108.235000 1 1
2017 11 26 105.727000 1 1
2017 11 27 102.936000 1 1
2017 11 28 101.380000 1 1
2017 11 29 98.100000 1 1
2017 11 30 92.548000 1 1
2017 12 01 87.231000 1 1
2017 12 02 85.327000 1 1
2017 12 03 84.710000 1 1
2017 12 04 84.622000 1 1
2017 12 05 82.389000 1 1
2017 12 06 85.224000 1 1
2017 12 07 94.239000 1 1
2017 12 08 106.205000 1 1
2017 12 09 121.351000 1 1
2017 12 10 134.822000 1 1
2017 12 11 139.298000 1 1
2017 12 12 135.371000 1 1
2017 12 13 125.687000 1 1
2017 12 14 118.659000 1 1
2017 12 15 116.330000 1 1
2017 12 16 117.975000 1 1
2017 12 17 127.640000 1 1
2017 12 18 142.549000 1 1
2017 12 19 162.233000 1 1
2017 12 20 186.401000 1 1
2017 12 21 206.600000 1 1
2017 12 22 225.279000 1 1
2017 12 23 240.411000 1 1
2017 12 24 248.167000 1 1
2017 12 25 251.422000 1 1
2017 12 26 254.463000 1 1
2017 12 27 258.399000 1 1
2017 12 28 264.328000 1 1
2017 12 29 271.419000 1 1
2017 12 30 275.761000 1 1
2017 12 31 275.525000 1 1
