year month day streamflow_m3s qual_control_by_ana qual_flag
2011 02 01 nan nan 0
2011 02 02 nan nan 0
2011 02 03 nan nan 0
2011 02 04 nan nan 0
2011 02 05 nan nan 0
2011 02 06 nan nan 0
2011 02 07 nan nan 0
2011 02 08 nan nan 0
2011 02 09 nan nan 0
2011 02 10 nan nan 0
2011 02 11 nan nan 0
2011 02 12 nan nan 0
2011 02 13 nan nan 0
2011 02 14 nan nan 0
2011 02 15 nan nan 0
2011 02 16 nan nan 0
2011 02 17 nan nan 0
2011 02 18 nan nan 0
2011 02 19 nan nan 0
2011 02 20 nan nan 0
2011 02 21 nan nan 0
2011 02 22 nan nan 0
2011 02 23 nan nan 0
2011 02 24 nan nan 0
2011 02 25 nan nan 0
2011 02 26 39583.215000 1 1
2011 02 27 39964.602000 1 1
2011 02 28 40307.813000 1 1
2011 03 01 40703.797000 1 1
2011 03 02 41110.445000 1 1
2011 03 03 41454.980000 1 1
2011 03 04 41671.852000 1 1
2011 03 05 41904.023000 1 1
2011 03 06 42197.484000 1 1
2011 03 07 42402.344000 1 1
2011 03 08 42647.746000 1 1
2011 03 09 42919.387000 1 1
2011 03 10 43033.723000 1 1
2011 03 11 43129.289000 1 1
2011 03 12 43178.508000 1 1
2011 03 13 43166.480000 1 1
2011 03 14 43326.289000 1 1
2011 03 15 43505.051000 1 1
2011 03 16 43737.945000 1 1
2011 03 17 43950.309000 1 1
2011 03 18 44236.383000 1 1
2011 03 19 44692.129000 1 1
2011 03 20 45016.156000 1 1
2011 03 21 45232.750000 1 1
2011 03 22 45417.324000 1 1
2011 03 23 45598.078000 1 1
2011 03 24 45768.406000 1 1
2011 03 25 46042.691000 1 1
2011 03 26 46167.891000 1 1
2011 03 27 46253.621000 1 1
2011 03 28 46556.652000 1 1
2011 03 29 46576.426000 1 1
2011 03 30 46580.770000 1 1
2011 03 31 46660.719000 1 1
2011 04 01 46789.813000 1 1
2011 04 02 46921.469000 1 1
2011 04 03 47178.664000 1 1
2011 04 04 47427.891000 1 1
2011 04 05 47745.676000 1 1
2011 04 06 48080.777000 1 1
2011 04 07 48406.129000 1 1
2011 04 08 48698.750000 1 1
2011 04 09 49091.234000 1 1
2011 04 10 49317.672000 1 1
2011 04 11 49512.609000 1 1
2011 04 12 49724.367000 1 1
2011 04 13 49899.738000 1 1
2011 04 14 49984.449000 1 1
2011 04 15 50122.551000 1 1
2011 04 16 50308.789000 1 1
2011 04 17 50423.074000 1 1
2011 04 18 50495.465000 1 1
2011 04 19 50553.891000 1 1
2011 04 20 50518.832000 1 1
2011 04 21 50590.617000 1 1
2011 04 22 50368.660000 1 1
2011 04 23 50053.820000 1 1
2011 04 24 49695.086000 1 1
2011 04 25 49241.438000 1 1
2011 04 26 48711.129000 1 1
2011 04 27 48047.629000 1 1
2011 04 28 47108.777000 1 1
2011 04 29 46025.074000 1 1
2011 04 30 44909.910000 1 1
2011 05 01 43787.504000 1 1
2011 05 02 42871.039000 1 1
2011 05 03 42113.438000 1 1
2011 05 04 41384.102000 1 1
2011 05 05 40638.461000 1 1
2011 05 06 39786.625000 1 1
2011 05 07 39193.305000 1 1
2011 05 08 38844.164000 1 1
2011 05 09 38610.133000 1 1
2011 05 10 38125.629000 1 1
2011 05 11 37276.785000 1 1
2011 05 12 36107.602000 1 1
2011 05 13 34877.238000 1 1
2011 05 14 34107.254000 1 1
2011 05 15 33447.762000 1 1
2011 05 16 32859.855000 1 1
2011 05 17 32332.658000 1 1
2011 05 18 31857.725000 1 1
2011 05 19 31407.365000 1 1
2011 05 20 30980.059000 1 1
2011 05 21 30610.281000 1 1
2011 05 22 30215.529000 1 1
2011 05 23 29811.363000 1 1
2011 05 24 29372.424000 1 1
2011 05 25 28930.789000 1 1
2011 05 26 28429.670000 1 1
2011 05 27 27912.564000 1 1
2011 05 28 27424.777000 1 1
2011 05 29 26882.459000 1 1
2011 05 30 26340.973000 1 1
2011 05 31 25781.850000 1 1
2011 06 01 25260.641000 1 1
2011 06 02 24764.625000 1 1
2011 06 03 24411.531000 1 1
2011 06 04 24180.465000 1 1
2011 06 05 23920.213000 1 1
2011 06 06 23533.166000 1 1
2011 06 07 23017.203000 1 1
2011 06 08 22410.189000 1 1
2011 06 09 21786.219000 1 1
2011 06 10 21205.785000 1 1
2011 06 11 20668.834000 1 1
2011 06 12 20173.811000 1 1
2011 06 13 19664.516000 1 1
2011 06 14 19180.184000 1 1
2011 06 15 18741.041000 1 1
2011 06 16 18317.979000 1 1
2011 06 17 17950.402000 1 1
2011 06 18 17721.006000 1 1
2011 06 19 17576.725000 1 1
2011 06 20 17365.322000 1 1
2011 06 21 17016.951000 1 1
2011 06 22 16583.877000 1 1
2011 06 23 16038.634000 1 1
2011 06 24 15525.912000 1 1
2011 06 25 15069.571000 1 1
2011 06 26 14653.153000 1 1
2011 06 27 14213.869000 1 1
2011 06 28 13816.759000 1 1
2011 06 29 13453.997000 1 1
2011 06 30 13083.681000 1 1
2011 07 01 12752.984000 1 1
2011 07 02 12489.271000 1 1
2011 07 03 12244.618000 1 1
2011 07 04 11983.506000 1 1
2011 07 05 11591.257000 1 1
2011 07 06 11275.421000 1 1
2011 07 07 10941.651000 1 1
2011 07 08 10728.517000 1 1
2011 07 09 10468.188000 1 1
2011 07 10 10161.104000 1 1
2011 07 11 9897.419000 1 1
2011 07 12 9707.368000 1 1
2011 07 13 9563.826000 1 1
2011 07 14 9451.491000 1 1
2011 07 15 9363.175000 1 1
2011 07 16 9239.523000 1 1
2011 07 17 9046.089000 1 1
2011 07 18 8800.931000 1 1
2011 07 19 8533.974000 1 1
2011 07 20 8248.473000 1 1
2011 07 21 8026.978000 1 1
2011 07 22 7926.845000 1 1
2011 07 23 8232.277000 1 1
2011 07 24 8999.052000 1 1
2011 07 25 9641.090000 1 1
2011 07 26 9886.851000 1 1
2011 07 27 9966.776000 1 1
2011 07 28 9855.189000 1 1
2011 07 29 9648.649000 1 1
2011 07 30 9414.239000 1 1
2011 07 31 9163.473000 1 1
2011 08 01 8927.000000 1 1
2011 08 02 8651.370000 1 1
2011 08 03 8471.329000 1 1
2011 08 04 8252.738000 1 1
2011 08 05 7999.359000 1 1
2011 08 06 7738.854000 1 1
2011 08 07 7615.164000 1 1
2011 08 08 7743.764000 1 1
2011 08 09 7968.467000 1 1
2011 08 10 8245.914000 1 1
2011 08 11 8343.506000 1 1
2011 08 12 8314.320000 1 1
2011 08 13 8176.181000 1 1
2011 08 14 7942.587000 1 1
2011 08 15 7581.444000 1 1
2011 08 16 7284.312000 1 1
2011 08 17 7012.203000 1 1
2011 08 18 6747.787000 1 1
2011 08 19 6498.690000 1 1
2011 08 20 6231.927000 1 1
2011 08 21 6026.543000 1 1
2011 08 22 5819.986000 1 1
2011 08 23 5558.456000 1 1
2011 08 24 5359.038000 1 1
2011 08 25 5199.221000 1 1
2011 08 26 5070.415000 1 1
2011 08 27 4946.157000 1 1
2011 08 28 4832.920000 1 1
2011 08 29 4802.334000 1 1
2011 08 30 4876.316000 1 1
2011 08 31 5036.382000 1 1
2011 09 01 5170.275000 1 1
2011 09 02 5172.788000 1 1
2011 09 03 5084.691000 1 1
2011 09 04 4958.981000 1 1
2011 09 05 4824.511000 1 1
2011 09 06 4696.580000 1 1
2011 09 07 4585.392000 1 1
2011 09 08 4529.298000 1 1
2011 09 09 4472.514000 1 1
2011 09 10 4412.234000 1 1
2011 09 11 4408.837000 1 1
2011 09 12 4447.427000 1 1
2011 09 13 4437.191000 1 1
2011 09 14 4455.969000 1 1
2011 09 15 4446.858000 1 1
2011 09 16 4484.520000 1 1
2011 09 17 4547.753000 1 1
2011 09 18 4461.670000 1 1
2011 09 19 4495.401000 1 1
2011 09 20 4767.706000 1 1
2011 09 21 5062.977000 1 1
2011 09 22 5163.369000 1 1
2011 09 23 5124.556000 1 1
2011 09 24 5023.428000 1 1
2011 09 25 4932.137000 1 1
2011 09 26 4855.189000 1 1
2011 09 27 4760.562000 1 1
2011 09 28 4658.346000 1 1
2011 09 29 4589.458000 1 1
2011 09 30 4564.521000 1 1
2011 10 01 4581.329000 1 1
2011 10 02 4660.692000 1 1
2011 10 03 4814.313000 1 1
2011 10 04 5014.803000 1 1
2011 10 05 5165.251000 1 1
2011 10 06 5237.137000 1 1
2011 10 07 5225.321000 1 1
2011 10 08 5032.062000 1 1
2011 10 09 4971.827000 1 1
2011 10 10 4861.822000 1 1
2011 10 11 4768.897000 1 1
2011 10 12 4719.027000 1 1
2011 10 13 4796.353000 1 1
2011 10 14 5012.957000 1 1
2011 10 15 5204.266000 1 1
2011 10 16 5286.696000 1 1
2011 10 17 5335.280000 1 1
2011 10 18 5488.661000 1 1
2011 10 19 5741.239000 1 1
2011 10 20 5950.209000 1 1
2011 10 21 6138.762000 1 1
2011 10 22 6564.172000 1 1
2011 10 23 7312.410000 1 1
2011 10 24 8001.868000 1 1
2011 10 25 8327.188000 1 1
2011 10 26 8402.077000 1 1
2011 10 27 8314.320000 1 1
2011 10 28 8179.573000 1 1
2011 10 29 8019.439000 1 1
2011 10 30 7873.777000 1 1
2011 10 31 7706.178000 1 1
2011 11 01 7508.003000 1 1
2011 11 02 7327.396000 1 1
2011 11 03 7139.566000 1 1
2011 11 04 6928.254000 1 1
2011 11 05 6721.828000 1 1
2011 11 06 6504.860000 1 1
2011 11 07 6199.405000 1 1
2011 11 08 6064.551000 1 1
2011 11 09 6024.890000 1 1
2011 11 10 6293.247000 1 1
2011 11 11 6550.228000 1 1
2011 11 12 6454.613000 1 1
2011 11 13 6458.246000 1 1
2011 11 14 6644.544000 1 1
2011 11 15 6628.271000 1 1
2011 11 16 6614.237000 1 1
2011 11 17 6688.316000 1 1
2011 11 18 6820.764000 1 1
2011 11 19 6893.313000 1 1
2011 11 20 6865.292000 1 1
2011 11 21 6761.438000 1 1
2011 11 22 6588.438000 1 1
2011 11 23 6288.961000 1 1
2011 11 24 6061.763000 1 1
2011 11 25 5952.275000 1 1
2011 11 26 5848.857000 1 1
2011 11 27 5837.288000 1 1
2011 11 28 5871.357000 1 1
2011 11 29 6362.076000 1 1
2011 11 30 7550.587000 1 1
2011 12 01 9245.956000 1 1
2011 12 02 10614.080000 1 1
2011 12 03 11454.437000 1 1
2011 12 04 11161.641000 1 1
2011 12 05 10873.732000 1 1
2011 12 06 10543.969000 1 1
2011 12 07 9923.391000 1 1
2011 12 08 9603.350000 1 1
2011 12 09 9201.904000 1 1
2011 12 10 8918.918000 1 1
2011 12 11 9468.286000 1 1
2011 12 12 9694.089000 1 1
2011 12 13 9290.146000 1 1
2011 12 14 9005.374000 1 1
2011 12 15 9157.991000 1 1
2011 12 16 10203.207000 1 1
2011 12 17 13315.979000 1 1
2011 12 18 15126.073000 1 1
2011 12 19 16897.689000 1 1
2011 12 20 18194.438000 1 1
2011 12 21 18528.373000 1 1
2011 12 22 18629.322000 1 1
2011 12 23 18161.260000 1 1
2011 12 24 17995.959000 1 1
2011 12 25 17963.016000 1 1
2011 12 26 18394.328000 1 1
2011 12 27 18696.818000 1 1
2011 12 28 19241.061000 1 1
2011 12 29 19669.105000 1 1
2011 12 30 19515.545000 1 1
2011 12 31 19576.877000 1 1
2012 01 01 20291.027000 1 1
2012 01 02 21021.523000 1 1
2012 01 03 21572.055000 1 1
2012 01 04 21581.578000 1 1
2012 01 05 21334.811000 1 1
2012 01 06 21290.262000 1 1
2012 01 07 21815.078000 1 1
2012 01 08 22877.924000 1 1
2012 01 09 23935.313000 1 1
2012 01 10 24075.098000 1 1
2012 01 11 23657.293000 1 1
2012 01 12 23005.250000 1 1
2012 01 13 22355.006000 1 1
2012 01 14 21956.496000 1 1
2012 01 15 22028.111000 1 1
2012 01 16 22310.502000 1 1
2012 01 17 23279.811000 1 1
2012 01 18 25036.719000 1 1
2012 01 19 26864.740000 1 1
2012 01 20 28126.572000 1 1
2012 01 21 28996.559000 1 1
2012 01 22 29443.689000 1 1
2012 01 23 29486.816000 1 1
2012 01 24 29233.607000 1 1
2012 01 25 29039.268000 1 1
2012 01 26 29170.934000 1 1
2012 01 27 29465.248000 1 1
2012 01 28 29774.801000 1 1
2012 01 29 29935.375000 1 1
2012 01 30 30010.834000 1 1
2012 01 31 30367.953000 1 1
2012 02 01 30843.744000 1 1
2012 02 02 31348.398000 1 1
2012 02 03 31771.189000 1 1
2012 02 04 31940.268000 1 1
2012 02 05 31997.918000 1 1
2012 02 06 32118.676000 1 1
2012 02 07 31846.070000 1 1
2012 02 08 31536.822000 1 1
2012 02 09 31781.631000 1 1
2012 02 10 32890.207000 1 1
2012 02 11 34119.477000 1 1
2012 02 12 35167.414000 1 1
2012 02 13 36315.109000 1 1
2012 02 14 37074.098000 1 1
2012 02 15 37588.879000 1 1
2012 02 16 37940.418000 1 1
2012 02 17 38176.586000 1 1
2012 02 18 38386.207000 1 1
2012 02 19 38598.527000 1 1
2012 02 20 38946.129000 1 1
2012 02 21 39367.465000 1 1
2012 02 22 39962.586000 1 1
2012 02 23 40421.281000 1 1
2012 02 24 40930.305000 1 1
2012 02 25 41520.578000 1 1
2012 02 26 42110.238000 1 1
2012 02 27 42525.750000 1 1
2012 02 28 42927.000000 1 1
2012 02 29 43432.465000 1 1
2012 03 01 43747.363000 1 1
2012 03 02 43975.926000 1 1
2012 03 03 44252.492000 1 1
2012 03 04 44433.172000 1 1
2012 03 05 44633.762000 1 1
2012 03 06 44813.266000 1 1
2012 03 07 44995.398000 1 1
2012 03 08 45204.125000 1 1
2012 03 09 45426.574000 1 1
2012 03 10 45689.164000 1 1
2012 03 11 45983.531000 1 1
2012 03 12 46131.164000 1 1
2012 03 13 46221.656000 1 1
2012 03 14 46257.000000 1 1
2012 03 15 46378.629000 1 1
2012 03 16 46422.906000 1 1
2012 03 17 46429.551000 1 1
2012 03 18 44656.832000 1 1
2012 03 19 44456.797000 1 1
2012 03 20 43950.324000 1 1
2012 03 21 43709.445000 1 1
2012 03 22 43852.598000 1 1
2012 03 23 43722.449000 1 1
2012 03 24 43852.598000 1 1
2012 03 25 43602.215000 1 1
2012 03 26 43138.926000 1 1
2012 03 27 42658.559000 1 1
2012 03 28 42571.770000 1 1
2012 03 29 42225.410000 1 1
2012 03 30 42180.605000 1 1
2012 03 31 42581.410000 1 1
2012 04 01 43032.328000 1 1
2012 04 02 43394.594000 1 1
2012 04 03 43689.938000 1 1
2012 04 04 43982.922000 1 1
2012 04 05 44093.832000 1 1
2012 04 06 43904.707000 1 1
2012 04 07 43355.715000 1 1
2012 04 08 42806.602000 1 1
2012 04 09 41982.438000 1 1
2012 04 10 41228.785000 1 1
2012 04 11 40365.117000 1 1
2012 04 12 40064.457000 1 1
2012 04 13 39478.594000 1 1
2012 04 14 38717.832000 1 1
2012 04 15 38036.996000 1 1
2012 04 16 37397.957000 1 1
2012 04 17 36875.160000 1 1
2012 04 18 36445.512000 1 1
2012 04 19 36373.625000 1 1
2012 04 20 36247.977000 1 1
2012 04 21 35797.852000 1 1
2012 04 22 35205.547000 1 1
2012 04 23 34796.508000 1 1
2012 04 24 35190.797000 1 1
2012 04 25 36000.246000 1 1
2012 04 26 36286.848000 1 1
2012 04 27 36256.945000 1 1
2012 04 28 36104.617000 1 1
2012 04 29 36146.406000 1 1
2012 04 30 36373.625000 1 1
2012 05 01 36415.551000 1 1
2012 05 02 36340.699000 1 1
2012 05 03 36170.293000 1 1
2012 05 04 35934.711000 1 1
2012 05 05 35595.969000 1 1
2012 05 06 35199.645000 1 1
2012 05 07 34775.965000 1 1
2012 05 08 34208.813000 1 1
2012 05 09 33613.914000 1 1
2012 05 10 33025.176000 1 1
2012 05 11 32414.170000 1 1
2012 05 12 31966.793000 1 1
2012 05 13 31264.934000 1 1
2012 05 14 30532.123000 1 1
2012 05 15 30056.553000 1 1
2012 05 16 29738.369000 1 1
2012 05 17 29293.764000 1 1
2012 05 18 28831.752000 1 1
2012 05 19 28576.119000 1 1
2012 05 20 29066.348000 1 1
2012 05 21 29840.510000 1 1
2012 05 22 30428.141000 1 1
2012 05 23 30697.896000 1 1
2012 05 24 30899.943000 1 1
2012 05 25 31117.781000 1 1
2012 05 26 31184.883000 1 1
2012 05 27 31171.977000 1 1
2012 05 28 31128.104000 1 1
2012 05 29 30965.643000 1 1
2012 05 30 30760.922000 1 1
2012 05 31 30823.979000 1 1
2012 06 01 31017.195000 1 1
2012 06 02 31179.721000 1 1
2012 06 03 30997.861000 1 1
2012 06 04 30431.990000 1 1
2012 06 05 29747.426000 1 1
2012 06 06 28935.783000 1 1
2012 06 07 27888.594000 1 1
2012 06 08 27040.084000 1 1
2012 06 09 26716.156000 1 1
2012 06 10 26338.592000 1 1
2012 06 11 25905.488000 1 1
2012 06 12 25756.156000 1 1
2012 06 13 25719.162000 1 1
2012 06 14 25610.725000 1 1
2012 06 15 25219.777000 1 1
2012 06 16 24754.494000 1 1
2012 06 17 24133.295000 1 1
2012 06 18 23614.893000 1 1
2012 06 19 23069.145000 1 1
2012 06 20 22297.369000 1 1
2012 06 21 21877.648000 1 1
2012 06 22 21583.914000 1 1
2012 06 23 21138.031000 1 1
2012 06 24 20637.031000 1 1
2012 06 25 20209.891000 1 1
2012 06 26 20219.205000 1 1
2012 06 27 20515.441000 1 1
2012 06 28 21183.934000 1 1
2012 06 29 22070.033000 1 1
2012 06 30 22701.023000 1 1
2012 07 01 22729.752000 1 1
2012 07 02 22336.703000 1 1
2012 07 03 21847.996000 1 1
2012 07 04 21320.600000 1 1
2012 07 05 20876.029000 1 1
2012 07 06 20205.234000 1 1
2012 07 07 19412.766000 1 1
2012 07 08 18943.686000 1 1
2012 07 09 18696.459000 1 1
2012 07 10 18610.799000 1 1
2012 07 11 18595.961000 1 1
2012 07 12 18497.869000 1 1
2012 07 13 18493.311000 1 1
2012 07 14 18746.758000 1 1
2012 07 15 18997.582000 1 1
2012 07 16 19103.188000 1 1
2012 07 17 18960.883000 1 1
2012 07 18 18554.883000 1 1
2012 07 19 17971.908000 1 1
2012 07 20 17163.486000 1 1
2012 07 21 16511.203000 1 1
2012 07 22 16185.430000 1 1
2012 07 23 15591.833000 1 1
2012 07 24 14903.092000 1 1
2012 07 25 14792.778000 1 1
2012 07 26 15051.856000 1 1
2012 07 27 15056.916000 1 1
2012 07 28 14634.520000 1 1
2012 07 29 14045.193000 1 1
2012 07 30 13114.860000 1 1
2012 07 31 12325.447000 1 1
2012 08 01 11846.760000 1 1
2012 08 02 11471.222000 1 1
2012 08 03 10993.049000 1 1
2012 08 04 10368.794000 1 1
2012 08 05 10031.603000 1 1
2012 08 06 10117.166000 1 1
2012 08 07 10199.285000 1 1
2012 08 08 10179.694000 1 1
2012 08 09 10215.958000 1 1
2012 08 10 10225.773000 1 1
2012 08 11 10109.368000 1 1
2012 08 12 9670.405000 1 1
2012 08 13 9148.859000 1 1
2012 08 14 8959.376000 1 1
2012 08 15 8805.381000 1 1
2012 08 16 8396.035000 1 1
2012 08 17 8260.419000 1 1
2012 08 18 7993.509000 1 1
2012 08 19 7619.212000 1 1
2012 08 20 7389.924000 1 1
2012 08 21 7165.204000 1 1
2012 08 22 6736.011000 1 1
2012 08 23 6701.708000 1 1
2012 08 24 6795.941000 1 1
2012 08 25 6738.999000 1 1
2012 08 26 6756.947000 1 1
2012 08 27 6539.966000 1 1
2012 08 28 6296.819000 1 1
2012 08 29 6311.124000 1 1
2012 08 30 6324.016000 1 1
2012 08 31 6273.977000 1 1
2012 09 01 6181.030000 1 1
2012 09 02 6114.894000 1 1
2012 09 03 5919.272000 1 1
2012 09 04 5789.133000 1 1
2012 09 05 5763.468000 1 1
2012 09 06 5786.428000 1 1
2012 09 07 5887.072000 1 1
2012 09 08 5856.351000 1 1
2012 09 09 5664.217000 1 1
2012 09 10 5517.450000 1 1
2012 09 11 5483.437000 1 1
2012 09 12 5353.253000 1 1
2012 09 13 5230.172000 1 1
2012 09 14 5113.323000 1 1
2012 09 15 5127.679000 1 1
2012 09 16 4981.628000 1 1
2012 09 17 4695.400000 1 1
2012 09 18 4558.156000 1 1
2012 09 19 4521.240000 1 1
2012 09 20 4569.733000 1 1
2012 09 21 4744.513000 1 1
2012 09 22 4754.019000 1 1
2012 09 23 4632.580000 1 1
2012 09 24 4597.595000 1 1
2012 09 25 4566.258000 1 1
2012 09 26 4571.471000 1 1
2012 09 27 4550.064000 1 1
2012 09 28 4554.687000 1 1
2012 09 29 4499.987000 1 1
2012 09 30 4432.646000 1 1
2012 10 01 4480.516000 1 1
2012 10 02 4501.565000 1 1
2012 10 03 4510.749000 1 1
2012 10 04 4504.290000 1 1
2012 10 05 4519.514000 1 1
2012 10 06 4611.714000 1 1
2012 10 07 4819.261000 1 1
2012 10 08 5064.526000 1 1
2012 10 09 5204.897000 1 1
2012 10 10 5259.813000 1 1
2012 10 11 5262.514000 1 1
2012 10 12 5219.895000 1 1
2012 10 13 5294.667000 1 1
2012 10 14 5714.036000 1 1
2012 10 15 6285.569000 1 1
2012 10 16 6712.508000 1 1
2012 10 17 6880.619000 1 1
2012 10 18 7096.584000 1 1
2012 10 19 7499.185000 1 1
2012 10 20 7988.079000 1 1
2012 10 21 8338.537000 1 1
2012 10 22 8149.708000 1 1
2012 10 23 7758.503000 1 1
2012 10 24 7413.164000 1 1
2012 10 25 7084.611000 1 1
2012 10 26 6910.959000 1 1
2012 10 27 6918.178000 1 1
2012 10 28 6919.698000 1 1
2012 10 29 6739.933000 1 1
2012 10 30 6582.733000 1 1
2012 10 31 6577.768000 1 1
2012 11 01 6668.447000 1 1
2012 11 02 6694.266000 1 1
2012 11 03 6682.184000 1 1
2012 11 04 6621.067000 1 1
2012 11 05 6385.128000 1 1
2012 11 06 6110.338000 1 1
2012 11 07 5905.042000 1 1
2012 11 08 5839.159000 1 1
2012 11 09 5872.552000 1 1
2012 11 10 5891.177000 1 1
2012 11 11 5848.176000 1 1
2012 11 12 5814.365000 1 1
2012 11 13 5974.172000 1 1
2012 11 14 6219.588000 1 1
2012 11 15 6558.115000 1 1
2012 11 16 7136.851000 1 1
2012 11 17 7441.832000 1 1
2012 11 18 7858.688000 1 1
2012 11 19 8006.676000 1 1
2012 11 20 7768.956000 1 1
2012 11 21 7698.022000 1 1
2012 11 22 7943.477000 1 1
2012 11 23 8987.317000 1 1
2012 11 24 9851.356000 1 1
2012 11 25 9967.018000 1 1
2012 11 26 9914.247000 1 1
2012 11 27 9849.919000 1 1
2012 11 28 10087.214000 1 1
2012 11 29 11037.834000 1 1
2012 11 30 11796.775000 1 1
2012 12 01 12911.751000 1 1
2012 12 02 13781.111000 1 1
2012 12 03 14052.061000 1 1
2012 12 04 14052.646000 1 1
2012 12 05 13733.786000 1 1
2012 12 06 13425.612000 1 1
2012 12 07 13268.286000 1 1
2012 12 08 13416.241000 1 1
2012 12 09 13336.049000 1 1
2012 12 10 13412.551000 1 1
2012 12 11 13499.310000 1 1
2012 12 12 13505.297000 1 1
2012 12 13 13702.391000 1 1
2012 12 14 14121.506000 1 1
2012 12 15 14444.056000 1 1
2012 12 16 14960.663000 1 1
2012 12 17 15931.191000 1 1
2012 12 18 16918.795000 1 1
2012 12 19 17971.934000 1 1
2012 12 20 18839.359000 1 1
2012 12 21 19585.512000 1 1
2012 12 22 20152.951000 1 1
2012 12 23 20703.223000 1 1
2012 12 24 20843.348000 1 1
2012 12 25 20526.770000 1 1
2012 12 26 20314.916000 1 1
2012 12 27 20967.701000 1 1
2012 12 28 22309.111000 1 1
2012 12 29 23589.551000 1 1
2012 12 30 24243.963000 1 1
2012 12 31 24478.760000 1 1
2013 01 01 24722.787000 1 1
2013 01 02 25450.906000 1 1
2013 01 03 26800.270000 1 1
2013 01 04 28247.115000 1 1
2013 01 05 29113.693000 1 1
2013 01 06 29634.332000 1 1
2013 01 07 29902.713000 1 1
2013 01 08 30044.410000 1 1
2013 01 09 30056.586000 1 1
2013 01 10 30018.805000 1 1
2013 01 11 29995.732000 1 1
2013 01 12 30136.865000 1 1
2013 01 13 30113.314000 1 1
2013 01 14 30020.064000 1 1
2013 01 15 29719.313000 1 1
2013 01 16 29476.861000 1 1
2013 01 17 29377.004000 1 1
2013 01 18 29211.744000 1 1
2013 01 19 29410.127000 1 1
2013 01 20 29709.725000 1 1
2013 01 21 30007.057000 1 1
2013 01 22 30236.248000 1 1
2013 01 23 30688.598000 1 1
2013 01 24 31050.813000 1 1
2013 01 25 31309.594000 1 1
2013 01 26 31516.477000 1 1
2013 01 27 31881.809000 1 1
2013 01 28 32560.838000 1 1
2013 01 29 32954.730000 1 1
2013 01 30 32588.242000 1 1
2013 01 31 31860.887000 1 1
2013 02 01 31387.234000 1 1
2013 02 02 31265.650000 1 1
2013 02 03 31077.400000 1 1
2013 02 04 30993.395000 1 1
2013 02 05 30856.555000 1 1
2013 02 06 30609.084000 1 1
2013 02 07 30481.375000 1 1
2013 02 08 30584.025000 1 1
2013 02 09 31055.100000 1 1
2013 02 10 31873.963000 1 1
2013 02 11 32962.301000 1 1
2013 02 12 34022.148000 1 1
2013 02 13 34700.250000 1 1
2013 02 14 35237.996000 1 1
2013 02 15 35577.754000 1 1
2013 02 16 35872.766000 1 1
2013 02 17 36385.723000 1 1
2013 02 18 37149.973000 1 1
2013 02 19 37796.930000 1 1
2013 02 20 38395.531000 1 1
2013 02 21 39064.090000 1 1
2013 02 22 39612.738000 1 1
2013 02 23 39862.000000 1 1
2013 02 24 39952.020000 1 1
2013 02 25 40120.832000 1 1
2013 02 26 40313.379000 1 1
2013 02 27 40468.957000 1 1
2013 02 28 41013.660000 1 1
2013 03 01 41618.762000 1 1
2013 03 02 42005.207000 1 1
2013 03 03 42291.051000 1 1
2013 03 04 42639.473000 1 1
2013 03 05 42943.855000 1 1
2013 03 06 43322.168000 1 1
2013 03 07 43762.293000 1 1
2013 03 08 44108.176000 1 1
2013 03 09 44288.484000 1 1
2013 03 10 44359.984000 1 1
2013 03 11 44383.117000 1 1
2013 03 12 44316.969000 1 1
2013 03 13 44263.770000 1 1
2013 03 14 44438.559000 1 1
2013 03 15 44364.824000 1 1
2013 03 16 44231.012000 1 1
2013 03 17 43972.180000 1 1
2013 03 18 43887.188000 1 1
2013 03 19 43863.684000 1 1
2013 03 20 43975.926000 1 1
2013 03 21 44364.285000 1 1
2013 03 22 44792.156000 1 1
2013 03 23 45310.355000 1 1
2013 03 24 45864.762000 1 1
2013 03 25 46370.883000 1 1
2013 03 26 46767.531000 1 1
2013 03 27 46906.172000 1 1
2013 03 28 47200.457000 1 1
2013 03 29 47398.793000 1 1
2013 03 30 47631.418000 1 1
2013 03 31 47825.824000 1 1
2013 04 01 48132.258000 1 1
2013 04 02 48443.348000 1 1
2013 04 03 48690.629000 1 1
2013 04 04 48971.113000 1 1
2013 04 05 49126.336000 1 1
2013 04 06 49222.852000 1 1
2013 04 07 48712.344000 1 1
2013 04 08 48424.375000 1 1
2013 04 09 48048.090000 1 1
2013 04 10 47645.238000 1 1
2013 04 11 47307.891000 1 1
2013 04 12 46952.316000 1 1
2013 04 13 46475.059000 1 1
2013 04 14 46123.098000 1 1
2013 04 15 46338.449000 1 1
2013 04 16 46368.324000 1 1
2013 04 17 46968.512000 1 1
2013 04 18 47296.453000 1 1
2013 04 19 47372.313000 1 1
2013 04 20 47438.113000 1 1
2013 04 21 47437.316000 1 1
2013 04 22 47172.941000 1 1
2013 04 23 46559.969000 1 1
2013 04 24 45752.957000 1 1
2013 04 25 44727.832000 1 1
2013 04 26 43401.520000 1 1
2013 04 27 41912.707000 1 1
2013 04 28 40395.449000 1 1
2013 04 29 38850.121000 1 1
2013 04 30 37469.066000 1 1
2013 05 01 36061.992000 1 1
2013 05 02 34611.750000 1 1
2013 05 03 33604.051000 1 1
2013 05 04 32941.469000 1 1
2013 05 05 32511.932000 1 1
2013 05 06 31988.266000 1 1
2013 05 07 31498.000000 1 1
2013 05 08 31035.650000 1 1
2013 05 09 30657.180000 1 1
2013 05 10 30455.213000 1 1
2013 05 11 30105.002000 1 1
2013 05 12 29702.480000 1 1
2013 05 13 29332.096000 1 1
2013 05 14 29082.729000 1 1
2013 05 15 28846.537000 1 1
2013 05 16 28651.771000 1 1
2013 05 17 28206.289000 1 1
2013 05 18 27669.068000 1 1
2013 05 19 27219.264000 1 1
2013 05 20 26834.719000 1 1
2013 05 21 26501.135000 1 1
2013 05 22 26210.648000 1 1
2013 05 23 26045.750000 1 1
2013 05 24 25907.648000 1 1
2013 05 25 26129.869000 1 1
2013 05 26 26236.969000 1 1
2013 05 27 26183.406000 1 1
2013 05 28 25827.402000 1 1
2013 05 29 25368.672000 1 1
2013 05 30 24875.209000 1 1
2013 05 31 24485.152000 1 1
2013 06 01 24104.762000 1 1
2013 06 02 23867.703000 1 1
2013 06 03 23848.023000 1 1
2013 06 04 23507.129000 1 1
2013 06 05 23319.654000 1 1
2013 06 06 23545.279000 1 1
2013 06 07 24104.033000 1 1
2013 06 08 24407.924000 1 1
2013 06 09 24523.904000 1 1
2013 06 10 24270.605000 1 1
2013 06 11 23781.379000 1 1
2013 06 12 23174.195000 1 1
2013 06 13 22560.020000 1 1
2013 06 14 21823.145000 1 1
2013 06 15 21178.037000 1 1
2013 06 16 20474.783000 1 1
2013 06 17 19701.986000 1 1
2013 06 18 19076.877000 1 1
2013 06 19 18477.113000 1 1
2013 06 20 17800.016000 1 1
2013 06 21 17393.047000 1 1
2013 06 22 17133.973000 1 1
2013 06 23 16789.447000 1 1
2013 06 24 16524.020000 1 1
2013 06 25 16848.395000 1 1
2013 06 26 17287.529000 1 1
2013 06 27 17425.006000 1 1
2013 06 28 17349.414000 1 1
2013 06 29 17408.879000 1 1
2013 06 30 17784.193000 1 1
2013 07 01 18384.168000 1 1
2013 07 02 19221.443000 1 1
2013 07 03 20005.920000 1 1
2013 07 04 20194.789000 1 1
2013 07 05 19833.811000 1 1
2013 07 06 19433.725000 1 1
2013 07 07 18920.617000 1 1
2013 07 08 18480.570000 1 1
2013 07 09 18348.998000 1 1
2013 07 10 18314.533000 1 1
2013 07 11 18282.357000 1 1
2013 07 12 17878.986000 1 1
2013 07 13 17653.416000 1 1
2013 07 14 17342.045000 1 1
2013 07 15 16870.676000 1 1
2013 07 16 16305.984000 1 1
2013 07 17 15633.438000 1 1
2013 07 18 15241.170000 1 1
2013 07 19 14735.343000 1 1
2013 07 20 14236.677000 1 1
2013 07 21 13891.824000 1 1
2013 07 22 13477.938000 1 1
2013 07 23 13412.391000 1 1
2013 07 24 13188.971000 1 1
2013 07 25 12882.722000 1 1
2013 07 26 12509.885000 1 1
2013 07 27 12041.996000 1 1
2013 07 28 11445.627000 1 1
2013 07 29 10851.580000 1 1
2013 07 30 10664.761000 1 1
2013 07 31 10565.850000 1 1
2013 08 01 10412.552000 1 1
2013 08 02 10224.351000 1 1
2013 08 03 10174.065000 1 1
2013 08 04 10026.464000 1 1
2013 08 05 9835.219000 1 1
2013 08 06 9449.950000 1 1
2013 08 07 9298.489000 1 1
2013 08 08 8845.274000 1 1
2013 08 09 8573.451000 1 1
2013 08 10 8410.406000 1 1
2013 08 11 8148.305000 1 1
2013 08 12 8048.188000 1 1
2013 08 13 7918.946000 1 1
2013 08 14 7386.107000 1 1
2013 08 15 7153.068000 1 1
2013 08 16 7215.166000 1 1
2013 08 17 6957.236000 1 1
2013 08 18 7002.880000 1 1
2013 08 19 6968.417000 1 1
2013 08 20 7112.933000 1 1
2013 08 21 7048.642000 1 1
2013 08 22 7364.083000 1 1
2013 08 23 7827.122000 1 1
2013 08 24 8065.791000 1 1
2013 08 25 7914.386000 1 1
2013 08 26 7839.697000 1 1
2013 08 27 7442.031000 1 1
2013 08 28 7129.483000 1 1
2013 08 29 6899.761000 1 1
2013 08 30 6501.940000 1 1
2013 08 31 6374.496000 1 1
2013 09 01 6990.638000 1 1
2013 09 02 8013.161000 1 1
2013 09 03 8679.561000 1 1
2013 09 04 8663.476000 1 1
2013 09 05 8506.747000 1 1
2013 09 06 8248.473000 1 1
2013 09 07 8114.849000 1 1
2013 09 08 7906.917000 1 1
2013 09 09 7611.724000 1 1
2013 09 10 7275.817000 1 1
2013 09 11 7061.474000 1 1
2013 09 12 6857.354000 1 1
2013 09 13 6707.852000 1 1
2013 09 14 6607.597000 1 1
2013 09 15 6410.947000 1 1
2013 09 16 6216.221000 1 1
2013 09 17 6056.013000 1 1
2013 09 18 5992.488000 1 1
2013 09 19 5878.699000 1 1
2013 09 20 5858.396000 1 1
2013 09 21 5889.466000 1 1
2013 09 22 5736.027000 1 1
2013 09 23 5771.733000 1 1
2013 09 24 6136.126000 1 1
2013 09 25 6416.915000 1 1
2013 09 26 6540.149000 1 1
2013 09 27 6714.185000 1 1
2013 09 28 6927.113000 1 1
2013 09 29 6621.990000 1 1
2013 09 30 6719.404000 1 1
2013 10 01 6523.678000 1 1
2013 10 02 6405.705000 1 1
2013 10 03 6384.587000 1 1
2013 10 04 6618.852000 1 1
2013 10 05 6639.733000 1 1
2013 10 06 6523.495000 1 1
2013 10 07 6428.499000 1 1
2013 10 08 6206.305000 1 1
2013 10 09 6033.661000 1 1
2013 10 10 6017.067000 1 1
2013 10 11 6460.092000 1 1
2013 10 12 6942.608000 1 1
2013 10 13 7837.358000 1 1
2013 10 14 8993.163000 1 1
2013 10 15 9462.256000 1 1
2013 10 16 9621.360000 1 1
2013 10 17 9638.647000 1 1
2013 10 18 9576.262000 1 1
2013 10 19 9897.456000 1 1
2013 10 20 10110.063000 1 1
2013 10 21 10921.146000 1 1
2013 10 22 11899.285000 1 1
2013 10 23 12645.609000 1 1
2013 10 24 12993.847000 1 1
2013 10 25 13081.428000 1 1
2013 10 26 13378.036000 1 1
2013 10 27 13529.136000 1 1
2013 10 28 13491.276000 1 1
2013 10 29 13929.263000 1 1
2013 10 30 14758.138000 1 1
2013 10 31 15392.550000 1 1
2013 11 01 15738.961000 1 1
2013 11 02 16131.930000 1 1
2013 11 03 16953.561000 1 1
2013 11 04 18165.943000 1 1
2013 11 05 19093.496000 1 1
2013 11 06 19639.293000 1 1
2013 11 07 20258.004000 1 1
2013 11 08 21499.010000 1 1
2013 11 09 22889.576000 1 1
2013 11 10 23910.250000 1 1
2013 11 11 24167.111000 1 1
2013 11 12 23646.115000 1 1
2013 11 13 22760.193000 1 1
2013 11 14 21895.670000 1 1
2013 11 15 21018.848000 1 1
2013 11 16 20147.416000 1 1
2013 11 17 19503.420000 1 1
2013 11 18 19033.828000 1 1
2013 11 19 18998.244000 1 1
2013 11 20 19116.709000 1 1
2013 11 21 19104.113000 1 1
2013 11 22 18946.369000 1 1
2013 11 23 18895.295000 1 1
2013 11 24 18986.512000 1 1
2013 11 25 19332.281000 1 1
2013 11 26 19944.859000 1 1
2013 11 27 21208.066000 1 1
2013 11 28 22611.998000 1 1
2013 11 29 23504.688000 1 1
2013 11 30 23970.938000 1 1
2013 12 01 23933.859000 1 1
2013 12 02 23823.930000 1 1
2013 12 03 23970.574000 1 1
2013 12 04 23730.219000 1 1
2013 12 05 23260.895000 1 1
2013 12 06 22675.836000 1 1
2013 12 07 22159.332000 1 1
2013 12 08 21632.307000 1 1
2013 12 09 21433.234000 1 1
2013 12 10 21860.666000 1 1
2013 12 11 22494.443000 1 1
2013 12 12 22642.150000 1 1
2013 12 13 22280.285000 1 1
2013 12 14 21880.566000 1 1
2013 12 15 21698.129000 1 1
2013 12 16 21826.727000 1 1
2013 12 17 23250.549000 1 1
2013 12 18 25761.152000 1 1
2013 12 19 27348.047000 1 1
2013 12 20 28080.297000 1 1
2013 12 21 28841.662000 1 1
2013 12 22 29996.570000 1 1
2013 12 23 31600.514000 1 1
2013 12 24 33040.289000 1 1
2013 12 25 33969.922000 1 1
2013 12 26 34722.801000 1 1
2013 12 27 35270.066000 1 1
2013 12 28 35499.273000 1 1
2013 12 29 35375.699000 1 1
2013 12 30 35017.730000 1 1
2013 12 31 34625.762000 1 1
2014 01 01 34069.426000 1 1
2014 01 02 33622.883000 1 1
2014 01 03 33066.164000 1 1
2014 01 04 32697.117000 1 1
2014 01 05 32756.520000 1 1
2014 01 06 33772.355000 1 1
2014 01 07 35004.348000 1 1
2014 01 08 36082.773000 1 1
2014 01 09 36813.324000 1 1
2014 01 10 37460.207000 1 1
2014 01 11 37833.078000 1 1
2014 01 12 38396.793000 1 1
2014 01 13 38775.555000 1 1
2014 01 14 39204.488000 1 1
2014 01 15 39396.090000 1 1
2014 01 16 39974.465000 1 1
2014 01 17 40460.543000 1 1
2014 01 18 40656.020000 1 1
2014 01 19 40852.098000 1 1
2014 01 20 40999.551000 1 1
2014 01 21 41098.039000 1 1
2014 01 22 41196.680000 1 1
2014 01 23 41493.500000 1 1
2014 01 24 41741.887000 1 1
2014 01 25 41841.508000 1 1
2014 01 26 41991.219000 1 1
2014 01 27 41991.219000 1 1
2014 01 28 42091.215000 1 1
2014 01 29 42341.867000 1 1
2014 01 30 42896.641000 1 1
2014 01 31 43201.180000 1 1
2014 02 01 43558.211000 1 1
2014 02 02 43968.535000 1 1
2014 02 03 44484.887000 1 1
2014 02 04 45161.887000 1 1
2014 02 05 45634.391000 1 1
2014 02 06 46110.027000 1 1
2014 02 07 46578.094000 1 1
2014 02 08 47062.383000 1 1
2014 02 09 47559.980000 1 1
2014 02 10 48136.789000 1 1
2014 02 11 48625.027000 1 1
2014 02 12 49022.348000 1 1
2014 02 13 49407.898000 1 1
2014 02 14 49971.555000 1 1
2014 02 15 50381.074000 1 1
2014 02 16 50761.070000 1 1
2014 02 17 51045.789000 1 1
2014 02 18 51446.688000 1 1
2014 02 19 51919.105000 1 1
2014 02 20 52406.234000 1 1
2014 02 21 52961.250000 1 1
2014 02 22 53467.375000 1 1
2014 02 23 53920.941000 1 1
2014 02 24 54459.117000 1 1
2014 02 25 54907.012000 1 1
2014 02 26 55447.074000 1 1
2014 02 27 55855.266000 1 1
2014 02 28 56185.938000 1 1
2014 03 01 56529.773000 1 1
2014 03 02 56886.914000 1 1
2014 03 03 57190.473000 1 1
2014 03 04 57580.094000 1 1
2014 03 05 57975.863000 1 1
2014 03 06 58305.496000 1 1
2014 03 07 58983.801000 1 1
2014 03 08 59306.711000 1 1
2014 03 09 59573.629000 1 1
2014 03 10 59776.270000 1 1
2014 03 11 59972.832000 1 1
2014 03 12 60156.746000 1 1
2014 03 13 60369.152000 1 1
2014 03 14 60529.586000 1 1
2014 03 15 60690.949000 1 1
2014 03 16 60755.965000 1 1
2014 03 17 60777.645000 1 1
2014 03 18 60897.313000 1 1
2014 03 19 61017.129000 1 1
2014 03 20 61180.633000 1 1
2014 03 21 61366.895000 1 1
2014 03 22 61540.270000 1 1
2014 03 23 61794.934000 1 1
2014 03 24 61915.871000 1 1
2014 03 25 62100.219000 1 1
2014 03 26 62318.293000 1 1
2014 03 27 62528.824000 1 1
2014 03 28 62717.012000 1 1
2014 03 29 62912.277000 1 1
2014 03 30 63090.430000 1 1
2014 03 31 63513.227000 1 1
2014 04 01 63902.539000 1 1
2014 04 02 63924.246000 1 1
2014 04 03 63979.902000 1 1
2014 04 04 64015.211000 1 1
2014 04 05 64026.078000 1 1
2014 04 06 64066.840000 1 1
2014 04 07 64069.555000 1 1
2014 04 08 64136.172000 1 1
2014 04 09 64306.984000 1 1
2014 04 10 64336.273000 1 1
2014 04 11 nan nan 0
2014 04 12 nan nan 0
2014 04 13 nan nan 0
2014 04 14 nan nan 0
2014 04 15 nan nan 0
2014 04 16 nan nan 0
2014 04 17 nan nan 0
2014 04 18 nan nan 0
2014 04 19 nan nan 0
2014 04 20 nan nan 0
2014 04 21 nan nan 0
2014 04 22 nan nan 0
2014 04 23 nan nan 0
2014 04 24 nan nan 0
2014 04 25 nan nan 0
2014 04 26 nan nan 0
2014 04 27 nan nan 0
2014 04 28 nan nan 0
2014 04 29 nan nan 0
2014 04 30 nan nan 0
2014 05 01 nan nan nan
2014 05 02 nan nan nan
2014 05 03 nan nan nan
2014 05 04 nan nan nan
2014 05 05 nan nan nan
2014 05 06 nan nan nan
2014 05 07 nan nan nan
2014 05 08 nan nan nan
2014 05 09 nan nan nan
2014 05 10 nan nan nan
2014 05 11 nan nan nan
2014 05 12 nan nan nan
2014 05 13 nan nan nan
2014 05 14 nan nan nan
2014 05 15 nan nan nan
2014 05 16 nan nan nan
2014 05 17 nan nan nan
2014 05 18 nan nan nan
2014 05 19 nan nan nan
2014 05 20 nan nan nan
2014 05 21 nan nan nan
2014 05 22 nan nan nan
2014 05 23 nan nan nan
2014 05 24 nan nan nan
2014 05 25 nan nan nan
2014 05 26 nan nan nan
2014 05 27 nan nan nan
2014 05 28 nan nan nan
2014 05 29 nan nan nan
2014 05 30 nan nan nan
2014 05 31 nan nan nan
2014 06 01 nan nan nan
2014 06 02 nan nan nan
2014 06 03 nan nan nan
2014 06 04 nan nan nan
2014 06 05 nan nan nan
2014 06 06 nan nan nan
2014 06 07 nan nan nan
2014 06 08 nan nan nan
2014 06 09 nan nan nan
2014 06 10 nan nan nan
2014 06 11 nan nan nan
2014 06 12 nan nan nan
2014 06 13 nan nan nan
2014 06 14 nan nan nan
2014 06 15 nan nan nan
2014 06 16 nan nan nan
2014 06 17 nan nan nan
2014 06 18 nan nan nan
2014 06 19 nan nan nan
2014 06 20 nan nan nan
2014 06 21 nan nan nan
2014 06 22 nan nan nan
2014 06 23 nan nan nan
2014 06 24 nan nan nan
2014 06 25 nan nan nan
2014 06 26 nan nan nan
2014 06 27 nan nan nan
2014 06 28 nan nan nan
2014 06 29 nan nan nan
2014 06 30 nan nan nan
2014 07 01 nan nan nan
2014 07 02 nan nan nan
2014 07 03 nan nan nan
2014 07 04 nan nan nan
2014 07 05 nan nan nan
2014 07 06 nan nan nan
2014 07 07 nan nan nan
2014 07 08 nan nan nan
2014 07 09 nan nan nan
2014 07 10 nan nan nan
2014 07 11 nan nan nan
2014 07 12 nan nan nan
2014 07 13 nan nan nan
2014 07 14 nan nan nan
2014 07 15 nan nan nan
2014 07 16 nan nan nan
2014 07 17 nan nan nan
2014 07 18 nan nan nan
2014 07 19 nan nan nan
2014 07 20 nan nan nan
2014 07 21 nan nan nan
2014 07 22 nan nan nan
2014 07 23 nan nan nan
2014 07 24 nan nan nan
2014 07 25 nan nan nan
2014 07 26 nan nan nan
2014 07 27 nan nan nan
2014 07 28 nan nan nan
2014 07 29 nan nan nan
2014 07 30 nan nan nan
2014 07 31 nan nan nan
2014 08 01 nan nan nan
2014 08 02 nan nan nan
2014 08 03 nan nan nan
2014 08 04 nan nan nan
2014 08 05 nan nan nan
2014 08 06 nan nan nan
2014 08 07 nan nan nan
2014 08 08 nan nan nan
2014 08 09 nan nan nan
2014 08 10 nan nan nan
2014 08 11 nan nan nan
2014 08 12 nan nan nan
2014 08 13 nan nan nan
2014 08 14 nan nan nan
2014 08 15 nan nan nan
2014 08 16 nan nan nan
2014 08 17 nan nan nan
2014 08 18 nan nan nan
2014 08 19 nan nan nan
2014 08 20 nan nan nan
2014 08 21 nan nan nan
2014 08 22 nan nan nan
2014 08 23 nan nan nan
2014 08 24 nan nan nan
2014 08 25 nan nan nan
2014 08 26 nan nan nan
2014 08 27 nan nan nan
2014 08 28 nan nan nan
2014 08 29 nan nan nan
2014 08 30 nan nan nan
2014 08 31 nan nan nan
2014 09 01 nan nan nan
2014 09 02 nan nan nan
2014 09 03 nan nan nan
2014 09 04 nan nan nan
2014 09 05 nan nan nan
2014 09 06 nan nan nan
2014 09 07 nan nan nan
2014 09 08 nan nan nan
2014 09 09 nan nan nan
2014 09 10 nan nan nan
2014 09 11 nan nan nan
2014 09 12 nan nan nan
2014 09 13 nan nan nan
2014 09 14 nan nan nan
2014 09 15 nan nan nan
2014 09 16 nan nan nan
2014 09 17 nan nan nan
2014 09 18 nan nan nan
2014 09 19 nan nan nan
2014 09 20 nan nan nan
2014 09 21 nan nan nan
2014 09 22 nan nan nan
2014 09 23 nan nan nan
2014 09 24 nan nan nan
2014 09 25 nan nan nan
2014 09 26 nan nan nan
2014 09 27 nan nan nan
2014 09 28 nan nan nan
2014 09 29 nan nan nan
2014 09 30 nan nan nan
2014 10 01 nan nan nan
2014 10 02 nan nan nan
2014 10 03 nan nan nan
2014 10 04 nan nan nan
2014 10 05 nan nan nan
2014 10 06 nan nan nan
2014 10 07 nan nan nan
2014 10 08 nan nan nan
2014 10 09 nan nan nan
2014 10 10 nan nan nan
2014 10 11 nan nan nan
2014 10 12 nan nan nan
2014 10 13 nan nan nan
2014 10 14 nan nan nan
2014 10 15 nan nan nan
2014 10 16 nan nan nan
2014 10 17 nan nan nan
2014 10 18 nan nan nan
2014 10 19 nan nan nan
2014 10 20 nan nan nan
2014 10 21 nan nan nan
2014 10 22 nan nan nan
2014 10 23 nan nan nan
2014 10 24 nan nan nan
2014 10 25 nan nan nan
2014 10 26 nan nan nan
2014 10 27 nan nan nan
2014 10 28 nan nan nan
2014 10 29 nan nan nan
2014 10 30 nan nan nan
2014 10 31 nan nan nan
2014 11 01 nan nan nan
2014 11 02 nan nan nan
2014 11 03 nan nan nan
2014 11 04 nan nan nan
2014 11 05 nan nan nan
2014 11 06 nan nan nan
2014 11 07 nan nan nan
2014 11 08 nan nan nan
2014 11 09 nan nan nan
2014 11 10 nan nan nan
2014 11 11 nan nan nan
2014 11 12 nan nan nan
2014 11 13 nan nan nan
2014 11 14 nan nan nan
2014 11 15 nan nan nan
2014 11 16 nan nan nan
2014 11 17 nan nan nan
2014 11 18 nan nan nan
2014 11 19 nan nan nan
2014 11 20 nan nan nan
2014 11 21 nan nan nan
2014 11 22 nan nan nan
2014 11 23 nan nan nan
2014 11 24 nan nan nan
2014 11 25 nan nan nan
2014 11 26 nan nan nan
2014 11 27 nan nan nan
2014 11 28 nan nan nan
2014 11 29 nan nan nan
2014 11 30 nan nan nan
2014 12 01 nan nan nan
2014 12 02 nan nan nan
2014 12 03 nan nan nan
2014 12 04 nan nan nan
2014 12 05 nan nan nan
2014 12 06 nan nan nan
2014 12 07 nan nan nan
2014 12 08 nan nan nan
2014 12 09 nan nan nan
2014 12 10 nan nan nan
2014 12 11 nan nan nan
2014 12 12 nan nan nan
2014 12 13 nan nan nan
2014 12 14 nan nan nan
2014 12 15 nan nan nan
2014 12 16 nan nan nan
2014 12 17 nan nan nan
2014 12 18 nan nan nan
2014 12 19 nan nan nan
2014 12 20 nan nan nan
2014 12 21 nan nan nan
2014 12 22 nan nan nan
2014 12 23 nan nan nan
2014 12 24 nan nan nan
2014 12 25 nan nan nan
2014 12 26 nan nan nan
2014 12 27 nan nan nan
2014 12 28 nan nan nan
2014 12 29 nan nan nan
2014 12 30 nan nan nan
2014 12 31 nan nan nan
2015 01 01 30061.740000 1 1
2015 01 02 30055.221000 1 1
2015 01 03 30958.750000 1 1
2015 01 04 32160.551000 1 1
2015 01 05 33036.500000 1 1
2015 01 06 33237.191000 1 1
2015 01 07 33657.102000 1 1
2015 01 08 34246.539000 1 1
2015 01 09 34431.000000 1 1
2015 01 10 35007.891000 1 1
2015 01 11 35131.469000 1 1
2015 01 12 34584.000000 1 1
2015 01 13 34309.879000 1 1
2015 01 14 34018.180000 1 1
2015 01 15 33772.141000 1 1
2015 01 16 33554.762000 1 1
2015 01 17 33548.199000 1 1
2015 01 18 34263.969000 1 1
2015 01 19 35310.988000 1 1
2015 01 20 36642.840000 1 1
2015 01 21 38109.641000 1 1
2015 01 22 38708.910000 1 1
2015 01 23 39543.199000 1 1
2015 01 24 40121.840000 1 1
2015 01 25 40559.328000 1 1
2015 01 26 40999.840000 1 1
2015 01 27 41295.199000 1 1
2015 01 28 41740.770000 1 1
2015 01 29 42039.500000 1 1
2015 01 30 42314.539000 1 1
2015 01 31 42490.148000 1 1
2015 02 01 42817.520000 1 1
2015 02 02 43045.102000 1 1
2015 02 03 43146.488000 1 1
2015 02 04 43222.629000 1 1
2015 02 05 43477.059000 1 1
2015 02 06 43630.172000 1 1
2015 02 07 43783.629000 1 1
2015 02 08 43937.422000 1 1
2015 02 09 44143.020000 1 1
2015 02 10 43604.629000 1 1
2015 02 11 43324.289000 1 1
2015 02 12 43248.031000 1 1
2015 02 13 43630.172000 1 1
2015 02 14 43963.090000 1 1
2015 02 15 44246.051000 1 1
2015 02 16 44452.559000 1 1
2015 02 17 44711.559000 1 1
2015 02 18 44893.430000 1 1
2015 02 19 45101.859000 1 1
2015 02 20 45375.828000 1 1
2015 02 21 45650.859000 1 1
2015 02 22 46205.090000 1 1
2015 02 23 46593.070000 1 1
2015 02 24 46942.961000 1 1
2015 02 25 47555.480000 1 1
2015 02 26 47955.711000 1 1
2015 02 27 48404.109000 1 1
2015 02 28 48763.141000 1 1
2015 03 01 49018.340000 1 1
2015 03 02 49153.711000 1 1
2015 03 03 49227.238000 1 1
2015 03 04 49390.051000 1 1
2015 03 05 49654.250000 1 1
2015 03 06 49936.172000 1 1
2015 03 07 50216.781000 1 1
2015 03 08 50395.070000 1 1
2015 03 09 50573.770000 1 1
2015 03 10 50698.391000 1 1
2015 03 11 50988.180000 1 1
2015 03 12 51093.441000 1 1
2015 03 13 51141.109000 1 1
2015 03 14 51207.090000 1 1
2015 03 15 51355.129000 1 1
2015 03 16 51403.551000 1 1
2015 03 17 51431.320000 1 1
2015 03 18 51802.672000 1 1
2015 03 19 51893.551000 1 1
2015 03 20 51889.980000 1 1
2015 03 21 51882.852000 1 1
2015 03 22 52063.691000 1 1
2015 03 23 52231.199000 1 1
2015 03 24 52307.020000 1 1
2015 03 25 52359.602000 1 1
2015 03 26 52385.301000 1 1
2015 03 27 53436.621000 1 1
2015 03 28 53325.488000 1 1
2015 03 29 53254.422000 1 1
2015 03 30 53155.000000 1 1
2015 03 31 53051.230000 1 1
2015 04 01 52617.609000 1 1
2015 04 02 51949.980000 1 1
2015 04 03 51340.328000 1 1
2015 04 04 50806.051000 1 1
2015 04 05 50266.500000 1 1
2015 04 06 49682.172000 1 1
2015 04 07 49291.180000 1 1
2015 04 08 48945.180000 1 1
2015 04 09 48609.641000 1 1
2015 04 10 48349.102000 1 1
2015 04 11 48046.781000 1 1
2015 04 12 47863.770000 1 1
2015 04 13 47875.621000 1 1
2015 04 14 48011.172000 1 1
2015 04 15 47978.961000 1 1
2015 04 16 48154.531000 1 1
2015 04 17 48267.488000 1 1
2015 04 18 47963.711000 1 1
2015 04 19 47502.051000 1 1
2015 04 20 46972.699000 1 1
2015 04 21 46445.172000 1 1
2015 04 22 45895.391000 1 1
2015 04 23 45760.070000 1 1
2015 04 24 45723.570000 1 1
2015 04 25 45667.191000 1 1
2015 04 26 45485.820000 1 1
2015 04 27 45039.160000 1 1
2015 04 28 44708.539000 1 1
2015 04 29 44312.762000 1 1
2015 04 30 44352.020000 1 1
2015 05 01 44340.570000 1 1
2015 05 02 44178.730000 1 1
2015 05 03 43748.461000 1 1
2015 05 04 43346.801000 1 1
2015 05 05 43289.328000 1 1
2015 05 06 43531.609000 1 1
2015 05 07 43484.559000 1 1
2015 05 08 43815.160000 1 1
2015 05 09 44416.680000 1 1
2015 05 10 45347.730000 1 1
2015 05 11 46435.148000 1 1
2015 05 12 47423.609000 1 1
2015 05 13 48228.410000 1 1
2015 05 14 48917.820000 1 1
2015 05 15 49324.641000 1 1
2015 05 16 49462.020000 1 1
2015 05 17 49358.969000 1 1
2015 05 18 49203.719000 1 1
2015 05 19 48863.121000 1 1
2015 05 20 48268.340000 1 1
2015 05 21 47582.230000 1 1
2015 05 22 46781.469000 1 1
2015 05 23 45919.488000 1 1
2015 05 24 45220.551000 1 1
2015 05 25 44313.578000 1 1
2015 05 26 43256.160000 1 1
2015 05 27 42103.840000 1 1
2015 05 28 41023.949000 1 1
2015 05 29 40334.539000 1 1
2015 05 30 40136.398000 1 1
2015 05 31 40257.730000 1 1
2015 06 01 40368.250000 1 1
2015 06 02 40577.121000 1 1
2015 06 03 41073.730000 1 1
2015 06 04 41701.891000 1 1
2015 06 05 42172.609000 1 1
2015 06 06 42283.051000 1 1
2015 06 07 42247.020000 1 1
2015 06 08 42199.000000 1 1
2015 06 09 41779.910000 1 1
2015 06 10 41061.879000 1 1
2015 06 11 40046.480000 1 1
2015 06 12 39562.500000 1 1
2015 06 13 38708.590000 1 1
2015 06 14 37607.391000 1 1
2015 06 15 36304.789000 1 1
2015 06 16 35093.512000 1 1
2015 06 17 34109.840000 1 1
2015 06 18 33384.160000 1 1
2015 06 19 32834.270000 1 1
2015 06 20 32411.561000 1 1
2015 06 21 32052.510000 1 1
2015 06 22 31787.740000 1 1
2015 06 23 31554.551000 1 1
2015 06 24 31337.279000 1 1
2015 06 25 30950.180000 1 1
2015 06 26 30625.910000 1 1
2015 06 27 30225.551000 1 1
2015 06 28 29857.119000 1 1
2015 06 29 29306.480000 1 1
2015 06 30 28727.920000 1 1
2015 07 01 28136.990000 1 1
2015 07 02 27579.090000 1 1
2015 07 03 26993.930000 1 1
2015 07 04 26471.340000 1 1
2015 07 05 26114.400000 1 1
2015 07 06 25610.721000 1 1
2015 07 07 25286.061000 1 1
2015 07 08 25300.801000 1 1
2015 07 09 26055.029000 1 1
2015 07 10 27338.660000 1 1
2015 07 11 28001.039000 1 1
2015 07 12 28121.881000 1 1
2015 07 13 27925.580000 1 1
2015 07 14 27804.949000 1 1
2015 07 15 27699.490000 1 1
2015 07 16 27494.199000 1 1
2015 07 17 26863.990000 1 1
2015 07 18 26061.520000 1 1
2015 07 19 25264.881000 1 1
2015 07 20 24376.760000 1 1
2015 07 21 23694.961000 1 1
2015 07 22 23851.961000 1 1
2015 07 23 23822.900000 1 1
2015 07 24 23735.779000 1 1
2015 07 25 23532.779000 1 1
2015 07 26 23099.180000 1 1
2015 07 27 22610.109000 1 1
2015 07 28 22180.660000 1 1
2015 07 29 22037.939000 1 1
2015 07 30 21824.279000 1 1
2015 07 31 21525.990000 1 1
2015 08 01 21158.039000 1 1
2015 08 02 20791.600000 1 1
2015 08 03 20552.840000 1 1
2015 08 04 20133.090000 1 1
2015 08 05 19687.650000 1 1
2015 08 06 19092.850000 1 1
2015 08 07 18653.051000 1 1
2015 08 08 18297.510000 1 1
2015 08 09 17902.881000 1 1
2015 08 10 17645.449000 1 1
2015 08 11 16521.619000 1 1
2015 08 12 16521.289000 1 1
2015 08 13 16531.369000 1 1
2015 08 14 16046.550000 1 1
2015 08 15 17039.301000 1 1
2015 08 16 18485.900000 1 1
2015 08 17 19132.480000 1 1
2015 08 18 18641.631000 1 1
2015 08 19 17947.289000 1 1
2015 08 20 17122.910000 1 1
2015 08 21 16426.350000 1 1
2015 08 22 15651.450000 1 1
2015 08 23 14727.840000 1 1
2015 08 24 13920.450000 1 1
2015 08 25 13398.250000 1 1
2015 08 26 13353.180000 1 1
2015 08 27 13311.130000 1 1
2015 08 28 13163.460000 1 1
2015 08 29 13012.270000 1 1
2015 08 30 12629.690000 1 1
2015 08 31 11808.960000 1 1
2015 09 01 11348.850000 1 1
2015 09 02 10974.530000 1 1
2015 09 03 10608.390000 1 1
2015 09 04 10321.300000 1 1
2015 09 05 10016.100000 1 1
2015 09 06 9808.301000 1 1
2015 09 07 9659.996000 1 1
2015 09 08 9558.188000 1 1
2015 09 09 9445.897000 1 1
2015 09 10 9201.904000 1 1
2015 09 11 9005.374000 1 1
2015 09 12 8747.640000 1 1
2015 09 13 8673.389000 1 1
2015 09 14 8328.905000 1 1
2015 09 15 8165.161000 1 1
2015 09 16 8033.683000 1 1
2015 09 17 8013.579000 1 1
2015 09 18 8349.522000 1 1
2015 09 19 8662.814000 1 1
2015 09 20 8747.640000 1 1
2015 09 21 8484.354000 1 1
2015 09 22 8246.767000 1 1
2015 09 23 8094.191000 1 1
2015 09 24 7814.354000 1 1
2015 09 25 7569.922000 1 1
2015 09 26 7189.342000 1 1
2015 09 27 6985.473000 1 1
2015 09 28 6794.438000 1 1
2015 09 29 6713.626000 1 1
2015 09 30 6431.397000 1 1
2015 10 01 6190.919000 1 1
2015 10 02 5923.391000 1 1
2015 10 03 5890.492000 1 1
2015 10 04 5972.963000 1 1
2015 10 05 5972.963000 1 1
2015 10 06 6319.000000 1 1
2015 10 07 6633.446000 1 1
2015 10 08 6704.686000 1 1
2015 10 09 6713.626000 1 1
2015 10 10 6518.741000 1 1
2015 10 11 6379.360000 1 1
2015 10 12 6301.823000 1 1
2015 10 13 6276.116000 1 1
2015 10 14 6276.116000 1 1
2015 10 15 6431.397000 1 1
2015 10 16 6571.519000 1 1
2015 10 17 6884.975000 1 1
2015 10 18 7189.342000 1 1
2015 10 19 7397.069000 1 1
2015 10 20 7550.587000 1 1
2015 10 21 7550.587000 1 1
2015 10 22 7387.543000 1 1
2015 10 23 7340.032000 1 1
2015 10 24 7255.017000 1 1
2015 10 25 7133.360000 1 1
2015 10 26 7025.018000 1 1
2015 10 27 6939.673000 1 1
2015 10 28 6785.428000 1 1
2015 10 29 6677.913000 1 1
2015 10 30 6553.896000 1 1
2015 10 31 6388.014000 1 1
2015 11 01 6207.897000 1 1
2015 11 02 6039.482000 1 1
2015 11 03 6039.482000 1 1
2015 11 04 5981.252000 1 1
2015 11 05 5857.714000 1 1
2015 11 06 5808.771000 1 1
2015 11 07 5969.167000 1 1
2015 11 08 6224.375000 1 1
2015 11 09 7188.563000 1 1
2015 11 10 9353.678000 1 1
2015 11 11 10814.360000 1 1
2015 11 12 12479.220000 1 1
2015 11 13 13288.870000 1 1
2015 11 14 13534.120000 1 1
2015 11 15 13302.420000 1 1
2015 11 16 12953.060000 1 1
2015 11 17 12622.790000 1 1
2015 11 18 12233.720000 1 1
2015 11 19 12144.070000 1 1
2015 11 20 12208.060000 1 1
2015 11 21 12310.910000 1 1
2015 11 22 12310.910000 1 1
2015 11 23 11915.500000 1 1
2015 11 24 11540.760000 1 1
2015 11 25 11161.640000 1 1
2015 11 26 10802.510000 1 1
2015 11 27 10625.790000 1 1
2015 11 28 10567.310000 1 1
2015 11 29 10167.950000 1 1
2015 11 30 10132.770000 1 1
2015 12 01 9969.673000 1 1
2015 12 02 9580.752000 1 1
2015 12 03 9234.931000 1 1
2015 12 04 8843.716000 1 1
2015 12 05 8747.640000 1 1
2015 12 06 9808.301000 1 1
2015 12 07 11953.400000 1 1
2015 12 08 13782.270000 1 1
2015 12 09 14372.700000 1 1
2015 12 10 14033.340000 1 1
2015 12 11 13452.040000 1 1
2015 12 12 12939.740000 1 1
2015 12 13 12622.790000 1 1
2015 12 14 12849.260000 1 1
2015 12 15 13055.730000 1 1
2015 12 16 13135.110000 1 1
2015 12 17 12847.600000 1 1
2015 12 18 12484.360000 1 1
2015 12 19 12142.470000 1 1
2015 12 20 11875.580000 1 1
2015 12 21 11467.260000 1 1
2015 12 22 11228.560000 1 1
2015 12 23 11383.840000 1 1
2015 12 24 12127.310000 1 1
2015 12 25 12378.970000 1 1
2015 12 26 12845.120000 1 1
2015 12 27 14017.570000 1 1
2015 12 28 15367.560000 1 1
2015 12 29 16311.700000 1 1
2015 12 30 16824.939000 1 1
2015 12 31 17157.410000 1 1
2016 01 01 17182.291000 1 2
2016 01 02 17959.527000 1 2
2016 01 03 18847.125000 1 2
2016 01 04 19327.451000 1 2
2016 01 05 19706.920000 1 2
2016 01 06 20102.490000 1 2
2016 01 07 20614.285000 1 2
2016 01 08 21115.529000 1 2
2016 01 09 21326.479000 1 2
2016 01 10 21212.965000 1 2
2016 01 11 21027.082000 1 2
2016 01 12 20796.342000 1 2
2016 01 13 20420.338000 1 2
2016 01 14 20439.527000 1 2
2016 01 15 20811.729000 1 2
2016 01 16 21270.742000 1 2
2016 01 17 22140.674000 1 2
2016 01 18 23341.414000 1 2
2016 01 19 24571.299000 1 2
2016 01 20 25575.285000 1 2
2016 01 21 26112.176000 1 2
2016 01 22 26141.141000 1 2
2016 01 23 26196.697000 1 2
2016 01 24 26519.240000 1 2
2016 01 25 26998.271000 1 2
2016 01 26 27403.047000 1 2
2016 01 27 27076.377000 1 2
2016 01 28 25853.965000 1 2
2016 01 29 24417.160000 1 2
2016 01 30 23050.271000 1 2
2016 01 31 22175.934000 1 2
2016 02 01 21730.793000 1 2
2016 02 02 22035.215000 1 2
2016 02 03 22203.408000 1 2
2016 02 04 22610.734000 1 2
2016 02 05 23474.963000 1 2
2016 02 06 24859.074000 1 2
2016 02 07 26454.471000 1 2
2016 02 08 28061.564000 1 2
2016 02 09 29322.650000 1 2
2016 02 10 30309.414000 1 2
2016 02 11 31173.150000 1 2
2016 02 12 32063.809000 1 2
2016 02 13 32779.633000 1 2
2016 02 14 33185.918000 1 2
2016 02 15 33185.660000 1 2
2016 02 16 32818.348000 1 2
2016 02 17 32286.773000 1 2
2016 02 18 32120.541000 1 2
2016 02 19 31786.074000 1 2
2016 02 20 31113.324000 1 2
2016 02 21 30321.949000 1 2
2016 02 22 29885.086000 1 2
2016 02 23 30114.422000 1 2
2016 02 24 30430.340000 1 2
2016 02 25 30779.922000 1 2
2016 02 26 30968.184000 1 2
2016 02 27 31328.137000 1 2
2016 02 28 32292.303000 1 2
2016 02 29 33524.078000 1 2
2016 03 01 34752.617000 1 2
2016 03 02 35868.180000 1 2
2016 03 03 36839.066000 1 2
2016 03 04 37791.539000 1 2
2016 03 05 38549.406000 1 2
2016 03 06 39430.656000 1 2
2016 03 07 40090.523000 1 2
2016 03 08 40485.094000 1 2
2016 03 09 40991.066000 1 2
2016 03 10 41348.496000 1 2
2016 03 11 41734.328000 1 2
2016 03 12 41939.375000 1 2
2016 03 13 42128.898000 1 2
2016 03 14 41712.719000 1 2
2016 03 15 41691.703000 1 2
2016 03 16 41743.477000 1 1
2016 03 17 41859.051000 1 1
2016 03 18 41996.133000 1 1
2016 03 19 42173.613000 1 1
2016 03 20 37919.027000 1 1
2016 03 21 37112.852000 1 1
2016 03 22 36087.602000 1 1
2016 03 23 34814.379000 1 1
2016 03 24 33737.055000 1 1
2016 03 25 33451.875000 1 1
2016 03 26 33386.645000 1 1
2016 03 27 33286.391000 1 1
2016 03 28 33134.859000 1 1
2016 03 29 33411.879000 1 1
2016 03 30 33760.711000 1 1
2016 03 31 34556.695000 1 1
2016 04 01 35771.473000 1 1
2016 04 02 36865.715000 1 1
2016 04 03 37380.496000 1 1
2016 04 04 37217.105000 1 1
2016 04 05 36710.047000 1 1
2016 04 06 36385.516000 1 1
2016 04 07 36230.828000 1 1
2016 04 08 35806.332000 1 1
2016 04 09 35011.207000 1 1
2016 04 10 34001.680000 1 1
2016 04 11 33551.555000 1 1
2016 04 12 33786.672000 1 2
2016 04 13 33748.883000 1 2
2016 04 14 33450.238000 1 2
2016 04 15 33083.527000 1 2
2016 04 16 32680.277000 1 2
2016 04 17 32415.807000 1 2
2016 04 18 32214.529000 1 2
2016 04 19 32183.342000 1 2
2016 04 20 32214.529000 1 2
2016 04 21 32308.139000 1 2
2016 04 22 32308.139000 1 2
2016 04 23 32152.160000 1 2
2016 04 24 31747.457000 1 2
2016 04 25 31530.045000 1 2
2016 04 26 31499.016000 1 2
2016 04 27 31623.178000 1 2
2016 04 28 31623.178000 1 2
2016 04 29 31405.971000 1 2
2016 04 30 31359.473000 1 2
2016 05 01 31530.045000 1 2
2016 05 02 31856.295000 1 2
2016 05 03 32011.932000 1 2
2016 05 04 31817.725000 1 1
2016 05 05 31243.299000 1 1
2016 05 06 30465.346000 1 1
2016 05 07 29722.043000 1 1
2016 05 08 29017.055000 1 1
2016 05 09 28363.074000 1 1
2016 05 10 27706.070000 1 1
2016 05 11 27021.273000 1 1
2016 05 12 26392.332000 1 1
2016 05 13 24987.764000 1 2
2016 05 14 24592.104000 1 2
2016 05 15 24485.211000 1 2
2016 05 16 24484.918000 1 2
2016 05 17 24663.445000 1 2
2016 05 18 24903.082000 1 2
2016 05 19 25213.430000 1 2
2016 05 20 25441.111000 1 2
2016 05 21 25453.732000 1 2
2016 05 22 25218.049000 1 2
2016 05 23 24774.799000 1 2
2016 05 24 24260.797000 1 2
2016 05 25 23772.988000 1 2
2016 05 26 23140.539000 1 2
2016 05 27 22766.443000 1 2
2016 05 28 22365.199000 1 2
2016 05 29 21738.125000 1 2
2016 05 30 21313.020000 1 2
2016 05 31 20805.543000 1 2
2016 06 01 20398.871000 1 2
2016 06 02 20049.830000 1 2
2016 06 03 19688.355000 1 2
2016 06 04 19383.717000 1 2
2016 06 05 19245.621000 1 2
2016 06 06 18970.133000 1 2
2016 06 07 18503.984000 1 2
2016 06 08 17959.131000 1 2
2016 06 09 17431.656000 1 2
2016 06 10 17068.686000 1 2
2016 06 11 17256.666000 1 2
2016 06 12 18353.764000 1 2
2016 06 13 19383.717000 1 2
2016 06 14 19563.594000 1 2
2016 06 15 19287.025000 1 2
2016 06 16 18668.191000 1 2
2016 06 17 18067.791000 1 2
2016 06 18 17031.551000 1 2
2016 06 19 16192.778000 1 2
2016 06 20 15495.882000 1 2
2016 06 21 14824.249000 1 2
2016 06 22 14273.455000 1 2
2016 06 23 13574.541000 1 2
2016 06 24 12971.722000 1 2
2016 06 25 12636.640000 1 2
2016 06 26 12187.654000 1 2
2016 06 27 11704.676000 1 2
2016 06 28 11373.861000 1 2
2016 06 29 11043.555000 1 2
2016 06 30 10784.038000 1 2
2016 07 01 10433.487000 1 2
2016 07 02 10188.876000 1 2
2016 07 03 9881.190000 1 2
2016 07 04 9638.553000 1 2
2016 07 05 9671.896000 1 2
2016 07 06 10124.118000 1 2
2016 07 07 10374.398000 1 2
2016 07 08 10202.848000 1 2
2016 07 09 10013.302000 1 2
2016 07 10 9570.468000 1 2
2016 07 11 9190.921000 1 2
2016 07 12 8736.961000 1 2
2016 07 13 8332.666000 1 2
2016 07 14 8096.176000 1 2
2016 07 15 8188.378000 1 2
2016 07 16 8582.836000 1 2
2016 07 17 8806.682000 1 2
2016 07 18 8635.706000 1 2
2016 07 19 8376.765000 1 2
2016 07 20 7998.394000 1 2
2016 07 21 7643.564000 1 2
2016 07 22 7343.988000 1 2
2016 07 23 7214.098000 1 2
2016 07 24 7100.039000 1 2
2016 07 25 7054.501000 1 2
2016 07 26 7035.650000 1 2
2016 07 27 6936.201000 1 2
2016 07 28 6805.084000 1 2
2016 07 29 6555.455000 1 2
2016 07 30 6329.098000 1 2
2016 07 31 6150.056000 1 2
2016 08 01 5875.463000 1 2
2016 08 02 5680.890000 1 2
2016 08 03 5443.672000 1 2
2016 08 04 5350.633000 1 2
2016 08 05 5207.205000 1 1
2016 08 06 5093.158000 1 1
2016 08 07 4984.602000 1 1
2016 08 08 4999.040000 1 1
2016 08 09 4890.585000 1 1
2016 08 10 4838.074000 1 1
2016 08 11 4827.861000 1 1
2016 08 12 4657.639000 1 1
2016 08 13 4496.698000 1 1
2016 08 14 4355.287000 1 1
2016 08 15 4344.907000 1 1
2016 08 16 4265.511000 1 1
2016 08 17 4119.043000 1 1
2016 08 18 4133.948000 1 1
2016 08 19 4383.981000 1 1
2016 08 20 4747.523000 1 1
2016 08 21 4997.963000 1 1
2016 08 22 5094.875000 1 1
2016 08 23 4963.317000 1 1
2016 08 24 4792.515000 1 1
2016 08 25 4665.415000 1 1
2016 08 26 4490.396000 1 1
2016 08 27 4363.854000 1 1
2016 08 28 4224.794000 1 1
2016 08 29 4188.027000 1 1
2016 08 30 4197.472000 1 1
2016 08 31 4231.126000 1 1
2016 09 01 4214.210000 1 1
2016 09 02 4204.189000 1 1
2016 09 03 4161.952000 1 1
2016 09 04 4089.614000 1 1
2016 09 05 4009.589000 1 1
2016 09 06 3892.531000 1 1
2016 09 07 3813.261000 1 1
2016 09 08 3923.701000 1 1
2016 09 09 4093.825000 1 1
2016 09 10 4253.081000 1 1
2016 09 11 4315.417000 1 1
2016 09 12 4278.971000 1 1
2016 09 13 4210.524000 1 1
2016 09 14 4228.807000 1 1
2016 09 15 4273.562000 1 1
2016 09 16 4378.773000 1 1
2016 09 17 4436.338000 1 1
2016 09 18 4578.862000 1 1
2016 09 19 4603.996000 1 1
2016 09 20 4481.374000 1 1
2016 09 21 4382.013000 1 1
2016 09 22 4254.602000 1 1
2016 09 23 4210.388000 1 1
2016 09 24 4109.613000 1 1
2016 09 25 4031.343000 1 1
2016 09 26 4032.410000 1 1
2016 09 27 4053.126000 1 1
2016 09 28 4031.875000 1 1
2016 09 29 4029.875000 1 1
2016 09 30 4029.474000 1 1
2016 10 01 3999.008000 1 1
2016 10 02 3948.918000 1 1
2016 10 03 4022.942000 1 1
2016 10 04 4061.165000 1 1
2016 10 05 4064.517000 1 1
2016 10 06 4095.848000 1 1
2016 10 07 4231.010000 1 1
2016 10 08 4229.909000 1 1
2016 10 09 4295.500000 1 1
2016 10 10 4291.884000 1 1
2016 10 11 4273.979000 1 1
2016 10 12 4237.072000 1 1
2016 10 13 4261.099000 1 1
2016 10 14 4591.637000 1 1
2016 10 15 4799.190000 1 1
2016 10 16 4838.807000 1 1
2016 10 17 4801.143000 1 1
2016 10 18 4724.799000 1 1
2016 10 19 4665.093000 1 1
2016 10 20 4662.754000 1 1
2016 10 21 4613.899000 1 1
2016 10 22 4586.119000 1 1
2016 10 23 4601.814000 1 1
2016 10 24 4743.183000 1 1
2016 10 25 4928.639000 1 1
2016 10 26 5024.512000 1 1
2016 10 27 5007.118000 1 1
2016 10 28 5052.764000 1 1
2016 10 29 5234.132000 1 1
2016 10 30 5264.736000 1 1
2016 10 31 5344.097000 1 1
2016 11 01 5539.444000 1 1
2016 11 02 5812.156000 1 1
2016 11 03 6553.896000 1 1
2016 11 04 6623.104000 1 2
2016 11 05 7067.447000 1 2
2016 11 06 7642.718000 1 2
2016 11 07 7950.129000 1 2
2016 11 08 7928.707000 1 2
2016 11 09 7652.868000 1 2
2016 11 10 7313.192000 1 2
2016 11 11 7106.052000 1 2
2016 11 12 7041.265000 1 2
2016 11 13 6982.224000 1 2
2016 11 14 6776.804000 1 2
2016 11 15 6625.126000 1 2
2016 11 16 6535.934000 1 2
2016 11 17 6495.555000 1 2
2016 11 18 6638.257000 1 2
2016 11 19 6722.574000 1 2
2016 11 20 6749.465000 1 2
2016 11 21 6879.866000 1 2
2016 11 22 7351.701000 1 2
2016 11 23 8130.680000 1 2
2016 11 24 9014.419000 1 2
2016 11 25 9467.345000 1 2
2016 11 26 9675.374000 1 2
2016 11 27 9778.705000 1 2
2016 11 28 9794.938000 1 2
2016 11 29 9773.945000 1 2
2016 11 30 9894.305000 1 2
2016 12 01 10610.077000 1 2
2016 12 02 10835.148000 1 2
2016 12 03 10659.626000 1 2
2016 12 04 9520.430000 1 1
2016 12 05 9310.918000 1 1
2016 12 06 9208.327000 1 1
2016 12 07 9092.160000 1 1
2016 12 08 8993.866000 1 1
2016 12 09 9020.300000 1 1
2016 12 10 9338.869000 1 1
2016 12 11 9664.492000 1 1
2016 12 12 9747.271000 1 1
2016 12 13 9955.194000 1 1
2016 12 14 10813.906000 1 1
2016 12 15 11228.890000 1 1
2016 12 16 11220.807000 1 1
2016 12 17 11047.763000 1 1
2016 12 18 11193.021000 1 1
2016 12 19 11495.686000 1 1
2016 12 20 11995.290000 1 1
2016 12 21 12445.369000 1 1
2016 12 22 13104.822000 1 1
2016 12 23 13933.377000 1 1
2016 12 24 14317.113000 1 1
2016 12 25 14447.138000 1 1
2016 12 26 14485.867000 1 1
2016 12 27 14697.709000 1 1
2016 12 28 15182.629000 1 1
2016 12 29 15965.427000 1 1
2016 12 30 16503.768000 1 1
2016 12 31 17164.359000 1 1
2017 01 01 17551.559000 1 1
2017 01 02 17714.123000 1 1
2017 01 03 18642.516000 1 1
2017 01 04 20126.270000 1 1
2017 01 05 21207.020000 1 1
2017 01 06 21760.936000 1 1
2017 01 07 22223.943000 1 1
2017 01 08 22390.807000 1 1
2017 01 09 22457.775000 1 1
2017 01 10 22457.775000 1 1
2017 01 11 22424.275000 1 1
2017 01 12 22964.098000 1 1
2017 01 13 24526.432000 1 1
2017 01 14 26265.656000 1 1
2017 01 15 27429.451000 1 1
2017 01 16 27811.736000 1 1
2017 01 17 28313.746000 1 1
2017 01 18 28313.746000 1 1
2017 01 19 28158.672000 1 1
2017 01 20 27965.592000 1 1
2017 01 21 27927.078000 1 1
2017 01 22 27811.736000 1 1
2017 01 23 27543.783000 1 1
2017 01 24 27163.852000 1 1
2017 01 25 26824.777000 1 1
2017 01 26 26525.646000 1 1
2017 01 27 26007.289000 1 1
2017 01 28 25897.059000 1 1
2017 01 29 26154.729000 1 1
2017 01 30 26191.672000 1 1
2017 01 31 26562.922000 1 1
2017 02 01 27581.961000 1 1
2017 02 02 27927.078000 1 1
2017 02 03 28119.988000 1 1
2017 02 04 28313.746000 1 1
2017 02 05 28274.926000 1 1
2017 02 06 27773.355000 1 1
2017 02 07 27088.268000 1 1
2017 02 08 26824.777000 1 1
2017 02 09 26975.143000 1 1
2017 02 10 27239.570000 1 1
2017 02 11 27353.398000 1 1
2017 02 12 27735.010000 1 1
2017 02 13 28158.672000 1 1
2017 02 14 28508.350000 1 2
2017 02 15 28900.102000 1 1
2017 02 16 29097.256000 1 1
2017 02 17 29215.957000 1 1
2017 02 18 30055.492000 1 2
2017 02 19 31281.191000 1 1
2017 02 20 32284.285000 1 1
2017 02 21 33264.551000 1 2
2017 02 22 33783.414000 1 1
2017 02 23 34088.449000 1 1
2017 02 24 34263.535000 1 1
2017 02 25 34395.227000 1 1
2017 02 26 34792.227000 1 1
2017 02 27 35415.555000 1 1
2017 02 28 36181.938000 1 2
2017 03 01 36958.785000 1 1
2017 03 02 37699.551000 1 1
2017 03 03 38355.402000 1 1
2017 03 04 38828.281000 1 2
2017 03 05 39113.777000 1 2
2017 03 06 39400.605000 1 1
2017 03 07 39929.926000 1 1
2017 03 08 40415.027000 1 1
2017 03 09 40854.813000 1 1
2017 03 10 41198.961000 1 1
2017 03 11 41297.625000 1 1
2017 03 12 41297.625000 1 1
2017 03 13 41248.273000 1 1
2017 03 14 41149.684000 1 1
2017 03 15 41198.961000 1 1
2017 03 16 41248.273000 1 1
2017 03 17 41248.273000 1 1
2017 03 18 41347.012000 1 1
2017 03 19 41445.902000 1 1
2017 03 20 41445.902000 1 1
2017 03 21 41743.477000 1 1
2017 03 22 42192.379000 1 1
2017 03 23 42644.340000 1 1
2017 03 24 43251.723000 1 1
2017 03 25 43353.484000 1 1
2017 03 26 43353.484000 1 1
2017 03 27 43099.363000 1 1
2017 03 28 42644.340000 1 1
2017 03 29 42392.871000 1 1
2017 03 30 42192.379000 1 1
2017 03 31 41942.613000 1 2
2017 04 01 41644.137000 1 1
2017 04 02 41445.902000 1 1
2017 04 03 41396.441000 1 1
2017 04 04 41396.441000 1 2
2017 04 05 41992.492000 1 2
2017 04 06 42392.871000 1 2
2017 04 07 42392.871000 1 2
2017 04 08 42292.551000 1 2
2017 04 09 42192.379000 1 2
2017 04 10 41992.492000 1 2
2017 04 11 41793.203000 1 2
2017 04 12 41842.969000 1 2
2017 04 13 41842.969000 1 2
2017 04 14 41842.969000 1 2
2017 04 15 41892.773000 1 1
2017 04 16 41942.613000 1 1
2017 04 17 42242.445000 1 1
2017 04 18 42694.746000 1 1
2017 04 19 42997.980000 1 1
2017 04 20 43099.363000 1 1
2017 04 21 39266.219000 1 1
2017 04 22 38526.270000 1 1
2017 04 23 37792.637000 1 1
2017 04 24 36920.633000 1 1
2017 04 25 36057.773000 1 1
2017 04 26 35487.617000 1 1
2017 04 27 35416.637000 1 1
2017 04 28 35629.773000 1 1
2017 04 29 35843.488000 1 1
2017 04 30 36200.945000 1 1
2017 05 01 36344.375000 1 2
2017 05 02 36272.629000 1 1
2017 05 03 35914.852000 1 2
2017 05 04 35700.949000 1 2
2017 05 05 35416.637000 1 1
2017 05 06 34499.668000 1 1
2017 05 07 33625.398000 1 1
2017 05 08 32965.203000 1 1
2017 05 09 32245.727000 1 1
2017 05 10 31592.127000 1 1
2017 05 11 31096.293000 1 1
2017 05 12 31096.293000 1 1
2017 05 13 30571.521000 1 1
2017 05 14 30140.959000 1 1
2017 05 15 29926.223000 1 2
2017 05 16 29803.680000 1 1
2017 05 17 29773.064000 1 1
2017 05 18 29711.852000 1 1
2017 05 19 29834.305000 1 1
2017 05 20 30140.959000 1 2
2017 05 21 30417.582000 1 1
2017 05 22 30602.332000 1 1
2017 05 23 30633.148000 1 1
2017 05 24 30479.135000 1 1
2017 05 25 30263.828000 1 1
2017 05 26 30018.207000 1 1
2017 05 27 30294.564000 1 2
2017 05 28 30417.582000 1 1
2017 05 29 29895.576000 1 1
2017 05 30 29375.729000 1 1
2017 05 31 28918.848000 1 1
2017 06 01 28554.574000 1 1
2017 06 02 28191.400000 1 1
2017 06 03 27949.902000 1 1
2017 06 04 27648.725000 1 1
2017 06 05 27378.330000 1 1
2017 06 06 27138.512000 1 2
2017 06 07 26690.209000 1 1
2017 06 08 26303.123000 1 1
2017 06 09 26154.602000 1 1
2017 06 10 25710.244000 1 1
2017 06 11 25356.066000 1 1
2017 06 12 24914.996000 1 1
2017 06 13 24475.773000 1 1
2017 06 14 24038.416000 1 1
2017 06 15 24009.326000 1 1
2017 06 16 24768.381000 1 1
2017 06 17 24914.996000 1 1
2017 06 18 24885.656000 1 1
2017 06 19 24271.439000 1 1
2017 06 20 23718.885000 1 1
2017 06 21 23458.209000 1 1
2017 06 22 23284.807000 1 2
2017 06 23 22823.902000 1 1
2017 06 24 22193.760000 1 1
2017 06 25 21539.494000 1 1
2017 06 26 21369.584000 1 1
2017 06 27 21228.238000 1 1
2017 06 28 21058.918000 1 1
2017 06 29 20524.875000 1 1
2017 06 30 19910.615000 1 1
2017 07 01 19245.621000 1 1
2017 07 02 18586.045000 1 1
2017 07 03 17904.859000 1 1
2017 07 04 17499.072000 1 1
2017 07 05 17256.666000 1 1
2017 07 06 17256.666000 1 2
2017 07 07 17499.072000 1 1
2017 07 08 17715.217000 1 1
2017 07 09 17715.217000 1 1
2017 07 10 17337.379000 1 1
2017 07 11 16694.201000 1 1
2017 07 12 15720.630000 1 1
2017 07 13 14741.740000 1 1
2017 07 14 13976.480000 1 1
2017 07 15 13832.366000 1 1
2017 07 16 13293.616000 1 1
2017 07 17 12768.800000 1 1
2017 07 18 12417.654000 1 1
2017 07 19 12151.891000 1 1
2017 07 20 11915.913000 1 1
2017 07 21 11605.975000 1 1
2017 07 22 11201.005000 1 1
2017 07 23 10780.988000 1 1
2017 07 24 10205.790000 1 1
2017 07 25 10323.922000 1 1
2017 07 26 10466.859000 1 1
2017 07 27 10442.946000 1 1
2017 07 28 10111.924000 1 1
2017 07 29 9448.264000 1 1
2017 07 30 9160.275000 1 1
2017 07 31 8813.801000 1 1
2017 08 01 8434.408000 1 1
2017 08 02 8207.913000 1 1
2017 08 03 7965.413000 1 1
2017 08 04 7688.486000 1 1
2017 08 05 7727.654000 1 1
2017 08 06 7417.942000 1 1
2017 08 07 7172.377000 1 1
2017 08 08 6932.199000 1 1
2017 08 09 6733.137000 1 1
2017 08 10 6502.755000 1 2
2017 08 11 6209.363000 1 2
2017 08 12 6091.122000 1 1
2017 08 13 6074.352000 1 1
2017 08 14 5924.779000 1 1
2017 08 15 5891.872000 1 1
2017 08 16 5793.869000 1 1
2017 08 17 5664.869000 1 1
2017 08 18 5506.283000 1 1
2017 08 19 5412.542000 1 1
2017 08 20 5273.902000 1 1
2017 08 21 5366.067000 1 1
2017 08 22 5506.283000 1 1
2017 08 23 5616.983000 1 1
2017 08 24 5826.417000 1 1
2017 08 25 6643.907000 1 1
2017 08 26 7379.810000 1 1
2017 08 27 7629.977000 1 1
2017 08 28 7494.593000 1 1
2017 08 29 7341.807000 1 1
2017 08 30 7172.377000 1 1
2017 08 31 6968.801000 1 1
2017 09 01 6823.149000 1 1
2017 09 02 6661.691000 1 1
2017 09 03 6294.735000 1 1
2017 09 04 5990.954000 1 1
2017 09 05 5859.085000 1 1
2017 09 06 5777.640000 1 1
2017 09 07 5664.869000 1 1
2017 09 08 5490.586000 1 1
2017 09 09 5335.229000 1 1
2017 09 10 5137.608000 1 1
2017 09 11 4974.187000 1 1
2017 09 12 4799.834000 1 1
2017 09 13 4959.501000 1 1
2017 09 14 4944.845000 1 1
2017 09 15 4901.045000 1 1
2017 09 16 4843.041000 1 1
2017 09 17 4785.489000 1 1
2017 09 18 4671.732000 1 1
2017 09 19 4843.041000 1 1
2017 09 20 5616.983000 1 1
2017 09 21 6226.376000 1 1
2017 09 22 6485.251000 1 1
2017 09 23 6415.542000 1 1
2017 09 24 6124.753000 1 1
2017 09 25 5974.365000 1 1
2017 09 26 5974.365000 1 1
2017 09 27 5745.271000 1 1
2017 09 28 5537.764000 1 1
2017 09 29 5335.229000 1 1
2017 09 30 5197.895000 1 1
2017 10 01 5197.895000 1 1
2017 10 02 5033.213000 1 1
2017 10 03 4886.501000 1 1
2017 10 04 4915.617000 1 1
2017 10 05 4930.216000 1 1
2017 10 06 4944.845000 1 1
2017 10 07 5018.414000 1 1
2017 10 08 5182.780000 1 1
2017 10 09 5304.507000 1 1
2017 10 10 5213.038000 1 1
2017 10 11 5197.895000 1 1
2017 10 12 5243.412000 1 1
2017 10 13 5197.895000 1 1
2017 10 14 5107.638000 1 1
2017 10 15 4988.901000 1 1
2017 10 16 4944.845000 1 1
2017 10 17 4742.620000 1 1
2017 10 18 4601.542000 1 1
2017 10 19 4573.661000 1 1
2017 10 20 4504.442000 1 1
2017 10 21 4422.290000 1 1
2017 10 22 4354.584000 1 1
2017 10 23 4314.289000 1 1
2017 10 24 4517.214000 1 1
2017 10 25 4798.745000 1 1
2017 10 26 4943.717000 1 2
2017 10 27 4870.877000 1 1
2017 10 28 4856.395000 1 1
2017 10 29 4755.803000 1 1
2017 10 30 4755.803000 1 1
2017 10 31 4899.928000 1 1
2017 11 01 5091.528000 1 1
2017 11 02 5349.398000 1 1
2017 11 03 5695.613000 1 1
2017 11 04 5857.714000 1 1
2017 11 05 6571.519000 1 1
2017 11 06 7170.649000 1 1
2017 11 07 7569.922000 1 1
2017 11 08 7883.709000 1 1
2017 11 09 8124.557000 1 1
2017 11 10 8287.770000 1 1
2017 11 11 8432.329000 1 1
2017 11 12 8411.577000 1 1
2017 11 13 8205.897000 1 1
2017 11 14 8267.251000 1 1
2017 11 15 8662.814000 1 1
2017 11 16 9445.897000 1 1
2017 11 17 10156.217000 1 1
2017 11 18 11247.107000 1 1
2017 11 19 11840.219000 1 1
2017 11 20 12272.349000 1 1
2017 11 21 12583.443000 1 1
2017 11 22 12531.243000 1 1
2017 11 23 12169.768000 1 1
2017 11 24 11739.995000 1 1
2017 11 25 11665.188000 1 1
2017 11 26 12016.940000 1 1
2017 11 27 12349.649000 1 1
2017 11 28 12926.173000 1 1
2017 11 29 13629.633000 1 1
2017 11 30 13712.359000 1 1
2017 12 01 14385.892000 1 1
2017 12 02 14272.183000 1 1
2017 12 03 13934.550000 1 1
2017 12 04 13740.007000 1 1
2017 12 05 13740.007000 1 1
2017 12 06 14442.966000 1 1
2017 12 07 15465.601000 1 1
2017 12 08 16502.801000 1 1
2017 12 09 17261.381000 1 1
2017 12 10 17583.994000 1 1
2017 12 11 18174.482000 1 1
2017 12 12 19180.398000 1 1
2017 12 13 19916.398000 1 2
2017 12 14 19978.527000 1 1
2017 12 15 19978.527000 1 1
2017 12 16 20134.393000 1 1
2017 12 17 20259.639000 1 1
2017 12 18 20574.918000 1 1
2017 12 19 20893.299000 1 1
2017 12 20 21053.656000 1 1
2017 12 21 21214.795000 1 1
2017 12 22 21085.822000 1 1
2017 12 23 21053.656000 1 1
2017 12 24 21182.506000 1 1
2017 12 25 21344.270000 1 1
2017 12 26 21933.115000 1 1
2017 12 27 22198.102000 1 1
2017 12 28 22734.162000 1 1
2017 12 29 23796.045000 1 1
2017 12 30 26271.469000 1 1
2017 12 31 28513.139000 1 1
