year month day streamflow_m3s qual_control_by_ana qual_flag
1977 03 01 nan nan nan
1977 03 02 nan nan nan
1977 03 03 nan nan nan
1977 03 04 nan nan nan
1977 03 05 nan nan nan
1977 03 06 nan nan nan
1977 03 07 nan nan nan
1977 03 08 nan nan nan
1977 03 09 nan nan nan
1977 03 10 nan nan nan
1977 03 11 nan nan nan
1977 03 12 nan nan nan
1977 03 13 nan nan nan
1977 03 14 nan nan nan
1977 03 15 nan nan nan
1977 03 16 nan nan nan
1977 03 17 nan nan nan
1977 03 18 nan nan nan
1977 03 19 nan nan nan
1977 03 20 nan nan nan
1977 03 21 nan nan nan
1977 03 22 738.292000 1 1
1977 03 23 738.292000 1 1
1977 03 24 684.355000 1 1
1977 03 25 644.962000 1 1
1977 03 26 691.009000 1 1
1977 03 27 681.037000 1 1
1977 03 28 661.264000 1 1
1977 03 29 635.257000 1 1
1977 03 30 593.873000 1 1
1977 03 31 597.018000 1 1
1977 04 01 677.726000 1 1
1977 04 02 701.038000 1 1
1977 04 03 762.392000 1 1
1977 04 04 898.445000 1 1
1977 04 05 977.343000 1 1
1977 04 06 1054.883000 1 1
1977 04 07 1102.515000 1 1
1977 04 08 1130.679000 1 1
1977 04 09 1122.604000 1 1
1977 04 10 1086.546000 1 1
1977 04 11 1019.703000 1 1
1977 04 12 928.194000 1 1
1977 04 13 880.045000 1 1
1977 04 14 858.163000 1 1
1977 04 15 818.610000 1 1
1977 04 16 876.383000 1 1
1977 04 17 1027.480000 1 1
1977 04 18 1118.575000 1 1
1977 04 19 1175.499000 1 1
1977 04 20 1241.904000 1 1
1977 04 21 1262.948000 1 1
1977 04 22 1279.883000 1 1
1977 04 23 1314.017000 1 1
1977 04 24 1318.309000 1 1
1977 04 25 1331.216000 1 1
1977 04 26 1348.503000 1 1
1977 04 27 1344.173000 1 1
1977 04 28 1352.838000 1 1
1977 04 29 1348.503000 1 1
1977 04 30 1339.849000 1 1
1977 05 01 1348.503000 1 1
1977 05 02 1352.838000 1 1
1977 05 03 1339.849000 1 1
1977 05 04 1301.175000 1 1
1977 05 05 1241.904000 1 1
1977 05 06 1204.375000 1 1
1977 05 07 1187.841000 1 1
1977 05 08 1163.208000 1 1
1977 05 09 1134.725000 1 1
1977 05 10 1106.521000 1 1
1977 05 11 1082.568000 1 1
1977 05 12 1062.764000 1 1
1977 05 13 1027.480000 1 1
1977 05 14 1000.361000 1 1
1977 05 15 992.665000 1 1
1977 05 16 1035.281000 1 1
1977 05 17 1102.515000 1 1
1977 05 18 1212.676000 1 1
1977 05 19 1233.525000 1 1
1977 05 20 1241.904000 1 1
1977 05 21 1241.904000 1 1
1977 05 22 1254.514000 1 1
1977 05 23 1262.948000 1 1
1977 05 24 1275.641000 1 1
1977 05 25 1284.130000 1 1
1977 05 26 1292.642000 1 1
1977 05 27 1292.642000 1 1
1977 05 28 1296.906000 1 1
1977 05 29 1288.383000 1 1
1977 05 30 1292.642000 1 1
1977 05 31 1288.383000 1 1
1977 06 01 1275.641000 1 1
1977 06 02 1241.904000 1 1
1977 06 03 1204.375000 1 1
1977 06 04 1155.042000 1 1
1977 06 05 1102.515000 1 1
1977 06 06 1047.025000 1 1
1977 06 07 1008.080000 1 1
1977 06 08 958.322000 1 1
1977 06 09 913.272000 1 1
1977 06 10 880.045000 1 1
1977 06 11 865.433000 1 1
1977 06 12 891.067000 1 1
1977 06 13 913.272000 1 1
1977 06 14 913.272000 1 1
1977 06 15 898.445000 1 1
1977 06 16 876.383000 1 1
1977 06 17 847.303000 1 1
1977 06 18 807.950000 1 1
1977 06 19 769.333000 1 1
1977 06 20 748.584000 1 1
1977 06 21 731.463000 1 1
1977 06 22 714.497000 1 1
1977 06 23 684.355000 1 1
1977 06 24 651.463000 1 1
1977 06 25 616.021000 1 1
1977 06 26 581.360000 1 1
1977 06 27 553.590000 1 1
1977 06 28 529.356000 1 1
1977 06 29 544.453000 1 1
1977 06 30 584.479000 1 1
1977 07 01 619.211000 1 1
1977 07 02 674.421000 1 1
1977 07 03 707.755000 1 1
1977 07 04 724.658000 1 1
1977 07 05 755.476000 1 1
1977 07 06 783.290000 1 1
1977 07 07 804.408000 1 1
1977 07 08 811.497000 1 1
1977 07 09 811.497000 1 1
1977 07 10 797.344000 1 1
1977 07 11 762.392000 1 1
1977 07 12 717.878000 1 1
1977 07 13 664.544000 1 1
1977 07 14 606.490000 1 1
1977 07 15 556.650000 1 1
1977 07 16 517.398000 1 1
1977 07 17 485.071000 1 1
1977 07 18 450.744000 1 1
1977 07 19 420.152000 1 1
1977 07 20 395.754000 1 1
1977 07 21 374.550000 1 1
1977 07 22 358.948000 1 1
1977 07 23 343.609000 1 1
1977 07 24 331.027000 1 1
1977 07 25 318.630000 1 1
1977 07 26 308.847000 1 1
1977 07 27 301.588000 1 1
1977 07 28 292.015000 1 1
1977 07 29 287.275000 1 1
1977 07 30 282.564000 1 1
1977 07 31 277.884000 1 1
1977 08 01 268.617000 1 1
1977 08 02 257.207000 1 1
1977 08 03 250.454000 1 1
1977 08 04 250.454000 1 1
1977 08 05 250.454000 1 1
1977 08 06 254.948000 1 1
1977 08 07 254.948000 1 1
1977 08 08 245.992000 1 1
1977 08 09 234.973000 1 1
1977 08 10 226.302000 1 1
1977 08 11 219.883000 1 1
1977 08 12 226.302000 1 1
1977 08 13 237.161000 1 1
1977 08 14 243.772000 1 1
1977 08 15 250.454000 1 1
1977 08 16 243.772000 1 1
1977 08 17 228.458000 1 1
1977 08 18 213.536000 1 1
1977 08 19 201.063000 1 1
1977 08 20 188.885000 1 1
1977 08 21 182.909000 1 1
1977 08 22 186.885000 1 1
1977 08 23 190.894000 1 1
1977 08 24 184.893000 1 1
1977 08 25 177.008000 1 1
1977 08 26 165.436000 1 1
1977 08 27 157.893000 1 1
1977 08 28 163.537000 1 1
1977 08 29 173.117000 1 1
1977 08 30 169.260000 1 1
1977 08 31 159.766000 1 1
1977 09 01 148.659000 1 1
1977 09 02 139.644000 1 1
1977 09 03 134.342000 1 1
1977 09 04 136.101000 1 1
1977 09 05 139.644000 1 1
1977 09 06 154.173000 1 1
1977 09 07 171.184000 1 1
1977 09 08 180.934000 1 1
1977 09 09 186.885000 1 1
1977 09 10 186.885000 1 1
1977 09 11 177.008000 1 1
1977 09 12 165.436000 1 1
1977 09 13 154.173000 1 1
1977 09 14 145.026000 1 1
1977 09 15 137.868000 1 1
1977 09 16 141.429000 1 1
1977 09 17 165.436000 1 1
1977 09 18 192.911000 1 1
1977 09 19 217.759000 1 1
1977 09 20 234.973000 1 1
1977 09 21 239.357000 1 1
1977 09 22 230.622000 1 1
1977 09 23 215.644000 1 1
1977 09 24 194.937000 1 1
1977 09 25 184.893000 1 1
1977 09 26 201.063000 1 1
1977 09 27 228.458000 1 1
1977 09 28 268.617000 1 1
1977 09 29 321.095000 1 1
1977 09 30 343.609000 1 1
1977 10 01 331.027000 1 1
1977 10 02 308.847000 1 1
1977 10 03 287.275000 1 1
1977 10 04 280.220000 1 1
1977 10 05 268.617000 1 1
1977 10 06 282.564000 1 1
1977 10 07 328.533000 1 1
1977 10 08 336.038000 1 1
1977 10 09 311.282000 1 1
1977 10 10 273.235000 1 1
1977 10 11 234.973000 1 1
1977 10 12 205.188000 1 1
1977 10 13 182.909000 1 1
1977 10 14 171.184000 1 1
1977 10 15 161.647000 1 1
1977 10 16 156.029000 1 1
1977 10 17 156.029000 1 1
1977 10 18 167.344000 1 1
1977 10 19 182.909000 1 1
1977 10 20 177.008000 1 1
1977 10 21 156.029000 1 1
1977 10 22 139.644000 1 1
1977 10 23 129.121000 1 1
1977 10 24 125.685000 1 1
1977 10 25 134.342000 1 1
1977 10 26 152.326000 1 1
1977 10 27 169.260000 1 1
1977 10 28 180.934000 1 1
1977 10 29 165.436000 1 1
1977 10 30 165.436000 1 1
1977 10 31 167.344000 1 1
1977 11 01 182.909000 1 1
1977 11 02 184.893000 1 1
1977 11 03 159.766000 1 1
1977 11 04 136.101000 1 1
1977 11 05 120.600000 1 1
1977 11 06 107.447000 1 1
1977 11 07 99.531000 1 1
1977 11 08 93.371000 1 1
1977 11 09 90.349000 1 1
1977 11 10 99.531000 1 1
1977 11 11 122.286000 1 1
1977 11 12 132.593000 1 1
1977 11 13 132.593000 1 1
1977 11 14 127.399000 1 1
1977 11 15 117.256000 1 1
1977 11 16 113.949000 1 1
1977 11 17 113.949000 1 1
1977 11 18 118.924000 1 1
1977 11 19 122.286000 1 1
1977 11 20 118.924000 1 1
1977 11 21 105.845000 1 1
1977 11 22 91.855000 1 1
1977 11 23 80.082000 1 1
1977 11 24 70.307000 1 1
1977 11 25 64.947000 1 1
1977 11 26 58.485000 1 1
1977 11 27 52.291000 1 1
1977 11 28 47.533000 1 1
1977 11 29 41.840000 1 1
1977 11 30 37.492000 1 1
1977 12 01 32.325000 1 1
1977 12 02 30.343000 1 1
1977 12 03 31.328000 1 1
1977 12 04 32.325000 1 1
1977 12 05 32.325000 1 1
1977 12 06 31.328000 1 1
1977 12 07 31.328000 1 1
1977 12 08 31.328000 1 1
1977 12 09 30.343000 1 1
1977 12 10 31.328000 1 1
1977 12 11 36.435000 1 1
1977 12 12 49.889000 1 1
1977 12 13 64.947000 1 1
1977 12 14 78.655000 1 1
1977 12 15 91.855000 1 1
1977 12 16 88.853000 1 1
1977 12 17 87.366000 1 1
1977 12 18 84.423000 1 1
1977 12 19 75.831000 1 1
1977 12 20 71.673000 1 1
1977 12 21 67.606000 1 1
1977 12 22 64.947000 1 1
1977 12 23 66.271000 1 1
1977 12 24 67.606000 1 1
1977 12 25 99.531000 1 1
1977 12 26 157.893000 1 1
1977 12 27 188.885000 1 1
1977 12 28 182.909000 1 1
1977 12 29 156.029000 1 1
1977 12 30 129.121000 1 1
1977 12 31 107.447000 1 1
1978 01 01 90.349000 1 1
1978 01 02 75.831000 1 1
1978 01 03 63.633000 1 1
1978 01 04 54.736000 1 1
1978 01 05 47.533000 1 1
1978 01 06 44.083000 1 1
1978 01 07 44.083000 1 1
1978 01 08 45.222000 1 1
1978 01 09 57.224000 1 1
1978 01 10 130.852000 1 1
1978 01 11 222.014000 1 1
1978 01 12 280.220000 1 1
1978 01 13 264.030000 1 1
1978 01 14 205.188000 1 1
1978 01 15 146.838000 1 1
1978 01 16 118.924000 1 1
1978 01 17 105.845000 1 1
1978 01 18 96.432000 1 1
1978 01 19 84.423000 1 1
1978 01 20 75.831000 1 1
1978 01 21 67.606000 1 1
1978 01 22 62.330000 1 1
1978 01 23 59.756000 1 1
1978 01 24 54.736000 1 1
1978 01 25 58.485000 1 1
1978 01 26 81.519000 1 1
1978 01 27 154.173000 1 1
1978 01 28 266.319000 1 1
1978 01 29 308.847000 1 1
1978 01 30 292.015000 1 1
1978 01 31 224.154000 1 1
1978 02 01 201.063000 1 1
1978 02 02 201.063000 1 1
1978 02 03 250.454000 1 1
1978 02 04 321.095000 1 1
1978 02 05 382.448000 1 1
1978 02 06 433.953000 1 1
1978 02 07 493.806000 1 1
1978 02 08 538.394000 1 1
1978 02 09 572.044000 1 1
1978 02 10 635.257000 1 1
1978 02 11 600.169000 1 1
1978 02 12 520.378000 1 1
1978 02 13 456.397000 1 1
1978 02 14 374.550000 1 1
1978 02 15 323.567000 1 1
1978 02 16 306.420000 1 1
1978 02 17 294.397000 1 1
1978 02 18 257.207000 1 1
1978 02 19 209.346000 1 1
1978 02 20 169.260000 1 1
1978 02 21 156.029000 1 1
1978 02 22 346.147000 1 1
1978 02 23 684.355000 1 1
1978 02 24 854.537000 1 1
1978 02 25 939.448000 1 1
1978 02 26 931.939000 1 1
1978 02 27 840.094000 1 1
1978 02 28 667.830000 1 1
1978 03 01 479.281000 1 1
1978 03 02 364.120000 1 1
1978 03 03 369.320000 1 1
1978 03 04 657.991000 1 1
1978 03 05 829.324000 1 1
1978 03 06 905.847000 1 1
1978 03 07 916.994000 1 1
1978 03 08 992.665000 1 1
1978 03 09 1082.568000 1 1
1978 03 10 1023.589000 1 1
1978 03 11 913.272000 1 1
1978 03 12 769.333000 1 1
1978 03 13 603.326000 1 1
1978 03 14 450.744000 1 1
1978 03 15 336.038000 1 1
1978 03 16 296.787000 1 1
1978 03 17 328.533000 1 1
1978 03 18 395.754000 1 1
1978 03 19 502.603000 1 1
1978 03 20 575.143000 1 1
1978 03 21 562.788000 1 1
1978 03 22 559.715000 1 1
1978 03 23 587.604000 1 1
1978 03 24 667.830000 1 1
1978 03 25 721.265000 1 1
1978 03 26 738.292000 1 1
1978 03 27 728.057000 1 1
1978 03 28 714.497000 1 1
1978 03 29 738.292000 1 1
1978 03 30 779.792000 1 1
1978 03 31 872.727000 1 1
1978 04 01 854.537000 1 1
1978 04 02 928.194000 1 1
1978 04 03 905.847000 1 1
1978 04 04 847.303000 1 1
1978 04 05 762.392000 1 1
1978 04 06 674.421000 1 1
1978 04 07 603.326000 1 1
1978 04 08 654.724000 1 1
1978 04 09 721.265000 1 1
1978 04 10 793.821000 1 1
1978 04 11 894.753000 1 1
1978 04 12 924.455000 1 1
1978 04 13 931.939000 1 1
1978 04 14 962.114000 1 1
1978 04 15 1008.080000 1 1
1978 04 16 1070.668000 1 1
1978 04 17 1138.777000 1 1
1978 04 18 1163.208000 1 1
1978 04 19 1237.712000 1 1
1978 04 20 1348.503000 1 1
1978 04 21 1400.886000 1 1
1978 04 22 1427.370000 1 1
1978 04 23 1436.241000 1 1
1978 04 24 1436.241000 1 1
1978 04 25 1431.803000 1 1
1978 04 26 1436.241000 1 1
1978 04 27 1427.370000 1 1
1978 04 28 1422.943000 1 1
1978 04 29 1422.943000 1 1
1978 04 30 1396.491000 1 1
1978 05 01 1365.877000 1 1
1978 05 02 1322.606000 1 1
1978 05 03 1284.130000 1 1
1978 05 04 1258.728000 1 1
1978 05 05 1254.514000 1 1
1978 05 06 1258.728000 1 1
1978 05 07 1271.404000 1 1
1978 05 08 1267.173000 1 1
1978 05 09 1262.948000 1 1
1978 05 10 1250.305000 1 1
1978 05 11 1229.344000 1 1
1978 05 12 1220.999000 1 1
1978 05 13 1216.834000 1 1
1978 05 14 1200.233000 1 1
1978 05 15 1171.396000 1 1
1978 05 16 1142.835000 1 1
1978 05 17 1110.533000 1 1
1978 05 18 1082.568000 1 1
1978 05 19 1058.821000 1 1
1978 05 20 1043.104000 1 1
1978 05 21 1066.714000 1 1
1978 05 22 1110.533000 1 1
1978 05 23 1106.521000 1 1
1978 05 24 1090.529000 1 1
1978 05 25 1066.714000 1 1
1978 05 26 1031.377000 1 1
1978 05 27 1011.948000 1 1
1978 05 28 981.164000 1 1
1978 05 29 954.535000 1 1
1978 05 30 924.455000 1 1
1978 05 31 891.067000 1 1
1978 06 01 880.045000 1 1
1978 06 02 876.383000 1 1
1978 06 03 891.067000 1 1
1978 06 04 916.994000 1 1
1978 06 05 935.691000 1 1
1978 06 06 928.194000 1 1
1978 06 07 902.143000 1 1
1978 06 08 861.795000 1 1
1978 06 09 807.950000 1 1
1978 06 10 745.147000 1 1
1978 06 11 671.122000 1 1
1978 06 12 612.837000 1 1
1978 06 13 575.143000 1 1
1978 06 14 556.650000 1 1
1978 06 15 565.867000 1 1
1978 06 16 606.490000 1 1
1978 06 17 648.209000 1 1
1978 06 18 661.264000 1 1
1978 06 19 657.991000 1 1
1978 06 20 625.610000 1 1
1978 06 21 584.479000 1 1
1978 06 22 547.492000 1 1
1978 06 23 523.364000 1 1
1978 06 24 517.398000 1 1
1978 06 25 511.460000 1 1
1978 06 26 514.426000 1 1
1978 06 27 544.453000 1 1
1978 06 28 572.044000 1 1
1978 06 29 597.018000 1 1
1978 06 30 625.610000 1 1
1978 07 01 641.720000 1 1
1978 07 02 635.257000 1 1
1978 07 03 612.837000 1 1
1978 07 04 584.479000 1 1
1978 07 05 568.952000 1 1
1978 07 06 565.867000 1 1
1978 07 07 553.590000 1 1
1978 07 08 529.356000 1 1
1978 07 09 511.460000 1 1
1978 07 10 493.806000 1 1
1978 07 11 490.888000 1 1
1978 07 12 499.664000 1 1
1978 07 13 511.460000 1 1
1978 07 14 556.650000 1 1
1978 07 15 568.952000 1 1
1978 07 16 553.590000 1 1
1978 07 17 526.356000 1 1
1978 07 18 496.732000 1 1
1978 07 19 459.233000 1 1
1978 07 20 436.734000 1 1
1978 07 21 450.744000 1 1
1978 07 22 473.519000 1 1
1978 07 23 485.071000 1 1
1978 07 24 479.281000 1 1
1978 07 25 467.784000 1 1
1978 07 26 459.233000 1 1
1978 07 27 447.928000 1 1
1978 07 28 428.412000 1 1
1978 07 29 403.823000 1 1
1978 07 30 385.095000 1 1
1978 07 31 398.436000 1 1
1978 08 01 403.823000 1 1
1978 08 02 414.681000 1 1
1978 08 03 422.898000 1 1
1978 08 04 422.898000 1 1
1978 08 05 406.527000 1 1
1978 08 06 377.175000 1 1
1978 08 07 338.554000 1 1
1978 08 08 304.000000 1 1
1978 08 09 280.220000 1 1
1978 08 10 261.747000 1 1
1978 08 11 245.992000 1 1
1978 08 12 234.973000 1 1
1978 08 13 226.302000 1 1
1978 08 14 230.622000 1 1
1978 08 15 239.357000 1 1
1978 08 16 245.992000 1 1
1978 08 17 245.992000 1 1
1978 08 18 237.161000 1 1
1978 08 19 224.154000 1 1
1978 08 20 217.759000 1 1
1978 08 21 230.622000 1 1
1978 08 22 250.454000 1 1
1978 08 23 270.922000 1 1
1978 08 24 273.235000 1 1
1978 08 25 270.922000 1 1
1978 08 26 268.617000 1 1
1978 08 27 266.319000 1 1
1978 08 28 282.564000 1 1
1978 08 29 313.724000 1 1
1978 08 30 343.609000 1 1
1978 08 31 343.609000 1 1
1978 09 01 311.282000 1 1
1978 09 02 270.922000 1 1
1978 09 03 237.161000 1 1
1978 09 04 211.437000 1 1
1978 09 05 194.937000 1 1
1978 09 06 192.911000 1 1
1978 09 07 207.263000 1 1
1978 09 08 211.437000 1 1
1978 09 09 219.883000 1 1
1978 09 10 232.794000 1 1
1978 09 11 259.473000 1 1
1978 09 12 311.282000 1 1
1978 09 13 338.554000 1 1
1978 09 14 316.173000 1 1
1978 09 15 282.564000 1 1
1978 09 16 259.473000 1 1
1978 09 17 237.161000 1 1
1978 09 18 213.536000 1 1
1978 09 19 190.894000 1 1
1978 09 20 175.059000 1 1
1978 09 21 161.647000 1 1
1978 09 22 154.173000 1 1
1978 09 23 152.326000 1 1
1978 09 24 152.326000 1 1
1978 09 25 178.967000 1 1
1978 09 26 243.772000 1 1
1978 09 27 306.420000 1 1
1978 09 28 321.095000 1 1
1978 09 29 294.397000 1 1
1978 09 30 254.948000 1 1
1978 10 01 215.644000 1 1
1978 10 02 188.885000 1 1
1978 10 03 173.117000 1 1
1978 10 04 165.436000 1 1
1978 10 05 167.344000 1 1
1978 10 06 180.934000 1 1
1978 10 07 211.437000 1 1
1978 10 08 296.787000 1 1
1978 10 09 385.095000 1 1
1978 10 10 431.179000 1 1
1978 10 11 436.734000 1 1
1978 10 12 406.527000 1 1
1978 10 13 338.554000 1 1
1978 10 14 268.617000 1 1
1978 10 15 217.759000 1 1
1978 10 16 184.893000 1 1
1978 10 17 163.537000 1 1
1978 10 18 146.838000 1 1
1978 10 19 139.644000 1 1
1978 10 20 141.429000 1 1
1978 10 21 137.868000 1 1
1978 10 22 125.685000 1 1
1978 10 23 120.600000 1 1
1978 10 24 120.600000 1 1
1978 10 25 120.600000 1 1
1978 10 26 125.685000 1 1
1978 10 27 123.981000 1 1
1978 10 28 110.679000 1 1
1978 10 29 97.977000 1 1
1978 10 30 88.853000 1 1
1978 10 31 82.966000 1 1
1978 11 01 78.655000 1 1
1978 11 02 78.655000 1 1
1978 11 03 87.366000 1 1
1978 11 04 104.252000 1 1
1978 11 05 118.924000 1 1
1978 11 06 120.600000 1 1
1978 11 07 107.447000 1 1
1978 11 08 93.371000 1 1
1978 11 09 88.853000 1 1
1978 11 10 90.349000 1 1
1978 11 11 97.977000 1 1
1978 11 12 113.949000 1 1
1978 11 13 120.600000 1 1
1978 11 14 117.256000 1 1
1978 11 15 132.593000 1 1
1978 11 16 175.059000 1 1
1978 11 17 237.161000 1 1
1978 11 18 308.847000 1 1
1978 11 19 343.609000 1 1
1978 11 20 326.046000 1 1
1978 11 21 280.220000 1 1
1978 11 22 226.302000 1 1
1978 11 23 188.885000 1 1
1978 11 24 157.893000 1 1
1978 11 25 130.852000 1 1
1978 11 26 109.058000 1 1
1978 11 27 90.349000 1 1
1978 11 28 77.238000 1 1
1978 11 29 66.271000 1 1
1978 11 30 58.485000 1 1
1978 12 01 54.736000 1 1
1978 12 02 54.736000 1 1
1978 12 03 62.330000 1 1
1978 12 04 75.831000 1 1
1978 12 05 90.349000 1 1
1978 12 06 97.977000 1 1
1978 12 07 101.095000 1 1
1978 12 08 107.447000 1 1
1978 12 09 130.852000 1 1
1978 12 10 150.488000 1 1
1978 12 11 152.326000 1 1
1978 12 12 165.436000 1 1
1978 12 13 217.759000 1 1
1978 12 14 264.030000 1 1
1978 12 15 275.556000 1 1
1978 12 16 252.697000 1 1
1978 12 17 209.346000 1 1
1978 12 18 163.537000 1 1
1978 12 19 154.173000 1 1
1978 12 20 219.883000 1 1
1978 12 21 321.095000 1 1
1978 12 22 358.948000 1 1
1978 12 23 353.806000 1 1
1978 12 24 338.554000 1 1
1978 12 25 338.554000 1 1
1978 12 26 336.038000 1 1
1978 12 27 313.724000 1 1
1978 12 28 284.915000 1 1
1978 12 29 287.275000 1 1
1978 12 30 338.554000 1 1
1978 12 31 456.397000 1 1
1979 01 01 517.398000 1 1
1979 01 02 526.356000 1 1
1979 01 03 487.976000 1 1
1979 01 04 447.928000 1 1
1979 01 05 433.953000 1 1
1979 01 06 428.412000 1 1
1979 01 07 442.317000 1 1
1979 01 08 447.928000 1 1
1979 01 09 453.567000 1 1
1979 01 10 428.412000 1 1
1979 01 11 382.448000 1 1
1979 01 12 333.529000 1 1
1979 01 13 287.275000 1 1
1979 01 14 245.992000 1 1
1979 01 15 219.883000 1 1
1979 01 16 201.063000 1 1
1979 01 17 184.893000 1 1
1979 01 18 167.344000 1 1
1979 01 19 150.488000 1 1
1979 01 20 139.644000 1 1
1979 01 21 132.593000 1 1
1979 01 22 123.981000 1 1
1979 01 23 120.600000 1 1
1979 01 24 127.399000 1 1
1979 01 25 141.429000 1 1
1979 01 26 165.436000 1 1
1979 01 27 205.188000 1 1
1979 01 28 374.550000 1 1
1979 01 29 657.991000 1 1
1979 01 30 741.717000 1 1
1979 01 31 779.792000 1 1
1979 02 01 765.860000 1 1
1979 02 02 752.026000 1 1
1979 02 03 728.057000 1 1
1979 02 04 694.346000 1 1
1979 02 05 628.819000 1 1
1979 02 06 529.356000 1 1
1979 02 07 442.317000 1 1
1979 02 08 366.717000 1 1
1979 02 09 304.000000 1 1
1979 02 10 261.747000 1 1
1979 02 11 241.561000 1 1
1979 02 12 254.948000 1 1
1979 02 13 287.275000 1 1
1979 02 14 306.420000 1 1
1979 02 15 287.275000 1 1
1979 02 16 254.948000 1 1
1979 02 17 237.161000 1 1
1979 02 18 234.973000 1 1
1979 02 19 232.794000 1 1
1979 02 20 215.644000 1 1
1979 02 21 201.063000 1 1
1979 02 22 190.894000 1 1
1979 02 23 180.934000 1 1
1979 02 24 173.117000 1 1
1979 02 25 157.893000 1 1
1979 02 26 146.838000 1 1
1979 02 27 169.260000 1 1
1979 02 28 379.808000 1 1
1979 03 01 409.238000 1 1
1979 03 02 377.175000 1 1
1979 03 03 318.630000 1 1
1979 03 04 259.473000 1 1
1979 03 05 219.883000 1 1
1979 03 06 219.883000 1 1
1979 03 07 241.561000 1 1
1979 03 08 318.630000 1 1
1979 03 09 379.808000 1 1
1979 03 10 520.378000 1 1
1979 03 11 691.009000 1 1
1979 03 12 793.821000 1 1
1979 03 13 858.163000 1 1
1979 03 14 861.795000 1 1
1979 03 15 898.445000 1 1
1979 03 16 898.445000 1 1
1979 03 17 894.753000 1 1
1979 03 18 872.727000 1 1
1979 03 19 858.163000 1 1
1979 03 20 840.094000 1 1
1979 03 21 818.610000 1 1
1979 03 22 818.610000 1 1
1979 03 23 822.175000 1 1
1979 03 24 818.610000 1 1
1979 03 25 880.045000 1 1
1979 03 26 894.753000 1 1
1979 03 27 939.448000 1 1
1979 03 28 977.343000 1 1
1979 03 29 973.527000 1 1
1979 03 30 969.717000 1 1
1979 03 31 977.343000 1 1
1979 04 01 1000.361000 1 1
1979 04 02 1004.218000 1 1
1979 04 03 992.665000 1 1
1979 04 04 962.114000 1 1
1979 04 05 946.980000 1 1
1979 04 06 909.556000 1 1
1979 04 07 858.163000 1 1
1979 04 08 807.950000 1 1
1979 04 09 807.950000 1 1
1979 04 10 836.498000 1 1
1979 04 11 905.847000 1 1
1979 04 12 950.754000 1 1
1979 04 13 965.912000 1 1
1979 04 14 977.343000 1 1
1979 04 15 969.717000 1 1
1979 04 16 1011.948000 1 1
1979 04 17 1074.629000 1 1
1979 04 18 1150.967000 1 1
1979 04 19 1142.835000 1 1
1979 04 20 1146.898000 1 1
1979 04 21 1159.122000 1 1
1979 04 22 1163.208000 1 1
1979 04 23 1171.396000 1 1
1979 04 24 1196.097000 1 1
1979 04 25 1220.999000 1 1
1979 04 26 1233.525000 1 1
1979 04 27 1267.173000 1 1
1979 04 28 1284.130000 1 1
1979 04 29 1331.216000 1 1
1979 04 30 1383.338000 1 1
1979 05 01 1405.286000 1 1
1979 05 02 1414.104000 1 1
1979 05 03 1422.943000 1 1
1979 05 04 1418.521000 1 1
1979 05 05 1409.692000 1 1
1979 05 06 1392.101000 1 1
1979 05 07 1361.525000 1 1
1979 05 08 1344.173000 1 1
1979 05 09 1309.731000 1 1
1979 05 10 1262.948000 1 1
1979 05 11 1208.522000 1 1
1979 05 12 1155.042000 1 1
1979 05 13 1118.575000 1 1
1979 05 14 1094.519000 1 1
1979 05 15 1078.596000 1 1
1979 05 16 1078.596000 1 1
1979 05 17 1074.629000 1 1
1979 05 18 1078.596000 1 1
1979 05 19 1086.546000 1 1
1979 05 20 1122.604000 1 1
1979 05 21 1159.122000 1 1
1979 05 22 1155.042000 1 1
1979 05 23 1142.835000 1 1
1979 05 24 1126.639000 1 1
1979 05 25 1126.639000 1 1
1979 05 26 1122.604000 1 1
1979 05 27 1110.533000 1 1
1979 05 28 1094.519000 1 1
1979 05 29 1086.546000 1 1
1979 05 30 1086.546000 1 1
1979 05 31 1070.668000 1 1
1979 06 01 1054.883000 1 1
1979 06 02 1027.480000 1 1
1979 06 03 1000.361000 1 1
1979 06 04 973.527000 1 1
1979 06 05 954.535000 1 1
1979 06 06 939.448000 1 1
1979 06 07 1011.948000 1 1
1979 06 08 1070.668000 1 1
1979 06 09 1090.529000 1 1
1979 06 10 1090.529000 1 1
1979 06 11 1086.546000 1 1
1979 06 12 1090.529000 1 1
1979 06 13 1086.546000 1 1
1979 06 14 1082.568000 1 1
1979 06 15 1054.883000 1 1
1979 06 16 1015.823000 1 1
1979 06 17 973.527000 1 1
1979 06 18 935.691000 1 1
1979 06 19 905.847000 1 1
1979 06 20 880.045000 1 1
1979 06 21 858.163000 1 1
1979 06 22 832.908000 1 1
1979 06 23 807.950000 1 1
1979 06 24 769.333000 1 1
1979 06 25 728.057000 1 1
1979 06 26 671.122000 1 1
1979 06 27 619.211000 1 1
1979 06 28 572.044000 1 1
1979 06 29 535.374000 1 1
1979 06 30 517.398000 1 1
1979 07 01 526.356000 1 1
1979 07 02 541.420000 1 1
1979 07 03 544.453000 1 1
1979 07 04 532.362000 1 1
1979 07 05 514.426000 1 1
1979 07 06 485.071000 1 1
1979 07 07 445.119000 1 1
1979 07 08 417.413000 1 1
1979 07 09 398.436000 1 1
1979 07 10 379.808000 1 1
1979 07 11 361.531000 1 1
1979 07 12 351.246000 1 1
1979 07 13 371.931000 1 1
1979 07 14 439.522000 1 1
1979 07 15 490.888000 1 1
1979 07 16 517.398000 1 1
1979 07 17 547.492000 1 1
1979 07 18 547.492000 1 1
1979 07 19 514.426000 1 1
1979 07 20 473.519000 1 1
1979 07 21 431.179000 1 1
1979 07 22 406.527000 1 1
1979 07 23 382.448000 1 1
1979 07 24 366.717000 1 1
1979 07 25 379.808000 1 1
1979 07 26 390.410000 1 1
1979 07 27 374.550000 1 1
1979 07 28 346.147000 1 1
1979 07 29 318.630000 1 1
1979 07 30 304.000000 1 1
1979 07 31 316.173000 1 1
1979 08 01 333.529000 1 1
1979 08 02 336.038000 1 1
1979 08 03 326.046000 1 1
1979 08 04 313.724000 1 1
1979 08 05 296.787000 1 1
1979 08 06 277.884000 1 1
1979 08 07 257.207000 1 1
1979 08 08 245.992000 1 1
1979 08 09 239.357000 1 1
1979 08 10 232.794000 1 1
1979 08 11 232.794000 1 1
1979 08 12 234.973000 1 1
1979 08 13 254.948000 1 1
1979 08 14 264.030000 1 1
1979 08 15 257.207000 1 1
1979 08 16 241.561000 1 1
1979 08 17 228.458000 1 1
1979 08 18 211.437000 1 1
1979 08 19 196.970000 1 1
1979 08 20 182.909000 1 1
1979 08 21 194.937000 1 1
1979 08 22 237.161000 1 1
1979 08 23 277.884000 1 1
1979 08 24 287.275000 1 1
1979 08 25 284.915000 1 1
1979 08 26 292.015000 1 1
1979 08 27 311.282000 1 1
1979 08 28 328.533000 1 1
1979 08 29 361.531000 1 1
1979 08 30 374.550000 1 1
1979 08 31 356.374000 1 1
1979 09 01 316.173000 1 1
1979 09 02 294.397000 1 1
1979 09 03 287.275000 1 1
1979 09 04 277.884000 1 1
1979 09 05 257.207000 1 1
1979 09 06 232.794000 1 1
1979 09 07 215.644000 1 1
1979 09 08 217.759000 1 1
1979 09 09 245.992000 1 1
1979 09 10 294.397000 1 1
1979 09 11 311.282000 1 1
1979 09 12 284.915000 1 1
1979 09 13 250.454000 1 1
1979 09 14 222.014000 1 1
1979 09 15 203.121000 1 1
1979 09 16 190.894000 1 1
1979 09 17 186.885000 1 1
1979 09 18 175.059000 1 1
1979 09 19 161.647000 1 1
1979 09 20 148.659000 1 1
1979 09 21 141.429000 1 1
1979 09 22 152.326000 1 1
1979 09 23 199.012000 1 1
1979 09 24 239.357000 1 1
1979 09 25 239.357000 1 1
1979 09 26 215.644000 1 1
1979 09 27 186.885000 1 1
1979 09 28 163.537000 1 1
1979 09 29 145.026000 1 1
1979 09 30 129.121000 1 1
1979 10 01 115.598000 1 1
1979 10 02 105.845000 1 1
1979 10 03 101.095000 1 1
1979 10 04 102.669000 1 1
1979 10 05 109.058000 1 1
1979 10 06 105.845000 1 1
1979 10 07 137.868000 1 1
1979 10 08 150.488000 1 1
1979 10 09 152.326000 1 1
1979 10 10 145.026000 1 1
1979 10 11 139.644000 1 1
1979 10 12 132.593000 1 1
1979 10 13 127.399000 1 1
1979 10 14 118.924000 1 1
1979 10 15 115.598000 1 1
1979 10 16 105.845000 1 1
1979 10 17 99.531000 1 1
1979 10 18 104.252000 1 1
1979 10 19 123.981000 1 1
1979 10 20 143.223000 1 1
1979 10 21 205.188000 1 1
1979 10 22 331.027000 1 1
1979 10 23 431.179000 1 1
1979 10 24 505.548000 1 1
1979 10 25 502.603000 1 1
1979 10 26 450.744000 1 1
1979 10 27 377.175000 1 1
1979 10 28 326.046000 1 1
1979 10 29 292.015000 1 1
1979 10 30 268.617000 1 1
1979 10 31 248.219000 1 1
1979 11 01 228.458000 1 1
1979 11 02 207.263000 1 1
1979 11 03 184.893000 1 1
1979 11 04 165.436000 1 1
1979 11 05 145.026000 1 1
1979 11 06 129.121000 1 1
1979 11 07 110.679000 1 1
1979 11 08 96.432000 1 1
1979 11 09 85.889000 1 1
1979 11 10 78.655000 1 1
1979 11 11 73.049000 1 1
1979 11 12 71.673000 1 1
1979 11 13 75.831000 1 1
1979 11 14 84.423000 1 1
1979 11 15 96.432000 1 1
1979 11 16 125.685000 1 1
1979 11 17 143.223000 1 1
1979 11 18 161.647000 1 1
1979 11 19 199.012000 1 1
1979 11 20 222.014000 1 1
1979 11 21 228.458000 1 1
1979 11 22 266.319000 1 1
1979 11 23 333.529000 1 1
1979 11 24 371.931000 1 1
1979 11 25 341.078000 1 1
1979 11 26 289.641000 1 1
1979 11 27 243.772000 1 1
1979 11 28 205.188000 1 1
1979 11 29 173.117000 1 1
1979 11 30 146.838000 1 1
1979 12 01 125.685000 1 1
1979 12 02 109.058000 1 1
1979 12 03 99.531000 1 1
1979 12 04 90.349000 1 1
1979 12 05 81.519000 1 1
1979 12 06 75.831000 1 1
1979 12 07 67.606000 1 1
1979 12 08 64.947000 1 1
1979 12 09 64.947000 1 1
1979 12 10 70.307000 1 1
1979 12 11 70.307000 1 1
1979 12 12 77.238000 1 1
1979 12 13 85.889000 1 1
1979 12 14 109.058000 1 1
1979 12 15 130.852000 1 1
1979 12 16 146.838000 1 1
1979 12 17 139.644000 1 1
1979 12 18 125.685000 1 1
1979 12 19 117.256000 1 1
1979 12 20 112.310000 1 1
1979 12 21 129.121000 1 1
1979 12 22 143.223000 1 1
1979 12 23 132.593000 1 1
1979 12 24 120.600000 1 1
1979 12 25 117.256000 1 1
1979 12 26 109.058000 1 1
1979 12 27 113.949000 1 1
1979 12 28 127.399000 1 1
1979 12 29 145.026000 1 1
1979 12 30 163.537000 1 1
1979 12 31 192.911000 1 1
1980 01 01 230.622000 1 1
1980 01 02 284.915000 1 1
1980 01 03 323.567000 1 1
1980 01 04 358.948000 1 1
1980 01 05 379.808000 1 1
1980 01 06 364.120000 1 1
1980 01 07 318.630000 1 1
1980 01 08 273.235000 1 1
1980 01 09 234.973000 1 1
1980 01 10 234.973000 1 1
1980 01 11 261.747000 1 1
1980 01 12 289.641000 1 1
1980 01 13 277.884000 1 1
1980 01 14 228.458000 1 1
1980 01 15 177.008000 1 1
1980 01 16 141.429000 1 1
1980 01 17 118.924000 1 1
1980 01 18 107.447000 1 1
1980 01 19 122.286000 1 1
1980 01 20 171.184000 1 1
1980 01 21 268.617000 1 1
1980 01 22 382.448000 1 1
1980 01 23 414.681000 1 1
1980 01 24 406.527000 1 1
1980 01 25 398.436000 1 1
1980 01 26 379.808000 1 1
1980 01 27 348.693000 1 1
1980 01 28 323.567000 1 1
1980 01 29 248.219000 1 1
1980 01 30 213.536000 1 1
1980 01 31 186.885000 1 1
1980 02 01 171.184000 1 1
1980 02 02 161.647000 1 1
1980 02 03 157.893000 1 1
1980 02 04 180.934000 1 1
1980 02 05 226.302000 1 1
1980 02 06 264.030000 1 1
1980 02 07 252.697000 1 1
1980 02 08 209.346000 1 1
1980 02 09 163.537000 1 1
1980 02 10 129.121000 1 1
1980 02 11 109.058000 1 1
1980 02 12 93.371000 1 1
1980 02 13 85.889000 1 1
1980 02 14 88.853000 1 1
1980 02 15 104.252000 1 1
1980 02 16 110.679000 1 1
1980 02 17 101.095000 1 1
1980 02 18 85.889000 1 1
1980 02 19 74.435000 1 1
1980 02 20 63.633000 1 1
1980 02 21 54.736000 1 1
1980 02 22 46.372000 1 1
1980 02 23 38.562000 1 1
1980 02 24 32.325000 1 1
1980 02 25 30.343000 1 1
1980 02 26 26.528000 1 1
1980 02 27 22.917000 1 1
1980 02 28 19.517000 1 1
1980 02 29 17.898000 1 1
1980 03 01 15.573000 1 1
1980 03 02 13.378000 1 1
1980 03 03 11.988000 1 1
1980 03 04 10.658000 1 1
1980 03 05 16.334000 1 1
1980 03 06 35.389000 1 1
1980 03 07 127.399000 1 1
1980 03 08 178.967000 1 1
1980 03 09 165.436000 1 1
1980 03 10 129.121000 1 1
1980 03 11 101.095000 1 1
1980 03 12 93.371000 1 1
1980 03 13 96.432000 1 1
1980 03 14 96.432000 1 1
1980 03 15 102.669000 1 1
1980 03 16 113.949000 1 1
1980 03 17 115.598000 1 1
1980 03 18 115.598000 1 1
1980 03 19 129.121000 1 1
1980 03 20 165.436000 1 1
1980 03 21 209.346000 1 1
1980 03 22 264.030000 1 1
1980 03 23 289.641000 1 1
1980 03 24 287.275000 1 1
1980 03 25 266.319000 1 1
1980 03 26 248.219000 1 1
1980 03 27 264.030000 1 1
1980 03 28 308.847000 1 1
1980 03 29 331.027000 1 1
1980 03 30 358.948000 1 1
1980 03 31 453.567000 1 1
1980 04 01 593.873000 1 1
1980 04 02 701.038000 1 1
1980 04 03 731.463000 1 1
1980 04 04 776.299000 1 1
1980 04 05 755.476000 1 1
1980 04 06 691.009000 1 1
1980 04 07 625.610000 1 1
1980 04 08 568.952000 1 1
1980 04 09 572.044000 1 1
1980 04 10 575.143000 1 1
1980 04 11 541.420000 1 1
1980 04 12 505.548000 1 1
1980 04 13 568.952000 1 1
1980 04 14 661.264000 1 1
1980 04 15 738.292000 1 1
1980 04 16 790.305000 1 1
1980 04 17 825.747000 1 1
1980 04 18 793.821000 1 1
1980 04 19 741.717000 1 1
1980 04 20 677.726000 1 1
1980 04 21 625.610000 1 1
1980 04 22 584.479000 1 1
1980 04 23 568.952000 1 1
1980 04 24 597.018000 1 1
1980 04 25 717.878000 1 1
1980 04 26 800.873000 1 1
1980 04 27 854.537000 1 1
1980 04 28 894.753000 1 1
1980 04 29 902.143000 1 1
1980 04 30 891.067000 1 1
1980 05 01 876.383000 1 1
1980 05 02 847.303000 1 1
1980 05 03 815.050000 1 1
1980 05 04 762.392000 1 1
1980 05 05 714.497000 1 1
1980 05 06 694.346000 1 1
1980 05 07 687.679000 1 1
1980 05 08 674.421000 1 1
1980 05 09 657.991000 1 1
1980 05 10 638.485000 1 1
1980 05 11 600.169000 1 1
1980 05 12 547.492000 1 1
1980 05 13 496.732000 1 1
1980 05 14 482.172000 1 1
1980 05 15 473.519000 1 1
1980 05 16 476.397000 1 1
1980 05 17 482.172000 1 1
1980 05 18 482.172000 1 1
1980 05 19 485.071000 1 1
1980 05 20 467.784000 1 1
1980 05 21 447.928000 1 1
1980 05 22 425.652000 1 1
1980 05 23 398.436000 1 1
1980 05 24 401.126000 1 1
1980 05 25 541.420000 1 1
1980 05 26 641.720000 1 1
1980 05 27 701.038000 1 1
1980 05 28 721.265000 1 1
1980 05 29 714.497000 1 1
1980 05 30 691.009000 1 1
1980 05 31 677.726000 1 1
1980 06 01 667.830000 1 1
1980 06 02 677.726000 1 1
1980 06 03 677.726000 1 1
1980 06 04 667.830000 1 1
1980 06 05 661.264000 1 1
1980 06 06 664.544000 1 1
1980 06 07 654.724000 1 1
1980 06 08 622.407000 1 1
1980 06 09 572.044000 1 1
1980 06 10 526.356000 1 1
1980 06 11 493.806000 1 1
1980 06 12 473.519000 1 1
1980 06 13 459.233000 1 1
1980 06 14 450.744000 1 1
1980 06 15 433.953000 1 1
1980 06 16 401.126000 1 1
1980 06 17 353.806000 1 1
1980 06 18 326.046000 1 1
1980 06 19 311.282000 1 1
1980 06 20 323.567000 1 1
1980 06 21 353.806000 1 1
1980 06 22 382.448000 1 1
1980 06 23 422.898000 1 1
1980 06 24 479.281000 1 1
1980 06 25 505.548000 1 1
1980 06 26 502.603000 1 1
1980 06 27 473.519000 1 1
1980 06 28 433.953000 1 1
1980 06 29 395.754000 1 1
1980 06 30 361.531000 1 1
1980 07 01 348.693000 1 1
1980 07 02 374.550000 1 1
1980 07 03 433.953000 1 1
1980 07 04 499.664000 1 1
1980 07 05 578.248000 1 1
1980 07 06 635.257000 1 1
1980 07 07 667.830000 1 1
1980 07 08 671.122000 1 1
1980 07 09 641.720000 1 1
1980 07 10 581.360000 1 1
1980 07 11 538.394000 1 1
1980 07 12 529.356000 1 1
1980 07 13 529.356000 1 1
1980 07 14 550.538000 1 1
1980 07 15 581.360000 1 1
1980 07 16 606.490000 1 1
1980 07 17 612.837000 1 1
1980 07 18 597.018000 1 1
1980 07 19 556.650000 1 1
1980 07 20 511.460000 1 1
1980 07 21 464.927000 1 1
1980 07 22 417.413000 1 1
1980 07 23 379.808000 1 1
1980 07 24 364.120000 1 1
1980 07 25 374.550000 1 1
1980 07 26 387.749000 1 1
1980 07 27 406.527000 1 1
1980 07 28 398.436000 1 1
1980 07 29 369.320000 1 1
1980 07 30 328.533000 1 1
1980 07 31 296.787000 1 1
1980 08 01 277.884000 1 1
1980 08 02 264.030000 1 1
1980 08 03 254.948000 1 1
1980 08 04 261.747000 1 1
1980 08 05 289.641000 1 1
1980 08 06 316.173000 1 1
1980 08 07 311.282000 1 1
1980 08 08 292.015000 1 1
1980 08 09 273.235000 1 1
1980 08 10 273.235000 1 1
1980 08 11 292.015000 1 1
1980 08 12 318.630000 1 1
1980 08 13 371.931000 1 1
1980 08 14 414.681000 1 1
1980 08 15 409.238000 1 1
1980 08 16 374.550000 1 1
1980 08 17 336.038000 1 1
1980 08 18 304.000000 1 1
1980 08 19 277.884000 1 1
1980 08 20 250.454000 1 1
1980 08 21 226.302000 1 1
1980 08 22 215.644000 1 1
1980 08 23 209.346000 1 1
1980 08 24 199.012000 1 1
1980 08 25 190.894000 1 1
1980 08 26 186.885000 1 1
1980 08 27 192.911000 1 1
1980 08 28 192.911000 1 1
1980 08 29 194.937000 1 1
1980 08 30 207.263000 1 1
1980 08 31 232.794000 1 1
1980 09 01 296.787000 1 1
1980 09 02 356.374000 1 1
1980 09 03 369.320000 1 1
1980 09 04 341.078000 1 1
1980 09 05 294.397000 1 1
1980 09 06 250.454000 1 1
1980 09 07 230.622000 1 1
1980 09 08 224.154000 1 1
1980 09 09 239.357000 1 1
1980 09 10 243.772000 1 1
1980 09 11 237.161000 1 1
1980 09 12 215.644000 1 1
1980 09 13 192.911000 1 1
1980 09 14 177.008000 1 1
1980 09 15 177.008000 1 1
1980 09 16 184.893000 1 1
1980 09 17 184.893000 1 1
1980 09 18 173.117000 1 1
1980 09 19 165.436000 1 1
1980 09 20 163.537000 1 1
1980 09 21 165.436000 1 1
1980 09 22 180.934000 1 1
1980 09 23 194.937000 1 1
1980 09 24 188.885000 1 1
1980 09 25 178.967000 1 1
1980 09 26 180.934000 1 1
1980 09 27 224.154000 1 1
1980 09 28 273.235000 1 1
1980 09 29 284.915000 1 1
1980 09 30 264.030000 1 1
1980 10 01 241.561000 1 1
1980 10 02 209.346000 1 1
1980 10 03 177.008000 1 1
1980 10 04 165.436000 1 1
1980 10 05 215.644000 1 1
1980 10 06 268.617000 1 1
1980 10 07 259.473000 1 1
1980 10 08 222.014000 1 1
1980 10 09 196.970000 1 1
1980 10 10 188.885000 1 1
1980 10 11 192.911000 1 1
1980 10 12 217.759000 1 1
1980 10 13 266.319000 1 1
1980 10 14 299.184000 1 1
1980 10 15 284.915000 1 1
1980 10 16 275.556000 1 1
1980 10 17 326.046000 1 1
1980 10 18 403.823000 1 1
1980 10 19 431.179000 1 1
1980 10 20 393.078000 1 1
1980 10 21 311.282000 1 1
1980 10 22 243.772000 1 1
1980 10 23 209.346000 1 1
1980 10 24 180.934000 1 1
1980 10 25 165.436000 1 1
1980 10 26 163.537000 1 1
1980 10 27 173.117000 1 1
1980 10 28 207.263000 1 1
1980 10 29 241.561000 1 1
1980 10 30 237.161000 1 1
1980 10 31 213.536000 1 1
1980 11 01 186.885000 1 1
1980 11 02 171.184000 1 1
1980 11 03 167.344000 1 1
1980 11 04 163.537000 1 1
1980 11 05 148.659000 1 1
1980 11 06 130.852000 1 1
1980 11 07 118.924000 1 1
1980 11 08 123.981000 1 1
1980 11 09 136.101000 1 1
1980 11 10 156.029000 1 1
1980 11 11 161.647000 1 1
1980 11 12 146.838000 1 1
1980 11 13 143.223000 1 1
1980 11 14 186.885000 1 1
1980 11 15 289.641000 1 1
1980 11 16 328.533000 1 1
1980 11 17 401.126000 1 1
1980 11 18 499.664000 1 1
1980 11 19 587.604000 1 1
1980 11 20 648.209000 1 1
1980 11 21 667.830000 1 1
1980 11 22 641.720000 1 1
1980 11 23 578.248000 1 1
1980 11 24 499.664000 1 1
1980 11 25 422.898000 1 1
1980 11 26 379.808000 1 1
1980 11 27 356.374000 1 1
1980 11 28 338.554000 1 1
1980 11 29 313.724000 1 1
1980 11 30 277.884000 1 1
1980 12 01 237.161000 1 1
1980 12 02 201.063000 1 1
1980 12 03 173.117000 1 1
1980 12 04 152.326000 1 1
1980 12 05 141.429000 1 1
1980 12 06 141.429000 1 1
1980 12 07 137.868000 1 1
1980 12 08 136.101000 1 1
1980 12 09 129.121000 1 1
1980 12 10 118.924000 1 1
1980 12 11 105.845000 1 1
1980 12 12 94.896000 1 1
1980 12 13 82.966000 1 1
1980 12 14 74.435000 1 1
1980 12 15 67.606000 1 1
1980 12 16 61.038000 1 1
1980 12 17 58.485000 1 1
1980 12 18 55.974000 1 1
1980 12 19 52.291000 1 1
1980 12 20 51.084000 1 1
1980 12 21 52.291000 1 1
1980 12 22 63.633000 1 1
1980 12 23 78.655000 1 1
1980 12 24 146.838000 1 1
1980 12 25 261.747000 1 1
1980 12 26 311.282000 1 1
1980 12 27 296.787000 1 1
1980 12 28 328.533000 1 1
1980 12 29 422.898000 1 1
1980 12 30 476.397000 1 1
1980 12 31 538.394000 1 1
1981 01 01 511.460000 1 1
1981 01 02 479.281000 1 1
1981 01 03 445.119000 1 1
1981 01 04 390.410000 1 1
1981 01 05 318.630000 1 1
1981 01 06 257.207000 1 1
1981 01 07 224.154000 1 1
1981 01 08 215.644000 1 1
1981 01 09 217.759000 1 1
1981 01 10 228.458000 1 1
1981 01 11 243.772000 1 1
1981 01 12 301.588000 1 1
1981 01 13 341.078000 1 1
1981 01 14 338.554000 1 1
1981 01 15 336.038000 1 1
1981 01 16 326.046000 1 1
1981 01 17 313.724000 1 1
1981 01 18 318.630000 1 1
1981 01 19 331.027000 1 1
1981 01 20 318.630000 1 1
1981 01 21 296.787000 1 1
1981 01 22 273.235000 1 1
1981 01 23 257.207000 1 1
1981 01 24 241.561000 1 1
1981 01 25 224.154000 1 1
1981 01 26 205.188000 1 1
1981 01 27 180.934000 1 1
1981 01 28 163.537000 1 1
1981 01 29 161.647000 1 1
1981 01 30 207.263000 1 1
1981 01 31 316.173000 1 1
1981 02 01 374.550000 1 1
1981 02 02 442.317000 1 1
1981 02 03 493.806000 1 1
1981 02 04 523.364000 1 1
1981 02 05 496.732000 1 1
1981 02 06 470.648000 1 1
1981 02 07 433.953000 1 1
1981 02 08 409.238000 1 1
1981 02 09 403.823000 1 1
1981 02 10 401.126000 1 1
1981 02 11 459.233000 1 1
1981 02 12 612.837000 1 1
1981 02 13 731.463000 1 1
1981 02 14 843.695000 1 1
1981 02 15 902.143000 1 1
1981 02 16 920.721000 1 1
1981 02 17 924.455000 1 1
1981 02 18 913.272000 1 1
1981 02 19 619.211000 1 1
1981 02 20 496.732000 1 1
1981 02 21 436.734000 1 1
1981 02 22 411.956000 1 1
1981 02 23 420.152000 1 1
1981 02 24 487.976000 1 1
1981 02 25 553.590000 1 1
1981 02 26 606.490000 1 1
1981 02 27 641.720000 1 1
1981 02 28 664.544000 1 1
1981 03 01 681.037000 1 1
1981 03 02 671.122000 1 1
1981 03 03 648.209000 1 1
1981 03 04 641.720000 1 1
1981 03 05 654.724000 1 1
1981 03 06 701.038000 1 1
1981 03 07 745.147000 1 1
1981 03 08 825.747000 1 1
1981 03 09 865.433000 1 1
1981 03 10 865.433000 1 1
1981 03 11 836.498000 1 1
1981 03 12 779.792000 1 1
1981 03 13 701.038000 1 1
1981 03 14 612.837000 1 1
1981 03 15 529.356000 1 1
1981 03 16 450.744000 1 1
1981 03 17 393.078000 1 1
1981 03 18 351.246000 1 1
1981 03 19 313.724000 1 1
1981 03 20 287.275000 1 1
1981 03 21 282.564000 1 1
1981 03 22 287.275000 1 1
1981 03 23 308.847000 1 1
1981 03 24 333.529000 1 1
1981 03 25 338.554000 1 1
1981 03 26 351.246000 1 1
1981 03 27 385.095000 1 1
1981 03 28 442.317000 1 1
1981 03 29 508.501000 1 1
1981 03 30 538.394000 1 1
1981 03 31 559.715000 1 1
1981 04 01 622.407000 1 1
1981 04 02 741.717000 1 1
1981 04 03 832.908000 1 1
1981 04 04 894.753000 1 1
1981 04 05 924.455000 1 1
1981 04 06 924.455000 1 1
1981 04 07 920.721000 1 1
1981 04 08 909.556000 1 1
1981 04 09 891.067000 1 1
1981 04 10 872.727000 1 1
1981 04 11 887.387000 1 1
1981 04 12 902.143000 1 1
1981 04 13 902.143000 1 1
1981 04 14 887.387000 1 1
1981 04 15 869.077000 1 1
1981 04 16 865.433000 1 1
1981 04 17 869.077000 1 1
1981 04 18 869.077000 1 1
1981 04 19 865.433000 1 1
1981 04 20 865.433000 1 1
1981 04 21 865.433000 1 1
1981 04 22 850.917000 1 1
1981 04 23 829.324000 1 1
1981 04 24 797.344000 1 1
1981 04 25 758.931000 1 1
1981 04 26 717.878000 1 1
1981 04 27 664.544000 1 1
1981 04 28 603.326000 1 1
1981 04 29 541.420000 1 1
1981 04 30 490.888000 1 1
1981 05 01 459.233000 1 1
1981 05 02 450.744000 1 1
1981 05 03 464.927000 1 1
1981 05 04 502.603000 1 1
1981 05 05 590.735000 1 1
1981 05 06 687.679000 1 1
1981 05 07 741.717000 1 1
1981 05 08 748.584000 1 1
1981 05 09 731.463000 1 1
1981 05 10 704.393000 1 1
1981 05 11 707.755000 1 1
1981 05 12 717.878000 1 1
1981 05 13 704.393000 1 1
1981 05 14 674.421000 1 1
1981 05 15 641.720000 1 1
1981 05 16 603.326000 1 1
1981 05 17 575.143000 1 1
1981 05 18 553.590000 1 1
1981 05 19 593.873000 1 1
1981 05 20 667.830000 1 1
1981 05 21 724.658000 1 1
1981 05 22 745.147000 1 1
1981 05 23 738.292000 1 1
1981 05 24 707.755000 1 1
1981 05 25 664.544000 1 1
1981 05 26 651.463000 1 1
1981 05 27 648.209000 1 1
1981 05 28 635.257000 1 1
1981 05 29 644.962000 1 1
1981 05 30 667.830000 1 1
1981 05 31 711.123000 1 1
1981 06 01 714.497000 1 1
1981 06 02 704.393000 1 1
1981 06 03 691.009000 1 1
1981 06 04 674.421000 1 1
1981 06 05 657.991000 1 1
1981 06 06 644.962000 1 1
1981 06 07 619.211000 1 1
1981 06 08 575.143000 1 1
1981 06 09 526.356000 1 1
1981 06 10 485.071000 1 1
1981 06 11 453.567000 1 1
1981 06 12 428.412000 1 1
1981 06 13 420.152000 1 1
1981 06 14 422.898000 1 1
1981 06 15 428.412000 1 1
1981 06 16 431.179000 1 1
1981 06 17 428.412000 1 1
1981 06 18 445.119000 1 1
1981 06 19 464.927000 1 1
1981 06 20 490.888000 1 1
1981 06 21 502.603000 1 1
1981 06 22 520.378000 1 1
1981 06 23 541.420000 1 1
1981 06 24 544.453000 1 1
1981 06 25 514.426000 1 1
1981 06 26 459.233000 1 1
1981 06 27 414.681000 1 1
1981 06 28 385.095000 1 1
1981 06 29 374.550000 1 1
1981 06 30 366.717000 1 1
1981 07 01 356.374000 1 1
1981 07 02 358.948000 1 1
1981 07 03 420.152000 1 1
1981 07 04 476.397000 1 1
1981 07 05 517.398000 1 1
1981 07 06 529.356000 1 1
1981 07 07 523.364000 1 1
1981 07 08 508.501000 1 1
1981 07 09 496.732000 1 1
1981 07 10 476.397000 1 1
1981 07 11 420.152000 1 1
1981 07 12 393.078000 1 1
1981 07 13 351.246000 1 1
1981 07 14 326.046000 1 1
1981 07 15 311.282000 1 1
1981 07 16 306.420000 1 1
1981 07 17 304.000000 1 1
1981 07 18 326.046000 1 1
1981 07 19 331.027000 1 1
1981 07 20 341.078000 1 1
1981 07 21 343.609000 1 1
1981 07 22 316.173000 1 1
1981 07 23 306.420000 1 1
1981 07 24 296.787000 1 1
1981 07 25 289.641000 1 1
1981 07 26 282.564000 1 1
1981 07 27 284.915000 1 1
1981 07 28 301.588000 1 1
1981 07 29 304.000000 1 1
1981 07 30 299.184000 1 1
1981 07 31 289.641000 1 1
1981 08 01 287.275000 1 1
1981 08 02 292.015000 1 1
1981 08 03 304.000000 1 1
1981 08 04 308.847000 1 1
1981 08 05 304.000000 1 1
1981 08 06 296.787000 1 1
1981 08 07 275.556000 1 1
1981 08 08 254.948000 1 1
1981 08 09 234.973000 1 1
1981 08 10 222.014000 1 1
1981 08 11 211.437000 1 1
1981 08 12 199.012000 1 1
1981 08 13 196.970000 1 1
1981 08 14 219.883000 1 1
1981 08 15 261.747000 1 1
1981 08 16 275.556000 1 1
1981 08 17 268.617000 1 1
1981 08 18 243.772000 1 1
1981 08 19 232.794000 1 1
1981 08 20 224.154000 1 1
1981 08 21 219.883000 1 1
1981 08 22 237.161000 1 1
1981 08 23 294.397000 1 1
1981 08 24 318.630000 1 1
1981 08 25 323.567000 1 1
1981 08 26 321.095000 1 1
1981 08 27 316.173000 1 1
1981 08 28 323.567000 1 1
1981 08 29 326.046000 1 1
1981 08 30 336.038000 1 1
1981 08 31 356.374000 1 1
1981 09 01 393.078000 1 1
1981 09 02 420.152000 1 1
1981 09 03 436.734000 1 1
1981 09 04 428.412000 1 1
1981 09 05 445.119000 1 1
1981 09 06 403.823000 1 1
1981 09 07 406.527000 1 1
1981 09 08 398.436000 1 1
1981 09 09 369.320000 1 1
1981 09 10 336.038000 1 1
1981 09 11 306.420000 1 1
1981 09 12 294.397000 1 1
1981 09 13 289.641000 1 1
1981 09 14 284.915000 1 1
1981 09 15 268.617000 1 1
1981 09 16 252.697000 1 1
1981 09 17 239.357000 1 1
1981 09 18 248.219000 1 1
1981 09 19 259.473000 1 1
1981 09 20 299.184000 1 1
1981 09 21 343.609000 1 1
1981 09 22 326.046000 1 1
1981 09 23 308.847000 1 1
1981 09 24 296.787000 1 1
1981 09 25 304.000000 1 1
1981 09 26 308.847000 1 1
1981 09 27 338.554000 1 1
1981 09 28 343.609000 1 1
1981 09 29 323.567000 1 1
1981 09 30 316.173000 1 1
1981 10 01 287.275000 1 1
1981 10 02 266.319000 1 1
1981 10 03 234.973000 1 1
1981 10 04 250.454000 1 1
1981 10 05 257.207000 1 1
1981 10 06 266.319000 1 1
1981 10 07 287.275000 1 1
1981 10 08 301.588000 1 1
1981 10 09 323.567000 1 1
1981 10 10 343.609000 1 1
1981 10 11 358.948000 1 1
1981 10 12 351.246000 1 1
1981 10 13 331.027000 1 1
1981 10 14 328.533000 1 1
1981 10 15 387.749000 1 1
1981 10 16 364.120000 1 1
1981 10 17 313.724000 1 1
1981 10 18 264.030000 1 1
1981 10 19 241.561000 1 1
1981 10 20 207.263000 1 1
1981 10 21 177.008000 1 1
1981 10 22 163.537000 1 1
1981 10 23 152.326000 1 1
1981 10 24 141.429000 1 1
1981 10 25 132.593000 1 1
1981 10 26 129.121000 1 1
1981 10 27 125.685000 1 1
1981 10 28 122.286000 1 1
1981 10 29 120.600000 1 1
1981 10 30 117.256000 1 1
1981 10 31 123.981000 1 1
1981 11 01 125.685000 1 1
1981 11 02 115.598000 1 1
1981 11 03 109.058000 1 1
1981 11 04 101.095000 1 1
1981 11 05 93.371000 1 1
1981 11 06 91.855000 1 1
1981 11 07 74.435000 1 1
1981 11 08 74.435000 1 1
1981 11 09 75.831000 1 1
1981 11 10 59.756000 1 1
1981 11 11 64.947000 1 1
1981 11 12 64.947000 1 1
1981 11 13 165.436000 1 1
1981 11 14 184.893000 1 1
1981 11 15 175.059000 1 1
1981 11 16 188.885000 1 1
1981 11 17 194.937000 1 1
1981 11 18 173.117000 1 1
1981 11 19 177.008000 1 1
1981 11 20 178.967000 1 1
1981 11 21 177.008000 1 1
1981 11 22 188.885000 1 1
1981 11 23 173.117000 1 1
1981 11 24 152.326000 1 1
1981 11 25 148.659000 1 1
1981 11 26 156.029000 1 1
1981 11 27 163.537000 1 1
1981 11 28 159.766000 1 1
1981 11 29 146.838000 1 1
1981 11 30 129.121000 1 1
1981 12 01 118.924000 1 1
1981 12 02 115.598000 1 1
1981 12 03 113.949000 1 1
1981 12 04 104.252000 1 1
1981 12 05 88.853000 1 1
1981 12 06 78.655000 1 1
1981 12 07 71.673000 1 1
1981 12 08 73.049000 1 1
1981 12 09 84.423000 1 1
1981 12 10 85.889000 1 1
1981 12 11 81.519000 1 1
1981 12 12 73.049000 1 1
1981 12 13 73.049000 1 1
1981 12 14 68.951000 1 1
1981 12 15 64.947000 1 1
1981 12 16 59.756000 1 1
1981 12 17 57.224000 1 1
1981 12 18 55.974000 1 1
1981 12 19 54.736000 1 1
1981 12 20 55.974000 1 1
1981 12 21 58.485000 1 1
1981 12 22 62.330000 1 1
1981 12 23 67.606000 1 1
1981 12 24 70.307000 1 1
1981 12 25 91.855000 1 1
1981 12 26 104.252000 1 1
1981 12 27 102.669000 1 1
1981 12 28 102.669000 1 1
1981 12 29 110.679000 1 1
1981 12 30 177.008000 1 1
1981 12 31 228.458000 1 1
1982 01 01 280.220000 1 1
1982 01 02 294.397000 1 1
1982 01 03 351.246000 1 1
1982 01 04 398.436000 1 1
1982 01 05 417.413000 1 1
1982 01 06 462.076000 1 1
1982 01 07 499.664000 1 1
1982 01 08 657.991000 1 1
1982 01 09 836.498000 1 1
1982 01 10 950.754000 1 1
1982 01 11 969.717000 1 1
1982 01 12 913.272000 1 1
1982 01 13 790.305000 1 1
1982 01 14 664.544000 1 1
1982 01 15 553.590000 1 1
1982 01 16 485.071000 1 1
1982 01 17 411.956000 1 1
1982 01 18 343.609000 1 1
1982 01 19 294.397000 1 1
1982 01 20 266.319000 1 1
1982 01 21 257.207000 1 1
1982 01 22 282.564000 1 1
1982 01 23 321.095000 1 1
1982 01 24 351.246000 1 1
1982 01 25 361.531000 1 1
1982 01 26 361.531000 1 1
1982 01 27 343.609000 1 1
1982 01 28 308.847000 1 1
1982 01 29 257.207000 1 1
1982 01 30 230.622000 1 1
1982 01 31 250.454000 1 1
1982 02 01 264.030000 1 1
1982 02 02 326.046000 1 1
1982 02 03 390.410000 1 1
1982 02 04 433.953000 1 1
1982 02 05 490.888000 1 1
1982 02 06 508.501000 1 1
1982 02 07 556.650000 1 1
1982 02 08 612.837000 1 1
1982 02 09 671.122000 1 1
1982 02 10 731.463000 1 1
1982 02 11 765.860000 1 1
1982 02 12 769.333000 1 1
1982 02 13 731.463000 1 1
1982 02 14 664.544000 1 1
1982 02 15 593.873000 1 1
1982 02 16 612.837000 1 1
1982 02 17 644.962000 1 1
1982 02 18 677.726000 1 1
1982 02 19 721.265000 1 1
1982 02 20 783.290000 1 1
1982 02 21 800.873000 1 1
1982 02 22 829.324000 1 1
1982 02 23 818.610000 1 1
1982 02 24 822.175000 1 1
1982 02 25 843.695000 1 1
1982 02 26 825.747000 1 1
1982 02 27 783.290000 1 1
1982 02 28 728.057000 1 1
1982 03 01 697.689000 1 1
1982 03 02 707.755000 1 1
1982 03 03 707.755000 1 1
1982 03 04 707.755000 1 1
1982 03 05 714.497000 1 1
1982 03 06 738.292000 1 1
1982 03 07 728.057000 1 1
1982 03 08 697.689000 1 1
1982 03 09 667.830000 1 1
1982 03 10 619.211000 1 1
1982 03 11 562.788000 1 1
1982 03 12 493.806000 1 1
1982 03 13 428.412000 1 1
1982 03 14 511.460000 1 1
1982 03 15 547.492000 1 1
1982 03 16 581.360000 1 1
1982 03 17 628.819000 1 1
1982 03 18 638.485000 1 1
1982 03 19 625.610000 1 1
1982 03 20 606.490000 1 1
1982 03 21 584.479000 1 1
1982 03 22 581.360000 1 1
1982 03 23 556.650000 1 1
1982 03 24 565.867000 1 1
1982 03 25 572.044000 1 1
1982 03 26 581.360000 1 1
1982 03 27 578.248000 1 1
1982 03 28 572.044000 1 1
1982 03 29 565.867000 1 1
1982 03 30 559.715000 1 1
1982 03 31 762.392000 1 1
1982 04 01 880.045000 1 1
1982 04 02 1023.589000 1 1
1982 04 03 1070.668000 1 1
1982 04 04 1074.629000 1 1
1982 04 05 1070.668000 1 1
1982 04 06 1074.629000 1 1
1982 04 07 1098.514000 1 1
1982 04 08 1118.575000 1 1
1982 04 09 1142.835000 1 1
1982 04 10 1212.676000 1 1
1982 04 11 1314.017000 1 1
1982 04 12 1581.091000 1 1
1982 04 13 1769.736000 1 1
1982 04 14 1750.498000 1 1
1982 04 15 1721.795000 1 1
1982 04 16 1693.279000 1 1
1982 04 17 1664.950000 1 1
1982 04 18 1650.855000 1 1
1982 04 19 1660.246000 1 1
1982 04 20 1618.152000 1 1
1982 04 21 1548.940000 1 1
1982 04 22 1489.920000 1 1
1982 04 23 1440.685000 1 1
1982 04 24 1392.101000 1 1
1982 04 25 1357.179000 1 1
1982 04 26 1331.216000 1 1
1982 04 27 1309.731000 1 1
1982 04 28 1301.175000 1 1
1982 04 29 1288.383000 1 1
1982 04 30 1267.173000 1 1
1982 05 01 1262.948000 1 1
1982 05 02 1258.728000 1 1
1982 05 03 1275.641000 1 1
1982 05 04 1314.017000 1 1
1982 05 05 1339.849000 1 1
1982 05 06 1405.286000 1 1
1982 05 07 1427.370000 1 1
1982 05 08 1458.514000 1 1
1982 05 09 1476.428000 1 1
1982 05 10 1485.417000 1 1
1982 05 11 1494.428000 1 1
1982 05 12 1498.942000 1 1
1982 05 13 1494.428000 1 1
1982 05 14 1485.417000 1 1
1982 05 15 1462.984000 1 1
1982 05 16 1418.521000 1 1
1982 05 17 1409.692000 1 1
1982 05 18 1370.234000 1 1
1982 05 19 1331.216000 1 1
1982 05 20 1288.383000 1 1
1982 05 21 1246.101000 1 1
1982 05 22 1208.522000 1 1
1982 05 23 1175.499000 1 1
1982 05 24 1150.967000 1 1
1982 05 25 1126.639000 1 1
1982 05 26 1114.551000 1 1
1982 05 27 1130.679000 1 1
1982 05 28 1183.721000 1 1
1982 05 29 1233.525000 1 1
1982 05 30 1237.712000 1 1
1982 05 31 1225.168000 1 1
1982 06 01 1208.522000 1 1
1982 06 02 1191.966000 1 1
1982 06 03 1179.607000 1 1
1982 06 04 1163.208000 1 1
1982 06 05 1134.725000 1 1
1982 06 06 1106.521000 1 1
1982 06 07 1082.568000 1 1
1982 06 08 1047.025000 1 1
1982 06 09 1011.948000 1 1
1982 06 10 973.527000 1 1
1982 06 11 935.691000 1 1
1982 06 12 909.556000 1 1
1982 06 13 876.383000 1 1
1982 06 14 847.303000 1 1
1982 06 15 804.408000 1 1
1982 06 16 758.931000 1 1
1982 06 17 711.123000 1 1
1982 06 18 664.544000 1 1
1982 06 19 622.407000 1 1
1982 06 20 581.360000 1 1
1982 06 21 559.715000 1 1
1982 06 22 547.492000 1 1
1982 06 23 520.378000 1 1
1982 06 24 520.378000 1 1
1982 06 25 502.603000 1 1
1982 06 26 479.281000 1 1
1982 06 27 453.567000 1 1
1982 06 28 425.652000 1 1
1982 06 29 403.823000 1 1
1982 06 30 387.749000 1 1
1982 07 01 369.320000 1 1
1982 07 02 358.948000 1 1
1982 07 03 343.609000 1 1
1982 07 04 333.529000 1 1
1982 07 05 328.533000 1 1
1982 07 06 328.533000 1 1
1982 07 07 333.529000 1 1
1982 07 08 348.693000 1 1
1982 07 09 364.120000 1 1
1982 07 10 374.550000 1 1
1982 07 11 377.175000 1 1
1982 07 12 379.808000 1 1
1982 07 13 377.175000 1 1
1982 07 14 369.320000 1 1
1982 07 15 353.806000 1 1
1982 07 16 331.027000 1 1
1982 07 17 306.420000 1 1
1982 07 18 289.641000 1 1
1982 07 19 280.220000 1 1
1982 07 20 282.564000 1 1
1982 07 21 284.915000 1 1
1982 07 22 277.884000 1 1
1982 07 23 261.747000 1 1
1982 07 24 250.454000 1 1
1982 07 25 252.697000 1 1
1982 07 26 254.948000 1 1
1982 07 27 250.454000 1 1
1982 07 28 254.948000 1 1
1982 07 29 266.319000 1 1
1982 07 30 289.641000 1 1
1982 07 31 299.184000 1 1
1982 08 01 304.000000 1 1
1982 08 02 296.787000 1 1
1982 08 03 282.564000 1 1
1982 08 04 266.319000 1 1
1982 08 05 254.948000 1 1
1982 08 06 245.992000 1 1
1982 08 07 234.973000 1 1
1982 08 08 228.458000 1 1
1982 08 09 224.154000 1 1
1982 08 10 219.883000 1 1
1982 08 11 211.437000 1 1
1982 08 12 201.063000 1 1
1982 08 13 190.894000 1 1
1982 08 14 194.937000 1 1
1982 08 15 205.188000 1 1
1982 08 16 239.357000 1 1
1982 08 17 277.884000 1 1
1982 08 18 277.884000 1 1
1982 08 19 257.207000 1 1
1982 08 20 237.161000 1 1
1982 08 21 226.302000 1 1
1982 08 22 213.536000 1 1
1982 08 23 201.063000 1 1
1982 08 24 190.894000 1 1
1982 08 25 182.909000 1 1
1982 08 26 173.117000 1 1
1982 08 27 150.488000 1 1
1982 08 28 146.838000 1 1
1982 08 29 141.429000 1 1
1982 08 30 137.868000 1 1
1982 08 31 139.644000 1 1
1982 09 01 134.342000 1 1
1982 09 02 134.342000 1 1
1982 09 03 127.399000 1 1
1982 09 04 123.981000 1 1
1982 09 05 130.852000 1 1
1982 09 06 141.429000 1 1
1982 09 07 165.436000 1 1
1982 09 08 178.967000 1 1
1982 09 09 177.008000 1 1
1982 09 10 171.184000 1 1
1982 09 11 173.117000 1 1
1982 09 12 178.967000 1 1
1982 09 13 180.934000 1 1
1982 09 14 173.117000 1 1
1982 09 15 159.766000 1 1
1982 09 16 145.026000 1 1
1982 09 17 127.399000 1 1
1982 09 18 115.598000 1 1
1982 09 19 107.447000 1 1
1982 09 20 101.095000 1 1
1982 09 21 94.896000 1 1
1982 09 22 88.853000 1 1
1982 09 23 81.519000 1 1
1982 09 24 73.049000 1 1
1982 09 25 66.271000 1 1
1982 09 26 62.330000 1 1
1982 09 27 58.485000 1 1
1982 09 28 61.038000 1 1
1982 09 29 71.673000 1 1
1982 09 30 78.655000 1 1
1982 10 01 85.889000 1 1
1982 10 02 84.423000 1 1
1982 10 03 74.435000 1 1
1982 10 04 73.049000 1 1
1982 10 05 71.673000 1 1
1982 10 06 74.435000 1 1
1982 10 07 74.435000 1 1
1982 10 08 75.831000 1 1
1982 10 09 75.831000 1 1
1982 10 10 70.307000 1 1
1982 10 11 63.633000 1 1
1982 10 12 55.974000 1 1
1982 10 13 51.084000 1 1
1982 10 14 51.084000 1 1
1982 10 15 54.736000 1 1
1982 10 16 61.038000 1 1
1982 10 17 67.606000 1 1
1982 10 18 74.435000 1 1
1982 10 19 84.423000 1 1
1982 10 20 101.095000 1 1
1982 10 21 112.310000 1 1
1982 10 22 112.310000 1 1
1982 10 23 104.252000 1 1
1982 10 24 90.349000 1 1
1982 10 25 91.855000 1 1
1982 10 26 66.271000 1 1
1982 10 27 58.485000 1 1
1982 10 28 57.224000 1 1
1982 10 29 54.736000 1 1
1982 10 30 59.756000 1 1
1982 10 31 62.330000 1 1
1982 11 01 74.435000 1 1
1982 11 02 74.435000 1 1
1982 11 03 73.049000 1 1
1982 11 04 74.435000 1 1
1982 11 05 74.435000 1 1
1982 11 06 73.049000 1 1
1982 11 07 67.606000 1 1
1982 11 08 58.485000 1 1
1982 11 09 52.291000 1 1
1982 11 10 46.372000 1 1
1982 11 11 40.735000 1 1
1982 11 12 35.389000 1 1
1982 11 13 29.370000 1 1
1982 11 14 25.606000 1 1
1982 11 15 17.109000 1 1
1982 11 16 17.109000 1 1
1982 11 17 19.517000 1 1
1982 11 18 17.109000 1 1
1982 11 19 14.095000 1 1
1982 11 20 11.316000 1 1
1982 11 21 9.391000 1 1
1982 11 22 7.610000 1 1
1982 11 23 5.979000 1 1
1982 11 24 5.470000 1 1
1982 11 25 4.980000 1 1
1982 11 26 5.979000 1 1
1982 11 27 9.391000 1 1
1982 11 28 7.610000 1 1
1982 11 29 7.610000 1 1
1982 11 30 5.470000 1 1
1982 12 01 4.980000 1 1
1982 12 02 5.470000 1 1
1982 12 03 9.391000 1 1
1982 12 04 11.988000 1 1
1982 12 05 14.095000 1 1
1982 12 06 17.898000 1 1
1982 12 07 22.047000 1 1
1982 12 08 22.917000 1 1
1982 12 09 27.463000 1 1
1982 12 10 46.372000 1 1
1982 12 11 59.756000 1 1
1982 12 12 66.271000 1 1
1982 12 13 62.330000 1 1
1982 12 14 49.889000 1 1
1982 12 15 37.492000 1 1
1982 12 16 32.325000 1 1
1982 12 17 32.325000 1 1
1982 12 18 29.370000 1 1
1982 12 19 27.463000 1 1
1982 12 20 22.047000 1 1
1982 12 21 18.700000 1 1
1982 12 22 17.109000 1 1
1982 12 23 18.700000 1 1
1982 12 24 22.047000 1 1
1982 12 25 39.643000 1 1
1982 12 26 62.330000 1 1
1982 12 27 78.655000 1 1
1982 12 28 105.845000 1 1
1982 12 29 270.922000 1 1
1982 12 30 439.522000 1 1
1982 12 31 508.501000 1 1
1983 01 01 482.172000 1 1
1983 01 02 411.956000 1 1
1983 01 03 304.000000 1 1
1983 01 04 205.188000 1 1
1983 01 05 139.644000 1 1
1983 01 06 107.447000 1 1
1983 01 07 88.853000 1 1
1983 01 08 75.831000 1 1
1983 01 09 66.271000 1 1
1983 01 10 58.485000 1 1
1983 01 11 52.291000 1 1
1983 01 12 47.533000 1 1
1983 01 13 40.735000 1 1
1983 01 14 33.334000 1 1
1983 01 15 28.410000 1 1
1983 01 16 22.047000 1 1
1983 01 17 17.898000 1 1
1983 01 18 14.827000 1 1
1983 01 19 12.676000 1 1
1983 01 20 10.658000 1 1
1983 01 21 9.391000 1 1
1983 01 22 7.610000 1 1
1983 01 23 5.979000 1 1
1983 01 24 4.980000 1 1
1983 01 25 3.618000 1 1
1983 01 26 2.808000 1 1
1983 01 27 2.080000 1 1
1983 01 28 1.441000 1 1
1983 01 29 0.665000 1 1
1983 01 30 0.461000 1 1
1983 01 31 0.287000 1 1
1983 02 01 0.287000 1 1
1983 02 02 0.047000 1 1
1983 02 03 5.470000 1 1
1983 02 04 7.610000 1 1
1983 02 05 4.507000 1 1
1983 02 06 5.470000 1 1
1983 02 07 12.676000 1 1
1983 02 08 26.528000 1 1
1983 02 09 38.562000 1 1
1983 02 10 41.840000 1 1
1983 02 11 36.435000 1 1
1983 02 12 23.800000 1 1
1983 02 13 13.378000 1 1
1983 02 14 8.187000 1 1
1983 02 15 4.980000 1 1
1983 02 16 2.808000 1 1
1983 02 17 1.441000 1 1
1983 02 18 0.665000 1 1
1983 02 19 0.147000 1 1
1983 02 20 0.000000 1 1
1983 02 21 0.000000 1 1
1983 02 22 0.000000 1 1
1983 02 23 0.000000 1 1
1983 02 24 0.000000 1 1
1983 02 25 0.000000 1 1
1983 02 26 0.000000 1 1
1983 02 27 0.000000 1 1
1983 02 28 0.000000 1 1
1983 03 01 0.000000 1 1
1983 03 02 0.000000 1 1
1983 03 03 0.000000 1 1
1983 03 04 0.000000 1 1
1983 03 05 0.000000 1 1
1983 03 06 0.000000 1 1
1983 03 07 0.000000 1 1
1983 03 08 0.047000 1 1
1983 03 09 0.147000 1 1
1983 03 10 0.000000 1 1
1983 03 11 0.000000 1 1
1983 03 12 0.000000 1 1
1983 03 13 0.000000 1 1
1983 03 14 0.000000 1 1
1983 03 15 0.000000 1 1
1983 03 16 0.000000 1 1
1983 03 17 0.000000 1 1
1983 03 18 0.000000 1 1
1983 03 19 0.000000 1 1
1983 03 20 0.000000 1 1
1983 03 21 0.000000 1 1
1983 03 22 1.441000 1 1
1983 03 23 2.433000 1 1
1983 03 24 11.988000 1 1
1983 03 25 46.372000 1 1
1983 03 26 109.058000 1 1
1983 03 27 129.121000 1 1
1983 03 28 157.893000 1 1
1983 03 29 167.344000 1 1
1983 03 30 167.344000 1 1
1983 03 31 177.008000 1 1
1983 04 01 201.063000 1 1
1983 04 02 203.121000 1 1
1983 04 03 211.437000 1 1
1983 04 04 226.302000 1 1
1983 04 05 245.992000 1 1
1983 04 06 374.550000 1 1
1983 04 07 532.362000 1 1
1983 04 08 606.490000 1 1
1983 04 09 622.407000 1 1
1983 04 10 587.604000 1 1
1983 04 11 544.453000 1 1
1983 04 12 523.364000 1 1
1983 04 13 493.806000 1 1
1983 04 14 433.953000 1 1
1983 04 15 374.550000 1 1
1983 04 16 326.046000 1 1
1983 04 17 294.397000 1 1
1983 04 18 348.693000 1 1
1983 04 19 431.179000 1 1
1983 04 20 550.538000 1 1
1983 04 21 593.873000 1 1
1983 04 22 590.735000 1 1
1983 04 23 625.610000 1 1
1983 04 24 836.498000 1 1
1983 04 25 977.343000 1 1
1983 04 26 1047.025000 1 1
1983 04 27 1086.546000 1 1
1983 04 28 1086.546000 1 1
1983 04 29 1070.668000 1 1
1983 04 30 1019.703000 1 1
1983 05 01 931.939000 1 1
1983 05 02 829.324000 1 1
1983 05 03 748.584000 1 1
1983 05 04 684.355000 1 1
1983 05 05 635.257000 1 1
1983 05 06 597.018000 1 1
1983 05 07 556.650000 1 1
1983 05 08 511.460000 1 1
1983 05 09 470.648000 1 1
1983 05 10 459.233000 1 1
1983 05 11 433.953000 1 1
1983 05 12 417.413000 1 1
1983 05 13 409.238000 1 1
1983 05 14 398.436000 1 1
1983 05 15 401.126000 1 1
1983 05 16 425.652000 1 1
1983 05 17 453.567000 1 1
1983 05 18 496.732000 1 1
1983 05 19 544.453000 1 1
1983 05 20 581.360000 1 1
1983 05 21 593.873000 1 1
1983 05 22 581.360000 1 1
1983 05 23 559.715000 1 1
1983 05 24 523.364000 1 1
1983 05 25 496.732000 1 1
1983 05 26 467.784000 1 1
1983 05 27 433.953000 1 1
1983 05 28 401.126000 1 1
1983 05 29 371.931000 1 1
1983 05 30 351.246000 1 1
1983 05 31 333.529000 1 1
1983 06 01 311.282000 1 1
1983 06 02 282.564000 1 1
1983 06 03 250.454000 1 1
1983 06 04 226.302000 1 1
1983 06 05 209.346000 1 1
1983 06 06 207.263000 1 1
1983 06 07 213.536000 1 1
1983 06 08 207.263000 1 1
1983 06 09 188.885000 1 1
1983 06 10 171.184000 1 1
1983 06 11 159.766000 1 1
1983 06 12 152.326000 1 1
1983 06 13 154.173000 1 1
1983 06 14 167.344000 1 1
1983 06 15 177.008000 1 1
1983 06 16 180.934000 1 1
1983 06 17 175.059000 1 1
1983 06 18 161.647000 1 1
1983 06 19 159.766000 1 1
1983 06 20 199.012000 1 1
1983 06 21 275.556000 1 1
1983 06 22 336.038000 1 1
1983 06 23 343.609000 1 1
1983 06 24 306.420000 1 1
1983 06 25 257.207000 1 1
1983 06 26 219.883000 1 1
1983 06 27 213.536000 1 1
1983 06 28 222.014000 1 1
1983 06 29 224.154000 1 1
1983 06 30 217.759000 1 1
1983 07 01 209.346000 1 1
1983 07 02 217.759000 1 1
1983 07 03 234.973000 1 1
1983 07 04 241.561000 1 1
1983 07 05 224.154000 1 1
1983 07 06 192.911000 1 1
1983 07 07 165.436000 1 1
1983 07 08 154.173000 1 1
1983 07 09 146.838000 1 1
1983 07 10 137.868000 1 1
1983 07 11 125.685000 1 1
1983 07 12 113.949000 1 1
1983 07 13 102.669000 1 1
1983 07 14 90.349000 1 1
1983 07 15 87.366000 1 1
1983 07 16 93.371000 1 1
1983 07 17 102.669000 1 1
1983 07 18 112.310000 1 1
1983 07 19 112.310000 1 1
1983 07 20 105.845000 1 1
1983 07 21 104.252000 1 1
1983 07 22 110.679000 1 1
1983 07 23 143.223000 1 1
1983 07 24 173.117000 1 1
1983 07 25 194.937000 1 1
1983 07 26 211.437000 1 1
1983 07 27 215.644000 1 1
1983 07 28 203.121000 1 1
1983 07 29 177.008000 1 1
1983 07 30 150.488000 1 1
1983 07 31 125.685000 1 1
1983 08 01 105.845000 1 1
1983 08 02 94.896000 1 1
1983 08 03 101.095000 1 1
1983 08 04 105.845000 1 1
1983 08 05 112.310000 1 1
1983 08 06 157.893000 1 1
1983 08 07 188.885000 1 1
1983 08 08 194.937000 1 1
1983 08 09 188.885000 1 1
1983 08 10 180.934000 1 1
1983 08 11 167.344000 1 1
1983 08 12 154.173000 1 1
1983 08 13 148.659000 1 1
1983 08 14 145.026000 1 1
1983 08 15 136.101000 1 1
1983 08 16 130.852000 1 1
1983 08 17 139.644000 1 1
1983 08 18 152.326000 1 1
1983 08 19 156.029000 1 1
1983 08 20 156.029000 1 1
1983 08 21 156.029000 1 1
1983 08 22 167.344000 1 1
1983 08 23 188.885000 1 1
1983 08 24 222.014000 1 1
1983 08 25 259.473000 1 1
1983 08 26 280.220000 1 1
1983 08 27 296.787000 1 1
1983 08 28 313.724000 1 1
1983 08 29 311.282000 1 1
1983 08 30 304.000000 1 1
1983 08 31 289.641000 1 1
1983 09 01 266.319000 1 1
1983 09 02 245.992000 1 1
1983 09 03 226.302000 1 1
1983 09 04 196.970000 1 1
1983 09 05 173.117000 1 1
1983 09 06 171.184000 1 1
1983 09 07 203.121000 1 1
1983 09 08 226.302000 1 1
1983 09 09 222.014000 1 1
1983 09 10 194.937000 1 1
1983 09 11 173.117000 1 1
1983 09 12 169.260000 1 1
1983 09 13 199.012000 1 1
1983 09 14 287.275000 1 1
1983 09 15 358.948000 1 1
1983 09 16 371.931000 1 1
1983 09 17 356.374000 1 1
1983 09 18 328.533000 1 1
1983 09 19 306.420000 1 1
1983 09 20 292.015000 1 1
1983 09 21 282.564000 1 1
1983 09 22 282.564000 1 1
1983 09 23 301.588000 1 1
1983 09 24 316.173000 1 1
1983 09 25 336.038000 1 1
1983 09 26 358.948000 1 1
1983 09 27 351.246000 1 1
1983 09 28 341.078000 1 1
1983 09 29 358.948000 1 1
1983 09 30 401.126000 1 1
1983 10 01 445.119000 1 1
1983 10 02 487.976000 1 1
1983 10 03 511.460000 1 1
1983 10 04 490.888000 1 1
1983 10 05 482.172000 1 1
1983 10 06 447.928000 1 1
1983 10 07 420.152000 1 1
1983 10 08 433.953000 1 1
1983 10 09 453.567000 1 1
1983 10 10 462.076000 1 1
1983 10 11 456.397000 1 1
1983 10 12 467.784000 1 1
1983 10 13 514.426000 1 1
1983 10 14 559.715000 1 1
1983 10 15 562.788000 1 1
1983 10 16 514.426000 1 1
1983 10 17 439.522000 1 1
1983 10 18 377.175000 1 1
1983 10 19 336.038000 1 1
1983 10 20 304.000000 1 1
1983 10 21 275.556000 1 1
1983 10 22 266.319000 1 1
1983 10 23 261.747000 1 1
1983 10 24 277.884000 1 1
1983 10 25 287.275000 1 1
1983 10 26 275.556000 1 1
1983 10 27 245.992000 1 1
1983 10 28 230.622000 1 1
1983 10 29 248.219000 1 1
1983 10 30 311.282000 1 1
1983 10 31 369.320000 1 1
1983 11 01 374.550000 1 1
1983 11 02 356.374000 1 1
1983 11 03 331.027000 1 1
1983 11 04 296.787000 1 1
1983 11 05 270.922000 1 1
1983 11 06 239.357000 1 1
1983 11 07 224.154000 1 1
1983 11 08 224.154000 1 1
1983 11 09 219.883000 1 1
1983 11 10 213.536000 1 1
1983 11 11 211.437000 1 1
1983 11 12 207.263000 1 1
1983 11 13 209.346000 1 1
1983 11 14 209.346000 1 1
1983 11 15 192.911000 1 1
1983 11 16 196.970000 1 1
1983 11 17 228.458000 1 1
1983 11 18 250.454000 1 1
1983 11 19 264.030000 1 1
1983 11 20 268.617000 1 1
1983 11 21 241.561000 1 1
1983 11 22 199.012000 1 1
1983 11 23 165.436000 1 1
1983 11 24 139.644000 1 1
1983 11 25 118.924000 1 1
1983 11 26 107.447000 1 1
1983 11 27 110.679000 1 1
1983 11 28 129.121000 1 1
1983 11 29 157.893000 1 1
1983 11 30 254.948000 1 1
1983 12 01 289.641000 1 1
1983 12 02 289.641000 1 1
1983 12 03 301.588000 1 1
1983 12 04 301.588000 1 1
1983 12 05 296.787000 1 1
1983 12 06 304.000000 1 1
1983 12 07 311.282000 1 1
1983 12 08 313.724000 1 1
1983 12 09 338.554000 1 1
1983 12 10 431.179000 1 1
1983 12 11 476.397000 1 1
1983 12 12 581.360000 1 1
1983 12 13 632.035000 1 1
1983 12 14 625.610000 1 1
1983 12 15 622.407000 1 1
1983 12 16 625.610000 1 1
1983 12 17 600.169000 1 1
1983 12 18 562.788000 1 1
1983 12 19 520.378000 1 1
1983 12 20 464.927000 1 1
1983 12 21 409.238000 1 1
1983 12 22 364.120000 1 1
1983 12 23 346.147000 1 1
1983 12 24 390.410000 1 1
1983 12 25 445.119000 1 1
1983 12 26 456.397000 1 1
1983 12 27 442.317000 1 1
1983 12 28 447.928000 1 1
1983 12 29 470.648000 1 1
1983 12 30 479.281000 1 1
1983 12 31 499.664000 1 1
1984 01 01 600.169000 1 1
1984 01 02 687.679000 1 1
1984 01 03 731.463000 1 1
1984 01 04 731.463000 1 1
1984 01 05 721.265000 1 1
1984 01 06 748.584000 1 1
1984 01 07 832.908000 1 1
1984 01 08 950.754000 1 1
1984 01 09 1004.218000 1 1
1984 01 10 1023.589000 1 1
1984 01 11 1011.948000 1 1
1984 01 12 958.322000 1 1
1984 01 13 861.795000 1 1
1984 01 14 765.860000 1 1
1984 01 15 701.038000 1 1
1984 01 16 628.819000 1 1
1984 01 17 603.326000 1 1
1984 01 18 606.490000 1 1
1984 01 19 632.035000 1 1
1984 01 20 638.485000 1 1
1984 01 21 664.544000 1 1
1984 01 22 714.497000 1 1
1984 01 23 797.344000 1 1
1984 01 24 840.094000 1 1
1984 01 25 861.795000 1 1
1984 01 26 865.433000 1 1
1984 01 27 840.094000 1 1
1984 01 28 965.912000 1 1
1984 01 29 1008.080000 1 1
1984 01 30 992.665000 1 1
1984 01 31 977.343000 1 1
1984 02 01 962.114000 1 1
1984 02 02 946.980000 1 1
1984 02 03 943.211000 1 1
1984 02 04 928.194000 1 1
1984 02 05 898.445000 1 1
1984 02 06 887.387000 1 1
1984 02 07 920.721000 1 1
1984 02 08 962.114000 1 1
1984 02 09 1004.218000 1 1
1984 02 10 1058.821000 1 1
1984 02 11 1039.189000 1 1
1984 02 12 1031.377000 1 1
1984 02 13 1035.281000 1 1
1984 02 14 1008.080000 1 1
1984 02 15 965.912000 1 1
1984 02 16 935.691000 1 1
1984 02 17 954.535000 1 1
1984 02 18 965.912000 1 1
1984 02 19 969.717000 1 1
1984 02 20 954.535000 1 1
1984 02 21 969.717000 1 1
1984 02 22 1023.589000 1 1
1984 02 23 1011.948000 1 1
1984 02 24 1023.589000 1 1
1984 02 25 1039.189000 1 1
1984 02 26 1031.377000 1 1
1984 02 27 1015.823000 1 1
1984 02 28 1000.361000 1 1
1984 02 29 977.343000 1 1
1984 03 01 988.826000 1 1
1984 03 02 992.665000 1 1
1984 03 03 977.343000 1 1
1984 03 04 988.826000 1 1
1984 03 05 1023.589000 1 1
1984 03 06 1043.104000 1 1
1984 03 07 1047.025000 1 1
1984 03 08 1008.080000 1 1
1984 03 09 973.527000 1 1
1984 03 10 924.455000 1 1
1984 03 11 858.163000 1 1
1984 03 12 783.290000 1 1
1984 03 13 769.333000 1 1
1984 03 14 779.792000 1 1
1984 03 15 776.299000 1 1
1984 03 16 772.813000 1 1
1984 03 17 748.584000 1 1
1984 03 18 681.037000 1 1
1984 03 19 628.819000 1 1
1984 03 20 619.211000 1 1
1984 03 21 648.209000 1 1
1984 03 22 664.544000 1 1
1984 03 23 697.689000 1 1
1984 03 24 697.689000 1 1
1984 03 25 697.689000 1 1
1984 03 26 681.037000 1 1
1984 03 27 632.035000 1 1
1984 03 28 578.248000 1 1
1984 03 29 541.420000 1 1
1984 03 30 526.356000 1 1
1984 03 31 514.426000 1 1
1984 04 01 526.356000 1 1
1984 04 02 538.394000 1 1
1984 04 03 553.590000 1 1
1984 04 04 562.788000 1 1
1984 04 05 532.362000 1 1
1984 04 06 485.071000 1 1
1984 04 07 439.522000 1 1
1984 04 08 395.754000 1 1
1984 04 09 358.948000 1 1
1984 04 10 331.027000 1 1
1984 04 11 318.630000 1 1
1984 04 12 356.374000 1 1
1984 04 13 425.652000 1 1
1984 04 14 556.650000 1 1
1984 04 15 641.720000 1 1
1984 04 16 752.026000 1 1
1984 04 17 818.610000 1 1
1984 04 18 815.050000 1 1
1984 04 19 752.026000 1 1
1984 04 20 684.355000 1 1
1984 04 21 625.610000 1 1
1984 04 22 568.952000 1 1
1984 04 23 547.492000 1 1
1984 04 24 529.356000 1 1
1984 04 25 499.664000 1 1
1984 04 26 473.519000 1 1
1984 04 27 485.071000 1 1
1984 04 28 526.356000 1 1
1984 04 29 565.867000 1 1
1984 04 30 603.326000 1 1
1984 05 01 638.485000 1 1
1984 05 02 657.991000 1 1
1984 05 03 644.962000 1 1
1984 05 04 597.018000 1 1
1984 05 05 547.492000 1 1
1984 05 06 523.364000 1 1
1984 05 07 505.548000 1 1
1984 05 08 523.364000 1 1
1984 05 09 578.248000 1 1
1984 05 10 648.209000 1 1
1984 05 11 748.584000 1 1
1984 05 12 786.794000 1 1
1984 05 13 815.050000 1 1
1984 05 14 815.050000 1 1
1984 05 15 800.873000 1 1
1984 05 16 779.792000 1 1
1984 05 17 769.333000 1 1
1984 05 18 762.392000 1 1
1984 05 19 758.931000 1 1
1984 05 20 755.476000 1 1
1984 05 21 762.392000 1 1
1984 05 22 772.813000 1 1
1984 05 23 786.794000 1 1
1984 05 24 793.821000 1 1
1984 05 25 797.344000 1 1
1984 05 26 815.050000 1 1
1984 05 27 836.498000 1 1
1984 05 28 861.795000 1 1
1984 05 29 876.383000 1 1
1984 05 30 883.713000 1 1
1984 05 31 872.727000 1 1
1984 06 01 847.303000 1 1
1984 06 02 800.873000 1 1
1984 06 03 734.875000 1 1
1984 06 04 664.544000 1 1
1984 06 05 616.021000 1 1
1984 06 06 606.490000 1 1
1984 06 07 632.035000 1 1
1984 06 08 661.264000 1 1
1984 06 09 674.421000 1 1
1984 06 10 701.038000 1 1
1984 06 11 724.658000 1 1
1984 06 12 707.755000 1 1
1984 06 13 674.421000 1 1
1984 06 14 628.819000 1 1
1984 06 15 584.479000 1 1
1984 06 16 547.492000 1 1
1984 06 17 514.426000 1 1
1984 06 18 485.071000 1 1
1984 06 19 464.927000 1 1
1984 06 20 462.076000 1 1
1984 06 21 482.172000 1 1
1984 06 22 514.426000 1 1
1984 06 23 529.356000 1 1
1984 06 24 523.364000 1 1
1984 06 25 505.548000 1 1
1984 06 26 485.071000 1 1
1984 06 27 482.172000 1 1
1984 06 28 502.603000 1 1
1984 06 29 517.398000 1 1
1984 06 30 499.664000 1 1
1984 07 01 473.519000 1 1
1984 07 02 450.744000 1 1
1984 07 03 436.734000 1 1
1984 07 04 433.953000 1 1
1984 07 05 433.953000 1 1
1984 07 06 431.179000 1 1
1984 07 07 431.179000 1 1
1984 07 08 425.652000 1 1
1984 07 09 409.238000 1 1
1984 07 10 395.754000 1 1
1984 07 11 406.527000 1 1
1984 07 12 414.681000 1 1
1984 07 13 425.652000 1 1
1984 07 14 420.152000 1 1
1984 07 15 406.527000 1 1
1984 07 16 406.527000 1 1
1984 07 17 425.652000 1 1
1984 07 18 436.734000 1 1
1984 07 19 431.179000 1 1
1984 07 20 425.652000 1 1
1984 07 21 464.927000 1 1
1984 07 22 544.453000 1 1
1984 07 23 597.018000 1 1
1984 07 24 619.211000 1 1
1984 07 25 612.837000 1 1
1984 07 26 593.873000 1 1
1984 07 27 578.248000 1 1
1984 07 28 568.952000 1 1
1984 07 29 553.590000 1 1
1984 07 30 511.460000 1 1
1984 07 31 462.076000 1 1
1984 08 01 414.681000 1 1
1984 08 02 379.808000 1 1
1984 08 03 364.120000 1 1
1984 08 04 379.808000 1 1
1984 08 05 398.436000 1 1
1984 08 06 409.238000 1 1
1984 08 07 395.754000 1 1
1984 08 08 377.175000 1 1
1984 08 09 356.374000 1 1
1984 08 10 343.609000 1 1
1984 08 11 331.027000 1 1
1984 08 12 313.724000 1 1
1984 08 13 299.184000 1 1
1984 08 14 308.847000 1 1
1984 08 15 353.806000 1 1
1984 08 16 422.898000 1 1
1984 08 17 485.071000 1 1
1984 08 18 520.378000 1 1
1984 08 19 523.364000 1 1
1984 08 20 529.356000 1 1
1984 08 21 578.248000 1 1
1984 08 22 622.407000 1 1
1984 08 23 625.610000 1 1
1984 08 24 587.604000 1 1
1984 08 25 517.398000 1 1
1984 08 26 439.522000 1 1
1984 08 27 377.175000 1 1
1984 08 28 346.147000 1 1
1984 08 29 328.533000 1 1
1984 08 30 321.095000 1 1
1984 08 31 338.554000 1 1
1984 09 01 422.898000 1 1
1984 09 02 496.732000 1 1
1984 09 03 508.501000 1 1
1984 09 04 505.548000 1 1
1984 09 05 568.952000 1 1
1984 09 06 616.021000 1 1
1984 09 07 651.463000 1 1
1984 09 08 648.209000 1 1
1984 09 09 628.819000 1 1
1984 09 10 612.837000 1 1
1984 09 11 597.018000 1 1
1984 09 12 572.044000 1 1
1984 09 13 547.492000 1 1
1984 09 14 532.362000 1 1
1984 09 15 535.374000 1 1
1984 09 16 538.394000 1 1
1984 09 17 544.453000 1 1
1984 09 18 553.590000 1 1
1984 09 19 550.538000 1 1
1984 09 20 572.044000 1 1
1984 09 21 587.604000 1 1
1984 09 22 587.604000 1 1
1984 09 23 559.715000 1 1
1984 09 24 541.420000 1 1
1984 09 25 523.364000 1 1
1984 09 26 479.281000 1 1
1984 09 27 425.652000 1 1
1984 09 28 382.448000 1 1
1984 09 29 346.147000 1 1
1984 09 30 326.046000 1 1
1984 10 01 336.038000 1 1
1984 10 02 353.806000 1 1
1984 10 03 361.531000 1 1
1984 10 04 351.246000 1 1
1984 10 05 333.529000 1 1
1984 10 06 323.567000 1 1
1984 10 07 326.046000 1 1
1984 10 08 338.554000 1 1
1984 10 09 356.374000 1 1
1984 10 10 374.550000 1 1
1984 10 11 420.152000 1 1
1984 10 12 464.927000 1 1
1984 10 13 476.397000 1 1
1984 10 14 581.360000 1 1
1984 10 15 667.830000 1 1
1984 10 16 707.755000 1 1
1984 10 17 734.875000 1 1
1984 10 18 738.292000 1 1
1984 10 19 697.689000 1 1
1984 10 20 628.819000 1 1
1984 10 21 584.479000 1 1
1984 10 22 532.362000 1 1
1984 10 23 470.648000 1 1
1984 10 24 403.823000 1 1
1984 10 25 353.806000 1 1
1984 10 26 316.173000 1 1
1984 10 27 284.915000 1 1
1984 10 28 268.617000 1 1
1984 10 29 311.282000 1 1
1984 10 30 385.095000 1 1
1984 10 31 473.519000 1 1
1984 11 01 529.356000 1 1
1984 11 02 482.172000 1 1
1984 11 03 393.078000 1 1
1984 11 04 331.027000 1 1
1984 11 05 277.884000 1 1
1984 11 06 252.697000 1 1
1984 11 07 280.220000 1 1
1984 11 08 366.717000 1 1
1984 11 09 401.126000 1 1
1984 11 10 442.317000 1 1
1984 11 11 487.976000 1 1
1984 11 12 496.732000 1 1
1984 11 13 485.071000 1 1
1984 11 14 433.953000 1 1
1984 11 15 422.898000 1 1
1984 11 16 467.784000 1 1
1984 11 17 490.888000 1 1
1984 11 18 517.398000 1 1
1984 11 19 511.460000 1 1
1984 11 20 464.927000 1 1
1984 11 21 398.436000 1 1
1984 11 22 341.078000 1 1
1984 11 23 299.184000 1 1
1984 11 24 268.617000 1 1
1984 11 25 245.992000 1 1
1984 11 26 228.458000 1 1
1984 11 27 215.644000 1 1
1984 11 28 228.458000 1 1
1984 11 29 261.747000 1 1
1984 11 30 304.000000 1 1
1984 12 01 321.095000 1 1
1984 12 02 308.847000 1 1
1984 12 03 284.915000 1 1
1984 12 04 257.207000 1 1
1984 12 05 234.973000 1 1
1984 12 06 226.302000 1 1
1984 12 07 226.302000 1 1
1984 12 08 232.794000 1 1
1984 12 09 230.622000 1 1
1984 12 10 226.302000 1 1
1984 12 11 234.973000 1 1
1984 12 12 245.992000 1 1
1984 12 13 264.030000 1 1
1984 12 14 280.220000 1 1
1984 12 15 277.884000 1 1
1984 12 16 257.207000 1 1
1984 12 17 228.458000 1 1
1984 12 18 211.437000 1 1
1984 12 19 196.970000 1 1
1984 12 20 182.909000 1 1
1984 12 21 182.909000 1 1
1984 12 22 217.759000 1 1
1984 12 23 270.922000 1 1
1984 12 24 326.046000 1 1
1984 12 25 351.246000 1 1
1984 12 26 366.717000 1 1
1984 12 27 385.095000 1 1
1984 12 28 499.664000 1 1
1984 12 29 593.873000 1 1
1984 12 30 694.346000 1 1
1984 12 31 714.497000 1 1
1985 01 01 nan nan nan
1985 01 02 nan nan nan
1985 01 03 nan nan nan
1985 01 04 nan nan nan
1985 01 05 nan nan nan
1985 01 06 nan nan nan
1985 01 07 nan nan nan
1985 01 08 nan nan nan
1985 01 09 nan nan nan
1985 01 10 nan nan nan
1985 01 11 nan nan nan
1985 01 12 nan nan nan
1985 01 13 nan nan nan
1985 01 14 nan nan nan
1985 01 15 nan nan nan
1985 01 16 nan nan nan
1985 01 17 nan nan nan
1985 01 18 nan nan nan
1985 01 19 nan nan nan
1985 01 20 nan nan nan
1985 01 21 nan nan nan
1985 01 22 nan nan nan
1985 01 23 nan nan nan
1985 01 24 nan nan nan
1985 01 25 nan nan nan
1985 01 26 nan nan nan
1985 01 27 nan nan nan
1985 01 28 nan nan nan
1985 01 29 nan nan nan
1985 01 30 nan nan nan
1985 01 31 nan nan nan
1985 02 01 nan nan nan
1985 02 02 nan nan nan
1985 02 03 nan nan nan
1985 02 04 nan nan nan
1985 02 05 nan nan nan
1985 02 06 nan nan nan
1985 02 07 nan nan nan
1985 02 08 nan nan nan
1985 02 09 nan nan nan
1985 02 10 nan nan nan
1985 02 11 nan nan nan
1985 02 12 nan nan nan
1985 02 13 nan nan nan
1985 02 14 nan nan nan
1985 02 15 nan nan nan
1985 02 16 nan nan nan
1985 02 17 nan nan nan
1985 02 18 nan nan nan
1985 02 19 nan nan nan
1985 02 20 nan nan nan
1985 02 21 nan nan nan
1985 02 22 nan nan nan
1985 02 23 nan nan nan
1985 02 24 nan nan nan
1985 02 25 nan nan nan
1985 02 26 nan nan nan
1985 02 27 nan nan nan
1985 02 28 nan nan nan
1985 03 01 nan nan nan
1985 03 02 nan nan nan
1985 03 03 nan nan nan
1985 03 04 nan nan nan
1985 03 05 nan nan nan
1985 03 06 nan nan nan
1985 03 07 nan nan nan
1985 03 08 nan nan nan
1985 03 09 nan nan nan
1985 03 10 nan nan nan
1985 03 11 nan nan nan
1985 03 12 nan nan nan
1985 03 13 nan nan nan
1985 03 14 nan nan nan
1985 03 15 nan nan nan
1985 03 16 nan nan nan
1985 03 17 nan nan nan
1985 03 18 nan nan nan
1985 03 19 nan nan nan
1985 03 20 nan nan nan
1985 03 21 nan nan nan
1985 03 22 nan nan nan
1985 03 23 nan nan nan
1985 03 24 nan nan nan
1985 03 25 nan nan nan
1985 03 26 nan nan nan
1985 03 27 nan nan nan
1985 03 28 nan nan nan
1985 03 29 nan nan nan
1985 03 30 nan nan nan
1985 03 31 nan nan nan
1985 04 01 nan nan nan
1985 04 02 nan nan nan
1985 04 03 nan nan nan
1985 04 04 nan nan nan
1985 04 05 nan nan nan
1985 04 06 nan nan nan
1985 04 07 nan nan nan
1985 04 08 nan nan nan
1985 04 09 nan nan nan
1985 04 10 nan nan nan
1985 04 11 nan nan nan
1985 04 12 nan nan nan
1985 04 13 nan nan nan
1985 04 14 nan nan nan
1985 04 15 nan nan nan
1985 04 16 nan nan nan
1985 04 17 nan nan nan
1985 04 18 nan nan nan
1985 04 19 nan nan nan
1985 04 20 nan nan nan
1985 04 21 nan nan nan
1985 04 22 nan nan nan
1985 04 23 nan nan nan
1985 04 24 nan nan nan
1985 04 25 nan nan nan
1985 04 26 nan nan nan
1985 04 27 nan nan nan
1985 04 28 nan nan nan
1985 04 29 nan nan nan
1985 04 30 nan nan nan
1985 05 01 nan nan nan
1985 05 02 nan nan nan
1985 05 03 nan nan nan
1985 05 04 nan nan nan
1985 05 05 nan nan nan
1985 05 06 nan nan nan
1985 05 07 nan nan nan
1985 05 08 nan nan nan
1985 05 09 nan nan nan
1985 05 10 nan nan nan
1985 05 11 nan nan nan
1985 05 12 nan nan nan
1985 05 13 nan nan nan
1985 05 14 nan nan nan
1985 05 15 nan nan nan
1985 05 16 nan nan nan
1985 05 17 nan nan nan
1985 05 18 nan nan nan
1985 05 19 nan nan nan
1985 05 20 nan nan nan
1985 05 21 nan nan nan
1985 05 22 nan nan nan
1985 05 23 nan nan nan
1985 05 24 nan nan nan
1985 05 25 nan nan nan
1985 05 26 nan nan nan
1985 05 27 nan nan nan
1985 05 28 nan nan nan
1985 05 29 nan nan nan
1985 05 30 nan nan nan
1985 05 31 nan nan nan
1985 06 01 nan nan nan
1985 06 02 nan nan nan
1985 06 03 nan nan nan
1985 06 04 nan nan nan
1985 06 05 nan nan nan
1985 06 06 nan nan nan
1985 06 07 nan nan nan
1985 06 08 nan nan nan
1985 06 09 nan nan nan
1985 06 10 nan nan nan
1985 06 11 nan nan nan
1985 06 12 nan nan nan
1985 06 13 nan nan nan
1985 06 14 nan nan nan
1985 06 15 nan nan nan
1985 06 16 nan nan nan
1985 06 17 nan nan nan
1985 06 18 nan nan nan
1985 06 19 nan nan nan
1985 06 20 nan nan nan
1985 06 21 nan nan nan
1985 06 22 nan nan nan
1985 06 23 nan nan nan
1985 06 24 nan nan nan
1985 06 25 nan nan nan
1985 06 26 nan nan nan
1985 06 27 nan nan nan
1985 06 28 nan nan nan
1985 06 29 nan nan nan
1985 06 30 nan nan nan
1985 07 01 nan nan nan
1985 07 02 nan nan nan
1985 07 03 nan nan nan
1985 07 04 nan nan nan
1985 07 05 nan nan nan
1985 07 06 nan nan nan
1985 07 07 nan nan nan
1985 07 08 nan nan nan
1985 07 09 nan nan nan
1985 07 10 nan nan nan
1985 07 11 nan nan nan
1985 07 12 nan nan nan
1985 07 13 nan nan nan
1985 07 14 nan nan nan
1985 07 15 nan nan nan
1985 07 16 nan nan nan
1985 07 17 nan nan nan
1985 07 18 nan nan nan
1985 07 19 nan nan nan
1985 07 20 nan nan nan
1985 07 21 nan nan nan
1985 07 22 nan nan nan
1985 07 23 nan nan nan
1985 07 24 nan nan nan
1985 07 25 nan nan nan
1985 07 26 nan nan nan
1985 07 27 nan nan nan
1985 07 28 nan nan nan
1985 07 29 nan nan nan
1985 07 30 nan nan nan
1985 07 31 nan nan nan
1985 08 01 nan nan nan
1985 08 02 nan nan nan
1985 08 03 nan nan nan
1985 08 04 nan nan nan
1985 08 05 nan nan nan
1985 08 06 nan nan nan
1985 08 07 nan nan nan
1985 08 08 nan nan nan
1985 08 09 nan nan nan
1985 08 10 nan nan nan
1985 08 11 nan nan nan
1985 08 12 nan nan nan
1985 08 13 nan nan nan
1985 08 14 nan nan nan
1985 08 15 nan nan nan
1985 08 16 nan nan nan
1985 08 17 nan nan nan
1985 08 18 nan nan nan
1985 08 19 nan nan nan
1985 08 20 nan nan nan
1985 08 21 nan nan nan
1985 08 22 nan nan nan
1985 08 23 nan nan nan
1985 08 24 nan nan nan
1985 08 25 nan nan nan
1985 08 26 nan nan nan
1985 08 27 nan nan nan
1985 08 28 nan nan nan
1985 08 29 nan nan nan
1985 08 30 nan nan nan
1985 08 31 nan nan nan
1985 09 01 nan nan nan
1985 09 02 nan nan nan
1985 09 03 nan nan nan
1985 09 04 nan nan nan
1985 09 05 nan nan nan
1985 09 06 nan nan nan
1985 09 07 nan nan nan
1985 09 08 nan nan nan
1985 09 09 nan nan nan
1985 09 10 nan nan nan
1985 09 11 nan nan nan
1985 09 12 nan nan nan
1985 09 13 nan nan nan
1985 09 14 nan nan nan
1985 09 15 nan nan nan
1985 09 16 nan nan nan
1985 09 17 nan nan nan
1985 09 18 nan nan nan
1985 09 19 nan nan nan
1985 09 20 nan nan nan
1985 09 21 nan nan nan
1985 09 22 nan nan nan
1985 09 23 nan nan nan
1985 09 24 nan nan nan
1985 09 25 nan nan nan
1985 09 26 nan nan nan
1985 09 27 nan nan nan
1985 09 28 nan nan nan
1985 09 29 nan nan nan
1985 09 30 nan nan nan
1985 10 01 nan nan nan
1985 10 02 nan nan nan
1985 10 03 nan nan nan
1985 10 04 nan nan nan
1985 10 05 nan nan nan
1985 10 06 nan nan nan
1985 10 07 nan nan nan
1985 10 08 nan nan nan
1985 10 09 nan nan nan
1985 10 10 nan nan nan
1985 10 11 nan nan nan
1985 10 12 nan nan nan
1985 10 13 nan nan nan
1985 10 14 nan nan nan
1985 10 15 nan nan nan
1985 10 16 nan nan nan
1985 10 17 nan nan nan
1985 10 18 nan nan nan
1985 10 19 nan nan nan
1985 10 20 nan nan nan
1985 10 21 nan nan nan
1985 10 22 nan nan nan
1985 10 23 nan nan nan
1985 10 24 nan nan nan
1985 10 25 nan nan nan
1985 10 26 nan nan nan
1985 10 27 nan nan nan
1985 10 28 nan nan nan
1985 10 29 nan nan nan
1985 10 30 nan nan nan
1985 10 31 nan nan nan
1985 11 01 nan nan nan
1985 11 02 nan nan nan
1985 11 03 nan nan nan
1985 11 04 nan nan nan
1985 11 05 nan nan nan
1985 11 06 nan nan nan
1985 11 07 nan nan nan
1985 11 08 nan nan nan
1985 11 09 nan nan nan
1985 11 10 nan nan nan
1985 11 11 nan nan nan
1985 11 12 nan nan nan
1985 11 13 nan nan nan
1985 11 14 nan nan nan
1985 11 15 nan nan nan
1985 11 16 nan nan nan
1985 11 17 nan nan nan
1985 11 18 nan nan nan
1985 11 19 nan nan nan
1985 11 20 nan nan nan
1985 11 21 nan nan nan
1985 11 22 nan nan nan
1985 11 23 nan nan nan
1985 11 24 nan nan nan
1985 11 25 nan nan nan
1985 11 26 nan nan nan
1985 11 27 nan nan nan
1985 11 28 nan nan nan
1985 11 29 nan nan nan
1985 11 30 nan nan nan
1985 12 01 nan nan nan
1985 12 02 nan nan nan
1985 12 03 nan nan nan
1985 12 04 nan nan nan
1985 12 05 nan nan nan
1985 12 06 nan nan nan
1985 12 07 nan nan nan
1985 12 08 nan nan nan
1985 12 09 nan nan nan
1985 12 10 nan nan nan
1985 12 11 nan nan nan
1985 12 12 nan nan nan
1985 12 13 nan nan nan
1985 12 14 nan nan nan
1985 12 15 nan nan nan
1985 12 16 nan nan nan
1985 12 17 nan nan nan
1985 12 18 nan nan nan
1985 12 19 nan nan nan
1985 12 20 nan nan nan
1985 12 21 nan nan nan
1985 12 22 nan nan nan
1985 12 23 nan nan nan
1985 12 24 nan nan nan
1985 12 25 nan nan nan
1985 12 26 nan nan nan
1985 12 27 nan nan nan
1985 12 28 nan nan nan
1985 12 29 nan nan nan
1985 12 30 nan nan nan
1985 12 31 nan nan nan
1986 01 01 252.697000 1 1
1986 01 02 252.697000 1 1
1986 01 03 275.556000 1 1
1986 01 04 313.724000 1 1
1986 01 05 292.015000 1 1
1986 01 06 284.915000 1 1
1986 01 07 304.000000 1 1
1986 01 08 333.529000 1 1
1986 01 09 366.717000 1 1
1986 01 10 422.898000 1 1
1986 01 11 456.397000 1 1
1986 01 12 479.281000 1 1
1986 01 13 482.172000 1 1
1986 01 14 470.648000 1 1
1986 01 15 450.744000 1 1
1986 01 16 422.898000 1 1
1986 01 17 382.448000 1 1
1986 01 18 338.554000 1 1
1986 01 19 299.184000 1 1
1986 01 20 294.397000 1 1
1986 01 21 343.609000 1 1
1986 01 22 403.823000 1 1
1986 01 23 439.522000 1 1
1986 01 24 453.567000 1 1
1986 01 25 514.426000 1 1
1986 01 26 578.248000 1 1
1986 01 27 638.485000 1 1
1986 01 28 694.346000 1 1
1986 01 29 707.755000 1 1
1986 01 30 701.038000 1 1
1986 01 31 684.355000 1 1
1986 02 01 651.463000 1 1
1986 02 02 597.018000 1 1
1986 02 03 532.362000 1 1
1986 02 04 467.784000 1 1
1986 02 05 411.956000 1 1
1986 02 06 361.531000 1 1
1986 02 07 328.533000 1 1
1986 02 08 299.184000 1 1
1986 02 09 273.235000 1 1
1986 02 10 257.207000 1 1
1986 02 11 266.319000 1 1
1986 02 12 284.915000 1 1
1986 02 13 321.095000 1 1
1986 02 14 351.246000 1 1
1986 02 15 361.531000 1 1
1986 02 16 369.320000 1 1
1986 02 17 390.410000 1 1
1986 02 18 425.652000 1 1
1986 02 19 425.652000 1 1
1986 02 20 385.095000 1 1
1986 02 21 341.078000 1 1
1986 02 22 304.000000 1 1
1986 02 23 311.282000 1 1
1986 02 24 470.648000 1 1
1986 02 25 578.248000 1 1
1986 02 26 717.878000 1 1
1986 02 27 811.497000 1 1
1986 02 28 854.537000 1 1
1986 03 01 869.077000 1 1
1986 03 02 876.383000 1 1
1986 03 03 858.163000 1 1
1986 03 04 815.050000 1 1
1986 03 05 772.813000 1 1
1986 03 06 724.658000 1 1
1986 03 07 661.264000 1 1
1986 03 08 684.355000 1 1
1986 03 09 738.292000 1 1
1986 03 10 762.392000 1 1
1986 03 11 745.147000 1 1
1986 03 12 687.679000 1 1
1986 03 13 625.610000 1 1
1986 03 14 584.479000 1 1
1986 03 15 651.463000 1 1
1986 03 16 717.878000 1 1
1986 03 17 779.792000 1 1
1986 03 18 818.610000 1 1
1986 03 19 843.695000 1 1
1986 03 20 825.747000 1 1
1986 03 21 786.794000 1 1
1986 03 22 758.931000 1 1
1986 03 23 745.147000 1 1
1986 03 24 734.875000 1 1
1986 03 25 721.265000 1 1
1986 03 26 691.009000 1 1
1986 03 27 628.819000 1 1
1986 03 28 559.715000 1 1
1986 03 29 511.460000 1 1
1986 03 30 487.976000 1 1
1986 03 31 482.172000 1 1
1986 04 01 538.394000 1 1
1986 04 02 707.755000 1 1
1986 04 03 755.476000 1 1
1986 04 04 797.344000 1 1
1986 04 05 804.408000 1 1
1986 04 06 769.333000 1 1
1986 04 07 724.658000 1 1
1986 04 08 687.679000 1 1
1986 04 09 684.355000 1 1
1986 04 10 697.689000 1 1
1986 04 11 745.147000 1 1
1986 04 12 807.950000 1 1
1986 04 13 832.908000 1 1
1986 04 14 832.908000 1 1
1986 04 15 832.908000 1 1
1986 04 16 811.497000 1 1
1986 04 17 786.794000 1 1
1986 04 18 790.305000 1 1
1986 04 19 920.721000 1 1
1986 04 20 992.665000 1 1
1986 04 21 1078.596000 1 1
1986 04 22 1250.305000 1 1
1986 04 23 1392.101000 1 1
1986 04 24 1440.685000 1 1
1986 04 25 1422.943000 1 1
1986 04 26 1383.338000 1 1
1986 04 27 1331.216000 1 1
1986 04 28 1254.514000 1 1
1986 04 29 1171.396000 1 1
1986 04 30 1078.596000 1 1
1986 05 01 981.164000 1 1
1986 05 02 869.077000 1 1
1986 05 03 793.821000 1 1
1986 05 04 797.344000 1 1
1986 05 05 865.433000 1 1
1986 05 06 958.322000 1 1
1986 05 07 1050.951000 1 1
1986 05 08 1122.604000 1 1
1986 05 09 1175.499000 1 1
1986 05 10 1208.522000 1 1
1986 05 11 1225.168000 1 1
1986 05 12 1237.712000 1 1
1986 05 13 1250.305000 1 1
1986 05 14 1258.728000 1 1
1986 05 15 1262.948000 1 1
1986 05 16 1267.173000 1 1
1986 05 17 1267.173000 1 1
1986 05 18 1254.514000 1 1
1986 05 19 1233.525000 1 1
1986 05 20 1200.233000 1 1
1986 05 21 1163.208000 1 1
1986 05 22 1114.551000 1 1
1986 05 23 1066.714000 1 1
1986 05 24 1015.823000 1 1
1986 05 25 876.383000 1 1
1986 05 26 891.067000 1 1
1986 05 27 800.873000 1 1
1986 05 28 738.292000 1 1
1986 05 29 704.393000 1 1
1986 05 30 674.421000 1 1
1986 05 31 704.393000 1 1
1986 06 01 800.873000 1 1
1986 06 02 869.077000 1 1
1986 06 03 913.272000 1 1
1986 06 04 962.114000 1 1
1986 06 05 1027.480000 1 1
1986 06 06 1070.668000 1 1
1986 06 07 1090.529000 1 1
1986 06 08 1106.521000 1 1
1986 06 09 1134.725000 1 1
1986 06 10 1159.122000 1 1
1986 06 11 1183.721000 1 1
1986 06 12 1204.375000 1 1
1986 06 13 1225.168000 1 1
1986 06 14 1258.728000 1 1
1986 06 15 1271.404000 1 1
1986 06 16 1271.404000 1 1
1986 06 17 1262.948000 1 1
1986 06 18 1246.101000 1 1
1986 06 19 1229.344000 1 1
1986 06 20 1216.834000 1 1
1986 06 21 1200.233000 1 1
1986 06 22 1175.499000 1 1
1986 06 23 1138.777000 1 1
1986 06 24 1106.521000 1 1
1986 06 25 1066.714000 1 1
1986 06 26 1027.480000 1 1
1986 06 27 965.912000 1 1
1986 06 28 872.727000 1 1
1986 06 29 776.299000 1 1
1986 06 30 748.584000 1 1
1986 07 01 847.303000 1 1
1986 07 02 962.114000 1 1
1986 07 03 1031.377000 1 1
1986 07 04 1070.668000 1 1
1986 07 05 1078.596000 1 1
1986 07 06 1082.568000 1 1
1986 07 07 1066.714000 1 1
1986 07 08 1050.951000 1 1
1986 07 09 1031.377000 1 1
1986 07 10 1011.948000 1 1
1986 07 11 1008.080000 1 1
1986 07 12 1023.589000 1 1
1986 07 13 1031.377000 1 1
1986 07 14 1004.218000 1 1
1986 07 15 958.322000 1 1
1986 07 16 916.994000 1 1
1986 07 17 883.713000 1 1
1986 07 18 843.695000 1 1
1986 07 19 797.344000 1 1
1986 07 20 731.463000 1 1
1986 07 21 654.724000 1 1
1986 07 22 593.873000 1 1
1986 07 23 562.788000 1 1
1986 07 24 556.650000 1 1
1986 07 25 559.715000 1 1
1986 07 26 638.485000 1 1
1986 07 27 691.009000 1 1
1986 07 28 731.463000 1 1
1986 07 29 752.026000 1 1
1986 07 30 748.584000 1 1
1986 07 31 728.057000 1 1
1986 08 01 701.038000 1 1
1986 08 02 671.122000 1 1
1986 08 03 590.735000 1 1
1986 08 04 511.460000 1 1
1986 08 05 470.648000 1 1
1986 08 06 456.397000 1 1
1986 08 07 445.119000 1 1
1986 08 08 420.152000 1 1
1986 08 09 393.078000 1 1
1986 08 10 371.931000 1 1
1986 08 11 356.374000 1 1
1986 08 12 336.038000 1 1
1986 08 13 318.630000 1 1
1986 08 14 304.000000 1 1
1986 08 15 299.184000 1 1
1986 08 16 289.641000 1 1
1986 08 17 287.275000 1 1
1986 08 18 284.915000 1 1
1986 08 19 277.884000 1 1
1986 08 20 270.922000 1 1
1986 08 21 264.030000 1 1
1986 08 22 257.207000 1 1
1986 08 23 248.219000 1 1
1986 08 24 304.000000 1 1
1986 08 25 321.095000 1 1
1986 08 26 313.724000 1 1
1986 08 27 299.184000 1 1
1986 08 28 284.915000 1 1
1986 08 29 270.922000 1 1
1986 08 30 261.747000 1 1
1986 08 31 250.454000 1 1
1986 09 01 241.561000 1 1
1986 09 02 234.973000 1 1
1986 09 03 226.302000 1 1
1986 09 04 219.883000 1 1
1986 09 05 217.759000 1 1
1986 09 06 239.357000 1 1
1986 09 07 275.556000 1 1
1986 09 08 294.397000 1 1
1986 09 09 299.184000 1 1
1986 09 10 294.397000 1 1
1986 09 11 292.015000 1 1
1986 09 12 284.915000 1 1
1986 09 13 280.220000 1 1
1986 09 14 275.556000 1 1
1986 09 15 268.617000 1 1
1986 09 16 245.992000 1 1
1986 09 17 217.759000 1 1
1986 09 18 213.536000 1 1
1986 09 19 192.911000 1 1
1986 09 20 186.885000 1 1
1986 09 21 203.121000 1 1
1986 09 22 266.319000 1 1
1986 09 23 326.046000 1 1
1986 09 24 385.095000 1 1
1986 09 25 387.749000 1 1
1986 09 26 364.120000 1 1
1986 09 27 333.529000 1 1
1986 09 28 321.095000 1 1
1986 09 29 374.550000 1 1
1986 09 30 467.784000 1 1
1986 10 01 493.806000 1 1
1986 10 02 490.888000 1 1
1986 10 03 479.281000 1 1
1986 10 04 431.179000 1 1
1986 10 05 439.522000 1 1
1986 10 06 450.744000 1 1
1986 10 07 464.927000 1 1
1986 10 08 436.734000 1 1
1986 10 09 382.448000 1 1
1986 10 10 353.806000 1 1
1986 10 11 341.078000 1 1
1986 10 12 316.173000 1 1
1986 10 13 433.953000 1 1
1986 10 14 622.407000 1 1
1986 10 15 724.658000 1 1
1986 10 16 748.584000 1 1
1986 10 17 738.292000 1 1
1986 10 18 691.009000 1 1
1986 10 19 597.018000 1 1
1986 10 20 520.378000 1 1
1986 10 21 431.179000 1 1
1986 10 22 409.238000 1 1
1986 10 23 422.898000 1 1
1986 10 24 422.898000 1 1
1986 10 25 420.152000 1 1
1986 10 26 425.652000 1 1
1986 10 27 439.522000 1 1
1986 10 28 456.397000 1 1
1986 10 29 445.119000 1 1
1986 10 30 428.412000 1 1
1986 10 31 401.126000 1 1
1986 11 01 433.953000 1 1
1986 11 02 479.281000 1 1
1986 11 03 496.732000 1 1
1986 11 04 479.281000 1 1
1986 11 05 470.648000 1 1
1986 11 06 456.397000 1 1
1986 11 07 428.412000 1 1
1986 11 08 390.410000 1 1
1986 11 09 351.246000 1 1
1986 11 10 313.724000 1 1
1986 11 11 296.787000 1 1
1986 11 12 321.095000 1 1
1986 11 13 428.412000 1 1
1986 11 14 505.548000 1 1
1986 11 15 556.650000 1 1
1986 11 16 568.952000 1 1
1986 11 17 562.788000 1 1
1986 11 18 535.374000 1 1
1986 11 19 502.603000 1 1
1986 11 20 485.071000 1 1
1986 11 21 485.071000 1 1
1986 11 22 417.413000 1 1
1986 11 23 364.120000 1 1
1986 11 24 371.931000 1 1
1986 11 25 422.898000 1 1
1986 11 26 499.664000 1 1
1986 11 27 572.044000 1 1
1986 11 28 597.018000 1 1
1986 11 29 587.604000 1 1
1986 11 30 572.044000 1 1
1986 12 01 638.485000 1 1
1986 12 02 758.931000 1 1
1986 12 03 800.873000 1 1
1986 12 04 776.299000 1 1
1986 12 05 738.292000 1 1
1986 12 06 691.009000 1 1
1986 12 07 667.830000 1 1
1986 12 08 654.724000 1 1
1986 12 09 609.661000 1 1
1986 12 10 544.453000 1 1
1986 12 11 482.172000 1 1
1986 12 12 428.412000 1 1
1986 12 13 377.175000 1 1
1986 12 14 341.078000 1 1
1986 12 15 326.046000 1 1
1986 12 16 313.724000 1 1
1986 12 17 311.282000 1 1
1986 12 18 299.184000 1 1
1986 12 19 277.884000 1 1
1986 12 20 248.219000 1 1
1986 12 21 226.302000 1 1
1986 12 22 219.883000 1 1
1986 12 23 266.319000 1 1
1986 12 24 328.533000 1 1
1986 12 25 358.948000 1 1
1986 12 26 353.806000 1 1
1986 12 27 289.641000 1 1
1986 12 28 250.454000 1 1
1986 12 29 264.030000 1 1
1986 12 30 301.588000 1 1
1986 12 31 361.531000 1 1
1987 01 01 422.898000 1 1
1987 01 02 473.519000 1 1
1987 01 03 485.071000 1 1
1987 01 04 485.071000 1 1
1987 01 05 508.501000 1 1
1987 01 06 520.378000 1 1
1987 01 07 493.806000 1 1
1987 01 08 439.522000 1 1
1987 01 09 398.436000 1 1
1987 01 10 313.724000 1 1
1987 01 11 282.564000 1 1
1987 01 12 241.561000 1 1
1987 01 13 222.014000 1 1
1987 01 14 199.012000 1 1
1987 01 15 203.121000 1 1
1987 01 16 254.948000 1 1
1987 01 17 296.787000 1 1
1987 01 18 294.397000 1 1
1987 01 19 273.235000 1 1
1987 01 20 241.561000 1 1
1987 01 21 217.759000 1 1
1987 01 22 203.121000 1 1
1987 01 23 201.063000 1 1
1987 01 24 226.302000 1 1
1987 01 25 289.641000 1 1
1987 01 26 318.630000 1 1
1987 01 27 351.246000 1 1
1987 01 28 395.754000 1 1
1987 01 29 401.126000 1 1
1987 01 30 453.567000 1 1
1987 01 31 514.426000 1 1
1987 02 01 523.364000 1 1
1987 02 02 499.664000 1 1
1987 02 03 445.119000 1 1
1987 02 04 371.931000 1 1
1987 02 05 308.847000 1 1
1987 02 06 266.319000 1 1
1987 02 07 243.772000 1 1
1987 02 08 257.207000 1 1
1987 02 09 296.787000 1 1
1987 02 10 328.533000 1 1
1987 02 11 346.147000 1 1
1987 02 12 476.397000 1 1
1987 02 13 606.490000 1 1
1987 02 14 731.463000 1 1
1987 02 15 786.794000 1 1
1987 02 16 800.873000 1 1
1987 02 17 825.747000 1 1
1987 02 18 807.950000 1 1
1987 02 19 741.717000 1 1
1987 02 20 654.724000 1 1
1987 02 21 572.044000 1 1
1987 02 22 517.398000 1 1
1987 02 23 508.501000 1 1
1987 02 24 538.394000 1 1
1987 02 25 590.735000 1 1
1987 02 26 597.018000 1 1
1987 02 27 550.538000 1 1
1987 02 28 493.806000 1 1
1987 03 01 433.953000 1 1
1987 03 02 390.410000 1 1
1987 03 03 425.652000 1 1
1987 03 04 470.648000 1 1
1987 03 05 493.806000 1 1
1987 03 06 479.281000 1 1
1987 03 07 417.413000 1 1
1987 03 08 353.806000 1 1
1987 03 09 308.847000 1 1
1987 03 10 280.220000 1 1
1987 03 11 259.473000 1 1
1987 03 12 316.173000 1 1
1987 03 13 356.374000 1 1
1987 03 14 382.448000 1 1
1987 03 15 496.732000 1 1
1987 03 16 547.492000 1 1
1987 03 17 572.044000 1 1
1987 03 18 612.837000 1 1
1987 03 19 625.610000 1 1
1987 03 20 628.819000 1 1
1987 03 21 619.211000 1 1
1987 03 22 612.837000 1 1
1987 03 23 606.490000 1 1
1987 03 24 606.490000 1 1
1987 03 25 593.873000 1 1
1987 03 26 572.044000 1 1
1987 03 27 544.453000 1 1
1987 03 28 496.732000 1 1
1987 03 29 467.784000 1 1
1987 03 30 485.071000 1 1
1987 03 31 493.806000 1 1
1987 04 01 717.878000 1 1
1987 04 02 714.497000 1 1
1987 04 03 687.679000 1 1
1987 04 04 654.724000 1 1
1987 04 05 603.326000 1 1
1987 04 06 544.453000 1 1
1987 04 07 499.664000 1 1
1987 04 08 470.648000 1 1
1987 04 09 425.652000 1 1
1987 04 10 411.956000 1 1
1987 04 11 590.735000 1 1
1987 04 12 772.813000 1 1
1987 04 13 909.556000 1 1
1987 04 14 1155.042000 1 1
1987 04 15 1246.101000 1 1
1987 04 16 1284.130000 1 1
1987 04 17 1262.948000 1 1
1987 04 18 1220.999000 1 1
1987 04 19 1167.299000 1 1
1987 04 20 1130.679000 1 1
1987 04 21 1126.639000 1 1
1987 04 22 1114.551000 1 1
1987 04 23 1086.546000 1 1
1987 04 24 1106.521000 1 1
1987 04 25 1212.676000 1 1
1987 04 26 1262.948000 1 1
1987 04 27 1296.906000 1 1
1987 04 28 1331.216000 1 1
1987 04 29 1220.999000 1 1
1987 04 30 1357.179000 1 1
1987 05 01 1454.048000 1 1
1987 05 02 1608.855000 1 1
1987 05 03 1669.658000 1 1
1987 05 04 1702.764000 1 1
1987 05 05 1712.269000 1 1
1987 05 06 1707.514000 1 1
1987 05 07 1702.764000 1 1
1987 05 08 1698.019000 1 1
1987 05 09 1683.815000 1 1
1987 05 10 1664.950000 1 1
1987 05 11 1632.136000 1 1
1987 05 12 1613.501000 1 1
1987 05 13 1594.949000 1 1
1987 05 14 1558.100000 1 1
1987 05 15 1512.514000 1 1
1987 05 16 1462.984000 1 1
1987 05 17 1418.521000 1 1
1987 05 18 1365.877000 1 1
1987 05 19 1305.450000 1 1
1987 05 20 1229.344000 1 1
1987 05 21 1130.679000 1 1
1987 05 22 1019.703000 1 1
1987 05 23 905.847000 1 1
1987 05 24 790.305000 1 1
1987 05 25 697.689000 1 1
1987 05 26 616.021000 1 1
1987 05 27 603.326000 1 1
1987 05 28 597.018000 1 1
1987 05 29 590.735000 1 1
1987 05 30 619.211000 1 1
1987 05 31 654.724000 1 1
1987 06 01 671.122000 1 1
1987 06 02 674.421000 1 1
1987 06 03 671.122000 1 1
1987 06 04 654.724000 1 1
1987 06 05 609.661000 1 1
1987 06 06 590.735000 1 1
1987 06 07 565.867000 1 1
1987 06 08 559.715000 1 1
1987 06 09 578.248000 1 1
1987 06 10 597.018000 1 1
1987 06 11 622.407000 1 1
1987 06 12 622.407000 1 1
1987 06 13 625.610000 1 1
1987 06 14 622.407000 1 1
1987 06 15 606.490000 1 1
1987 06 16 553.590000 1 1
1987 06 17 505.548000 1 1
1987 06 18 485.071000 1 1
1987 06 19 482.172000 1 1
1987 06 20 529.356000 1 1
1987 06 21 529.356000 1 1
1987 06 22 487.976000 1 1
1987 06 23 490.888000 1 1
1987 06 24 514.426000 1 1
1987 06 25 514.426000 1 1
1987 06 26 499.664000 1 1
1987 06 27 505.548000 1 1
1987 06 28 514.426000 1 1
1987 06 29 562.788000 1 1
1987 06 30 581.360000 1 1
1987 07 01 590.735000 1 1
1987 07 02 556.650000 1 1
1987 07 03 541.420000 1 1
1987 07 04 529.356000 1 1
1987 07 05 464.927000 1 1
1987 07 06 428.412000 1 1
1987 07 07 433.953000 1 1
1987 07 08 493.806000 1 1
1987 07 09 544.453000 1 1
1987 07 10 572.044000 1 1
1987 07 11 556.650000 1 1
1987 07 12 529.356000 1 1
1987 07 13 508.501000 1 1
1987 07 14 442.317000 1 1
1987 07 15 414.681000 1 1
1987 07 16 387.749000 1 1
1987 07 17 371.931000 1 1
1987 07 18 353.806000 1 1
1987 07 19 331.027000 1 1
1987 07 20 323.567000 1 1
1987 07 21 308.847000 1 1
1987 07 22 294.397000 1 1
1987 07 23 280.220000 1 1
1987 07 24 252.697000 1 1
1987 07 25 232.794000 1 1
1987 07 26 224.154000 1 1
1987 07 27 226.302000 1 1
1987 07 28 226.302000 1 1
1987 07 29 232.794000 1 1
1987 07 30 254.948000 1 1
1987 07 31 266.319000 1 1
1987 08 01 270.922000 1 1
1987 08 02 282.564000 1 1
1987 08 03 323.567000 1 1
1987 08 04 409.238000 1 1
1987 08 05 409.238000 1 1
1987 08 06 377.175000 1 1
1987 08 07 398.436000 1 1
1987 08 08 366.717000 1 1
1987 08 09 338.554000 1 1
1987 08 10 318.630000 1 1
1987 08 11 321.095000 1 1
1987 08 12 382.448000 1 1
1987 08 13 341.078000 1 1
1987 08 14 287.275000 1 1
1987 08 15 296.787000 1 1
1987 08 16 333.529000 1 1
1987 08 17 273.235000 1 1
1987 08 18 219.883000 1 1
1987 08 19 192.911000 1 1
1987 08 20 232.794000 1 1
1987 08 21 250.454000 1 1
1987 08 22 245.992000 1 1
1987 08 23 287.275000 1 1
1987 08 24 318.630000 1 1
1987 08 25 316.173000 1 1
1987 08 26 301.588000 1 1
1987 08 27 299.184000 1 1
1987 08 28 296.787000 1 1
1987 08 29 292.015000 1 1
1987 08 30 268.617000 1 1
1987 08 31 268.617000 1 1
1987 09 01 254.948000 1 1
1987 09 02 232.794000 1 1
1987 09 03 219.883000 1 1
1987 09 04 203.121000 1 1
1987 09 05 177.008000 1 1
1987 09 06 175.059000 1 1
1987 09 07 186.885000 1 1
1987 09 08 177.008000 1 1
1987 09 09 161.647000 1 1
1987 09 10 150.488000 1 1
1987 09 11 146.838000 1 1
1987 09 12 146.838000 1 1
1987 09 13 165.436000 1 1
1987 09 14 209.346000 1 1
1987 09 15 284.915000 1 1
1987 09 16 304.000000 1 1
1987 09 17 280.220000 1 1
1987 09 18 209.346000 1 1
1987 09 19 250.454000 1 1
1987 09 20 270.922000 1 1
1987 09 21 217.759000 1 1
1987 09 22 182.909000 1 1
1987 09 23 173.117000 1 1
1987 09 24 175.059000 1 1
1987 09 25 178.967000 1 1
1987 09 26 190.894000 1 1
1987 09 27 207.263000 1 1
1987 09 28 207.263000 1 1
1987 09 29 209.346000 1 1
1987 09 30 239.357000 1 1
