year month day streamflow_m3s qual_control_by_ana qual_flag
1999 09 01 nan nan 0
1999 09 02 nan nan 0
1999 09 03 nan nan 0
1999 09 04 nan nan 0
1999 09 05 nan nan 0
1999 09 06 nan nan 0
1999 09 07 nan nan 0
1999 09 08 nan nan 0
1999 09 09 nan nan 0
1999 09 10 nan nan 0
1999 09 11 nan nan 0
1999 09 12 nan nan 0
1999 09 13 nan nan 0
1999 09 14 nan nan 0
1999 09 15 nan nan 0
1999 09 16 nan nan 0
1999 09 17 nan nan 0
1999 09 18 nan nan 0
1999 09 19 nan nan 0
1999 09 20 nan nan 0
1999 09 21 nan nan 0
1999 09 22 nan nan 0
1999 09 23 4.232000 1 1
1999 09 24 5.219000 1 1
1999 09 25 7.475000 1 1
1999 09 26 6.682000 1 1
1999 09 27 6.301000 1 1
1999 09 28 5.930000 1 1
1999 09 29 5.569000 1 1
1999 09 30 5.569000 1 2
1999 10 01 4.880000 1 1
1999 10 02 4.880000 1 1
1999 10 03 4.551000 1 1
1999 10 04 4.551000 1 1
1999 10 05 4.551000 1 1
1999 10 06 4.232000 1 1
1999 10 07 3.924000 1 1
1999 10 08 3.924000 1 1
1999 10 09 3.924000 1 1
1999 10 10 3.627000 1 1
1999 10 11 3.341000 1 1
1999 10 12 3.341000 1 1
1999 10 13 3.065000 1 1
1999 10 14 3.065000 1 1
1999 10 15 2.801000 1 1
1999 10 16 2.801000 1 1
1999 10 17 2.547000 1 1
1999 10 18 2.547000 1 1
1999 10 19 2.305000 1 1
1999 10 20 2.073000 1 1
1999 10 21 1.853000 1 1
1999 10 22 1.853000 1 1
1999 10 23 1.645000 1 1
1999 10 24 1.645000 1 1
1999 10 25 1.645000 1 1
1999 10 26 1.645000 1 1
1999 10 27 1.645000 1 1
1999 10 28 3.924000 1 1
1999 10 29 4.880000 1 1
1999 10 30 5.219000 1 1
1999 10 31 5.219000 1 1
1999 11 01 5.219000 1 1
1999 11 02 6.682000 1 1
1999 11 03 7.073000 1 1
1999 11 04 7.073000 1 1
1999 11 05 7.073000 1 1
1999 11 06 7.475000 1 1
1999 11 07 7.475000 1 1
1999 11 08 9.183000 1 1
1999 11 09 12.555000 1 1
1999 11 10 15.826000 1 1
1999 11 11 18.198000 1 1
1999 11 12 17.591000 1 1
1999 11 13 16.993000 1 1
1999 11 14 18.198000 1 1
1999 11 15 18.198000 1 1
1999 11 16 18.198000 1 1
1999 11 17 16.993000 1 1
1999 11 18 16.405000 1 1
1999 11 19 16.405000 1 1
1999 11 20 18.198000 1 1
1999 11 21 18.815000 1 1
1999 11 22 19.442000 1 1
1999 11 23 20.722000 1 1
1999 11 24 24.088000 1 1
1999 11 25 26.947000 1 1
1999 11 26 28.431000 1 1
1999 11 27 28.431000 1 1
1999 11 28 26.218000 1 1
1999 11 29 26.218000 1 1
1999 11 30 26.947000 1 1
1999 12 01 29.952000 1 1
1999 12 02 31.509000 1 1
1999 12 03 35.561000 1 1
1999 12 04 41.609000 1 1
1999 12 05 48.090000 1 1
1999 12 06 58.091000 1 1
1999 12 07 59.139000 1 1
1999 12 08 62.334000 1 1
1999 12 09 65.605000 1 1
1999 12 10 68.954000 1 1
1999 12 11 81.883000 1 1
1999 12 12 148.390000 1 1
1999 12 13 185.628000 1 1
1999 12 14 192.808000 1 1
1999 12 15 191.001000 1 1
1999 12 16 189.202000 1 1
1999 12 17 191.001000 1 1
1999 12 18 185.628000 1 1
1999 12 19 176.829000 1 1
1999 12 20 169.932000 1 1
1999 12 21 168.228000 1 1
1999 12 22 173.365000 1 1
1999 12 23 203.812000 1 1
1999 12 24 260.925000 1 1
1999 12 25 379.316000 1 1
1999 12 26 448.714000 1 1
1999 12 27 467.577000 1 1
1999 12 28 486.796000 1 1
1999 12 29 512.028000 1 1
1999 12 30 537.845000 1 1
1999 12 31 588.196000 1 1
2000 01 01 634.338000 1 1
2000 01 02 678.843000 1 1
2000 01 03 741.454000 1 1
2000 01 04 845.454000 1 1
2000 01 05 921.969000 1 1
2000 01 06 963.260000 1 1
2000 01 07 986.133000 1 1
2000 01 08 1020.904000 1 1
2000 01 09 1100.150000 1 1
2000 01 10 1177.947000 1 1
2000 01 11 1232.580000 1 1
2000 01 12 1253.896000 1 1
2000 01 13 1332.019000 1 1
2000 01 14 1439.549000 1 1
2000 01 15 1527.389000 1 1
2000 01 16 1617.614000 1 1
2000 01 17 1675.822000 1 1
2000 01 18 1705.280000 1 1
2000 01 19 1700.354000 1 1
2000 01 20 1666.055000 1 1
2000 01 21 1632.077000 1 1
2000 01 22 1603.210000 1 1
2000 01 23 1565.089000 1 1
2000 01 24 1555.624000 1 1
2000 01 25 1569.831000 1 1
2000 01 26 1565.089000 1 1
2000 01 27 1555.624000 1 1
2000 01 28 1550.902000 1 1
2000 01 29 1546.186000 1 1
2000 01 30 1421.361000 1 1
2000 01 31 1385.305000 1 1
2000 02 01 1389.789000 1 1
2000 02 02 1394.279000 1 1
2000 02 03 1398.776000 1 1
2000 02 04 1444.113000 1 1
2000 02 05 1448.683000 1 1
2000 02 06 1476.243000 1 1
2000 02 07 1569.831000 1 1
2000 02 08 1661.181000 1 1
2000 02 09 1710.212000 1 1
2000 02 10 1800.117000 1 1
2000 02 11 1876.651000 1 1
2000 02 12 1923.273000 1 1
2000 02 13 2093.287000 1 1
2000 02 14 2225.127000 1 1
2000 02 15 2332.119000 1 1
2000 02 16 2429.802000 1 1
2000 02 17 2505.741000 1 1
2000 02 18 2618.658000 1 1
2000 02 19 2709.415000 1 1
2000 02 20 2832.631000 1 1
2000 02 21 2870.087000 1 1
2000 02 22 2863.828000 1 1
2000 02 23 2851.331000 1 1
2000 02 24 2813.989000 1 1
2000 02 25 2789.219000 1 1
2000 02 26 2770.708000 1 1
2000 02 27 2727.737000 1 1
2000 02 28 2672.942000 1 1
2000 02 29 2642.721000 1 1
2000 03 01 2612.658000 1 1
2000 03 02 2576.791000 1 1
2000 03 03 2547.076000 1 1
2000 03 04 2529.323000 1 1
2000 03 05 2523.418000 1 1
2000 03 06 2505.741000 1 1
2000 03 07 2458.882000 1 1
2000 03 08 2412.430000 1 1
2000 03 09 2372.118000 1 1
2000 03 10 2337.814000 1 1
2000 03 11 2292.433000 1 1
2000 03 12 2269.895000 1 1
2000 03 13 2247.460000 1 1
2000 03 14 2236.281000 1 1
2000 03 15 2286.789000 1 1
2000 03 16 2453.053000 1 1
2000 03 17 2715.516000 1 1
2000 03 18 2945.675000 1 1
2000 03 19 3132.066000 1 1
2000 03 20 3296.956000 1 1
2000 03 21 3452.081000 1 1
2000 03 22 nan nan 0
2000 03 23 nan nan 0
2000 03 24 nan nan 0
2000 03 25 nan nan 0
2000 03 26 3589.631000 1 1
2000 03 27 3513.673000 1 1
2000 03 28 3411.298000 1 1
2000 03 29 3323.699000 1 1
2000 03 30 3250.395000 1 1
2000 03 31 3190.979000 1 1
2000 04 01 3132.066000 1 1
2000 04 02 3067.200000 1 1
2000 04 03 2964.713000 1 1
2000 04 04 2964.713000 1 1
2000 04 05 2920.379000 1 1
2000 04 06 2832.631000 1 1
2000 04 07 2795.402000 1 1
2000 04 08 2752.254000 1 1
2000 04 09 2654.790000 1 1
2000 04 10 2582.753000 1 1
2000 04 11 2511.627000 1 1
2000 04 12 2435.605000 1 1
2000 04 13 2360.658000 1 1
2000 04 14 2230.701000 1 1
2000 04 15 2066.287000 1 1
2000 04 16 1897.307000 1 1
2000 04 17 1825.466000 1 1
2000 04 18 1830.555000 1 1
2000 04 19 1835.651000 1 1
2000 04 20 1840.753000 1 1
2000 04 21 1840.753000 1 1
2000 04 22 1871.503000 1 1
2000 04 23 2202.897000 1 1
2000 04 24 2202.897000 1 1
2000 04 25 2191.821000 1 1
2000 04 26 2142.294000 1 1
2000 04 27 2142.294000 1 1
2000 04 28 2136.823000 1 1
2000 04 29 2125.900000 1 1
2000 04 30 2120.449000 1 1
2000 05 01 2077.068000 1 1
2000 05 02 2055.532000 1 1
2000 05 03 2023.421000 1 1
2000 05 04 1975.692000 1 1
2000 05 05 1912.867000 1 1
2000 05 06 1845.862000 1 1
2000 05 07 1790.023000 1 1
2000 05 08 1734.974000 1 1
2000 05 09 1700.354000 1 1
2000 05 10 1670.935000 1 1
2000 05 11 1622.429000 1 1
2000 05 12 1569.831000 1 1
2000 05 13 1546.186000 1 1
2000 05 14 1480.859000 1 1
2000 05 15 1434.992000 1 1
2000 05 16 1376.357000 1 1
2000 05 17 1332.019000 1 1
2000 05 18 1275.379000 1 1
2000 05 19 1253.896000 1 1
2000 05 20 1211.432000 1 1
2000 05 21 1173.791000 1 1
2000 05 22 1124.453000 1 1
2000 05 23 1076.090000 1 1
2000 05 24 1013.129000 1 1
2000 05 25 993.812000 1 1
2000 05 26 959.472000 1 1
2000 05 27 929.414000 1 1
2000 05 28 903.475000 1 1
2000 05 29 849.028000 1 1
2000 05 30 813.596000 1 1
2000 05 31 782.301000 1 1
2000 06 01 751.571000 1 1
2000 06 02 721.408000 1 1
2000 06 03 695.073000 1 1
2000 06 04 669.190000 1 1
2000 06 05 640.611000 1 1
2000 06 06 609.530000 1 1
2000 06 07 582.165000 1 1
2000 06 08 555.379000 1 1
2000 06 09 526.299000 1 1
2000 06 10 503.552000 1 1
2000 06 11 481.268000 1 1
2000 06 12 464.860000 1 1
2000 06 13 443.390000 1 1
2000 06 14 424.987000 1 1
2000 06 15 409.499000 1 1
2000 06 16 391.763000 1 1
2000 06 17 376.849000 1 1
2000 06 18 359.786000 1 1
2000 06 19 347.821000 1 1
2000 06 20 329.064000 1 1
2000 06 21 315.311000 1 1
2000 06 22 301.828000 1 1
2000 06 23 288.616000 1 1
2000 06 24 277.814000 1 1
2000 06 25 267.201000 1 1
2000 06 26 256.779000 1 1
2000 06 27 246.547000 1 1
2000 06 28 236.507000 1 1
2000 06 29 224.713000 1 1
2000 06 30 217.004000 1 1
2000 07 01 209.419000 1 1
2000 07 02 201.959000 1 1
2000 07 03 196.445000 1 1
2000 07 04 189.202000 1 1
2000 07 05 180.325000 1 1
2000 07 06 171.645000 1 1
2000 07 07 164.842000 1 1
2000 07 08 150.000000 1 1
2000 07 09 140.463000 1 1
2000 07 10 138.902000 1 1
2000 07 11 134.266000 1 1
2000 07 12 128.197000 1 1
2000 07 13 123.730000 1 1
2000 07 14 117.888000 1 1
2000 07 15 112.176000 1 1
2000 07 16 115.016000 1 1
2000 07 17 113.592000 1 1
2000 07 18 109.369000 1 1
2000 07 19 106.594000 1 1
2000 07 20 103.853000 1 1
2000 07 21 99.802000 1 1
2000 07 22 98.468000 1 1
2000 07 23 94.516000 1 1
2000 07 24 90.639000 1 1
2000 07 25 88.095000 1 1
2000 07 26 84.343000 1 1
2000 07 27 79.456000 1 1
2000 07 28 73.537000 1 1
2000 07 29 70.087000 1 1
2000 07 30 64.506000 1 1
2000 07 31 60.195000 1 1
2000 08 01 56.022000 1 1
2000 08 02 52.982000 1 1
2000 08 03 50.021000 1 1
2000 08 04 48.090000 1 1
2000 08 05 46.194000 1 1
2000 08 06 44.334000 1 1
2000 08 07 43.417000 1 1
2000 08 08 40.718000 1 1
2000 08 09 38.099000 1 1
2000 08 10 35.561000 1 1
2000 08 11 34.733000 1 1
2000 08 12 33.913000 1 1
2000 08 13 37.244000 1 1
2000 08 14 34.733000 1 1
2000 08 15 32.302000 1 1
2000 08 16 32.302000 1 1
2000 08 17 29.952000 1 1
2000 08 18 29.187000 1 1
2000 08 19 26.947000 1 1
2000 08 20 25.499000 1 1
2000 08 21 24.088000 1 1
2000 08 22 22.714000 1 1
2000 08 23 21.377000 1 1
2000 08 24 20.077000 1 1
2000 08 25 18.815000 1 1
2000 08 26 17.591000 1 1
2000 08 27 16.993000 1 1
2000 08 28 15.826000 1 1
2000 08 29 14.697000 1 1
2000 08 30 13.606000 1 1
2000 08 31 13.606000 1 1
2000 09 01 13.076000 1 1
2000 09 02 12.043000 1 1
2000 09 03 12.043000 1 1
2000 09 04 11.050000 1 1
2000 09 05 10.097000 1 1
2000 09 06 11.542000 1 1
2000 09 07 17.591000 1 1
2000 09 08 17.591000 1 1
2000 09 09 18.198000 1 1
2000 09 10 18.198000 1 1
2000 09 11 17.591000 1 1
2000 09 12 16.993000 1 1
2000 09 13 15.826000 1 1
2000 09 14 15.257000 1 1
2000 09 15 15.826000 1 1
2000 09 16 16.993000 1 1
2000 09 17 19.442000 1 1
2000 09 18 20.722000 1 1
2000 09 19 22.714000 1 1
2000 09 20 22.714000 1 1
2000 09 21 22.041000 1 1
2000 09 22 21.377000 1 1
2000 09 23 20.077000 1 1
2000 09 24 18.815000 1 1
2000 09 25 17.591000 1 1
2000 09 26 17.591000 1 1
2000 09 27 16.993000 1 1
2000 09 28 19.442000 1 1
2000 09 29 23.396000 1 1
2000 09 30 25.499000 1 1
2000 10 01 29.187000 1 1
2000 10 02 28.431000 1 1
2000 10 03 37.244000 1 1
2000 10 04 38.963000 1 1
2000 10 05 38.963000 1 1
2000 10 06 38.099000 1 1
2000 10 07 36.398000 1 1
2000 10 08 36.398000 1 1
2000 10 09 34.733000 1 1
2000 10 10 33.913000 1 1
2000 10 11 31.509000 1 1
2000 10 12 29.187000 1 1
2000 10 13 26.218000 1 1
2000 10 14 24.088000 1 1
2000 10 15 22.041000 1 1
2000 10 16 22.041000 1 1
2000 10 17 22.041000 1 1
2000 10 18 22.041000 1 1
2000 10 19 20.722000 1 1
2000 10 20 20.722000 1 1
2000 10 21 19.442000 1 1
2000 10 22 18.815000 1 1
2000 10 23 18.198000 1 1
2000 10 24 18.198000 1 1
2000 10 25 18.198000 1 1
2000 10 26 18.198000 1 1
2000 10 27 18.198000 1 1
2000 10 28 16.993000 1 1
2000 10 29 16.993000 1 1
2000 10 30 16.993000 1 1
2000 10 31 19.442000 1 1
2000 11 01 25.499000 1 1
2000 11 02 26.218000 1 1
2000 11 03 29.187000 1 1
2000 11 04 35.561000 1 1
2000 11 05 36.398000 1 1
2000 11 06 37.244000 1 1
2000 11 07 44.334000 1 1
2000 11 08 51.986000 1 1
2000 11 09 59.139000 1 1
2000 11 10 68.954000 1 1
2000 11 11 81.883000 1 1
2000 11 12 91.923000 1 1
2000 11 13 107.978000 1 1
2000 11 14 116.448000 1 1
2000 11 15 132.737000 1 1
2000 11 16 140.463000 1 1
2000 11 17 145.195000 1 1
2000 11 18 151.617000 1 1
2000 11 19 154.876000 1 1
2000 11 20 159.823000 1 1
2000 11 21 176.829000 1 1
2000 11 22 207.543000 1 1
2000 11 23 220.843000 1 1
2000 11 24 218.920000 1 1
2000 11 25 211.304000 1 1
2000 11 26 201.959000 1 1
2000 11 27 191.001000 1 1
2000 11 28 182.085000 1 1
2000 11 29 176.829000 1 1
2000 11 30 175.093000 1 1
2000 12 01 166.531000 1 1
2000 12 02 163.161000 1 1
2000 12 03 163.161000 1 1
2000 12 04 163.161000 1 1
2000 12 05 161.488000 1 1
2000 12 06 166.531000 1 1
2000 12 07 180.325000 1 1
2000 12 08 198.275000 1 1
2000 12 09 220.843000 1 1
2000 12 10 269.308000 1 1
2000 12 11 333.709000 1 1
2000 12 12 409.499000 1 1
2000 12 13 473.032000 1 1
2000 12 14 509.195000 1 1
2000 12 15 549.506000 1 1
2000 12 16 624.981000 1 1
2000 12 17 754.958000 1 1
2000 12 18 874.243000 1 1
2000 12 19 963.260000 1 1
2000 12 20 997.662000 1 1
2000 12 21 986.133000 1 1
2000 12 22 970.857000 1 1
2000 12 23 959.472000 1 1
2000 12 24 944.388000 1 1
2000 12 25 933.148000 1 1
2000 12 26 918.256000 1 1
2000 12 27 918.256000 1 1
2000 12 28 910.852000 1 1
2000 12 29 817.108000 1 1
2000 12 30 771.995000 1 1
2000 12 31 728.062000 1 1
2001 01 01 704.896000 1 1
2001 01 02 685.314000 1 1
2001 01 03 662.789000 1 1
2001 01 04 650.073000 1 1
2001 01 05 637.471000 1 1
2001 01 06 621.877000 1 1
2001 01 07 612.606000 1 1
2001 01 08 618.779000 1 1
2001 01 09 653.242000 1 1
2001 01 10 751.571000 1 1
2001 01 11 734.744000 1 1
2001 01 12 921.969000 1 1
2001 01 13 1288.349000 1 1
2001 01 14 1421.361000 1 1
2001 01 15 1513.361000 1 1
2001 01 16 1569.831000 1 1
2001 01 17 1588.865000 1 1
2001 01 18 1579.335000 1 1
2001 01 19 1560.353000 1 1
2001 01 20 1536.774000 1 1
2001 01 21 1499.392000 1 1
2001 01 22 1453.260000 1 1
2001 01 23 1407.790000 1 1
2001 01 24 1385.305000 1 1
2001 01 25 1362.986000 1 1
2001 01 26 1340.834000 1 1
2001 01 27 1327.622000 1 1
2001 01 28 1314.471000 1 1
2001 01 29 1314.471000 1 1
2001 01 30 1318.848000 1 1
2001 01 31 1416.831000 1 1
2001 02 01 1467.030000 1 1
2001 02 02 1499.392000 1 1
2001 02 03 1518.030000 1 1
2001 02 04 1560.353000 1 1
2001 02 05 1641.752000 1 1
2001 02 06 1695.434000 1 1
2001 02 07 1715.151000 1 1
2001 02 08 1710.212000 1 1
2001 02 09 1690.521000 1 1
2001 02 10 1646.600000 1 1
2001 02 11 1608.005000 1 1
2001 02 12 1574.579000 1 1
2001 02 13 1532.078000 1 1
2001 02 14 1494.749000 1 1
2001 02 15 1453.260000 1 1
2001 02 16 1425.898000 1 1
2001 02 17 1416.831000 1 1
2001 02 18 1439.549000 1 1
2001 02 19 1457.843000 1 1
2001 02 20 1476.243000 1 1
2001 02 21 1522.707000 1 1
2001 02 22 1560.353000 1 1
2001 02 23 1588.865000 1 1
2001 02 24 1603.210000 1 1
2001 02 25 1598.422000 1 1
2001 02 26 1636.911000 1 1
2001 02 27 1670.935000 1 1
2001 02 28 1646.600000 1 1
2001 03 01 1690.521000 1 1
2001 03 02 1754.900000 1 1
2001 03 03 1815.307000 1 1
2001 03 04 1861.227000 1 1
2001 03 05 1907.674000 1 1
2001 03 06 1938.931000 1 1
2001 03 07 1991.543000 1 1
2001 03 08 2034.099000 1 1
2001 03 09 2039.448000 1 1
2001 03 10 2039.448000 1 1
2001 03 11 2066.287000 1 1
2001 03 12 2147.771000 1 1
2001 03 13 2258.665000 1 1
2001 03 14 2360.658000 1 1
2001 03 15 2453.053000 1 1
2001 03 16 2535.234000 1 1
2001 03 17 2636.696000 1 1
2001 03 18 2739.983000 1 1
2001 03 19 2857.576000 1 1
2001 03 20 2958.361000 1 1
2001 03 21 2983.807000 1 1
2001 03 22 3054.302000 1 1
2001 03 23 3132.066000 1 1
2001 03 24 3190.979000 1 1
2001 03 25 3223.926000 1 1
2001 03 26 3237.148000 1 1
2001 03 27 3237.148000 1 1
2001 03 28 3237.148000 1 1
2001 03 29 3237.148000 1 1
2001 03 30 3237.148000 1 1
2001 03 31 3230.534000 1 1
2001 04 01 3223.926000 1 1
2001 04 02 3210.728000 1 1
2001 04 03 3197.556000 1 1
2001 04 04 3184.408000 1 1
2001 04 05 3171.285000 1 1
2001 04 06 3151.648000 1 1
2001 04 07 3138.587000 1 1
2001 04 08 3106.045000 1 1
2001 04 09 3080.124000 1 1
2001 04 10 3041.428000 1 1
2001 04 11 2996.568000 1 1
2001 04 12 2939.342000 1 1
2001 04 13 2876.351000 1 1
2001 04 14 2813.989000 1 1
2001 04 15 2715.516000 1 1
2001 04 16 2624.664000 1 1
2001 04 17 2517.519000 1 1
2001 04 18 2395.115000 1 1
2001 04 19 2298.083000 1 1
2001 04 20 2214.000000 1 1
2001 04 21 2197.356000 1 1
2001 04 22 2186.292000 1 1
2001 04 23 2153.255000 1 1
2001 04 24 2115.004000 1 1
2001 04 25 2087.875000 1 1
2001 04 26 2050.164000 1 1
2001 04 27 1986.253000 1 1
2001 04 28 1965.156000 1 1
2001 04 29 1918.067000 1 1
2001 04 30 1876.651000 1 1
2001 05 01 1835.651000 1 1
2001 05 02 1764.903000 1 1
2001 05 03 1675.822000 1 1
2001 05 04 1612.806000 1 1
2001 05 05 1546.186000 1 1
2001 05 06 1476.243000 1 1
2001 05 07 1412.307000 1 1
2001 05 08 1354.105000 1 1
2001 05 09 1310.101000 1 1
2001 05 10 1271.069000 1 1
2001 05 11 1232.580000 1 1
2001 05 12 1198.825000 1 1
2001 05 13 1177.947000 1 1
2001 05 14 1153.115000 1 1
2001 05 15 1132.609000 1 1
2001 05 16 1108.224000 1 1
2001 05 17 1100.150000 1 1
2001 05 18 1076.090000 1 1
2001 05 19 1060.187000 1 1
2001 05 20 1036.535000 1 1
2001 05 21 1009.252000 1 1
2001 05 22 978.482000 1 1
2001 05 23 918.256000 1 1
2001 05 24 914.550000 1 1
2001 05 25 910.852000 1 1
2001 05 26 907.160000 1 1
2001 05 27 907.160000 1 1
2001 05 28 903.475000 1 1
2001 05 29 896.125000 1 1
2001 05 30 877.873000 1 1
2001 05 31 870.620000 1 1
2001 06 01 845.454000 1 1
2001 06 02 824.153000 1 1
2001 06 03 803.102000 1 1
2001 06 04 782.301000 1 1
2001 06 05 768.573000 1 1
2001 06 06 754.958000 1 1
2001 06 07 724.731000 1 1
2001 06 08 711.480000 1 1
2001 06 09 682.075000 1 1
2001 06 10 653.242000 1 1
2001 06 11 631.212000 1 1
2001 06 12 606.461000 1 1
2001 06 13 582.165000 1 1
2001 06 14 561.282000 1 1
2001 06 15 523.430000 1 1
2001 06 16 500.741000 1 1
2001 06 17 484.029000 1 1
2001 06 18 464.860000 1 1
2001 06 19 446.048000 1 1
2001 06 20 432.830000 1 1
2001 06 21 430.208000 1 1
2001 06 22 414.632000 1 1
2001 06 23 401.854000 1 1
2001 06 24 379.316000 1 1
2001 06 25 369.492000 1 1
2001 06 26 359.786000 1 1
2001 06 27 350.199000 1 1
2001 06 28 338.383000 1 1
2001 06 29 322.154000 1 1
2001 06 30 313.045000 1 1
2001 07 01 304.056000 1 1
2001 07 02 292.990000 1 1
2001 07 03 286.440000 1 1
2001 07 04 279.959000 1 1
2001 07 05 269.308000 1 1
2001 07 06 256.779000 1 1
2001 07 07 250.617000 1 1
2001 07 08 244.524000 1 1
2001 07 09 236.507000 1 1
2001 07 10 226.659000 1 1
2001 07 11 213.196000 1 1
2001 07 12 205.674000 1 1
2001 07 13 194.623000 1 1
2001 07 14 183.853000 1 1
2001 07 15 180.325000 1 1
2001 07 16 171.645000 1 1
2001 07 17 163.161000 1 1
2001 07 18 153.242000 1 1
2001 07 19 146.789000 1 1
2001 07 20 138.902000 1 1
2001 07 21 132.737000 1 1
2001 07 22 126.700000 1 1
2001 07 23 122.258000 1 1
2001 07 24 117.888000 1 1
2001 07 25 113.592000 1 1
2001 07 26 110.768000 1 1
2001 07 27 107.978000 1 1
2001 07 28 103.853000 1 1
2001 07 29 97.143000 1 1
2001 07 30 94.516000 1 1
2001 07 31 89.363000 1 1
2001 08 01 85.585000 1 1
2001 08 02 79.456000 1 1
2001 08 03 74.704000 1 1
2001 08 04 70.087000 1 1
2001 08 05 65.605000 1 1
2001 08 06 60.195000 1 1
2001 08 07 57.052000 1 1
2001 08 08 52.982000 1 1
2001 08 09 49.051000 1 1
2001 08 10 45.260000 1 1
2001 08 11 43.417000 1 1
2001 08 12 39.836000 1 1
2001 08 13 37.244000 1 1
2001 08 14 35.561000 1 1
2001 08 15 33.103000 1 1
2001 08 16 30.726000 1 1
2001 08 17 29.187000 1 1
2001 08 18 26.947000 1 1
2001 08 19 25.499000 1 1
2001 08 20 24.088000 1 1
2001 08 21 23.396000 1 1
2001 08 22 21.377000 1 1
2001 08 23 20.077000 1 1
2001 08 24 18.815000 1 1
2001 08 25 18.198000 1 1
2001 08 26 17.591000 1 1
2001 08 27 15.826000 1 1
2001 08 28 14.697000 1 1
2001 08 29 14.147000 1 1
2001 08 30 13.076000 1 1
2001 08 31 13.076000 1 1
2001 09 01 12.043000 1 1
2001 09 02 10.568000 1 1
2001 09 03 9.183000 1 1
2001 09 04 9.183000 1 1
2001 09 05 8.308000 1 1
2001 09 06 7.887000 1 1
2001 09 07 7.887000 1 1
2001 09 08 7.475000 1 1
2001 09 09 7.475000 1 1
2001 09 10 7.475000 1 1
2001 09 11 7.073000 1 1
2001 09 12 7.073000 1 1
2001 09 13 7.475000 1 1
2001 09 14 7.887000 1 1
2001 09 15 7.887000 1 1
2001 09 16 7.887000 1 1
2001 09 17 7.887000 1 1
2001 09 18 7.475000 1 1
2001 09 19 7.887000 1 1
2001 09 20 8.740000 1 1
2001 09 21 9.635000 1 1
2001 09 22 11.050000 1 1
2001 09 23 12.043000 1 1
2001 09 24 12.043000 1 1
2001 09 25 12.043000 1 1
2001 09 26 11.542000 1 1
2001 09 27 11.050000 1 1
2001 09 28 10.568000 1 1
2001 09 29 9.635000 1 1
2001 09 30 9.183000 1 1
2001 10 01 8.308000 1 1
2001 10 02 7.475000 1 1
2001 10 03 6.682000 1 1
2001 10 04 5.930000 1 1
2001 10 05 5.930000 1 1
2001 10 06 5.569000 1 1
2001 10 07 5.930000 1 1
2001 10 08 5.930000 1 1
2001 10 09 5.930000 1 1
2001 10 10 7.073000 1 1
2001 10 11 6.682000 1 1
2001 10 12 6.301000 1 1
2001 10 13 5.930000 1 1
2001 10 14 5.930000 1 1
2001 10 15 5.569000 1 1
2001 10 16 5.219000 1 1
2001 10 17 5.219000 1 1
2001 10 18 5.219000 1 1
2001 10 19 6.301000 1 1
2001 10 20 9.635000 1 1
2001 10 21 14.147000 1 1
2001 10 22 15.826000 1 1
2001 10 23 19.442000 1 1
2001 10 24 20.077000 1 1
2001 10 25 19.442000 1 1
2001 10 26 18.815000 1 1
2001 10 27 17.591000 1 1
2001 10 28 16.993000 1 1
2001 10 29 15.826000 1 1
2001 10 30 15.826000 1 1
2001 10 31 13.606000 1 1
2001 11 01 15.257000 1 1
2001 11 02 15.826000 1 1
2001 11 03 17.591000 1 1
2001 11 04 20.077000 1 1
2001 11 05 20.722000 1 1
2001 11 06 21.377000 1 1
2001 11 07 21.377000 1 1
2001 11 08 20.077000 1 1
2001 11 09 19.442000 1 1
2001 11 10 18.198000 1 1
2001 11 11 17.591000 1 1
2001 11 12 16.993000 1 1
2001 11 13 15.257000 1 1
2001 11 14 14.147000 1 1
2001 11 15 12.043000 1 1
2001 11 16 12.043000 1 1
2001 11 17 13.606000 1 1
2001 11 18 15.826000 1 1
2001 11 19 15.826000 1 1
2001 11 20 15.257000 1 1
2001 11 21 14.697000 1 1
2001 11 22 14.147000 1 1
2001 11 23 13.606000 1 1
2001 11 24 16.993000 1 1
2001 11 25 21.377000 1 1
2001 11 26 30.726000 1 1
2001 11 27 37.244000 1 1
2001 11 28 36.398000 1 1
2001 11 29 36.398000 1 1
2001 11 30 38.963000 1 1
2001 12 01 45.260000 1 1
2001 12 02 52.982000 1 1
2001 12 03 99.802000 1 1
2001 12 04 95.825000 1 1
2001 12 05 119.337000 1 1
2001 12 06 132.737000 1 1
2001 12 07 140.463000 1 1
2001 12 08 146.789000 1 1
2001 12 09 153.242000 1 1
2001 12 10 154.876000 1 1
2001 12 11 154.876000 1 1
2001 12 12 166.531000 1 1
2001 12 13 185.628000 1 1
2001 12 14 207.543000 1 1
2001 12 15 236.507000 1 1
2001 12 16 263.009000 1 1
2001 12 17 284.272000 1 1
2001 12 18 292.990000 1 1
2001 12 19 299.607000 1 1
2001 12 20 304.056000 1 1
2001 12 21 315.311000 1 1
2001 12 22 333.709000 1 1
2001 12 23 369.492000 1 1
2001 12 24 417.210000 1 1
2001 12 25 481.268000 1 1
2001 12 26 537.845000 1 1
2001 12 27 591.223000 1 1
2001 12 28 646.912000 1 1
2001 12 29 698.341000 1 1
2001 12 30 734.744000 1 1
2001 12 31 751.571000 1 1
2002 01 01 789.207000 1 1
2002 01 02 870.620000 1 1
2002 01 03 935.017000 1 1
2002 01 04 995.736000 1 1
2002 01 05 1009.252000 1 1
2002 01 06 1028.706000 1 1
2002 01 07 1062.169000 1 1
2002 01 08 1122.418000 1 1
2002 01 09 1165.500000 1 1
2002 01 10 1217.759000 1 1
2002 01 11 1266.766000 1 1
2002 01 12 1292.686000 1 1
2002 01 13 1316.659000 1 1
2002 01 14 1345.251000 1 1
2002 01 15 1387.546000 1 1
2002 01 16 1460.137000 1 1
2002 01 17 1527.389000 1 1
2002 01 18 1579.335000 1 1
2002 01 19 1615.209000 1 1
2002 01 20 1661.181000 1 1
2002 01 21 1717.624000 1 1
2002 01 22 1747.415000 1 1
2002 01 23 1759.898000 1 1
2002 01 24 1767.407000 1 1
2002 01 25 1767.407000 1 1
2002 01 26 1757.398000 1 1
2002 01 27 1739.945000 1 1
2002 01 28 1717.624000 1 1
2002 01 29 1688.067000 1 1
2002 01 30 1651.454000 1 1
2002 01 31 1610.405000 1 1
2002 02 01 1565.089000 1 1
2002 02 02 1515.695000 1 1
2002 02 03 1467.030000 1 1
2002 02 04 1421.361000 1 1
2002 02 05 1329.820000 1 1
2002 02 06 1288.349000 1 1
2002 02 07 1297.030000 1 1
2002 02 08 1314.471000 1 1
2002 02 09 1336.423000 1 1
2002 02 10 1371.893000 1 1
2002 02 11 1401.027000 1 1
2002 02 12 1439.549000 1 1
2002 02 13 1480.859000 1 1
2002 02 14 1522.707000 1 1
2002 02 15 1569.831000 1 1
2002 02 16 1610.405000 1 1
2002 02 17 1641.752000 1 1
2002 02 18 1663.617000 1 1
2002 02 19 1688.067000 1 1
2002 02 20 1712.681000 1 1
2002 02 21 1752.404000 1 1
2002 02 22 1779.955000 1 1
2002 02 23 1800.117000 1 1
2002 02 24 1800.117000 1 1
2002 02 25 1784.986000 1 1
2002 02 26 1772.422000 1 1
2002 02 27 1749.909000 1 1
2002 02 28 1730.008000 1 1
2002 03 01 1707.745000 1 1
2002 03 02 1678.268000 1 1
2002 03 03 1678.268000 1 1
2002 03 04 1697.893000 1 1
2002 03 05 1712.681000 1 1
2002 03 06 1734.974000 1 1
2002 03 07 1734.974000 1 1
2002 03 08 1730.008000 1 1
2002 03 09 1725.049000 1 1
2002 03 10 1732.490000 1 1
2002 03 11 1712.681000 1 1
2002 03 12 1688.067000 1 1
2002 03 13 1649.026000 1 1
2002 03 14 1610.405000 1 1
2002 03 15 1584.097000 1 1
2002 03 16 1550.902000 1 1
2002 03 17 1497.070000 1 1
2002 03 18 1453.260000 1 1
2002 03 19 1410.048000 1 1
2002 03 20 1369.664000 1 1
2002 03 21 1345.251000 1 1
2002 03 22 1327.622000 1 1
2002 03 23 1358.542000 1 1
2002 03 24 1414.568000 1 1
2002 03 25 1457.843000 1 1
2002 03 26 1501.716000 1 1
2002 03 27 1550.902000 1 1
2002 03 28 1586.480000 1 1
2002 03 29 1624.838000 1 1
2002 03 30 1641.752000 1 1
2002 03 31 1646.600000 1 1
2002 04 01 1636.911000 1 1
2002 04 02 1598.422000 1 1
2002 04 03 1579.335000 1 1
2002 04 04 1532.078000 1 1
2002 04 05 1518.030000 1 1
2002 04 06 1560.353000 1 1
2002 04 07 1653.883000 1 1
2002 04 08 1710.212000 1 1
2002 04 09 1725.049000 1 1
2002 04 10 1730.008000 1 1
2002 04 11 1752.404000 1 1
2002 04 12 1779.955000 1 1
2002 04 13 1795.067000 1 1
2002 04 14 1782.470000 1 1
2002 04 15 1759.898000 1 1
2002 04 16 1739.945000 1 1
2002 04 17 1730.008000 1 1
2002 04 18 1710.212000 1 1
2002 04 19 1680.715000 1 1
2002 04 20 1670.935000 1 1
2002 04 21 1612.806000 1 1
2002 04 22 1569.831000 1 1
2002 04 23 1522.707000 1 1
2002 04 24 1464.731000 1 1
2002 04 25 1419.095000 1 1
2002 04 26 1365.210000 1 1
2002 04 27 1307.918000 1 1
2002 04 28 1256.036000 1 1
2002 04 29 1194.636000 1 1
2002 04 30 1138.743000 1 1
2002 05 01 1090.095000 1 1
2002 05 02 1046.360000 1 1
2002 05 03 1003.449000 1 1
2002 05 04 967.055000 1 1
2002 05 05 929.414000 1 1
2002 05 06 927.550000 1 1
2002 05 07 910.852000 1 1
2002 05 08 901.635000 1 1
2002 05 09 879.690000 1 1
2002 05 10 874.243000 1 1
2002 05 11 874.243000 1 1
2002 05 12 874.243000 1 1
2002 05 13 859.793000 1 1
2002 05 14 838.326000 1 1
2002 05 15 810.091000 1 1
2002 05 16 784.025000 1 1
2002 05 17 753.263000 1 1
2002 05 18 721.408000 1 1
2002 05 19 695.073000 1 1
2002 05 20 686.936000 1 1
2002 05 21 682.075000 1 1
2002 05 22 669.190000 1 1
2002 05 23 654.829000 1 1
2002 05 24 645.334000 1 1
2002 05 25 635.903000 1 1
2002 05 26 629.652000 1 1
2002 05 27 598.819000 1 1
2002 05 28 588.196000 1 1
2002 05 29 561.282000 1 1
2002 05 30 532.057000 1 1
2002 05 31 504.960000 1 1
2002 06 01 479.891000 1 1
2002 06 02 450.049000 1 1
2002 06 03 438.095000 1 1
2002 06 04 421.090000 1 1
2002 06 05 413.346000 1 1
2002 06 06 399.320000 1 1
2002 06 07 385.517000 1 1
2002 06 08 369.492000 1 1
2002 06 09 354.978000 1 1
2002 06 10 341.908000 1 1
2002 06 11 316.447000 1 1
2002 06 12 301.828000 1 1
2002 06 13 297.393000 1 1
2002 06 14 283.191000 1 1
2002 06 15 270.365000 1 1
2002 06 16 260.925000 1 1
2002 06 17 248.578000 1 1
2002 06 18 237.503000 1 1
2002 06 19 226.659000 1 1
2002 06 20 214.145000 1 1
2002 06 21 202.885000 1 1
2002 06 22 192.808000 1 1
2002 06 23 182.085000 1 1
2002 06 24 173.365000 1 1
2002 06 25 173.365000 1 1
2002 06 26 168.228000 1 1
2002 06 27 159.823000 1 1
2002 06 28 154.058000 1 1
2002 06 29 143.610000 1 1
2002 06 30 137.348000 1 1
2002 07 01 131.215000 1 1
2002 07 02 122.993000 1 1
2002 07 03 115.731000 1 1
2002 07 04 110.768000 1 1
2002 07 05 105.219000 1 1
2002 07 06 100.472000 1 1
2002 07 07 90.639000 1 1
2002 07 08 87.465000 1 1
2002 07 09 82.495000 1 1
2002 07 10 78.256000 1 1
2002 07 11 75.291000 1 1
2002 07 12 70.657000 1 1
2002 07 13 67.829000 1 1
2002 07 14 63.960000 1 1
2002 07 15 60.727000 1 1
2002 07 16 59.666000 1 1
2002 07 17 59.139000 1 1
2002 07 18 59.139000 1 1
2002 07 19 58.091000 1 1
2002 07 20 58.091000 1 1
2002 07 21 57.052000 1 1
2002 07 22 59.666000 1 1
2002 07 23 63.416000 1 1
2002 07 24 62.874000 1 1
2002 07 25 57.571000 1 1
2002 07 26 51.986000 1 1
2002 07 27 48.090000 1 1
2002 07 28 45.726000 1 1
2002 07 29 43.874000 1 1
2002 07 30 41.162000 1 1
2002 07 31 39.836000 1 1
2002 08 01 38.099000 1 1
2002 08 02 35.978000 1 1
2002 08 03 34.322000 1 1
2002 08 04 32.302000 1 1
2002 08 05 31.509000 1 1
2002 08 06 30.726000 1 1
2002 08 07 30.726000 1 1
2002 08 08 30.726000 1 1
2002 08 09 30.726000 1 1
2002 08 10 29.568000 1 1
2002 08 11 28.057000 1 1
2002 08 12 25.499000 1 1
2002 08 13 23.054000 1 1
2002 08 14 20.077000 1 1
2002 08 15 18.506000 1 1
2002 08 16 16.405000 1 1
2002 08 17 14.421000 1 1
2002 08 18 13.076000 1 1
2002 08 19 11.295000 1 1
2002 08 20 10.331000 1 1
2002 08 21 9.407000 1 1
2002 08 22 8.523000 1 1
2002 08 23 7.679000 1 1
2002 08 24 7.273000 1 1
2002 08 25 6.490000 1 1
2002 08 26 5.930000 1 1
2002 08 27 5.393000 1 1
2002 08 28 5.048000 1 1
2002 08 29 4.390000 1 1
2002 08 30 4.077000 1 1
2002 08 31 3.774000 1 1
2002 09 01 3.341000 1 1
2002 09 02 3.341000 1 1
2002 09 03 3.065000 1 1
2002 09 04 3.065000 1 1
2002 09 05 3.341000 1 1
2002 09 06 3.483000 1 1
2002 09 07 3.627000 1 1
2002 09 08 3.341000 1 1
2002 09 09 3.065000 1 1
2002 09 10 3.483000 1 1
2002 09 11 3.627000 1 1
2002 09 12 3.627000 1 1
2002 09 13 3.627000 1 1
2002 09 14 3.627000 1 1
2002 09 15 3.627000 1 1
2002 09 16 3.627000 1 1
2002 09 17 3.627000 1 1
2002 09 18 3.627000 1 1
2002 09 19 3.341000 1 1
2002 09 20 3.341000 1 1
2002 09 21 3.341000 1 1
2002 09 22 3.202000 1 1
2002 09 23 2.932000 1 1
2002 09 24 2.305000 1 1
2002 09 25 2.073000 1 1
2002 09 26 1.853000 1 1
2002 09 27 2.188000 1 1
2002 09 28 2.801000 1 1
2002 09 29 3.627000 1 1
2002 09 30 3.627000 1 1
2002 10 01 4.390000 1 1
2002 10 02 4.880000 1 1
2002 10 03 5.393000 1 1
2002 10 04 7.073000 1 1
2002 10 05 7.073000 1 1
2002 10 06 7.073000 1 1
2002 10 07 7.073000 1 1
2002 10 08 7.073000 1 1
2002 10 09 7.073000 1 1
2002 10 10 6.682000 1 1
2002 10 11 6.114000 1 1
2002 10 12 5.393000 1 1
2002 10 13 4.880000 1 1
2002 10 14 4.551000 1 1
2002 10 15 4.551000 1 1
2002 10 16 4.880000 1 1
2002 10 17 5.748000 1 1
2002 10 18 7.475000 1 1
2002 10 19 10.568000 1 1
2002 10 20 11.791000 1 1
2002 10 21 14.421000 1 1
2002 10 22 23.054000 1 1
2002 10 23 31.904000 1 1
2002 10 24 34.733000 1 1
2002 10 25 35.146000 1 1
2002 10 26 40.718000 1 1
2002 10 27 48.090000 1 1
2002 10 28 50.999000 1 1
2002 10 29 51.986000 1 1
2002 10 30 49.051000 1 1
2002 10 31 45.260000 1 1
2002 11 01 42.057000 1 1
2002 11 02 39.836000 1 1
2002 11 03 41.609000 1 1
2002 11 04 44.796000 1 1
2002 11 05 49.051000 1 1
2002 11 06 61.260000 1 1
2002 11 07 66.158000 1 1
2002 11 08 75.880000 1 1
2002 11 09 81.883000 1 1
2002 11 10 84.963000 1 1
2002 11 11 88.095000 1 1
2002 11 12 84.343000 1 1
2002 11 13 76.470000 1 1
2002 11 14 66.713000 1 1
2002 11 15 58.614000 1 1
2002 11 16 52.982000 1 1
2002 11 17 47.613000 1 1
2002 11 18 42.508000 1 1
2002 11 19 43.874000 1 1
2002 11 20 29.568000 1 1
2002 11 21 29.187000 1 1
2002 11 22 26.218000 1 1
2002 11 23 24.437000 1 1
2002 11 24 23.396000 1 1
2002 11 25 24.789000 1 1
2002 11 26 28.431000 1 1
2002 11 27 29.568000 1 1
2002 11 28 29.952000 1 1
2002 11 29 28.057000 1 1
2002 11 30 27.314000 1 1
2002 12 01 25.143000 1 1
2002 12 02 24.789000 1 1
2002 12 03 24.437000 1 1
2002 12 04 24.088000 1 1
2002 12 05 23.741000 1 1
2002 12 06 23.396000 1 1
2002 12 07 23.396000 1 1
2002 12 08 23.396000 1 1
2002 12 09 24.088000 1 1
2002 12 10 24.088000 1 1
2002 12 11 26.947000 1 1
2002 12 12 34.322000 1 1
2002 12 13 47.613000 1 1
2002 12 14 68.390000 1 1
2002 12 15 88.095000 1 1
2002 12 16 107.285000 1 1
2002 12 17 136.575000 1 1
2002 12 18 146.789000 1 1
2002 12 19 159.823000 1 1
2002 12 20 165.685000 1 1
2002 12 21 175.093000 1 1
2002 12 22 176.829000 1 1
2002 12 23 176.829000 1 1
2002 12 24 171.645000 1 1
2002 12 25 161.488000 1 1
2002 12 26 149.194000 1 1
2002 12 27 136.575000 1 1
2002 12 28 125.955000 1 1
2002 12 29 123.730000 1 1
2002 12 30 126.700000 1 1
2002 12 31 158.994000 1 1
2003 01 01 215.096000 1 1
2003 01 02 256.779000 1 1
2003 01 03 315.311000 1 1
2003 01 04 364.624000 1 1
2003 01 05 393.018000 1 1
2003 01 06 399.320000 1 1
2003 01 07 395.533000 1 1
2003 01 08 380.553000 1 1
2003 01 09 362.202000 1 1
2003 01 10 346.635000 1 1
2003 01 11 331.383000 1 1
2003 01 12 317.584000 1 1
2003 01 13 308.535000 1 1
2003 01 14 298.499000 1 1
2003 01 15 291.893000 1 1
2003 01 16 291.893000 1 1
2003 01 17 296.290000 1 1
2003 01 18 314.177000 1 1
2003 01 19 329.064000 1 1
2003 01 20 332.545000 1 1
2003 01 21 329.064000 1 1
2003 01 22 330.223000 1 1
2003 01 23 345.450000 1 1
2003 01 24 367.054000 1 1
2003 01 25 412.062000 1 1
2003 01 26 473.032000 1 1
2003 01 27 537.845000 1 1
2003 01 28 588.196000 1 1
2003 01 29 631.212000 1 1
2003 01 30 674.008000 1 1
2003 01 31 729.730000 1 1
2003 02 01 771.995000 1 1
2003 02 02 831.225000 1 1
2003 02 03 931.280000 1 1
2003 02 04 1017.013000 1 1
2003 02 05 1078.086000 1 1
2003 02 06 1130.567000 1 1
2003 02 07 1157.237000 1 1
2003 02 08 1161.365000 1 1
2003 02 09 1153.115000 1 1
2003 02 10 1151.057000 1 1
2003 02 11 1144.892000 1 1
2003 02 12 1138.743000 1 1
2003 02 13 1130.567000 1 1
2003 02 14 1153.115000 1 1
2003 02 15 1194.636000 1 1
2003 02 16 1264.616000 1 1
2003 02 17 1314.471000 1 1
2003 02 18 1332.019000 1 1
2003 02 19 1362.986000 1 1
2003 02 20 1437.270000 1 1
2003 02 21 1572.204000 1 1
2003 02 22 1807.704000 1 1
2003 02 23 2071.674000 1 1
2003 02 24 2230.701000 1 1
2003 02 25 2363.521000 1 1
2003 02 26 2517.519000 1 1
2003 02 27 2654.790000 1 1
2003 02 28 2730.796000 1 1
2003 03 01 2746.115000 1 1
2003 03 02 2730.796000 1 1
2003 03 03 2694.190000 1 1
2003 03 04 2669.913000 1 1
2003 03 05 2636.696000 1 1
2003 03 06 2621.660000 1 1
2003 03 07 2615.657000 1 1
2003 03 08 2603.670000 1 1
2003 03 09 2621.660000 1 1
2003 03 10 2585.736000 1 1
2003 03 11 2570.835000 1 1
2003 03 12 2535.234000 1 1
2003 03 13 2485.190000 1 1
2003 03 14 2438.509000 1 1
2003 03 15 2424.005000 1 1
2003 03 16 2455.967000 1 1
2003 03 17 2508.683000 1 1
2003 03 18 2591.708000 1 1
2003 03 19 2651.771000 1 1
2003 03 20 2682.039000 1 1
2003 03 21 2743.049000 1 1
2003 03 22 2813.989000 1 1
2003 03 23 2882.622000 1 1
2003 03 24 2967.892000 1 1
2003 03 25 3025.372000 1 1
2003 03 26 3109.292000 1 1
2003 03 27 3174.563000 1 1
2003 03 28 3243.769000 1 1
2003 03 29 3330.400000 1 1
2003 03 30 3414.688000 1 1
2003 03 31 3506.804000 1 1
2003 04 01 3565.381000 1 1
2003 04 02 3582.695000 1 1
2003 04 03 3610.476000 1 1
2003 04 04 3641.848000 1 1
2003 04 05 3655.831000 1 1
2003 04 06 3659.331000 1 1
2003 04 07 3659.331000 1 1
2003 04 08 3659.331000 1 1
2003 04 09 3652.333000 1 1
2003 04 10 3648.836000 1 1
2003 04 11 3634.866000 1 1
2003 04 12 3617.437000 1 1
2003 04 13 3600.046000 1 1
2003 04 14 3593.101000 1 1
2003 04 15 3579.229000 1 1
2003 04 16 3603.521000 1 1
2003 04 17 3613.956000 1 1
2003 04 18 3606.998000 1 1
2003 04 19 3579.229000 1 1
2003 04 20 3544.656000 1 1
2003 04 21 3506.804000 1 1
2003 04 22 3465.725000 1 1
2003 04 23 3435.061000 1 1
2003 04 24 3394.370000 1 1
2003 04 25 3343.821000 1 1
2003 04 26 3263.667000 1 1
2003 04 27 3207.433000 1 1
2003 04 28 3132.066000 1 1
2003 04 29 3054.302000 1 1
2003 04 30 2967.892000 1 1
2003 05 01 2863.828000 1 1
2003 05 02 2761.474000 1 1
2003 05 03 2666.885000 1 1
2003 05 04 2564.886000 1 1
2003 05 05 2502.801000 1 1
2003 05 06 2421.109000 1 1
2003 05 07 2332.119000 1 1
2003 05 08 2244.663000 1 1
2003 05 09 2142.294000 1 1
2003 05 10 2052.847000 1 1
2003 05 11 1975.692000 1 1
2003 05 12 1905.080000 1 1
2003 05 13 1843.306000 1 1
2003 05 14 1790.023000 1 1
2003 05 15 1744.924000 1 1
2003 05 16 1700.354000 1 1
2003 05 17 1651.454000 1 1
2003 05 18 1598.422000 1 1
2003 05 19 1546.186000 1 1
2003 05 20 1487.797000 1 1
2003 05 21 1432.716000 1 1
2003 05 22 1374.125000 1 1
2003 05 23 1318.848000 1 1
2003 05 24 1260.323000 1 1
2003 05 25 1200.922000 1 1
2003 05 26 1157.237000 1 1
2003 05 27 1124.453000 1 1
2003 05 28 1100.150000 1 1
2003 05 29 1050.302000 1 1
2003 05 30 1042.425000 1 1
2003 05 31 1017.013000 1 1
2003 06 01 1001.518000 1 1
2003 06 02 995.736000 1 1
2003 06 03 989.969000 1 1
2003 06 04 989.969000 1 1
2003 06 05 989.969000 1 1
2003 06 06 974.666000 1 1
2003 06 07 951.917000 1 1
2003 06 08 927.550000 1 1
2003 06 09 899.797000 1 1
2003 06 10 868.811000 1 1
2003 06 11 845.454000 1 1
2003 06 12 810.091000 1 1
2003 06 13 784.025000 1 1
2003 06 14 751.571000 1 1
2003 06 15 723.069000 1 1
2003 06 16 696.706000 1 1
2003 06 17 665.986000 1 1
2003 06 18 640.611000 1 1
2003 06 19 620.327000 1 1
2003 06 20 598.819000 1 1
2003 06 21 576.163000 1 1
2003 06 22 552.439000 1 1
2003 06 23 529.174000 1 1
2003 06 24 509.195000 1 1
2003 06 25 490.961000 1 1
2003 06 26 477.142000 1 1
2003 06 27 458.101000 1 1
2003 06 28 423.686000 1 1
2003 06 29 406.943000 1 1
2003 06 30 401.854000 1 1
2003 07 01 385.517000 1 1
2003 07 02 368.272000 1 1
2003 07 03 351.391000 1 1
2003 07 04 337.212000 1 1
2003 07 05 317.584000 1 1
2003 07 06 308.535000 1 1
2003 07 07 295.188000 1 1
2003 07 08 283.191000 1 1
2003 07 09 272.484000 1 1
2003 07 10 259.885000 1 1
2003 07 11 248.578000 1 1
2003 07 12 237.503000 1 1
2003 07 13 225.685000 1 1
2003 07 14 217.004000 1 1
2003 07 15 208.480000 1 1
2003 07 16 198.275000 1 1
2003 07 17 189.202000 1 1
2003 07 18 179.448000 1 1
2003 07 19 174.228000 1 1
2003 07 20 164.842000 1 1
2003 07 21 156.517000 1 1
2003 07 22 150.000000 1 1
2003 07 23 143.610000 1 1
2003 07 24 132.737000 1 1
2003 07 25 128.197000 1 1
2003 07 26 122.258000 1 1
2003 07 27 116.448000 1 1
2003 07 28 103.172000 1 1
2003 07 29 107.978000 1 1
2003 07 30 103.853000 1 1
2003 07 31 98.468000 1 1
2003 08 01 91.923000 1 1
2003 08 02 86.836000 1 1
2003 08 03 77.658000 1 1
2003 08 04 66.713000 1 1
2003 08 05 66.158000 1 1
2003 08 06 65.605000 1 1
2003 08 07 65.605000 1 1
2003 08 08 64.506000 1 1
2003 08 09 63.960000 1 1
2003 08 10 59.666000 1 1
2003 08 11 56.022000 1 1
2003 08 12 53.987000 1 1
2003 08 13 55.000000 1 1
2003 08 14 53.483000 1 1
2003 08 15 52.982000 1 1
2003 08 16 52.982000 1 1
2003 08 17 56.536000 1 1
2003 08 18 63.960000 1 1
2003 08 19 68.954000 1 1
2003 08 20 62.334000 1 1
2003 08 21 67.829000 1 1
2003 08 22 65.055000 1 1
2003 08 23 60.727000 1 1
2003 08 24 54.492000 1 1
2003 08 25 54.492000 1 1
2003 08 26 50.999000 1 1
2003 08 27 50.021000 1 1
2003 08 28 42.508000 1 1
2003 08 29 53.483000 1 1
2003 08 30 55.510000 1 1
2003 08 31 55.000000 1 1
2003 09 01 53.987000 1 1
2003 09 02 51.986000 1 1
2003 09 03 50.021000 1 1
2003 09 04 49.535000 1 1
2003 09 05 50.021000 1 1
2003 09 06 46.194000 1 1
2003 09 07 41.609000 1 1
2003 09 08 39.836000 1 1
2003 09 09 36.820000 1 1
2003 09 10 31.904000 1 1
2003 09 11 29.187000 1 1
2003 09 12 25.499000 1 1
2003 09 13 22.714000 1 1
2003 09 14 20.077000 1 1
2003 09 15 21.377000 1 1
2003 09 16 23.054000 1 1
2003 09 17 26.581000 1 1
2003 09 18 28.431000 1 1
2003 09 19 31.117000 1 1
2003 09 20 31.509000 1 1
2003 09 21 31.509000 1 1
2003 09 22 34.733000 1 1
2003 09 23 34.733000 1 1
2003 09 24 34.733000 1 1
2003 09 25 34.733000 1 1
2003 09 26 34.733000 1 1
2003 09 27 34.733000 1 1
2003 09 28 32.302000 1 1
2003 09 29 30.726000 1 1
2003 09 30 25.143000 1 1
2003 10 01 24.789000 1 1
2003 10 02 23.054000 1 1
2003 10 03 22.041000 1 1
2003 10 04 22.041000 1 1
2003 10 05 22.041000 1 1
2003 10 06 22.041000 1 1
2003 10 07 22.041000 1 1
2003 10 08 18.815000 1 1
2003 10 09 17.291000 1 1
2003 10 10 16.114000 1 1
2003 10 11 15.257000 1 1
2003 10 12 14.697000 1 1
2003 10 13 15.826000 1 1
2003 10 14 19.442000 1 1
2003 10 15 23.054000 1 1
2003 10 16 28.057000 1 1
2003 10 17 34.733000 1 1
2003 10 18 39.836000 1 1
2003 10 19 42.508000 1 1
2003 10 20 46.665000 1 1
2003 10 21 48.570000 1 1
2003 10 22 50.509000 1 1
2003 10 23 51.986000 1 1
2003 10 24 53.987000 1 1
2003 10 25 72.957000 1 1
2003 10 26 105.906000 1 1
2003 10 27 110.768000 1 1
2003 10 28 114.303000 1 1
2003 10 29 107.978000 1 1
2003 10 30 107.285000 1 1
2003 10 31 107.978000 1 1
2003 11 01 nan nan nan
2003 11 02 nan nan nan
2003 11 03 nan nan nan
2003 11 04 nan nan nan
2003 11 05 nan nan nan
2003 11 06 nan nan nan
2003 11 07 nan nan nan
2003 11 08 nan nan nan
2003 11 09 nan nan nan
2003 11 10 nan nan nan
2003 11 11 nan nan nan
2003 11 12 nan nan nan
2003 11 13 nan nan nan
2003 11 14 nan nan nan
2003 11 15 nan nan nan
2003 11 16 nan nan nan
2003 11 17 nan nan nan
2003 11 18 nan nan nan
2003 11 19 nan nan nan
2003 11 20 nan nan nan
2003 11 21 nan nan nan
2003 11 22 nan nan nan
2003 11 23 nan nan nan
2003 11 24 nan nan nan
2003 11 25 nan nan nan
2003 11 26 nan nan nan
2003 11 27 nan nan nan
2003 11 28 nan nan nan
2003 11 29 nan nan nan
2003 11 30 nan nan nan
2003 12 01 nan nan nan
2003 12 02 nan nan nan
2003 12 03 nan nan nan
2003 12 04 nan nan nan
2003 12 05 nan nan nan
2003 12 06 nan nan nan
2003 12 07 nan nan nan
2003 12 08 nan nan nan
2003 12 09 nan nan nan
2003 12 10 nan nan nan
2003 12 11 nan nan nan
2003 12 12 nan nan nan
2003 12 13 nan nan nan
2003 12 14 nan nan nan
2003 12 15 nan nan nan
2003 12 16 nan nan nan
2003 12 17 nan nan nan
2003 12 18 nan nan nan
2003 12 19 nan nan nan
2003 12 20 nan nan nan
2003 12 21 nan nan nan
2003 12 22 nan nan nan
2003 12 23 nan nan nan
2003 12 24 nan nan nan
2003 12 25 nan nan nan
2003 12 26 nan nan nan
2003 12 27 nan nan nan
2003 12 28 nan nan nan
2003 12 29 nan nan nan
2003 12 30 nan nan nan
2003 12 31 nan nan nan
2004 01 01 nan nan nan
2004 01 02 nan nan nan
2004 01 03 nan nan nan
2004 01 04 nan nan nan
2004 01 05 nan nan nan
2004 01 06 nan nan nan
2004 01 07 nan nan nan
2004 01 08 nan nan nan
2004 01 09 nan nan nan
2004 01 10 nan nan nan
2004 01 11 nan nan nan
2004 01 12 nan nan nan
2004 01 13 nan nan nan
2004 01 14 nan nan nan
2004 01 15 nan nan nan
2004 01 16 nan nan nan
2004 01 17 nan nan nan
2004 01 18 nan nan nan
2004 01 19 nan nan nan
2004 01 20 nan nan nan
2004 01 21 nan nan nan
2004 01 22 nan nan nan
2004 01 23 nan nan nan
2004 01 24 nan nan nan
2004 01 25 nan nan nan
2004 01 26 nan nan nan
2004 01 27 nan nan nan
2004 01 28 nan nan nan
2004 01 29 nan nan nan
2004 01 30 nan nan nan
2004 01 31 nan nan nan
2004 02 01 nan nan nan
2004 02 02 nan nan nan
2004 02 03 nan nan nan
2004 02 04 nan nan nan
2004 02 05 nan nan nan
2004 02 06 nan nan nan
2004 02 07 nan nan nan
2004 02 08 nan nan nan
2004 02 09 nan nan nan
2004 02 10 nan nan nan
2004 02 11 nan nan nan
2004 02 12 nan nan nan
2004 02 13 nan nan nan
2004 02 14 nan nan nan
2004 02 15 nan nan nan
2004 02 16 nan nan nan
2004 02 17 nan nan nan
2004 02 18 nan nan nan
2004 02 19 nan nan nan
2004 02 20 nan nan nan
2004 02 21 nan nan nan
2004 02 22 nan nan nan
2004 02 23 nan nan nan
2004 02 24 nan nan nan
2004 02 25 nan nan nan
2004 02 26 nan nan nan
2004 02 27 nan nan nan
2004 02 28 nan nan nan
2004 02 29 nan nan nan
2004 03 01 nan nan nan
2004 03 02 nan nan nan
2004 03 03 nan nan nan
2004 03 04 nan nan nan
2004 03 05 nan nan nan
2004 03 06 nan nan nan
2004 03 07 nan nan nan
2004 03 08 nan nan nan
2004 03 09 nan nan nan
2004 03 10 nan nan nan
2004 03 11 nan nan nan
2004 03 12 nan nan nan
2004 03 13 nan nan nan
2004 03 14 nan nan nan
2004 03 15 nan nan nan
2004 03 16 nan nan nan
2004 03 17 nan nan nan
2004 03 18 nan nan nan
2004 03 19 nan nan nan
2004 03 20 nan nan nan
2004 03 21 nan nan nan
2004 03 22 nan nan nan
2004 03 23 nan nan nan
2004 03 24 nan nan nan
2004 03 25 nan nan nan
2004 03 26 nan nan nan
2004 03 27 nan nan nan
2004 03 28 nan nan nan
2004 03 29 nan nan nan
2004 03 30 nan nan nan
2004 03 31 nan nan nan
2004 04 01 nan nan nan
2004 04 02 nan nan nan
2004 04 03 nan nan nan
2004 04 04 nan nan nan
2004 04 05 nan nan nan
2004 04 06 nan nan nan
2004 04 07 nan nan nan
2004 04 08 nan nan nan
2004 04 09 nan nan nan
2004 04 10 nan nan nan
2004 04 11 nan nan nan
2004 04 12 nan nan nan
2004 04 13 nan nan nan
2004 04 14 nan nan nan
2004 04 15 nan nan nan
2004 04 16 nan nan nan
2004 04 17 nan nan nan
2004 04 18 nan nan nan
2004 04 19 nan nan nan
2004 04 20 nan nan nan
2004 04 21 nan nan nan
2004 04 22 nan nan nan
2004 04 23 nan nan nan
2004 04 24 nan nan nan
2004 04 25 nan nan nan
2004 04 26 nan nan nan
2004 04 27 nan nan nan
2004 04 28 nan nan nan
2004 04 29 nan nan nan
2004 04 30 nan nan nan
2004 05 01 nan nan nan
2004 05 02 nan nan nan
2004 05 03 nan nan nan
2004 05 04 nan nan nan
2004 05 05 nan nan nan
2004 05 06 nan nan nan
2004 05 07 nan nan nan
2004 05 08 nan nan nan
2004 05 09 nan nan nan
2004 05 10 nan nan nan
2004 05 11 nan nan nan
2004 05 12 nan nan nan
2004 05 13 nan nan nan
2004 05 14 nan nan nan
2004 05 15 nan nan nan
2004 05 16 nan nan nan
2004 05 17 nan nan nan
2004 05 18 nan nan nan
2004 05 19 nan nan nan
2004 05 20 nan nan nan
2004 05 21 nan nan nan
2004 05 22 nan nan nan
2004 05 23 nan nan nan
2004 05 24 nan nan nan
2004 05 25 nan nan nan
2004 05 26 nan nan nan
2004 05 27 nan nan nan
2004 05 28 nan nan nan
2004 05 29 nan nan nan
2004 05 30 nan nan nan
2004 05 31 nan nan nan
2004 06 01 nan nan nan
2004 06 02 nan nan nan
2004 06 03 nan nan nan
2004 06 04 nan nan nan
2004 06 05 nan nan nan
2004 06 06 nan nan nan
2004 06 07 nan nan nan
2004 06 08 nan nan nan
2004 06 09 nan nan nan
2004 06 10 nan nan nan
2004 06 11 nan nan nan
2004 06 12 nan nan nan
2004 06 13 nan nan nan
2004 06 14 nan nan nan
2004 06 15 nan nan nan
2004 06 16 nan nan nan
2004 06 17 nan nan nan
2004 06 18 nan nan nan
2004 06 19 nan nan nan
2004 06 20 nan nan nan
2004 06 21 nan nan nan
2004 06 22 nan nan nan
2004 06 23 nan nan nan
2004 06 24 nan nan nan
2004 06 25 nan nan nan
2004 06 26 nan nan nan
2004 06 27 nan nan nan
2004 06 28 nan nan nan
2004 06 29 nan nan nan
2004 06 30 nan nan nan
2004 07 01 nan nan nan
2004 07 02 nan nan nan
2004 07 03 nan nan nan
2004 07 04 nan nan nan
2004 07 05 nan nan nan
2004 07 06 nan nan nan
2004 07 07 nan nan nan
2004 07 08 nan nan nan
2004 07 09 nan nan nan
2004 07 10 nan nan nan
2004 07 11 nan nan nan
2004 07 12 nan nan nan
2004 07 13 nan nan nan
2004 07 14 nan nan nan
2004 07 15 nan nan nan
2004 07 16 nan nan nan
2004 07 17 nan nan nan
2004 07 18 nan nan nan
2004 07 19 nan nan nan
2004 07 20 nan nan nan
2004 07 21 nan nan nan
2004 07 22 nan nan nan
2004 07 23 nan nan nan
2004 07 24 nan nan nan
2004 07 25 nan nan nan
2004 07 26 nan nan nan
2004 07 27 nan nan nan
2004 07 28 nan nan nan
2004 07 29 nan nan nan
2004 07 30 nan nan nan
2004 07 31 nan nan nan
2004 08 01 nan nan nan
2004 08 02 nan nan nan
2004 08 03 nan nan nan
2004 08 04 nan nan nan
2004 08 05 nan nan nan
2004 08 06 nan nan nan
2004 08 07 nan nan nan
2004 08 08 nan nan nan
2004 08 09 nan nan nan
2004 08 10 nan nan nan
2004 08 11 nan nan nan
2004 08 12 nan nan nan
2004 08 13 nan nan nan
2004 08 14 nan nan nan
2004 08 15 nan nan nan
2004 08 16 nan nan nan
2004 08 17 nan nan nan
2004 08 18 nan nan nan
2004 08 19 nan nan nan
2004 08 20 nan nan nan
2004 08 21 nan nan nan
2004 08 22 nan nan nan
2004 08 23 nan nan nan
2004 08 24 nan nan nan
2004 08 25 nan nan nan
2004 08 26 nan nan nan
2004 08 27 nan nan nan
2004 08 28 nan nan nan
2004 08 29 nan nan nan
2004 08 30 nan nan nan
2004 08 31 nan nan nan
2004 09 01 nan nan nan
2004 09 02 nan nan nan
2004 09 03 nan nan nan
2004 09 04 nan nan nan
2004 09 05 nan nan nan
2004 09 06 nan nan nan
2004 09 07 nan nan nan
2004 09 08 nan nan nan
2004 09 09 nan nan nan
2004 09 10 nan nan nan
2004 09 11 nan nan nan
2004 09 12 nan nan nan
2004 09 13 nan nan nan
2004 09 14 nan nan nan
2004 09 15 nan nan nan
2004 09 16 nan nan nan
2004 09 17 nan nan nan
2004 09 18 nan nan nan
2004 09 19 nan nan nan
2004 09 20 nan nan nan
2004 09 21 nan nan nan
2004 09 22 nan nan nan
2004 09 23 nan nan nan
2004 09 24 nan nan nan
2004 09 25 nan nan nan
2004 09 26 nan nan nan
2004 09 27 nan nan nan
2004 09 28 nan nan nan
2004 09 29 nan nan nan
2004 09 30 nan nan nan
2004 10 01 nan nan nan
2004 10 02 nan nan nan
2004 10 03 nan nan nan
2004 10 04 nan nan nan
2004 10 05 nan nan nan
2004 10 06 nan nan nan
2004 10 07 nan nan nan
2004 10 08 nan nan nan
2004 10 09 nan nan nan
2004 10 10 nan nan nan
2004 10 11 nan nan nan
2004 10 12 nan nan nan
2004 10 13 nan nan nan
2004 10 14 nan nan nan
2004 10 15 nan nan nan
2004 10 16 nan nan nan
2004 10 17 nan nan nan
2004 10 18 nan nan nan
2004 10 19 nan nan nan
2004 10 20 nan nan nan
2004 10 21 nan nan nan
2004 10 22 nan nan nan
2004 10 23 nan nan nan
2004 10 24 nan nan nan
2004 10 25 nan nan nan
2004 10 26 nan nan nan
2004 10 27 nan nan nan
2004 10 28 nan nan nan
2004 10 29 nan nan nan
2004 10 30 nan nan nan
2004 10 31 nan nan nan
2004 11 01 nan nan nan
2004 11 02 nan nan nan
2004 11 03 nan nan nan
2004 11 04 nan nan nan
2004 11 05 nan nan nan
2004 11 06 nan nan nan
2004 11 07 nan nan nan
2004 11 08 nan nan nan
2004 11 09 nan nan nan
2004 11 10 nan nan nan
2004 11 11 nan nan nan
2004 11 12 nan nan nan
2004 11 13 nan nan nan
2004 11 14 nan nan nan
2004 11 15 nan nan nan
2004 11 16 nan nan nan
2004 11 17 nan nan nan
2004 11 18 nan nan nan
2004 11 19 nan nan nan
2004 11 20 nan nan nan
2004 11 21 nan nan nan
2004 11 22 nan nan nan
2004 11 23 nan nan nan
2004 11 24 nan nan nan
2004 11 25 nan nan nan
2004 11 26 nan nan nan
2004 11 27 nan nan nan
2004 11 28 nan nan nan
2004 11 29 nan nan nan
2004 11 30 nan nan nan
2004 12 01 271.423000 1 2
2004 12 02 271.423000 1 2
2004 12 03 271.423000 1 2
2004 12 04 271.423000 1 2
2004 12 05 269.308000 1 2
2004 12 06 273.546000 1 2
2004 12 07 271.423000 1 2
2004 12 08 267.201000 1 2
2004 12 09 267.201000 1 2
2004 12 10 267.201000 1 2
2004 12 11 263.009000 1 2
2004 12 12 258.848000 1 2
2004 12 13 254.717000 1 2
2004 12 14 254.717000 1 2
2004 12 15 252.663000 1 2
2004 12 16 252.663000 1 2
2004 12 17 250.617000 1 2
2004 12 18 254.717000 1 2
2004 12 19 254.717000 1 2
2004 12 20 252.663000 1 2
2004 12 21 250.617000 1 2
2004 12 22 279.959000 1 2
2004 12 23 279.959000 1 2
2004 12 24 292.990000 1 2
2004 12 25 297.393000 1 2
2004 12 26 297.393000 1 2
2004 12 27 297.393000 1 2
2004 12 28 292.990000 1 2
2004 12 29 299.607000 1 2
2004 12 30 306.292000 1 2
2004 12 31 310.786000 1 2
2005 01 01 343.087000 1 2
2005 01 02 347.821000 1 2
2005 01 03 367.054000 1 2
2005 01 04 386.762000 1 2
2005 01 05 417.210000 1 2
2005 01 06 432.830000 1 2
2005 01 07 464.860000 1 2
2005 01 08 497.938000 1 2
2005 01 09 549.506000 1 2
2005 01 10 573.172000 1 2
2005 01 11 603.399000 1 2
2005 01 12 640.611000 1 2
2005 01 13 678.843000 1 2
2005 01 14 698.341000 1 2
2005 01 15 718.091000 1 2
2005 01 16 724.731000 1 2
2005 01 17 765.159000 1 2
2005 01 18 771.995000 1 2
2005 01 19 778.859000 1 2
2005 01 20 785.750000 1 2
2005 01 21 785.750000 1 2
2005 01 22 785.750000 1 2
2005 01 23 778.859000 1 2
2005 01 24 765.159000 1 2
2005 01 25 765.159000 1 3
2005 01 26 765.159000 1 3
2005 01 27 765.159000 1 3
2005 01 28 771.995000 1 3
2005 01 29 771.995000 1 3
2005 01 30 771.995000 1 3
2005 01 31 771.995000 1 3
2005 02 01 744.819000 1 2
2005 02 02 738.095000 1 2
2005 02 03 731.399000 1 2
2005 02 04 718.091000 1 2
2005 02 05 698.341000 1 2
2005 02 06 685.314000 1 2
2005 02 07 678.843000 1 2
2005 02 08 672.400000 1 2
2005 02 09 665.986000 1 2
2005 02 10 659.600000 1 2
2005 02 11 653.242000 1 2
2005 02 12 646.912000 1 2
2005 02 13 640.611000 1 2
2005 02 14 634.338000 1 2
2005 02 15 628.093000 1 2
2005 02 16 615.689000 1 2
2005 02 17 609.530000 1 2
2005 02 18 603.399000 1 2
2005 02 19 603.399000 1 2
2005 02 20 597.296000 1 2
2005 02 21 597.296000 1 2
2005 02 22 603.399000 1 2
2005 02 23 609.530000 1 2
2005 02 24 615.689000 1 2
2005 02 25 628.093000 1 2
2005 02 26 634.338000 1 2
2005 02 27 640.611000 1 2
2005 02 28 646.912000 1 2
2005 03 01 659.600000 1 2
2005 03 02 758.351000 1 3
2005 03 03 799.617000 1 2
2005 03 04 877.873000 1 3
2005 03 05 885.153000 1 2
2005 03 06 899.797000 1 2
2005 03 07 914.550000 1 2
2005 03 08 921.969000 1 2
2005 03 09 929.414000 1 2
2005 03 10 936.888000 1 2
2005 03 11 944.388000 1 2
2005 03 12 951.917000 1 2
2005 03 13 959.472000 1 2
2005 03 14 967.055000 1 2
2005 03 15 974.666000 1 2
2005 03 16 982.304000 1 2
2005 03 17 989.969000 1 2
2005 03 18 997.662000 1 2
2005 03 19 1005.382000 1 2
2005 03 20 1013.129000 1 2
2005 03 21 1020.904000 1 2
2005 03 22 1028.706000 1 2
2005 03 23 1036.535000 1 2
2005 03 24 1044.392000 1 2
2005 03 25 1052.276000 1 2
2005 03 26 1060.187000 1 2
2005 03 27 1076.090000 1 2
2005 03 28 1092.103000 1 2
2005 03 29 1100.150000 1 2
2005 03 30 1116.325000 1 2
2005 03 31 1124.453000 1 2
2005 04 01 1140.791000 1 2
2005 04 02 1149.000000 1 2
2005 04 03 1165.500000 1 2
2005 04 04 1165.500000 1 2
2005 04 05 1165.500000 1 2
2005 04 06 1165.500000 1 2
2005 04 07 1173.791000 1 2
2005 04 08 1182.109000 1 2
2005 04 09 1182.109000 1 3
2005 04 10 1124.453000 1 3
2005 04 11 1124.453000 1 2
2005 04 12 1116.325000 1 2
2005 04 13 1108.224000 1 2
2005 04 14 1108.224000 1 2
2005 04 15 1124.453000 1 2
2005 04 16 1132.609000 1 2
2005 04 17 1140.791000 1 2
2005 04 18 1149.000000 1 2
2005 04 19 1157.237000 1 2
2005 04 20 1165.500000 1 2
2005 04 21 1173.791000 1 2
2005 04 22 1182.109000 1 2
2005 04 23 1190.453000 1 2
2005 04 24 1198.825000 1 2
2005 04 25 1207.223000 1 2
2005 04 26 1215.649000 1 2
2005 04 27 1224.101000 1 2
2005 04 28 1232.580000 1 2
2005 04 29 1241.086000 1 2
2005 04 30 1249.619000 1 2
2005 05 01 nan nan nan
2005 05 02 nan nan nan
2005 05 03 nan nan nan
2005 05 04 nan nan nan
2005 05 05 nan nan nan
2005 05 06 nan nan nan
2005 05 07 nan nan nan
2005 05 08 nan nan nan
2005 05 09 nan nan nan
2005 05 10 nan nan nan
2005 05 11 nan nan nan
2005 05 12 nan nan nan
2005 05 13 nan nan nan
2005 05 14 nan nan nan
2005 05 15 nan nan nan
2005 05 16 nan nan nan
2005 05 17 nan nan nan
2005 05 18 nan nan nan
2005 05 19 nan nan nan
2005 05 20 nan nan nan
2005 05 21 nan nan nan
2005 05 22 nan nan nan
2005 05 23 nan nan nan
2005 05 24 nan nan nan
2005 05 25 nan nan nan
2005 05 26 nan nan nan
2005 05 27 nan nan nan
2005 05 28 nan nan nan
2005 05 29 nan nan nan
2005 05 30 nan nan nan
2005 05 31 nan nan nan
2005 06 01 nan nan nan
2005 06 02 nan nan nan
2005 06 03 nan nan nan
2005 06 04 nan nan nan
2005 06 05 nan nan nan
2005 06 06 nan nan nan
2005 06 07 nan nan nan
2005 06 08 nan nan nan
2005 06 09 nan nan nan
2005 06 10 nan nan nan
2005 06 11 nan nan nan
2005 06 12 nan nan nan
2005 06 13 nan nan nan
2005 06 14 nan nan nan
2005 06 15 nan nan nan
2005 06 16 nan nan nan
2005 06 17 nan nan nan
2005 06 18 nan nan nan
2005 06 19 nan nan nan
2005 06 20 nan nan nan
2005 06 21 nan nan nan
2005 06 22 nan nan nan
2005 06 23 nan nan nan
2005 06 24 nan nan nan
2005 06 25 nan nan nan
2005 06 26 nan nan nan
2005 06 27 nan nan nan
2005 06 28 nan nan nan
2005 06 29 nan nan nan
2005 06 30 nan nan nan
2005 07 01 nan nan nan
2005 07 02 nan nan nan
2005 07 03 nan nan nan
2005 07 04 nan nan nan
2005 07 05 nan nan nan
2005 07 06 nan nan nan
2005 07 07 nan nan nan
2005 07 08 nan nan nan
2005 07 09 nan nan nan
2005 07 10 nan nan nan
2005 07 11 nan nan nan
2005 07 12 nan nan nan
2005 07 13 nan nan nan
2005 07 14 nan nan nan
2005 07 15 nan nan nan
2005 07 16 nan nan nan
2005 07 17 nan nan nan
2005 07 18 nan nan nan
2005 07 19 nan nan nan
2005 07 20 nan nan nan
2005 07 21 nan nan nan
2005 07 22 nan nan nan
2005 07 23 nan nan nan
2005 07 24 nan nan nan
2005 07 25 nan nan nan
2005 07 26 nan nan nan
2005 07 27 nan nan nan
2005 07 28 nan nan nan
2005 07 29 nan nan nan
2005 07 30 nan nan nan
2005 07 31 nan nan nan
2005 08 01 nan nan nan
2005 08 02 nan nan nan
2005 08 03 nan nan nan
2005 08 04 nan nan nan
2005 08 05 nan nan nan
2005 08 06 nan nan nan
2005 08 07 nan nan nan
2005 08 08 nan nan nan
2005 08 09 nan nan nan
2005 08 10 nan nan nan
2005 08 11 nan nan nan
2005 08 12 nan nan nan
2005 08 13 nan nan nan
2005 08 14 nan nan nan
2005 08 15 nan nan nan
2005 08 16 nan nan nan
2005 08 17 nan nan nan
2005 08 18 nan nan nan
2005 08 19 nan nan nan
2005 08 20 nan nan nan
2005 08 21 nan nan nan
2005 08 22 nan nan nan
2005 08 23 nan nan nan
2005 08 24 nan nan nan
2005 08 25 nan nan nan
2005 08 26 nan nan nan
2005 08 27 nan nan nan
2005 08 28 nan nan nan
2005 08 29 nan nan nan
2005 08 30 nan nan nan
2005 08 31 nan nan nan
2005 09 01 nan nan nan
2005 09 02 nan nan nan
2005 09 03 nan nan nan
2005 09 04 nan nan nan
2005 09 05 nan nan nan
2005 09 06 nan nan nan
2005 09 07 nan nan nan
2005 09 08 nan nan nan
2005 09 09 nan nan nan
2005 09 10 nan nan nan
2005 09 11 nan nan nan
2005 09 12 nan nan nan
2005 09 13 nan nan nan
2005 09 14 nan nan nan
2005 09 15 nan nan nan
2005 09 16 nan nan nan
2005 09 17 nan nan nan
2005 09 18 nan nan nan
2005 09 19 nan nan nan
2005 09 20 nan nan nan
2005 09 21 nan nan nan
2005 09 22 nan nan nan
2005 09 23 nan nan nan
2005 09 24 nan nan nan
2005 09 25 nan nan nan
2005 09 26 nan nan nan
2005 09 27 nan nan nan
2005 09 28 nan nan nan
2005 09 29 nan nan nan
2005 09 30 nan nan nan
2005 10 01 nan nan 0
2005 10 02 nan nan 0
2005 10 03 nan nan 0
2005 10 04 nan nan 0
2005 10 05 nan nan 0
2005 10 06 nan nan 0
2005 10 07 nan nan 0
2005 10 08 nan nan 0
2005 10 09 nan nan 0
2005 10 10 nan nan 0
2005 10 11 nan nan 0
2005 10 12 nan nan 0
2005 10 13 nan nan 0
2005 10 14 nan nan 0
2005 10 15 nan nan 0
2005 10 16 nan nan 1
2005 10 17 nan nan 1
2005 10 18 nan nan 1
2005 10 19 nan nan 1
2005 10 20 nan nan 1
2005 10 21 nan nan 1
2005 10 22 nan nan 1
2005 10 23 nan nan 1
2005 10 24 nan nan 1
2005 10 25 0.000000 1 1
2005 10 26 0.456000 1 1
2005 10 27 0.216000 1 1
2005 10 28 0.000000 1 1
2005 10 29 nan nan 1
2005 10 30 nan nan 1
2005 10 31 nan nan 1
2005 11 01 nan nan 1
2005 11 02 nan nan 1
2005 11 03 nan nan 1
2005 11 04 nan nan 1
2005 11 05 nan nan 1
2005 11 06 nan nan 1
2005 11 07 nan nan 1
2005 11 08 nan nan 1
2005 11 09 nan nan 1
2005 11 10 nan nan 1
2005 11 11 nan nan 1
2005 11 12 nan nan 1
2005 11 13 nan nan 1
2005 11 14 nan nan 1
2005 11 15 1.174000 1 1
2005 11 16 3.483000 1 1
2005 11 17 7.073000 1 1
2005 11 18 13.076000 1 1
2005 11 19 23.396000 1 1
2005 11 20 13.606000 1 1
2005 11 21 7.475000 1 1
2005 11 22 7.887000 1 1
2005 11 23 14.147000 1 1
2005 11 24 29.952000 1 1
2005 11 25 38.963000 1 1
2005 11 26 40.718000 1 1
2005 11 27 32.302000 1 1
2005 11 28 27.314000 1 1
2005 11 29 23.396000 1 1
2005 11 30 19.442000 1 1
2005 12 01 26.581000 1 1
2005 12 02 32.302000 1 1
2005 12 03 38.530000 1 1
2005 12 04 42.961000 1 1
2005 12 05 47.138000 1 1
2005 12 06 62.334000 1 1
2005 12 07 84.343000 1 1
2005 12 08 74.704000 1 1
2005 12 09 74.704000 1 1
2005 12 10 86.836000 1 1
2005 12 11 101.144000 1 1
2005 12 12 109.369000 1 1
2005 12 13 122.258000 1 1
2005 12 14 144.402000 1 1
2005 12 15 175.093000 1 1
2005 12 16 228.614000 1 1
2005 12 17 249.597000 1 1
2005 12 18 281.034000 1 1
2005 12 19 333.709000 1 1
2005 12 20 369.492000 1 1
2005 12 21 383.031000 1 1
2005 12 22 393.018000 1 1
2005 12 23 401.854000 1 1
2005 12 24 413.346000 1 1
2005 12 25 427.594000 1 1
2005 12 26 432.830000 1 1
2005 12 27 438.095000 1 1
2005 12 28 479.891000 1 1
2005 12 29 589.709000 1 1
2005 12 30 662.789000 1 1
2005 12 31 736.419000 1 1
2006 01 01 1426.806000 1 1
2006 01 02 1501.968000 1 1
2006 01 03 1562.468000 1 1
2006 01 04 1618.574000 1 1
2006 01 05 1693.092000 1 1
2006 01 06 1763.467000 1 1
2006 01 07 1841.432000 1 1
2006 01 08 1835.371000 1 1
2006 01 09 1878.023000 1 1
2006 01 10 1996.431000 1 1
2006 01 11 2073.205000 1 1
2006 01 12 2211.283000 1 1
2006 01 13 2326.542000 1 1
2006 01 14 2416.791000 1 1
2006 01 15 2480.344000 1 1
2006 01 16 2523.201000 1 1
2006 01 17 2530.382000 1 1
2006 01 18 2516.031000 1 1
2006 01 19 2516.031000 1 1
2006 01 20 2516.031000 1 1
2006 01 21 2508.872000 1 1
2006 01 22 2423.809000 1 1
2006 01 23 2312.820000 1 1
2006 01 24 2238.122000 1 1
2006 01 25 2158.123000 1 1
2006 01 26 2053.867000 1 1
2006 01 27 1952.358000 1 1
2006 01 28 1865.784000 1 1
2006 01 29 1793.241000 1 1
2006 01 30 1728.089000 1 1
2006 01 31 1681.511000 1 1
2006 02 01 1607.269000 1 1
2006 02 02 1573.605000 1 1
2006 02 03 1545.841000 1 1
2006 02 04 1523.820000 1 1
2006 02 05 1501.968000 1 1
2006 02 06 1507.415000 1 1
2006 02 07 1534.810000 1 1
2006 02 08 1590.389000 1 1
2006 02 09 1629.922000 1 1
2006 02 10 1641.313000 1 1
2006 02 11 1652.745000 1 1
2006 02 12 1710.543000 1 1
2006 02 13 1805.225000 1 1
2006 02 14 1896.463000 1 1
2006 02 15 2086.151000 1 1
2006 02 16 2251.606000 1 1
2006 02 17 2444.928000 1 1
2006 02 18 2617.403000 1 1
2006 02 19 2713.448000 1 1
2006 02 20 2781.022000 1 1
2006 02 21 2841.832000 1 1
2006 02 22 2911.082000 1 1
2006 02 23 2918.831000 1 1
2006 02 24 2942.145000 1 1
2006 02 25 2926.592000 1 1
2006 02 26 2887.900000 1 1
2006 02 27 2880.194000 1 1
2006 02 28 2911.082000 1 1
2006 03 01 3012.680000 1 1
2006 03 02 3076.127000 1 1
2006 03 03 3116.139000 1 1
2006 03 04 3140.278000 1 1
2006 03 05 3172.619000 1 1
2006 03 06 3180.731000 1 1
2006 03 07 3180.731000 1 1
2006 03 08 3140.278000 1 1
2006 03 09 3076.127000 1 1
2006 03 10 3100.101000 1 1
2006 03 11 3100.101000 1 1
2006 03 12 3100.101000 1 1
2006 03 13 3188.855000 1 1
2006 03 14 3278.946000 1 1
2006 03 15 3312.039000 1 1
2006 03 16 3312.039000 1 1
2006 03 17 3312.039000 1 1
2006 03 18 3303.749000 1 1
2006 03 19 3295.470000 1 1
2006 03 20 3295.470000 1 1
2006 03 21 3278.946000 1 1
2006 03 22 3287.203000 1 1
2006 03 23 3345.308000 1 1
2006 03 24 3345.308000 1 1
2006 03 25 3437.713000 1 1
2006 03 26 3480.160000 1 1
2006 03 27 3488.682000 1 1
2006 03 28 3505.761000 1 1
2006 03 29 3565.886000 1 1
2006 03 30 3626.556000 1 1
2006 03 31 3643.991000 1 1
2006 04 01 3678.994000 1 1
2006 04 02 3767.282000 1 1
2006 04 03 3874.703000 1 1
2006 04 04 4002.063000 1 1
2006 04 05 4140.960000 1 1
2006 04 06 4263.382000 1 1
2006 04 07 4426.344000 1 1
2006 04 08 4553.164000 1 1
2006 04 09 4602.449000 1 1
2006 04 10 4691.875000 1 1
2006 04 11 4782.220000 1 1
2006 04 12 4873.483000 1 1
2006 04 13 4934.836000 1 1
2006 04 14 4975.966000 1 1
2006 04 15 5017.278000 1 1
2006 04 16 5079.587000 1 1
2006 04 17 5110.895000 1 1
2006 04 18 5110.895000 1 1
2006 04 19 5121.354000 1 1
2006 04 20 5142.306000 1 1
2006 04 21 5110.895000 1 1
2006 04 22 5048.381000 1 1
2006 04 23 5058.771000 1 1
2006 04 24 5048.381000 1 1
2006 04 25 5090.012000 1 1
2006 04 26 5163.303000 1 1
2006 04 27 5205.435000 1 1
2006 04 28 5332.927000 1 1
2006 04 29 5365.057000 1 1
2006 04 30 5462.064000 1 1
2006 05 01 5570.937000 1 1
2006 05 02 5669.902000 1 1
2006 05 03 5758.652000 1 1
2006 05 04 5814.494000 1 1
2006 05 05 5836.911000 1 1
2006 05 06 5814.494000 1 1
2006 05 07 5769.798000 1 1
2006 05 08 5680.956000 1 1
2006 05 09 5592.849000 1 1
2006 05 10 5516.357000 1 1
2006 05 11 5440.427000 1 1
2006 05 12 5516.357000 1 1
2006 05 13 5354.335000 1 1
2006 05 14 5322.240000 1 1
2006 05 15 5354.335000 1 1
2006 05 16 5300.900000 1 1
2006 05 17 5279.605000 1 1
2006 05 18 5237.154000 1 1
2006 05 19 5163.303000 1 1
2006 05 20 5069.173000 1 1
2006 05 21 4986.277000 1 1
2006 05 22 4893.889000 1 1
2006 05 23 4802.421000 1 1
2006 05 24 4741.953000 1 1
2006 05 25 4661.964000 1 1
2006 05 26 4602.449000 1 1
2006 05 27 4484.639000 1 1
2006 05 28 4349.250000 1 1
2006 05 29 4216.071000 1 1
2006 05 30 3965.450000 1 1
2006 05 31 3865.689000 1 1
2006 06 01 3652.725000 1 1
2006 06 02 3412.379000 1 1
2006 06 03 3188.855000 1 1
2006 06 04 3044.315000 1 1
2006 06 05 2811.339000 1 1
2006 06 06 2580.954000 1 1
2006 06 07 2402.787000 1 1
2006 06 08 2238.122000 1 1
2006 06 09 2125.247000 1 1
2006 06 10 2028.232000 1 1
2006 06 11 1933.630000 1 1
2006 06 12 1841.432000 1 1
2006 06 13 1751.632000 1 1
2006 06 14 1675.737000 1 1
2006 06 15 1596.005000 1 1
2006 06 16 1529.310000 1 1
2006 06 17 1469.504000 1 1
2006 06 18 1421.516000 1 1
2006 06 19 1358.852000 1 1
2006 06 20 1277.638000 1 1
2006 06 21 1238.030000 1 1
2006 06 22 1189.453000 1 1
2006 06 23 1113.883000 1 1
2006 06 24 1045.432000 1 1
2006 06 25 987.975000 1 1
2006 06 26 919.631000 1 1
2006 06 27 911.271000 1 1
2006 06 28 898.808000 1 1
2006 06 29 907.107000 1 1
2006 06 30 874.156000 1 1
2006 07 01 902.952000 1 1
2006 07 02 886.436000 1 1
2006 07 03 870.083000 1 1
2006 07 04 861.967000 1 1
2006 07 05 857.924000 1 1
2006 07 06 837.862000 1 1
2006 07 07 818.053000 1 1
2006 07 08 798.496000 1 1
2006 07 09 783.032000 1 1
2006 07 10 767.729000 1 1
2006 07 11 745.076000 1 1
2006 07 12 730.175000 1 1
2006 07 13 711.775000 1 1
2006 07 14 693.624000 1 1
2006 07 15 679.283000 1 1
2006 07 16 665.102000 1 1
2006 07 17 647.599000 1 1
2006 07 18 633.777000 1 1
2006 07 19 626.925000 1 1
2006 07 20 616.721000 1 1
2006 07 21 603.255000 1 1
2006 07 22 593.260000 1 1
2006 07 23 583.353000 1 1
2006 07 24 573.536000 1 1
2006 07 25 563.807000 1 1
2006 07 26 554.167000 1 1
2006 07 27 547.789000 1 1
2006 07 28 538.296000 1 1
2006 07 29 532.017000 1 1
2006 07 30 516.491000 1 1
2006 07 31 504.246000 1 1
2006 08 01 538.296000 1 1
2006 08 02 525.777000 1 1
2006 08 03 513.415000 1 1
2006 08 04 507.292000 1 1
2006 08 05 504.246000 1 1
2006 08 06 495.165000 1 1
2006 08 07 474.317000 1 1
2006 08 08 459.719000 1 1
2006 08 09 448.215000 1 1
2006 08 10 436.866000 1 1
2006 08 11 420.133000 1 1
2006 08 12 409.172000 1 1
2006 08 13 395.687000 1 1
2006 08 14 382.442000 1 1
2006 08 15 372.019000 1 1
2006 08 16 361.750000 1 1
2006 08 17 349.129000 1 1
2006 08 18 339.203000 1 1
2006 08 19 334.298000 1 1
2006 08 20 327.011000 1 1
2006 08 21 317.428000 1 1
2006 08 22 310.341000 1 1
2006 08 23 303.338000 1 1
2006 08 24 296.421000 1 1
2006 08 25 289.589000 1 1
2006 08 26 282.842000 1 1
2006 08 27 278.391000 1 1
2006 08 28 271.784000 1 1
2006 08 29 267.427000 1 1
2006 08 30 256.698000 1 1
2006 08 31 248.284000 1 1
2006 09 01 244.132000 1 1
2006 09 02 235.942000 1 1
2006 09 03 231.902000 1 1
2006 09 04 229.896000 1 1
2006 09 05 227.900000 1 1
2006 09 06 225.912000 1 1
2006 09 07 225.912000 1 1
2006 09 08 233.917000 1 1
2006 09 09 233.917000 1 1
2006 09 10 229.896000 1 1
2006 09 11 225.912000 1 1
2006 09 12 221.965000 1 1
2006 09 13 218.056000 1 1
2006 09 14 214.183000 1 1
2006 09 15 210.347000 1 1
2006 09 16 208.443000 1 1
2006 09 17 202.787000 1 1
2006 09 18 199.061000 1 1
2006 09 19 195.373000 1 1
2006 09 20 191.722000 1 1
2006 09 21 186.313000 1 1
2006 09 22 188.107000 1 1
2006 09 23 199.061000 1 1
2006 09 24 223.934000 1 1
2006 09 25 240.018000 1 1
2006 09 26 260.962000 1 1
2006 09 27 256.698000 1 1
2006 09 28 265.263000 1 1
2006 09 29 235.942000 1 1
2006 09 30 233.917000 1 1
2006 10 01 237.975000 1 1
2006 10 02 240.018000 1 1
2006 10 03 240.018000 1 1
2006 10 04 233.917000 1 1
2006 10 05 227.900000 1 1
2006 10 06 223.934000 1 1
2006 10 07 216.115000 1 1
2006 10 08 212.261000 1 1
2006 10 09 214.183000 1 1
2006 10 10 223.934000 1 1
2006 10 11 233.917000 1 1
2006 10 12 244.132000 1 1
2006 10 13 248.284000 1 1
2006 10 14 248.284000 1 1
2006 10 15 246.203000 1 1
2006 10 16 242.071000 1 1
2006 10 17 240.018000 1 1
2006 10 18 244.132000 1 1
2006 10 19 265.263000 1 1
2006 10 20 273.977000 1 1
2006 10 21 273.977000 1 1
2006 10 22 273.977000 1 1
2006 10 23 269.601000 1 1
2006 10 24 267.427000 1 1
2006 10 25 263.108000 1 1
2006 10 26 267.427000 1 1
2006 10 27 276.179000 1 1
2006 10 28 301.023000 1 1
2006 10 29 322.201000 1 1
2006 10 30 344.147000 1 1
2006 10 31 354.149000 1 1
2006 11 01 149.158000 1 1
2006 11 02 144.432000 1 1
2006 11 03 136.734000 1 1
2006 11 04 135.221000 1 1
2006 11 05 132.223000 1 1
2006 11 06 138.255000 1 1
2006 11 07 150.752000 1 1
2006 11 08 163.826000 1 1
2006 11 09 182.753000 1 1
2006 11 10 191.722000 1 1
2006 11 11 186.313000 1 1
2006 11 12 191.722000 1 1
2006 11 13 197.213000 1 1
2006 11 14 229.896000 1 1
2006 11 15 282.842000 1 1
2006 11 16 354.149000 1 1
2006 11 17 387.711000 1 1
2006 11 18 379.822000 1 1
2006 11 19 366.866000 1 1
2006 11 20 346.633000 1 1
2006 11 21 329.430000 1 1
2006 11 22 324.601000 1 1
2006 11 23 324.601000 1 1
2006 11 24 341.670000 1 1
2006 11 25 349.129000 1 1
2006 11 26 356.673000 1 1
2006 11 27 372.019000 1 1
2006 11 28 385.072000 1 1
2006 11 29 390.360000 1 1
2006 11 30 390.360000 1 1
2006 12 01 382.442000 1 1
2006 12 02 390.360000 1 1
2006 12 03 390.360000 1 1
2006 12 04 382.442000 1 1
2006 12 05 385.072000 1 1
2006 12 06 382.442000 1 1
2006 12 07 374.611000 1 1
2006 12 08 374.611000 1 1
2006 12 09 379.822000 1 1
2006 12 10 377.212000 1 1
2006 12 11 366.866000 1 1
2006 12 12 359.207000 1 1
2006 12 13 361.750000 1 1
2006 12 14 372.019000 1 1
2006 12 15 387.711000 1 1
2006 12 16 406.456000 1 1
2006 12 17 448.215000 1 1
2006 12 18 495.165000 1 1
2006 12 19 525.777000 1 1
2006 12 20 547.789000 1 1
2006 12 21 589.948000 1 1
2006 12 22 654.571000 1 1
2006 12 23 730.175000 1 1
2006 12 24 833.880000 1 1
2006 12 25 911.271000 1 1
2006 12 26 970.644000 1 1
2006 12 27 1001.081000 1 1
2006 12 28 1023.128000 1 1
2006 12 29 1027.568000 1 1
2006 12 30 1027.568000 1 1
2006 12 31 1018.698000 1 1
2007 01 01 1009.869000 1 1
2007 01 02 1001.081000 1 1
2007 01 03 1001.081000 1 1
2007 01 04 1001.081000 1 1
2007 01 05 1001.081000 1 1
2007 01 06 1001.081000 1 1
2007 01 07 1001.081000 1 1
2007 01 08 1018.698000 1 1
2007 01 09 1040.950000 1 1
2007 01 10 1067.992000 1 1
2007 01 11 1095.403000 1 1
2007 01 12 1113.883000 1 1
2007 01 13 1137.215000 1 1
2007 01 14 1146.620000 1 1
2007 01 15 1156.066000 1 1
2007 01 16 1141.912000 1 1
2007 01 17 1127.851000 1 1
2007 01 18 1118.529000 1 1
2007 01 19 1132.528000 1 1
2007 01 20 1156.066000 1 1
2007 01 21 1165.554000 1 1
2007 01 22 1156.066000 1 1
2007 01 23 1137.215000 1 1
2007 01 24 1132.528000 1 1
2007 01 25 1113.883000 1 1
2007 01 26 1095.403000 1 1
2007 01 27 1086.225000 1 1
2007 01 28 1081.651000 1 1
2007 01 29 1081.651000 1 1
2007 01 30 1127.851000 1 1
2007 01 31 1179.863000 1 1
2007 02 01 1252.805000 1 1
2007 02 02 1353.698000 1 1
2007 02 03 1501.968000 1 1
2007 02 04 1652.745000 1 1
2007 02 05 1835.371000 1 1
2007 02 06 2060.302000 1 1
2007 02 07 2333.419000 1 1
2007 02 08 2566.450000 1 1
2007 02 09 2750.879000 1 1
2007 02 10 2911.082000 1 1
2007 02 11 3044.315000 1 1
2007 02 12 3148.347000 1 1
2007 02 13 3196.990000 1 1
2007 02 14 3237.830000 1 1
2007 02 15 3287.203000 1 1
2007 02 16 3403.956000 1 1
2007 02 17 3531.462000 1 1
2007 02 18 3670.227000 1 1
2007 02 19 3758.403000 1 1
2007 02 20 3883.727000 1 1
2007 02 21 4011.244000 1 1
2007 02 22 4122.294000 1 1
2007 02 23 4263.382000 1 1
2007 02 24 4397.350000 1 1
2007 02 25 4513.939000 1 1
2007 02 26 4622.242000 1 1
2007 02 27 4701.868000 1 1
2007 02 28 4752.003000 1 1
2007 03 01 4802.421000 1 1
2007 03 02 4802.421000 1 1
2007 03 03 4792.314000 1 1
2007 03 04 4762.064000 1 1
2007 03 05 4721.888000 1 1
2007 03 06 4632.156000 1 1
2007 03 07 4543.340000 1 1
2007 03 08 4445.730000 1 1
2007 03 09 4368.456000 1 1
2007 03 10 4244.424000 1 1
2007 03 11 4169.042000 1 1
2007 03 12 4140.960000 1 1
2007 03 13 4057.319000 1 1
2007 03 14 4011.244000 1 1
2007 03 15 3956.325000 1 1
2007 03 16 3929.017000 1 1
2007 03 17 3929.017000 1 1
2007 03 18 3919.937000 1 1
2007 03 19 3847.697000 1 1
2007 03 20 3767.282000 1 1
2007 03 21 3722.999000 1 1
2007 03 22 3722.999000 1 1
2007 03 23 3776.173000 1 1
2007 03 24 3838.717000 1 1
2007 03 25 3910.867000 1 1
2007 03 26 4011.244000 1 1
2007 03 27 4094.380000 1 1
2007 03 28 4169.042000 1 1
2007 03 29 4178.426000 1 1
2007 03 30 4169.042000 1 1
2007 03 31 4131.622000 1 1
2007 04 01 4075.827000 1 1
2007 04 02 4011.244000 1 1
2007 04 03 3929.017000 1 1
2007 04 04 3811.845000 1 1
2007 04 05 3687.773000 1 1
2007 04 06 3565.886000 1 1
2007 04 07 3446.180000 1 1
2007 04 08 3353.653000 1 1
2007 04 09 3287.203000 1 1
2007 04 10 3196.990000 1 1
2007 04 11 3140.278000 1 1
2007 04 12 3084.107000 1 1
2007 04 13 2989.070000 1 1
2007 04 14 2903.344000 1 1
2007 04 15 2849.482000 1 1
2007 04 16 2781.022000 1 1
2007 04 17 2698.552000 1 1
2007 04 18 2632.059000 1 1
2007 04 19 2551.990000 1 1
2007 04 20 2487.459000 1 1
2007 04 21 2444.928000 1 1
2007 04 22 2416.791000 1 1
2007 04 23 2354.116000 1 1
2007 04 24 2285.506000 1 1
2007 04 25 2197.928000 1 1
2007 04 26 2112.172000 1 1
2007 04 27 2021.851000 1 1
2007 04 28 1946.105000 1 1
2007 04 29 1884.159000 1 1
2007 04 30 1859.680000 1 1
2007 05 01 1733.682000 0 1
2007 05 02 1733.682000 0 1
2007 05 03 1733.682000 0 1
2007 05 04 1728.361000 0 1
2007 05 05 1707.159000 0 1
2007 05 06 1680.845000 0 1
2007 05 07 1659.945000 0 1
2007 05 08 1587.853000 0 1
2007 05 09 1537.364000 0 1
2007 05 10 1477.882000 0 1
2007 05 11 1434.061000 0 1
2007 05 12 1348.449000 0 1
2007 05 13 1334.443000 0 1
2007 05 14 1297.462000 0 1
2007 05 15 1261.014000 0 1
2007 05 16 1216.203000 0 1
2007 05 17 1180.953000 0 1
2007 05 18 1154.865000 0 1
2007 05 19 1120.547000 0 1
2007 05 20 1086.759000 0 1
2007 05 21 1045.271000 0 1
2007 05 22 1000.592000 0 1
2007 05 23 964.781000 0 1
2007 05 24 929.639000 0 1
2007 05 25 891.378000 0 1
2007 05 26 853.942000 0 1
2007 05 27 817.330000 0 1
2007 05 28 795.758000 0 1
2007 05 29 774.482000 0 1
2007 05 30 763.955000 0 1
2007 05 31 824.586000 0 1
2007 06 01 824.586000 0 1
2007 06 02 861.363000 0 1
2007 06 03 898.964000 0 1
2007 06 04 941.279000 0 1
2007 06 05 937.391000 0 1
2007 06 06 865.086000 0 1
2007 06 07 831.876000 0 1
2007 06 08 763.955000 0 1
2007 06 09 715.806000 0 1
2007 06 10 685.703000 0 1
2007 06 11 656.263000 0 1
2007 06 12 627.486000 0 1
2007 06 13 599.371000 0 1
2007 06 14 574.935000 0 1
2007 06 15 556.951000 0 1
2007 06 16 533.427000 0 1
2007 06 17 527.628000 0 1
2007 06 18 510.425000 0 1
2007 06 19 490.725000 0 1
2007 06 20 471.423000 0 1
2007 06 21 452.518000 0 1
2007 06 22 434.010000 0 1
2007 06 23 418.462000 0 1
2007 06 24 403.205000 0 1
2007 06 25 388.238000 0 1
2007 06 26 373.562000 0 1
2007 06 27 359.177000 0 1
2007 06 28 352.092000 0 1
2007 06 29 338.142000 0 1
2007 06 30 326.737000 0 1
2007 07 01 317.758000 0 1
2007 07 02 308.907000 0 1
2007 07 03 295.871000 0 1
2007 07 04 287.341000 0 1
2007 07 05 278.939000 0 1
2007 07 06 266.575000 0 1
2007 07 07 256.492000 0 1
2007 07 08 248.570000 0 1
2007 07 09 240.774000 0 1
2007 07 10 233.107000 0 1
2007 07 11 227.439000 0 1
2007 07 12 219.994000 0 1
2007 07 13 218.153000 0 1
2007 07 14 218.153000 0 1
2007 07 15 219.994000 0 1
2007 07 16 216.320000 0 1
2007 07 17 209.065000 0 1
2007 07 18 200.176000 0 1
2007 07 19 191.485000 0 1
2007 07 20 188.064000 0 1
2007 07 21 193.207000 0 1
2007 07 22 189.770000 0 1
2007 07 23 189.770000 0 1
2007 07 24 181.317000 0 1
2007 07 25 174.696000 0 1
2007 07 26 165.002000 0 1
2007 07 27 157.141000 0 1
2007 07 28 149.476000 0 1
2007 07 29 143.486000 0 1
2007 07 30 137.622000 0 1
2007 07 31 139.076000 0 1
2007 08 01 133.306000 0 1
2007 08 02 127.661000 0 1
2007 08 03 122.142000 0 1
2007 08 04 116.747000 0 1
2007 08 05 111.478000 0 1
2007 08 06 105.067000 0 1
2007 08 07 102.557000 0 1
2007 08 08 97.631000 0 1
2007 08 09 94.018000 0 1
2007 08 10 91.648000 0 1
2007 08 11 94.018000 0 1
2007 08 12 91.648000 0 1
2007 08 13 89.309000 0 1
2007 08 14 87.002000 0 1
2007 08 15 84.725000 0 1
2007 08 16 82.479000 0 1
2007 08 17 79.168000 0 1
2007 08 18 77.000000 0 1
2007 08 19 73.805000 0 1
2007 08 20 71.714000 0 1
2007 08 21 69.654000 0 1
2007 08 22 67.624000 0 1
2007 08 23 65.625000 0 1
2007 08 24 63.658000 0 1
2007 08 25 61.720000 0 1
2007 08 26 60.763000 0 1
2007 08 27 58.872000 0 1
2007 08 28 56.093000 0 1
2007 08 29 57.938000 0 1
2007 08 30 56.093000 0 1
2007 08 31 56.093000 0 1
2007 09 01 56.093000 0 1
2007 09 02 56.093000 0 1
2007 09 03 56.093000 0 1
2007 09 04 56.093000 0 1
2007 09 05 55.182000 0 1
2007 09 06 54.278000 0 1
2007 09 07 54.278000 0 1
2007 09 08 53.383000 0 1
2007 09 09 52.495000 0 1
2007 09 10 50.741000 0 1
2007 09 11 50.741000 0 1
2007 09 12 49.019000 0 1
2007 09 13 47.326000 0 1
2007 09 14 45.665000 0 1
2007 09 15 44.845000 0 1
2007 09 16 45.665000 0 1
2007 09 17 45.665000 0 1
2007 09 18 52.495000 0 1
2007 09 19 52.495000 0 1
2007 09 20 52.495000 0 1
2007 09 21 52.495000 0 1
2007 09 22 50.741000 0 1
2007 09 23 49.876000 0 1
2007 09 24 49.876000 0 1
2007 09 25 48.169000 0 1
2007 09 26 47.326000 0 1
2007 09 27 49.019000 0 1
2007 09 28 47.326000 0 1
2007 09 29 45.665000 0 1
2007 09 30 44.845000 0 1
2007 10 01 41.644000 0 1
2007 10 02 39.323000 0 1
2007 10 03 37.813000 0 1
2007 10 04 37.813000 0 1
2007 10 05 37.070000 0 1
2007 10 06 36.334000 0 1
2007 10 07 36.334000 0 1
2007 10 08 37.070000 0 1
2007 10 09 39.323000 0 1
2007 10 10 41.644000 0 1
2007 10 11 47.326000 0 1
2007 10 12 52.495000 0 1
2007 10 13 55.182000 0 1
2007 10 14 54.278000 0 1
2007 10 15 50.741000 0 1
2007 10 16 48.169000 0 1
2007 10 17 45.665000 0 1
2007 10 18 46.492000 0 1
2007 10 19 41.644000 0 1
2007 10 20 39.323000 0 1
2007 10 21 37.813000 0 1
2007 10 22 40.862000 0 1
2007 10 23 44.845000 0 1
2007 10 24 45.665000 0 1
2007 10 25 45.665000 0 1
2007 10 26 45.665000 0 1
2007 10 27 44.845000 0 1
2007 10 28 43.229000 0 1
2007 10 29 40.862000 0 1
2007 10 30 38.564000 0 1
2007 10 31 37.070000 0 1
2007 11 01 34.172000 0 1
2007 11 02 32.078000 0 1
2007 11 03 30.719000 0 1
2007 11 04 29.391000 0 1
2007 11 05 28.093000 0 1
2007 11 06 30.719000 0 1
2007 11 07 33.466000 0 1
2007 11 08 35.605000 0 1
2007 11 09 44.845000 0 1
2007 11 10 45.665000 0 1
2007 11 11 45.665000 0 1
2007 11 12 47.326000 0 1
2007 11 13 50.741000 0 1
2007 11 14 49.019000 0 1
2007 11 15 47.326000 0 1
2007 11 16 46.492000 0 1
2007 11 17 45.665000 0 1
2007 11 18 47.326000 0 1
2007 11 19 47.326000 0 1
2007 11 20 49.019000 0 1
2007 11 21 50.741000 0 1
2007 11 22 52.495000 0 1
2007 11 23 54.278000 0 1
2007 11 24 54.278000 0 1
2007 11 25 51.614000 0 1
2007 11 26 55.182000 0 1
2007 11 27 58.872000 0 1
2007 11 28 65.625000 0 1
2007 11 29 73.805000 0 1
2007 11 30 70.680000 0 1
2007 12 01 68.635000 0 1
2007 12 02 68.635000 0 1
2007 12 03 71.714000 0 1
2007 12 04 80.264000 0 1
2007 12 05 102.557000 0 1
2007 12 06 171.433000 0 1
2007 12 07 218.153000 0 1
2007 12 08 225.566000 0 1
2007 12 09 221.844000 0 1
2007 12 10 209.065000 0 1
2007 12 11 194.937000 0 1
2007 12 12 189.770000 0 1
2007 12 13 194.937000 0 1
2007 12 14 212.676000 0 1
2007 12 15 233.107000 0 1
2007 12 16 238.845000 0 1
2007 12 17 242.711000 0 1
2007 12 18 240.774000 0 1
2007 12 19 235.012000 0 1
2007 12 20 235.012000 0 1
2007 12 21 233.107000 0 1
2007 12 22 227.439000 0 1
2007 12 23 221.844000 0 1
2007 12 24 221.844000 0 1
2007 12 25 236.924000 0 1
2007 12 26 246.609000 0 1
2007 12 27 256.492000 0 1
2007 12 28 262.518000 0 1
2007 12 29 272.721000 0 1
2007 12 30 298.024000 0 1
2007 12 31 317.758000 0 1
2008 01 01 326.737000 0 1
2008 01 02 335.845000 0 1
2008 01 03 340.447000 0 1
2008 01 04 352.092000 0 1
2008 01 05 363.940000 0 1
2008 01 06 371.145000 0 1
2008 01 07 375.988000 0 1
2008 01 08 383.314000 0 1
2008 01 09 388.238000 0 1
2008 01 10 398.184000 0 1
2008 01 11 415.899000 0 1
2008 01 12 441.893000 0 1
2008 01 13 460.571000 0 1
2008 01 14 471.423000 0 1
2008 01 15 496.313000 0 1
2008 01 16 536.339000 0 1
2008 01 17 596.288000 0 1
2008 01 18 646.597000 0 1
2008 01 19 666.003000 0 1
2008 01 20 685.703000 0 1
2008 01 21 695.664000 0 1
2008 01 22 695.664000 0 1
2008 01 23 689.015000 0 1
2008 01 24 689.015000 0 1
2008 01 25 692.335000 0 1
2008 01 26 692.335000 0 1
2008 01 27 702.345000 0 1
2008 01 28 705.698000 0 1
2008 01 29 715.806000 0 1
2008 01 30 725.988000 0 1
2008 01 31 770.965000 0 1
2008 02 01 850.244000 0 1
2008 02 02 941.279000 0 1
2008 02 03 1020.776000 0 1
2008 02 04 1129.077000 0 1
2008 02 05 1283.731000 0 1
2008 02 06 1400.446000 0 1
2008 02 07 1487.712000 0 1
2008 02 08 1547.394000 0 1
2008 02 09 1572.618000 0 1
2008 02 10 1587.853000 0 1
2008 02 11 1582.766000 0 1
2008 02 12 1567.556000 0 1
2008 02 13 1562.503000 0 1
2008 02 14 1567.556000 0 1
2008 02 15 1592.948000 0 1
2008 02 16 1659.945000 0 1
2008 02 17 1771.168000 0 1
2008 02 18 1914.007000 0 1
2008 02 19 2050.912000 0 1
2008 02 20 2133.017000 0 1
2008 02 21 2192.677000 0 1
2008 02 22 2271.498000 0 1
2008 02 23 2351.750000 0 1
2008 02 24 2382.996000 0 1
2008 02 25 2376.730000 0 1
2008 02 26 2345.526000 0 1
2008 02 27 2296.039000 0 1
2008 02 28 2216.777000 0 1
2008 02 29 2144.882000 0 1
2008 03 01 2144.882000 0 0
2008 03 02 2228.878000 0 0
2008 03 03 2308.360000 0 0
2008 03 04 2370.472000 0 0
2008 03 05 2376.730000 0 0
2008 03 06 2357.982000 0 0
2008 03 07 2351.750000 0 0
2008 03 08 2382.996000 0 0
2008 03 09 2414.455000 0 0
2008 03 10 2408.146000 0 0
2008 03 11 2389.271000 0 0
2008 03 12 2395.554000 0 0
2008 03 13 2420.772000 0 0
2008 03 14 2458.853000 0 0
2008 03 15 2484.410000 0 0
2008 03 16 2529.461000 0 0
2008 03 17 2647.216000 0 0
2008 03 18 2754.197000 0 0
2008 03 19 2835.862000 0 0
2008 03 20 2936.986000 0 0
2008 03 21 3154.593000 0 0
2008 03 22 3320.957000 0 0
2008 03 23 3451.362000 0 0
2008 03 24 3532.988000 0 0
2008 03 25 3626.076000 0 0
2008 03 26 3709.942000 0 0
2008 03 27 3816.261000 0 0
2008 03 28 3902.510000 0 0
2008 03 29 4056.006000 0 0
2008 03 30 4326.753000 0 0
2008 03 31 4395.949000 0 0
2008 04 01 4465.750000 0 1
2008 04 02 4583.432000 0 1
2008 04 03 4607.170000 0 1
2008 04 04 4619.065000 0 1
2008 04 05 4559.760000 0 1
2008 04 06 4442.415000 0 1
2008 04 07 4349.751000 0 1
2008 04 08 4269.552000 0 1
2008 04 09 4167.646000 0 1
2008 04 10 4100.462000 0 1
2008 04 11 4044.934000 0 1
2008 04 12 3989.823000 0 1
2008 04 13 3935.128000 0 1
2008 04 14 3891.671000 0 1
2008 04 15 3859.253000 0 1
2008 04 16 3762.895000 0 1
2008 04 17 3709.942000 0 1
2008 04 18 3646.943000 0 1
2008 04 19 3553.559000 0 1
2008 04 20 3461.508000 0 1
2008 04 21 3370.785000 0 1
2008 04 22 3271.537000 0 1
2008 04 23 3173.921000 0 1
2008 04 24 3106.558000 0 1
2008 04 25 3021.116000 0 1
2008 04 26 2964.884000 0 1
2008 04 27 2890.986000 0 1
2008 04 28 2794.876000 0 1
2008 04 29 2693.752000 0 1
2008 04 30 2601.095000 0 1
2008 05 01 2503.667000 0 1
2008 05 02 2408.146000 0 1
2008 05 03 2314.533000 0 1
2008 05 04 2320.714000 0 1
2008 05 05 2382.996000 0 1
2008 05 06 2395.554000 0 1
2008 05 07 2401.846000 0 1
2008 05 08 2370.472000 0 1
2008 05 09 2333.103000 0 1
2008 05 10 2283.751000 0 1
2008 05 11 2247.093000 0 1
2008 05 12 2192.677000 0 1
2008 05 13 2150.826000 0 1
2008 05 14 2133.017000 0 1
2008 05 15 2150.826000 0 1
2008 05 16 2162.741000 0 1
2008 05 17 2138.945000 0 1
2008 05 18 2080.045000 0 1
2008 05 19 2016.231000 0 1
2008 05 20 1930.855000 0 1
2008 05 21 1863.919000 0 1
2008 05 22 1771.168000 0 1
2008 05 23 1686.091000 0 1
2008 05 24 1613.411000 0 1
2008 05 25 1547.394000 0 1
2008 05 26 1507.472000 0 1
2008 05 27 1472.979000 0 1
2008 05 28 1410.008000 0 1
2008 05 29 1348.449000 0 1
2008 05 30 1288.300000 0 1
2008 05 31 1229.559000 0 1
2008 06 01 1176.585000 0 0
2008 06 02 1129.077000 0 0
2008 06 03 1090.954000 0 0
2008 06 04 1049.383000 0 0
2008 06 05 1028.908000 0 0
2008 06 06 968.727000 0 0
2008 06 07 937.391000 0 0
2008 06 08 902.770000 0 0
2008 06 09 868.817000 0 0
2008 06 10 842.872000 0 0
2008 06 11 806.507000 0 0
2008 06 12 774.482000 0 0
2008 06 13 746.574000 0 0
2008 06 14 719.192000 0 0
2008 06 15 692.335000 0 0
2008 06 16 669.265000 0 0
2008 06 17 659.501000 0 0
2008 06 18 630.651000 0 0
2008 06 19 602.462000 0 0
2008 06 20 584.037000 0 0
2008 06 21 565.906000 0 0
2008 06 22 542.188000 0 0
2008 06 23 518.990000 0 0
2008 06 24 501.934000 0 0
2008 06 25 485.169000 0 0
2008 06 26 465.981000 0 0
2008 06 27 449.850000 0 0
2008 06 28 434.010000 0 0
2008 06 29 418.462000 0 0
2008 06 30 403.205000 0 0
2008 07 01 388.238000 0 0
2008 07 02 375.988000 0 0
2008 07 03 361.554000 0 0
2008 07 04 349.747000 0 0
2008 07 05 335.845000 0 0
2008 07 06 324.480000 0 0
2008 07 07 313.316000 0 0
2008 07 08 302.353000 0 0
2008 07 09 291.590000 0 0
2008 07 10 278.939000 0 0
2008 07 11 272.721000 0 0
2008 07 12 260.502000 0 0
2008 07 13 252.515000 0 0
2008 07 14 242.711000 0 0
2008 07 15 235.012000 0 0
2008 07 16 225.566000 0 0
2008 07 17 218.153000 0 0
2008 07 18 210.867000 0 0
2008 07 19 203.708000 0 0
2008 07 20 196.676000 0 0
2008 07 21 189.770000 0 0
2008 07 22 182.992000 0 0
2008 07 23 177.990000 0 0
2008 07 24 171.433000 0 0
2008 07 25 152.518000 0 0
2008 07 26 154.051000 0 0
2008 07 27 149.476000 0 0
2008 07 28 142.008000 0 0
2008 07 29 137.622000 0 0
2008 07 30 131.883000 0 0
2008 07 31 126.269000 0 0
2008 08 01 120.781000 0 1
2008 08 02 116.747000 0 1
2008 08 03 112.784000 0 1
2008 08 04 108.890000 0 1
2008 08 05 105.067000 0 1
2008 08 06 102.557000 0 1
2008 08 07 102.557000 0 1
2008 08 08 97.631000 0 1
2008 08 09 92.829000 0 1
2008 08 10 89.309000 0 1
2008 08 11 88.151000 0 1
2008 08 12 85.859000 0 1
2008 08 13 83.598000 0 1
2008 08 14 82.479000 0 1
2008 08 15 80.264000 0 1
2008 08 16 77.000000 0 1
2008 08 17 74.862000 0 1
2008 08 18 72.756000 0 1
2008 08 19 69.654000 0 1
2008 08 20 66.621000 0 1
2008 08 21 64.638000 0 1
2008 08 22 62.685000 0 1
2008 08 23 60.763000 0 1
2008 08 24 57.938000 0 1
2008 08 25 57.012000 0 1
2008 08 26 60.763000 0 1
2008 08 27 60.763000 0 1
2008 08 28 61.720000 0 1
2008 08 29 60.763000 0 1
2008 08 30 57.938000 0 1
2008 08 31 54.278000 0 1
2008 09 01 54.278000 0 1
2008 09 02 54.278000 0 1
2008 09 03 52.495000 0 1
2008 09 04 51.614000 0 1
2008 09 05 50.741000 0 1
2008 09 06 48.169000 0 1
2008 09 07 45.665000 0 1
2008 09 08 45.665000 0 1
2008 09 09 44.845000 0 1
2008 09 10 43.229000 0 1
2008 09 11 43.229000 0 1
2008 09 12 42.433000 0 1
2008 09 13 41.644000 0 1
2008 09 14 41.644000 0 1
2008 09 15 40.862000 0 1
2008 09 16 43.229000 0 1
2008 09 17 46.492000 0 1
2008 09 18 51.614000 0 1
2008 09 19 54.278000 0 1
2008 09 20 51.614000 0 1
2008 09 21 49.019000 0 1
2008 09 22 46.492000 0 1
2008 09 23 45.665000 0 1
2008 09 24 44.845000 0 1
2008 09 25 49.876000 0 1
2008 09 26 54.278000 0 1
2008 09 27 57.938000 0 1
2008 09 28 57.938000 0 1
2008 09 29 54.278000 0 1
2008 09 30 49.876000 0 1
2008 10 01 47.326000 0 0
2008 10 02 44.845000 0 0
2008 10 03 42.433000 0 0
2008 10 04 41.644000 0 0
2008 10 05 43.229000 0 0
2008 10 06 44.034000 0 0
2008 10 07 44.845000 0 0
2008 10 08 45.665000 0 0
2008 10 09 47.326000 0 0
2008 10 10 49.019000 0 0
2008 10 11 49.019000 0 0
2008 10 12 49.019000 0 0
2008 10 13 47.326000 0 0
2008 10 14 46.492000 0 0
2008 10 15 45.665000 0 0
2008 10 16 44.845000 0 0
2008 10 17 43.229000 0 0
2008 10 18 42.433000 0 0
2008 10 19 40.862000 0 0
2008 10 20 40.089000 0 0
2008 10 21 40.089000 0 0
2008 10 22 40.862000 0 0
2008 10 23 40.862000 0 0
2008 10 24 42.433000 0 0
2008 10 25 43.229000 0 0
2008 10 26 42.433000 0 0
2008 10 27 40.089000 0 0
2008 10 28 40.089000 0 0
2008 10 29 40.089000 0 0
2008 10 30 40.089000 0 0
2008 10 31 40.089000 0 0
2008 11 01 40.862000 0 0
2008 11 02 43.229000 0 0
2008 11 03 46.492000 0 0
2008 11 04 47.326000 0 0
2008 11 05 47.326000 0 0
2008 11 06 46.492000 0 0
2008 11 07 49.876000 0 0
2008 11 08 55.182000 0 0
2008 11 09 65.625000 0 0
2008 11 10 83.598000 0 0
2008 11 11 105.067000 0 0
2008 11 12 123.510000 0 0
2008 11 13 131.883000 0 0
2008 11 14 124.886000 0 0
2008 11 15 115.418000 0 0
2008 11 16 105.067000 0 0
2008 11 17 94.018000 0 0
2008 11 18 89.309000 0 0
2008 11 19 87.002000 0 0
2008 11 20 88.151000 0 0
2008 11 21 96.419000 0 0
2008 11 22 103.808000 0 0
2008 11 23 106.334000 0 0
2008 11 24 110.180000 0 0
2008 11 25 118.084000 0 0
2008 11 26 127.661000 0 0
2008 11 27 140.538000 0 0
2008 11 28 155.592000 0 0
2008 11 29 186.365000 0 0
2008 11 30 272.721000 0 0
2008 12 01 347.410000 0 1
2008 12 02 410.797000 0 1
2008 12 03 449.850000 0 1
2008 12 04 463.272000 0 1
2008 12 05 476.897000 0 1
2008 12 06 490.725000 0 1
2008 12 07 499.119000 0 1
2008 12 08 499.119000 0 1
2008 12 09 482.404000 0 1
2008 12 10 457.879000 0 1
2008 12 11 439.258000 0 1
2008 12 12 434.010000 0 1
2008 12 13 431.398000 0 1
2008 12 14 428.795000 0 1
2008 12 15 444.537000 0 1
2008 12 16 482.404000 0 1
2008 12 17 521.861000 0 1
2008 12 18 551.021000 0 1
2008 12 19 602.462000 0 1
2008 12 20 653.033000 0 1
2008 12 21 675.816000 0 1
2008 12 22 692.335000 0 1
2008 12 23 712.429000 0 1
2008 12 24 725.988000 0 1
2008 12 25 729.399000 0 1
2008 12 26 729.399000 0 1
2008 12 27 729.399000 0 1
2008 12 28 828.227000 0 1
2008 12 29 925.776000 0 1
2008 12 30 1053.503000 0 1
2008 12 31 1146.236000 0 1
2009 01 01 1198.512000 0 0
2009 01 02 1211.768000 0 0
2009 01 03 1189.716000 0 0
2009 01 04 1163.528000 0 0
2009 01 05 1112.050000 0 0
2009 01 06 1099.367000 0 0
2009 01 07 1133.354000 0 0
2009 01 08 1163.528000 0 0
2009 01 09 1220.646000 0 0
2009 01 10 1279.171000 0 0
2009 01 11 1270.076000 0 0
2009 01 12 1247.483000 0 0
2009 01 13 1211.768000 0 0
2009 01 14 1180.953000 0 0
2009 01 15 1159.193000 0 0
2009 01 16 1137.640000 0 0
2009 01 17 1146.236000 0 0
2009 01 18 1163.528000 0 0
2009 01 19 1176.585000 0 0
2009 01 20 1167.872000 0 0
2009 01 21 1167.872000 0 0
2009 01 22 1185.330000 0 0
2009 01 23 1234.027000 0 0
2009 01 24 1311.267000 0 0
2009 01 25 1434.061000 0 0
2009 01 26 1572.618000 0 0
2009 01 27 1686.091000 0 0
2009 01 28 1841.877000 0 0
2009 01 29 1953.437000 0 0
2009 01 30 2045.111000 0 0
2009 01 31 2097.627000 0 0
2009 02 01 2150.826000 0 1
2009 02 02 2186.673000 0 1
2009 02 03 2204.710000 0 1
2009 02 04 2210.740000 0 1
2009 02 05 2216.777000 0 1
2009 02 06 2228.878000 0 1
2009 02 07 2216.777000 0 1
2009 02 08 2186.673000 0 1
2009 02 09 2138.945000 0 1
2009 02 10 2103.504000 0 1
2009 02 11 2045.111000 0 1
2009 02 12 1970.461000 0 1
2009 02 13 1902.818000 0 1
2009 02 14 1852.881000 0 1
2009 02 15 1830.906000 0 1
2009 02 16 1841.877000 0 1
2009 02 17 1897.236000 0 1
2009 02 18 1976.153000 0 1
2009 02 19 1999.004000 0 1
2009 02 20 2016.231000 0 1
2009 02 21 2050.912000 0 1
2009 02 22 2074.202000 0 1
2009 02 23 2115.284000 0 1
2009 02 24 2144.882000 0 1
2009 02 25 2186.673000 0 1
2009 02 26 2216.777000 0 1
2009 02 27 2277.621000 0 1
2009 02 28 2333.103000 0 1
