year month day streamflow_m3s qual_control_by_ana qual_flag
1974 07 01 nan nan 0
1974 07 02 nan nan 0
1974 07 03 nan nan 0
1974 07 04 nan nan 0
1974 07 05 nan nan 0
1974 07 06 nan nan 0
1974 07 07 nan nan 0
1974 07 08 nan nan 0
1974 07 09 nan nan 0
1974 07 10 nan nan 0
1974 07 11 nan nan 0
1974 07 12 nan nan 0
1974 07 13 nan nan 0
1974 07 14 nan nan 0
1974 07 15 nan nan 0
1974 07 16 nan nan 0
1974 07 17 nan nan 0
1974 07 18 nan nan 0
1974 07 19 nan nan 0
1974 07 20 nan nan 0
1974 07 21 nan nan 0
1974 07 22 nan nan 0
1974 07 23 nan nan 0
1974 07 24 nan nan 0
1974 07 25 1930.000000 1 1
1974 07 26 1906.000000 1 1
1974 07 27 1890.000000 1 1
1974 07 28 1874.000000 1 1
1974 07 29 1858.000000 1 1
1974 07 30 1850.000000 1 1
1974 07 31 1834.000000 1 1
1974 08 01 1818.000000 1 1
1974 08 02 1802.000000 1 1
1974 08 03 1786.000000 1 1
1974 08 04 1770.000000 1 1
1974 08 05 1756.000000 1 1
1974 08 06 1742.000000 1 1
1974 08 07 1728.000000 1 1
1974 08 08 1714.000000 1 1
1974 08 09 1693.000000 1 1
1974 08 10 1679.000000 1 1
1974 08 11 1665.000000 1 1
1974 08 12 1651.000000 1 1
1974 08 13 1644.000000 1 1
1974 08 14 1665.000000 1 1
1974 08 15 1679.000000 1 1
1974 08 16 1665.000000 1 1
1974 08 17 1651.000000 1 1
1974 08 18 1637.000000 1 1
1974 08 19 1756.000000 1 1
1974 08 20 1742.000000 1 1
1974 08 21 1728.000000 1 1
1974 08 22 1693.000000 1 1
1974 08 23 1658.000000 1 1
1974 08 24 1637.000000 1 1
1974 08 25 1651.000000 1 1
1974 08 26 1644.000000 1 1
1974 08 27 1630.000000 1 1
1974 08 28 1595.000000 1 1
1974 08 29 1602.000000 1 1
1974 08 30 1609.000000 1 1
1974 08 31 1588.000000 1 1
1974 09 01 1581.000000 1 1
1974 09 02 1546.000000 1 1
1974 09 03 1525.000000 1 1
1974 09 04 1532.000000 1 1
1974 09 05 1581.000000 1 1
1974 09 06 1581.000000 1 1
1974 09 07 1581.000000 1 1
1974 09 08 1581.000000 1 1
1974 09 09 1588.000000 1 1
1974 09 10 1574.000000 1 1
1974 09 11 1588.000000 1 1
1974 09 12 1574.000000 1 1
1974 09 13 1560.000000 1 1
1974 09 14 1525.000000 1 1
1974 09 15 1483.000000 1 1
1974 09 16 1441.000000 1 1
1974 09 17 1441.000000 1 1
1974 09 18 1434.000000 1 1
1974 09 19 1427.000000 1 1
1974 09 20 1413.000000 1 1
1974 09 21 1357.000000 1 1
1974 09 22 1364.000000 1 1
1974 09 23 1371.000000 1 1
1974 09 24 1364.000000 1 1
1974 09 25 1364.000000 1 1
1974 09 26 1320.000000 1 1
1974 09 27 1308.000000 1 1
1974 09 28 1314.000000 1 1
1974 09 29 1314.000000 1 1
1974 09 30 1314.000000 1 1
1974 10 01 1296.000000 1 1
1974 10 02 1296.000000 1 1
1974 10 03 1302.000000 1 1
1974 10 04 1314.000000 1 1
1974 10 05 1326.000000 1 1
1974 10 06 1350.000000 1 1
1974 10 07 1392.000000 1 1
1974 10 08 1385.000000 1 1
1974 10 09 1385.000000 1 1
1974 10 10 1518.000000 1 1
1974 10 11 1623.000000 1 1
1974 10 12 1679.000000 1 1
1974 10 13 1802.000000 1 1
1974 10 14 1958.000000 1 1
1974 10 15 1958.000000 1 1
1974 10 16 1914.000000 1 1
1974 10 17 1810.000000 1 1
1974 10 18 1834.000000 1 1
1974 10 19 1914.000000 1 1
1974 10 20 1906.000000 1 1
1974 10 21 1922.000000 1 1
1974 10 22 1914.000000 1 1
1974 10 23 1972.000000 1 1
1974 10 24 2122.000000 1 1
1974 10 25 2226.000000 1 1
1974 10 26 2258.000000 1 1
1974 10 27 2306.000000 1 1
1974 10 28 2298.000000 1 1
1974 10 29 2258.000000 1 1
1974 10 30 2274.000000 1 1
1974 10 31 2314.000000 1 1
1974 11 01 2452.000000 1 1
1974 11 02 2572.000000 1 1
1974 11 03 2545.000000 1 1
1974 11 04 2436.000000 1 1
1974 11 05 2274.000000 1 1
1974 11 06 2106.000000 1 1
1974 11 07 1958.000000 1 1
1974 11 08 1890.000000 1 1
1974 11 09 1951.000000 1 1
1974 11 10 2018.000000 1 1
1974 11 11 2098.000000 1 1
1974 11 12 2178.000000 1 1
1974 11 13 2282.000000 1 1
1974 11 14 2452.000000 1 1
1974 11 15 2626.000000 1 1
1974 11 16 2810.000000 1 1
1974 11 17 2970.000000 1 1
1974 11 18 3180.000000 1 1
1974 11 19 3380.000000 1 1
1974 11 20 3583.000000 1 1
1974 11 21 3793.000000 1 1
1974 11 22 3750.000000 1 1
1974 11 23 3550.000000 1 1
1974 11 24 3350.000000 1 1
1974 11 25 3190.000000 1 1
1974 11 26 3220.000000 1 1
1974 11 27 3170.000000 1 1
1974 11 28 3141.000000 1 1
1974 11 29 3050.000000 1 1
1974 11 30 2924.000000 1 1
1974 12 01 2990.000000 1 1
1974 12 02 3180.000000 1 1
1974 12 03 3290.000000 1 1
1974 12 04 3210.000000 1 1
1974 12 05 3123.000000 1 1
1974 12 06 3000.000000 1 1
1974 12 07 2924.000000 1 1
1974 12 08 3150.000000 1 1
1974 12 09 3730.000000 1 1
1974 12 10 4321.000000 1 1
1974 12 11 4842.000000 1 1
1974 12 12 5289.000000 1 1
1974 12 13 5565.000000 1 1
1974 12 14 5617.000000 1 1
1974 12 15 5799.000000 1 1
1974 12 16 5452.000000 1 1
1974 12 17 5202.000000 1 1
1974 12 18 4782.000000 1 1
1974 12 19 4746.000000 1 1
1974 12 20 4101.000000 1 1
1974 12 21 3859.000000 1 1
1974 12 22 3627.000000 1 1
1974 12 23 3480.000000 1 1
1974 12 24 3500.000000 1 1
1974 12 25 3460.000000 1 1
1974 12 26 3360.000000 1 1
1974 12 27 3550.000000 1 1
1974 12 28 3670.000000 1 1
1974 12 29 3740.000000 1 1
1974 12 30 3892.000000 1 1
1974 12 31 4123.000000 1 1
1975 01 01 4343.000000 1 1
1975 01 02 4504.000000 1 1
1975 01 03 4562.000000 1 1
1975 01 04 4456.000000 1 1
1975 01 05 4354.000000 1 1
1975 01 06 4299.000000 1 1
1975 01 07 4444.000000 1 1
1975 01 08 4606.000000 1 1
1975 01 09 4710.000000 1 1
1975 01 10 4698.000000 1 1
1975 01 11 4617.000000 1 1
1975 01 12 4562.000000 1 1
1975 01 13 4398.000000 1 1
1975 01 14 4299.000000 1 1
1975 01 15 4189.000000 1 1
1975 01 16 3980.000000 1 1
1975 01 17 3914.000000 1 1
1975 01 18 3771.000000 1 1
1975 01 19 3530.000000 1 1
1975 01 20 3440.000000 1 1
1975 01 21 3680.000000 1 1
1975 01 22 3903.000000 1 1
1975 01 23 4758.000000 1 1
1975 01 24 5864.000000 1 1
1975 01 25 6433.000000 1 1
1975 01 26 6662.000000 1 1
1975 01 27 7194.000000 1 1
1975 01 28 7920.000000 1 1
1975 01 29 7570.000000 1 1
1975 01 30 6970.000000 1 1
1975 01 31 6550.000000 1 1
1975 02 01 6267.000000 1 1
1975 02 02 6033.000000 1 1
1975 02 03 5838.000000 1 1
1975 02 04 6059.000000 1 1
1975 02 05 6746.000000 1 1
1975 02 06 7675.000000 1 1
1975 02 07 8025.000000 1 1
1975 02 08 8194.000000 1 1
1975 02 09 8638.000000 1 1
1975 02 10 8825.000000 1 1
1975 02 11 8380.000000 1 1
1975 02 12 7905.000000 1 1
1975 02 13 7704.000000 1 1
1975 02 14 8025.000000 1 1
1975 02 15 7980.000000 1 1
1975 02 16 7802.000000 1 1
1975 02 17 7250.000000 1 1
1975 02 18 6830.000000 1 1
1975 02 19 6704.000000 1 1
1975 02 20 6620.000000 1 1
1975 02 21 6459.000000 1 1
1975 02 22 6280.000000 1 1
1975 02 23 5916.000000 1 1
1975 02 24 5734.000000 1 1
1975 02 25 5591.000000 1 1
1975 02 26 5452.000000 1 1
1975 02 27 5440.000000 1 1
1975 02 28 5440.000000 1 1
1975 03 01 5354.000000 1 1
1975 03 02 5302.000000 1 1
1975 03 03 5354.000000 1 1
1975 03 04 5578.000000 1 1
1975 03 05 5773.000000 1 1
1975 03 06 5929.000000 1 1
1975 03 07 6059.000000 1 1
1975 03 08 6085.000000 1 1
1975 03 09 6280.000000 1 1
1975 03 10 6267.000000 1 1
1975 03 11 6336.000000 1 1
1975 03 12 6872.000000 1 1
1975 03 13 7180.000000 1 1
1975 03 14 7124.000000 1 1
1975 03 15 6984.000000 1 1
1975 03 16 6690.000000 1 1
1975 03 17 6241.000000 1 1
1975 03 18 5968.000000 1 1
1975 03 19 5916.000000 1 1
1975 03 20 5994.000000 1 1
1975 03 21 5799.000000 1 1
1975 03 22 5500.000000 1 1
1975 03 23 5250.000000 1 1
1975 03 24 5010.000000 1 1
1975 03 25 5178.000000 1 1
1975 03 26 5877.000000 1 1
1975 03 27 6267.000000 1 1
1975 03 28 6774.000000 1 1
1975 03 29 7442.000000 1 1
1975 03 30 7704.000000 1 1
1975 03 31 7788.000000 1 1
1975 04 01 7414.000000 1 1
1975 04 02 6998.000000 1 1
1975 04 03 6844.000000 1 1
1975 04 04 7498.000000 1 1
1975 04 05 8162.000000 1 1
1975 04 06 8162.000000 1 1
1975 04 07 8010.000000 1 1
1975 04 08 8100.000000 1 1
1975 04 09 8530.000000 1 1
1975 04 10 8964.000000 1 1
1975 04 11 9348.000000 1 1
1975 04 12 9774.000000 1 1
1975 04 13 10440.000000 1 1
1975 04 14 10320.000000 1 1
1975 04 15 9948.000000 1 1
1975 04 16 8795.000000 1 1
1975 04 17 8146.000000 1 1
1975 04 18 7615.000000 1 1
1975 04 19 7222.000000 1 1
1975 04 20 7012.000000 1 1
1975 04 21 6676.000000 1 1
1975 04 22 6472.000000 1 1
1975 04 23 6746.000000 1 1
1975 04 24 7512.000000 1 1
1975 04 25 7615.000000 1 1
1975 04 26 7845.000000 1 1
1975 04 27 7980.000000 1 1
1975 04 28 7704.000000 1 1
1975 04 29 7124.000000 1 1
1975 04 30 6537.000000 1 1
1975 05 01 5786.000000 1 1
1975 05 02 5276.000000 1 1
1975 05 03 4890.000000 1 1
1975 05 04 4606.000000 1 1
1975 05 05 4343.000000 1 1
1975 05 06 4277.000000 1 1
1975 05 07 4409.000000 1 1
1975 05 08 4266.000000 1 1
1975 05 09 4079.000000 1 1
1975 05 10 3870.000000 1 1
1975 05 11 3720.000000 1 1
1975 05 12 3605.000000 1 1
1975 05 13 3480.000000 1 1
1975 05 14 3460.000000 1 1
1975 05 15 3410.000000 1 1
1975 05 16 3400.000000 1 1
1975 05 17 3460.000000 1 1
1975 05 18 3561.000000 1 1
1975 05 19 3410.000000 1 1
1975 05 20 3350.000000 1 1
1975 05 21 3400.000000 1 1
1975 05 22 3480.000000 1 1
1975 05 23 3400.000000 1 1
1975 05 24 3310.000000 1 1
1975 05 25 3190.000000 1 1
1975 05 26 3132.000000 1 1
1975 05 27 2990.000000 1 1
1975 05 28 2924.000000 1 1
1975 05 29 2820.000000 1 1
1975 05 30 2743.000000 1 1
1975 05 31 2698.000000 1 1
1975 06 01 2626.000000 1 1
1975 06 02 2590.000000 1 1
1975 06 03 2527.000000 1 1
1975 06 04 2509.000000 1 1
1975 06 05 2460.000000 1 1
1975 06 06 2428.000000 1 1
1975 06 07 2428.000000 1 1
1975 06 08 2428.000000 1 1
1975 06 09 2393.000000 1 1
1975 06 10 2357.000000 1 1
1975 06 11 2314.000000 1 1
1975 06 12 2274.000000 1 1
1975 06 13 2258.000000 1 1
1975 06 14 2226.000000 1 1
1975 06 15 2194.000000 1 1
1975 06 16 2154.000000 1 1
1975 06 17 2130.000000 1 1
1975 06 18 2114.000000 1 1
1975 06 19 2081.000000 1 1
1975 06 20 2009.000000 1 1
1975 06 21 2009.000000 1 1
1975 06 22 2009.000000 1 1
1975 06 23 1979.000000 1 1
1975 06 24 1979.000000 1 1
1975 06 25 1937.000000 1 1
1975 06 26 1914.000000 1 1
1975 06 27 1866.000000 1 1
1975 06 28 1858.000000 1 1
1975 06 29 1858.000000 1 1
1975 06 30 1858.000000 1 1
1975 07 01 1810.000000 1 1
1975 07 02 1786.000000 1 1
1975 07 03 1778.000000 1 1
1975 07 04 1778.000000 1 1
1975 07 05 1763.000000 1 1
1975 07 06 1794.000000 1 1
1975 07 07 1834.000000 1 1
1975 07 08 1890.000000 1 1
1975 07 09 1965.000000 1 1
1975 07 10 2063.000000 1 1
1975 07 11 2106.000000 1 1
1975 07 12 2063.000000 1 1
1975 07 13 1930.000000 1 1
1975 07 14 1866.000000 1 1
1975 07 15 1802.000000 1 1
1975 07 16 1756.000000 1 1
1975 07 17 1714.000000 1 1
1975 07 18 1700.000000 1 1
1975 07 19 1686.000000 1 1
1975 07 20 1686.000000 1 1
1975 07 21 1735.000000 1 1
1975 07 22 1756.000000 1 1
1975 07 23 1728.000000 1 1
1975 07 24 1707.000000 1 1
1975 07 25 1665.000000 1 1
1975 07 26 1616.000000 1 1
1975 07 27 1574.000000 1 1
1975 07 28 1574.000000 1 1
1975 07 29 1553.000000 1 1
1975 07 30 1539.000000 1 1
1975 07 31 1525.000000 1 1
1975 08 01 1504.000000 1 1
1975 08 02 1497.000000 1 1
1975 08 03 1483.000000 1 1
1975 08 04 1476.000000 1 1
1975 08 05 1462.000000 1 1
1975 08 06 1441.000000 1 1
1975 08 07 1427.000000 1 1
1975 08 08 1420.000000 1 1
1975 08 09 1413.000000 1 1
1975 08 10 1406.000000 1 1
1975 08 11 1399.000000 1 1
1975 08 12 1385.000000 1 1
1975 08 13 1364.000000 1 1
1975 08 14 1357.000000 1 1
1975 08 15 1350.000000 1 1
1975 08 16 1332.000000 1 1
1975 08 17 1326.000000 1 1
1975 08 18 1314.000000 1 1
1975 08 19 1296.000000 1 1
1975 08 20 1296.000000 1 1
1975 08 21 1296.000000 1 1
1975 08 22 1283.000000 1 1
1975 08 23 1276.000000 1 1
1975 08 24 1269.000000 1 1
1975 08 25 1262.000000 1 1
1975 08 26 1255.000000 1 1
1975 08 27 1248.000000 1 1
1975 08 28 1227.000000 1 1
1975 08 29 1227.000000 1 1
1975 08 30 1227.000000 1 1
1975 08 31 1227.000000 1 1
1975 09 01 1214.000000 1 1
1975 09 02 1202.000000 1 1
1975 09 03 1202.000000 1 1
1975 09 04 1196.000000 1 1
1975 09 05 1184.000000 1 1
1975 09 06 1172.000000 1 1
1975 09 07 1166.000000 1 1
1975 09 08 1154.000000 1 1
1975 09 09 1154.000000 1 1
1975 09 10 1148.000000 1 1
1975 09 11 1148.000000 1 1
1975 09 12 1142.000000 1 1
1975 09 13 1136.000000 1 1
1975 09 14 1130.000000 1 1
1975 09 15 1112.000000 1 1
1975 09 16 1106.000000 1 1
1975 09 17 1094.000000 1 1
1975 09 18 1094.000000 1 1
1975 09 19 1094.000000 1 1
1975 09 20 1088.000000 1 1
1975 09 21 1082.000000 1 1
1975 09 22 1082.000000 1 1
1975 09 23 1076.000000 1 1
1975 09 24 1070.000000 1 1
1975 09 25 1070.000000 1 1
1975 09 26 1064.000000 1 1
1975 09 27 1076.000000 1 1
1975 09 28 1088.000000 1 1
1975 09 29 1136.000000 1 1
1975 09 30 1172.000000 1 1
1975 10 01 1142.000000 1 1
1975 10 02 1124.000000 1 1
1975 10 03 1106.000000 1 1
1975 10 04 1094.000000 1 1
1975 10 05 1082.000000 1 1
1975 10 06 1076.000000 1 1
1975 10 07 1088.000000 1 1
1975 10 08 1112.000000 1 1
1975 10 09 1148.000000 1 1
1975 10 10 1172.000000 1 1
1975 10 11 1202.000000 1 1
1975 10 12 1357.000000 1 1
1975 10 13 1455.000000 1 1
1975 10 14 1504.000000 1 1
1975 10 15 1469.000000 1 1
1975 10 16 1392.000000 1 1
1975 10 17 1350.000000 1 1
1975 10 18 1385.000000 1 1
1975 10 19 1504.000000 1 1
1975 10 20 1644.000000 1 1
1975 10 21 1778.000000 1 1
1975 10 22 1958.000000 1 1
1975 10 23 2063.000000 1 1
1975 10 24 2063.000000 1 1
1975 10 25 2000.000000 1 1
1975 10 26 1922.000000 1 1
1975 10 27 1866.000000 1 1
1975 10 28 1850.000000 1 1
1975 10 29 1842.000000 1 1
1975 10 30 1866.000000 1 1
1975 10 31 1858.000000 1 1
1975 11 01 1874.000000 1 1
1975 11 02 2018.000000 1 1
1975 11 03 2298.000000 1 1
1975 11 04 2790.000000 1 1
1975 11 05 2951.000000 1 1
1975 11 06 2820.000000 1 1
1975 11 07 2707.000000 1 1
1975 11 08 2662.000000 1 1
1975 11 09 2590.000000 1 1
1975 11 10 2492.000000 1 1
1975 11 11 2384.000000 1 1
1975 11 12 2348.000000 1 1
1975 11 13 2339.000000 1 1
1975 11 14 2468.000000 1 1
1975 11 15 2599.000000 1 1
1975 11 16 2707.000000 1 1
1975 11 17 2707.000000 1 1
1975 11 18 2608.000000 1 1
1975 11 19 2689.000000 1 1
1975 11 20 2662.000000 1 1
1975 11 21 2653.000000 1 1
1975 11 22 2554.000000 1 1
1975 11 23 2444.000000 1 1
1975 11 24 2428.000000 1 1
1975 11 25 2468.000000 1 1
1975 11 26 2599.000000 1 1
1975 11 27 2671.000000 1 1
1975 11 28 2617.000000 1 1
1975 11 29 2653.000000 1 1
1975 11 30 3030.000000 1 1
1975 12 01 3260.000000 1 1
1975 12 02 3320.000000 1 1
1975 12 03 3240.000000 1 1
1975 12 04 3290.000000 1 1
1975 12 05 3470.000000 1 1
1975 12 06 3480.000000 1 1
1975 12 07 3300.000000 1 1
1975 12 08 3020.000000 1 1
1975 12 09 2980.000000 1 1
1975 12 10 3040.000000 1 1
1975 12 11 2820.000000 1 1
1975 12 12 2518.000000 1 1
1975 12 13 2339.000000 1 1
1975 12 14 2282.000000 1 1
1975 12 15 2266.000000 1 1
1975 12 16 2258.000000 1 1
1975 12 17 2242.000000 1 1
1975 12 18 2393.000000 1 1
1975 12 19 2698.000000 1 1
1975 12 20 2840.000000 1 1
1975 12 21 2970.000000 1 1
1975 12 22 3180.000000 1 1
1975 12 23 3330.000000 1 1
1975 12 24 3300.000000 1 1
1975 12 25 3330.000000 1 1
1975 12 26 3330.000000 1 1
1975 12 27 3370.000000 1 1
1975 12 28 3410.000000 1 1
1975 12 29 3470.000000 1 1
1975 12 30 3410.000000 1 1
1975 12 31 3380.000000 1 1
1976 01 01 3350.000000 1 1
1976 01 02 3450.000000 1 1
1976 01 03 3740.000000 1 1
1976 01 04 3793.000000 1 1
1976 01 05 3670.000000 1 1
1976 01 06 3510.000000 1 1
1976 01 07 3380.000000 1 1
1976 01 08 3280.000000 1 1
1976 01 09 3260.000000 1 1
1976 01 10 3230.000000 1 1
1976 01 11 3210.000000 1 1
1976 01 12 3170.000000 1 1
1976 01 13 3150.000000 1 1
1976 01 14 3141.000000 1 1
1976 01 15 3132.000000 1 1
1976 01 16 3040.000000 1 1
1976 01 17 3030.000000 1 1
1976 01 18 3040.000000 1 1
1976 01 19 3069.000000 1 1
1976 01 20 3000.000000 1 1
1976 01 21 2924.000000 1 1
1976 01 22 2942.000000 1 1
1976 01 23 3060.000000 1 1
1976 01 24 3050.000000 1 1
1976 01 25 3010.000000 1 1
1976 01 26 3150.000000 1 1
1976 01 27 3360.000000 1 1
1976 01 28 3340.000000 1 1
1976 01 29 3490.000000 1 1
1976 01 30 3540.000000 1 1
1976 01 31 3649.000000 1 1
1976 02 01 3605.000000 1 1
1976 02 02 3572.000000 1 1
1976 02 03 3550.000000 1 1
1976 02 04 3859.000000 1 1
1976 02 05 4444.000000 1 1
1976 02 06 4854.000000 1 1
1976 02 07 4854.000000 1 1
1976 02 08 4986.000000 1 1
1976 02 09 4998.000000 1 1
1976 02 10 5082.000000 1 1
1976 02 11 4878.000000 1 1
1976 02 12 4902.000000 1 1
1976 02 13 4962.000000 1 1
1976 02 14 5539.000000 1 1
1976 02 15 6072.000000 1 1
1976 02 16 6511.000000 1 1
1976 02 17 6634.000000 1 1
1976 02 18 6858.000000 1 1
1976 02 19 6858.000000 1 1
1976 02 20 6498.000000 1 1
1976 02 21 6098.000000 1 1
1976 02 22 5604.000000 1 1
1976 02 23 5452.000000 1 1
1976 02 24 5263.000000 1 1
1976 02 25 5082.000000 1 1
1976 02 26 5178.000000 1 1
1976 02 27 5695.000000 1 1
1976 02 28 6137.000000 1 1
1976 02 29 6254.000000 1 1
1976 03 01 6634.000000 1 1
1976 03 02 7082.000000 1 1
1976 03 03 7295.000000 1 1
1976 03 04 7180.000000 1 1
1976 03 05 7585.000000 1 1
1976 03 06 7816.000000 1 1
1976 03 07 7400.000000 1 1
1976 03 08 6998.000000 1 1
1976 03 09 6350.000000 1 1
1976 03 10 5851.000000 1 1
1976 03 11 5354.000000 1 1
1976 03 12 5263.000000 1 1
1976 03 13 5354.000000 1 1
1976 03 14 5328.000000 1 1
1976 03 15 5302.000000 1 1
1976 03 16 5500.000000 1 1
1976 03 17 5565.000000 1 1
1976 03 18 5476.000000 1 1
1976 03 19 5392.000000 1 1
1976 03 20 5263.000000 1 1
1976 03 21 4878.000000 1 1
1976 03 22 4674.000000 1 1
1976 03 23 4686.000000 1 1
1976 03 24 4639.000000 1 1
1976 03 25 4528.000000 1 1
1976 03 26 4288.000000 1 1
1976 03 27 4299.000000 1 1
1976 03 28 4409.000000 1 1
1976 03 29 4573.000000 1 1
1976 03 30 4770.000000 1 1
1976 03 31 5226.000000 1 1
1976 04 01 5440.000000 1 1
1976 04 02 5695.000000 1 1
1976 04 03 5786.000000 1 1
1976 04 04 5682.000000 1 1
1976 04 05 5526.000000 1 1
1976 04 06 5315.000000 1 1
1976 04 07 5263.000000 1 1
1976 04 08 5010.000000 1 1
1976 04 09 4770.000000 1 1
1976 04 10 4540.000000 1 1
1976 04 11 4244.000000 1 1
1976 04 12 4112.000000 1 1
1976 04 13 4189.000000 1 1
1976 04 14 4321.000000 1 1
1976 04 15 4332.000000 1 1
1976 04 16 4321.000000 1 1
1976 04 17 4398.000000 1 1
1976 04 18 4387.000000 1 1
1976 04 19 4288.000000 1 1
1976 04 20 4112.000000 1 1
1976 04 21 3870.000000 1 1
1976 04 22 3649.000000 1 1
1976 04 23 3450.000000 1 1
1976 04 24 3320.000000 1 1
1976 04 25 3150.000000 1 1
1976 04 26 3020.000000 1 1
1976 04 27 2980.000000 1 1
1976 04 28 2970.000000 1 1
1976 04 29 2970.000000 1 1
1976 04 30 3010.000000 1 1
1976 05 01 3060.000000 1 1
1976 05 02 3200.000000 1 1
1976 05 03 3320.000000 1 1
1976 05 04 3649.000000 1 1
1976 05 05 4123.000000 1 1
1976 05 06 4299.000000 1 1
1976 05 07 4222.000000 1 1
1976 05 08 3730.000000 1 1
1976 05 09 3480.000000 1 1
1976 05 10 3380.000000 1 1
1976 05 11 3220.000000 1 1
1976 05 12 3040.000000 1 1
1976 05 13 2951.000000 1 1
1976 05 14 2870.000000 1 1
1976 05 15 2810.000000 1 1
1976 05 16 2716.000000 1 1
1976 05 17 2617.000000 1 1
1976 05 18 2554.000000 1 1
1976 05 19 2492.000000 1 1
1976 05 20 2436.000000 1 1
1976 05 21 2339.000000 1 1
1976 05 22 2339.000000 1 1
1976 05 23 2339.000000 1 1
1976 05 24 2348.000000 1 1
1976 05 25 2348.000000 1 1
1976 05 26 2348.000000 1 1
1976 05 27 2330.000000 1 1
1976 05 28 2266.000000 1 1
1976 05 29 2266.000000 1 1
1976 05 30 2218.000000 1 1
1976 05 31 2266.000000 1 1
1976 06 01 2266.000000 1 1
1976 06 02 2258.000000 1 1
1976 06 03 2186.000000 1 1
1976 06 04 2178.000000 1 1
1976 06 05 2114.000000 1 1
1976 06 06 2054.000000 1 1
1976 06 07 1986.000000 1 1
1976 06 08 1944.000000 1 1
1976 06 09 1898.000000 1 1
1976 06 10 1866.000000 1 1
1976 06 11 1866.000000 1 1
1976 06 12 1810.000000 1 1
1976 06 13 1786.000000 1 1
1976 06 14 1770.000000 1 1
1976 06 15 1714.000000 1 1
1976 06 16 1707.000000 1 1
1976 06 17 1707.000000 1 1
1976 06 18 1665.000000 1 1
1976 06 19 1637.000000 1 1
1976 06 20 1637.000000 1 1
1976 06 21 1630.000000 1 1
1976 06 22 1574.000000 1 1
1976 06 23 1567.000000 1 1
1976 06 24 1567.000000 1 1
1976 06 25 1497.000000 1 1
1976 06 26 1497.000000 1 1
1976 06 27 1497.000000 1 1
1976 06 28 1497.000000 1 1
1976 06 29 1490.000000 1 1
1976 06 30 1427.000000 1 1
1976 07 01 1427.000000 1 1
1976 07 02 1427.000000 1 1
1976 07 03 1427.000000 1 1
1976 07 04 1427.000000 1 1
1976 07 05 1427.000000 1 1
1976 07 06 1385.000000 1 1
1976 07 07 1364.000000 1 1
1976 07 08 1357.000000 1 1
1976 07 09 1357.000000 1 1
1976 07 10 1357.000000 1 1
1976 07 11 1364.000000 1 1
1976 07 12 1350.000000 1 1
1976 07 13 1296.000000 1 1
1976 07 14 1296.000000 1 1
1976 07 15 1296.000000 1 1
1976 07 16 1296.000000 1 1
1976 07 17 1302.000000 1 1
1976 07 18 1255.000000 1 1
1976 07 19 1234.000000 1 1
1976 07 20 1227.000000 1 1
1976 07 21 1227.000000 1 1
1976 07 22 1227.000000 1 1
1976 07 23 1227.000000 1 1
1976 07 24 1214.000000 1 1
1976 07 25 1172.000000 1 1
1976 07 26 1166.000000 1 1
1976 07 27 1166.000000 1 1
1976 07 28 1172.000000 1 1
1976 07 29 1166.000000 1 1
1976 07 30 1166.000000 1 1
1976 07 31 1154.000000 1 1
1976 08 01 1130.000000 1 1
1976 08 02 1112.000000 1 1
1976 08 03 1112.000000 1 1
1976 08 04 1106.000000 1 1
1976 08 05 1106.000000 1 1
1976 08 06 1112.000000 1 1
1976 08 07 1106.000000 1 1
1976 08 08 1106.000000 1 1
1976 08 09 1100.000000 1 1
1976 08 10 1100.000000 1 1
1976 08 11 1094.000000 1 1
1976 08 12 1070.000000 1 1
1976 08 13 1046.000000 1 1
1976 08 14 1046.000000 1 1
1976 08 15 1052.000000 1 1
1976 08 16 1070.000000 1 1
1976 08 17 1136.000000 1 1
1976 08 18 1124.000000 1 1
1976 08 19 1106.000000 1 1
1976 08 20 1100.000000 1 1
1976 08 21 1100.000000 1 1
1976 08 22 1082.000000 1 1
1976 08 23 1070.000000 1 1
1976 08 24 1052.000000 1 1
1976 08 25 1023.000000 1 1
1976 08 26 989.000000 1 1
1976 08 27 989.000000 1 1
1976 08 28 989.000000 1 1
1976 08 29 994.000000 1 1
1976 08 30 989.000000 1 1
1976 08 31 989.000000 1 1
1976 09 01 994.000000 1 1
1976 09 02 989.000000 1 1
1976 09 03 989.000000 1 1
1976 09 04 977.000000 1 1
1976 09 05 932.000000 1 1
1976 09 06 932.000000 1 1
1976 09 07 932.000000 1 1
1976 09 08 937.000000 1 1
1976 09 09 955.000000 1 1
1976 09 10 994.000000 1 1
1976 09 11 1017.000000 1 1
1976 09 12 1040.000000 1 1
1976 09 13 1046.000000 1 1
1976 09 14 1076.000000 1 1
1976 09 15 1088.000000 1 1
1976 09 16 1046.000000 1 1
1976 09 17 1046.000000 1 1
1976 09 18 1046.000000 1 1
1976 09 19 1046.000000 1 1
1976 09 20 1046.000000 1 1
1976 09 21 1100.000000 1 1
1976 09 22 1112.000000 1 1
1976 09 23 1124.000000 1 1
1976 09 24 1154.000000 1 1
1976 09 25 1172.000000 1 1
1976 09 26 1166.000000 1 1
1976 09 27 1166.000000 1 1
1976 09 28 1172.000000 1 1
1976 09 29 1220.000000 1 1
1976 09 30 1262.000000 1 1
1976 10 01 1357.000000 1 1
1976 10 02 1469.000000 1 1
1976 10 03 1672.000000 1 1
1976 10 04 1930.000000 1 1
1976 10 05 2063.000000 1 1
1976 10 06 1993.000000 1 1
1976 10 07 1866.000000 1 1
1976 10 08 1802.000000 1 1
1976 10 09 1906.000000 1 1
1976 10 10 2114.000000 1 1
1976 10 11 2210.000000 1 1
1976 10 12 2242.000000 1 1
1976 10 13 2290.000000 1 1
1976 10 14 2436.000000 1 1
1976 10 15 2484.000000 1 1
1976 10 16 2384.000000 1 1
1976 10 17 2170.000000 1 1
1976 10 18 2036.000000 1 1
1976 10 19 1958.000000 1 1
1976 10 20 1842.000000 1 1
1976 10 21 1749.000000 1 1
1976 10 22 1770.000000 1 1
1976 10 23 1874.000000 1 1
1976 10 24 1951.000000 1 1
1976 10 25 2027.000000 1 1
1976 10 26 2018.000000 1 1
1976 10 27 1944.000000 1 1
1976 10 28 1778.000000 1 1
1976 10 29 1651.000000 1 1
1976 10 30 1637.000000 1 1
1976 10 31 1686.000000 1 1
1976 11 01 1742.000000 1 1
1976 11 02 1858.000000 1 1
1976 11 03 1930.000000 1 1
1976 11 04 1993.000000 1 1
1976 11 05 2130.000000 1 1
1976 11 06 2258.000000 1 1
1976 11 07 2274.000000 1 1
1976 11 08 2242.000000 1 1
1976 11 09 2242.000000 1 1
1976 11 10 2242.000000 1 1
1976 11 11 2282.000000 1 1
1976 11 12 2348.000000 1 1
1976 11 13 2375.000000 1 1
1976 11 14 2384.000000 1 1
1976 11 15 2476.000000 1 1
1976 11 16 2653.000000 1 1
1976 11 17 2906.000000 1 1
1976 11 18 3180.000000 1 1
1976 11 19 3782.000000 1 1
1976 11 20 4002.000000 1 1
1976 11 21 4134.000000 1 1
1976 11 22 4398.000000 1 1
1976 11 23 4830.000000 1 1
1976 11 24 5046.000000 1 1
1976 11 25 5214.000000 1 1
1976 11 26 5328.000000 1 1
1976 11 27 4938.000000 1 1
1976 11 28 4562.000000 1 1
1976 11 29 4068.000000 1 1
1976 11 30 3925.000000 1 1
1976 12 01 3991.000000 1 1
1976 12 02 4178.000000 1 1
1976 12 03 4420.000000 1 1
1976 12 04 4902.000000 1 1
1976 12 05 6059.000000 1 1
1976 12 06 6662.000000 1 1
1976 12 07 6485.000000 1 1
1976 12 08 5773.000000 1 1
1976 12 09 5226.000000 1 1
1976 12 10 4722.000000 1 1
1976 12 11 4432.000000 1 1
1976 12 12 4343.000000 1 1
1976 12 13 4420.000000 1 1
1976 12 14 4321.000000 1 1
1976 12 15 4189.000000 1 1
1976 12 16 4112.000000 1 1
1976 12 17 3848.000000 1 1
1976 12 18 3771.000000 1 1
1976 12 19 3848.000000 1 1
1976 12 20 4112.000000 1 1
1976 12 21 4628.000000 1 1
1976 12 22 5034.000000 1 1
1976 12 23 5428.000000 1 1
1976 12 24 5452.000000 1 1
1976 12 25 5250.000000 1 1
1976 12 26 4998.000000 1 1
1976 12 27 4914.000000 1 1
1976 12 28 4914.000000 1 1
1976 12 29 4722.000000 1 1
1976 12 30 4516.000000 1 1
1976 12 31 4456.000000 1 1
1977 01 01 4639.000000 1 1
1977 01 02 4528.000000 1 1
1977 01 03 4332.000000 1 1
1977 01 04 4101.000000 1 1
1977 01 05 4255.000000 1 1
1977 01 06 4432.000000 1 1
1977 01 07 4617.000000 1 1
1977 01 08 4584.000000 1 1
1977 01 09 4444.000000 1 1
1977 01 10 4480.000000 1 1
1977 01 11 4516.000000 1 1
1977 01 12 4332.000000 1 1
1977 01 13 4134.000000 1 1
1977 01 14 4002.000000 1 1
1977 01 15 3782.000000 1 1
1977 01 16 3530.000000 1 1
1977 01 17 3430.000000 1 1
1977 01 18 3123.000000 1 1
1977 01 19 2980.000000 1 1
1977 01 20 3320.000000 1 1
1977 01 21 4090.000000 1 1
1977 01 22 4854.000000 1 1
1977 01 23 5142.000000 1 1
1977 01 24 5315.000000 1 1
1977 01 25 6046.000000 1 1
1977 01 26 7774.000000 1 1
1977 01 27 9428.000000 1 1
1977 01 28 10000.000000 1 1
1977 01 29 10410.000000 1 1
1977 01 30 11100.000000 1 1
1977 01 31 11980.000000 1 1
1977 02 01 13020.000000 1 1
1977 02 02 14360.000000 1 1
1977 02 03 15960.000000 1 1
1977 02 04 17320.000000 1 1
1977 02 05 18330.000000 1 1
1977 02 06 19160.000000 1 1
1977 02 07 19360.000000 1 1
1977 02 08 19700.000000 1 1
1977 02 09 19240.000000 1 1
1977 02 10 17640.000000 1 1
1977 02 11 15340.000000 1 1
1977 02 12 13200.000000 1 1
1977 02 13 11660.000000 1 1
1977 02 14 10300.000000 1 1
1977 02 15 9268.000000 1 1
1977 02 16 8410.000000 1 1
1977 02 17 7570.000000 1 1
1977 02 18 7096.000000 1 1
1977 02 19 6746.000000 1 1
1977 02 20 6578.000000 1 1
1977 02 21 6592.000000 1 1
1977 02 22 6592.000000 1 1
1977 02 23 6459.000000 1 1
1977 02 24 6718.000000 1 1
1977 02 25 6942.000000 1 1
1977 02 26 7208.000000 1 1
1977 02 27 7555.000000 1 1
1977 02 28 7570.000000 1 1
1977 03 01 7456.000000 1 1
1977 03 02 6970.000000 1 1
1977 03 03 6718.000000 1 1
1977 03 04 6420.000000 1 1
1977 03 05 6150.000000 1 1
1977 03 06 5955.000000 1 1
1977 03 07 5799.000000 1 1
1977 03 08 5643.000000 1 1
1977 03 09 5440.000000 1 1
1977 03 10 4998.000000 1 1
1977 03 11 4770.000000 1 1
1977 03 12 4674.000000 1 1
1977 03 13 4639.000000 1 1
1977 03 14 4528.000000 1 1
1977 03 15 4562.000000 1 1
1977 03 16 4617.000000 1 1
1977 03 17 4650.000000 1 1
1977 03 18 4573.000000 1 1
1977 03 19 4277.000000 1 1
1977 03 20 4288.000000 1 1
1977 03 21 4794.000000 1 1
1977 03 22 5154.000000 1 1
1977 03 23 5367.000000 1 1
1977 03 24 5416.000000 1 1
1977 03 25 5263.000000 1 1
1977 03 26 4902.000000 1 1
1977 03 27 4540.000000 1 1
1977 03 28 4409.000000 1 1
1977 03 29 4332.000000 1 1
1977 03 30 4189.000000 1 1
1977 03 31 4035.000000 1 1
1977 04 01 4310.000000 1 1
1977 04 02 4710.000000 1 1
1977 04 03 5250.000000 1 1
1977 04 04 5440.000000 1 1
1977 04 05 6137.000000 1 1
1977 04 06 6760.000000 1 1
1977 04 07 6858.000000 1 1
1977 04 08 6802.000000 1 1
1977 04 09 6564.000000 1 1
1977 04 10 6280.000000 1 1
1977 04 11 5929.000000 1 1
1977 04 12 5656.000000 1 1
1977 04 13 5250.000000 1 1
1977 04 14 5058.000000 1 1
1977 04 15 4866.000000 1 1
1977 04 16 4528.000000 1 1
1977 04 17 4167.000000 1 1
1977 04 18 3969.000000 1 1
1977 04 19 3730.000000 1 1
1977 04 20 3720.000000 1 1
1977 04 21 3881.000000 1 1
1977 04 22 4013.000000 1 1
1977 04 23 4222.000000 1 1
1977 04 24 4950.000000 1 1
1977 04 25 5238.000000 1 1
1977 04 26 5404.000000 1 1
1977 04 27 5877.000000 1 1
1977 04 28 6511.000000 1 1
1977 04 29 7890.000000 1 1
1977 04 30 8305.000000 1 1
1977 05 01 8638.000000 1 1
1977 05 02 8996.000000 1 1
1977 05 03 8780.000000 1 1
1977 05 04 7746.000000 1 1
1977 05 05 6830.000000 1 1
1977 05 06 6111.000000 1 1
1977 05 07 5464.000000 1 1
1977 05 08 5058.000000 1 1
1977 05 09 4806.000000 1 1
1977 05 10 4398.000000 1 1
1977 05 11 4167.000000 1 1
1977 05 12 4101.000000 1 1
1977 05 13 3914.000000 1 1
1977 05 14 3804.000000 1 1
1977 05 15 3680.000000 1 1
1977 05 16 3690.000000 1 1
1977 05 17 3782.000000 1 1
1977 05 18 4233.000000 1 1
1977 05 19 4842.000000 1 1
1977 05 20 4758.000000 1 1
1977 05 21 4376.000000 1 1
1977 05 22 4090.000000 1 1
1977 05 23 3947.000000 1 1
1977 05 24 3859.000000 1 1
1977 05 25 3750.000000 1 1
1977 05 26 3520.000000 1 1
1977 05 27 3470.000000 1 1
1977 05 28 3260.000000 1 1
1977 05 29 3170.000000 1 1
1977 05 30 3087.000000 1 1
1977 05 31 2942.000000 1 1
1977 06 01 2906.000000 1 1
1977 06 02 2820.000000 1 1
1977 06 03 2810.000000 1 1
1977 06 04 2725.000000 1 1
1977 06 05 2707.000000 1 1
1977 06 06 2635.000000 1 1
1977 06 07 2572.000000 1 1
1977 06 08 2599.000000 1 1
1977 06 09 2545.000000 1 1
1977 06 10 2635.000000 1 1
1977 06 11 2599.000000 1 1
1977 06 12 2599.000000 1 1
1977 06 13 2608.000000 1 1
1977 06 14 2554.000000 1 1
1977 06 15 2509.000000 1 1
1977 06 16 2436.000000 1 1
1977 06 17 2436.000000 1 1
1977 06 18 2348.000000 1 1
1977 06 19 2348.000000 1 1
1977 06 20 2348.000000 1 1
1977 06 21 2339.000000 1 1
1977 06 22 2274.000000 1 1
1977 06 23 2266.000000 1 1
1977 06 24 2218.000000 1 1
1977 06 25 2186.000000 1 1
1977 06 26 2154.000000 1 1
1977 06 27 2106.000000 1 1
1977 06 28 2045.000000 1 1
1977 06 29 2009.000000 1 1
1977 06 30 2009.000000 1 1
1977 07 01 1937.000000 1 1
1977 07 02 1930.000000 1 1
1977 07 03 1858.000000 1 1
1977 07 04 1858.000000 1 1
1977 07 05 1858.000000 1 1
1977 07 06 1810.000000 1 1
1977 07 07 1786.000000 1 1
1977 07 08 1786.000000 1 1
1977 07 09 1778.000000 1 1
1977 07 10 1763.000000 1 1
1977 07 11 1707.000000 1 1
1977 07 12 1707.000000 1 1
1977 07 13 1707.000000 1 1
1977 07 14 1707.000000 1 1
1977 07 15 1700.000000 1 1
1977 07 16 1693.000000 1 1
1977 07 17 1686.000000 1 1
1977 07 18 1651.000000 1 1
1977 07 19 1637.000000 1 1
1977 07 20 1637.000000 1 1
1977 07 21 1644.000000 1 1
1977 07 22 1637.000000 1 1
1977 07 23 1630.000000 1 1
1977 07 24 1609.000000 1 1
1977 07 25 1581.000000 1 1
1977 07 26 1567.000000 1 1
1977 07 27 1567.000000 1 1
1977 07 28 1623.000000 1 1
1977 07 29 1574.000000 1 1
1977 07 30 1504.000000 1 1
1977 07 31 1504.000000 1 1
1977 08 01 1504.000000 1 1
1977 08 02 1511.000000 1 1
1977 08 03 1490.000000 1 1
1977 08 04 1483.000000 1 1
1977 08 05 1469.000000 1 1
1977 08 06 1434.000000 1 1
1977 08 07 1448.000000 1 1
1977 08 08 1434.000000 1 1
1977 08 09 1427.000000 1 1
1977 08 10 1427.000000 1 1
1977 08 11 1406.000000 1 1
1977 08 12 1399.000000 1 1
1977 08 13 1364.000000 1 1
1977 08 14 1364.000000 1 1
1977 08 15 1357.000000 1 1
1977 08 16 1350.000000 1 1
1977 08 17 1308.000000 1 1
1977 08 18 1302.000000 1 1
1977 08 19 1296.000000 1 1
1977 08 20 1283.000000 1 1
1977 08 21 1234.000000 1 1
1977 08 22 1234.000000 1 1
1977 08 23 1234.000000 1 1
1977 08 24 1234.000000 1 1
1977 08 25 1227.000000 1 1
1977 08 26 1227.000000 1 1
1977 08 27 1234.000000 1 1
1977 08 28 1227.000000 1 1
1977 08 29 1234.000000 1 1
1977 08 30 1234.000000 1 1
1977 08 31 1227.000000 1 1
1977 09 01 1234.000000 1 1
1977 09 02 1227.000000 1 1
1977 09 03 1220.000000 1 1
1977 09 04 1208.000000 1 1
1977 09 05 1172.000000 1 1
1977 09 06 1166.000000 1 1
1977 09 07 1172.000000 1 1
1977 09 08 1166.000000 1 1
1977 09 09 1166.000000 1 1
1977 09 10 1172.000000 1 1
1977 09 11 1172.000000 1 1
1977 09 12 1130.000000 1 1
1977 09 13 1112.000000 1 1
1977 09 14 1106.000000 1 1
1977 09 15 1112.000000 1 1
1977 09 16 1106.000000 1 1
1977 09 17 1112.000000 1 1
1977 09 18 1106.000000 1 1
1977 09 19 1106.000000 1 1
1977 09 20 1112.000000 1 1
1977 09 21 1112.000000 1 1
1977 09 22 1142.000000 1 1
1977 09 23 1172.000000 1 1
1977 09 24 1166.000000 1 1
1977 09 25 1196.000000 1 1
1977 09 26 1296.000000 1 1
1977 09 27 1378.000000 1 1
1977 09 28 1497.000000 1 1
1977 09 29 1567.000000 1 1
1977 09 30 1658.000000 1 1
1977 10 01 1616.000000 1 1
1977 10 02 1637.000000 1 1
1977 10 03 1700.000000 1 1
1977 10 04 1742.000000 1 1
1977 10 05 1818.000000 1 1
1977 10 06 1770.000000 1 1
1977 10 07 1721.000000 1 1
1977 10 08 1770.000000 1 1
1977 10 09 1937.000000 1 1
1977 10 10 1993.000000 1 1
1977 10 11 2018.000000 1 1
1977 10 12 2081.000000 1 1
1977 10 13 2154.000000 1 1
1977 10 14 2258.000000 1 1
1977 10 15 2138.000000 1 1
1977 10 16 2122.000000 1 1
1977 10 17 2106.000000 1 1
1977 10 18 2090.000000 1 1
1977 10 19 1574.000000 1 1
1977 10 20 1651.000000 1 1
1977 10 21 1693.000000 1 1
1977 10 22 1637.000000 1 1
1977 10 23 1602.000000 1 1
1977 10 24 1595.000000 1 1
1977 10 25 1637.000000 1 1
1977 10 26 1679.000000 1 1
1977 10 27 1721.000000 1 1
1977 10 28 1770.000000 1 1
1977 10 29 1818.000000 1 1
1977 10 30 1930.000000 1 1
1977 10 31 1993.000000 1 1
1977 11 01 2306.000000 1 1
1977 11 02 2339.000000 1 1
1977 11 03 2366.000000 1 1
1977 11 04 2444.000000 1 1
1977 11 05 2518.000000 1 1
1977 11 06 2536.000000 1 1
1977 11 07 2452.000000 1 1
1977 11 08 2444.000000 1 1
1977 11 09 2444.000000 1 1
1977 11 10 2444.000000 1 1
1977 11 11 2330.000000 1 1
1977 11 12 2186.000000 1 1
1977 11 13 2662.000000 1 1
1977 11 14 2590.000000 1 1
1977 11 15 2452.000000 1 1
1977 11 16 2266.000000 1 1
1977 11 17 2266.000000 1 1
1977 11 18 2258.000000 1 1
1977 11 19 2250.000000 1 1
1977 11 20 2210.000000 1 1
1977 11 21 2348.000000 1 1
1977 11 22 2330.000000 1 1
1977 11 23 2146.000000 1 1
1977 11 24 2106.000000 1 1
1977 11 25 2114.000000 1 1
1977 11 26 2098.000000 1 1
1977 11 27 2098.000000 1 1
1977 11 28 2330.000000 1 1
1977 11 29 2761.000000 1 1
1977 11 30 2915.000000 1 1
1977 12 01 2951.000000 1 1
1977 12 02 3123.000000 1 1
1977 12 03 3430.000000 1 1
1977 12 04 3782.000000 1 1
1977 12 05 3892.000000 1 1
1977 12 06 3859.000000 1 1
1977 12 07 3859.000000 1 1
1977 12 08 3740.000000 1 1
1977 12 09 3594.000000 1 1
1977 12 10 3360.000000 1 1
1977 12 11 3160.000000 1 1
1977 12 12 2879.000000 1 1
1977 12 13 2810.000000 1 1
1977 12 14 3000.000000 1 1
1977 12 15 3000.000000 1 1
1977 12 16 3096.000000 1 1
1977 12 17 3605.000000 1 1
1977 12 18 4528.000000 1 1
1977 12 19 4914.000000 1 1
1977 12 20 4878.000000 1 1
1977 12 21 4782.000000 1 1
1977 12 22 4456.000000 1 1
1977 12 23 4101.000000 1 1
1977 12 24 3848.000000 1 1
1977 12 25 3700.000000 1 1
1977 12 26 3837.000000 1 1
1977 12 27 4562.000000 1 1
1977 12 28 5812.000000 1 1
1977 12 29 7096.000000 1 1
1977 12 30 8226.000000 1 1
1977 12 31 8932.000000 1 1
1978 01 01 10000.000000 1 1
1978 01 02 10580.000000 1 1
1978 01 03 10470.000000 1 1
1978 01 04 10420.000000 1 1
1978 01 05 10520.000000 1 1
1978 01 06 10380.000000 1 1
1978 01 07 9659.000000 1 1
1978 01 08 9316.000000 1 1
1978 01 09 8885.000000 1 1
1978 01 10 8686.000000 1 1
1978 01 11 8560.000000 1 1
1978 01 12 8560.000000 1 1
1978 01 13 8395.000000 1 1
1978 01 14 8840.000000 1 1
1978 01 15 9822.000000 1 1
1978 01 16 11720.000000 1 1
1978 01 17 12860.000000 1 1
1978 01 18 14120.000000 1 1
1978 01 19 14900.000000 1 1
1978 01 20 15260.000000 1 1
1978 01 21 14980.000000 1 1
1978 01 22 14040.000000 1 1
1978 01 23 12880.000000 1 1
1978 01 24 11260.000000 1 1
1978 01 25 9591.000000 1 1
1978 01 26 8702.000000 1 1
1978 01 27 7704.000000 1 1
1978 01 28 7068.000000 1 1
1978 01 29 6446.000000 1 1
1978 01 30 5877.000000 1 1
1978 01 31 5440.000000 1 1
1978 02 01 5178.000000 1 1
1978 02 02 4782.000000 1 1
1978 02 03 4516.000000 1 1
1978 02 04 4398.000000 1 1
1978 02 05 4255.000000 1 1
1978 02 06 4123.000000 1 1
1978 02 07 4101.000000 1 1
1978 02 08 4222.000000 1 1
1978 02 09 4387.000000 1 1
1978 02 10 4758.000000 1 1
1978 02 11 5034.000000 1 1
1978 02 12 5315.000000 1 1
1978 02 13 5656.000000 1 1
1978 02 14 7124.000000 1 1
1978 02 15 11540.000000 1 1
1978 02 16 15360.000000 1 1
1978 02 17 16920.000000 1 1
1978 02 18 17660.000000 1 1
1978 02 19 17800.000000 1 1
1978 02 20 17740.000000 1 1
1978 02 21 17380.000000 1 1
1978 02 22 16640.000000 1 1
1978 02 23 15680.000000 1 1
1978 02 24 14560.000000 1 1
1978 02 25 13440.000000 1 1
1978 02 26 12420.000000 1 1
1978 02 27 11920.000000 1 1
1978 02 28 12280.000000 1 1
1978 03 01 11646.000000 1 1
1978 03 02 11646.000000 1 1
1978 03 03 11538.000000 1 1
1978 03 04 11466.000000 1 1
1978 03 05 11646.000000 1 1
1978 03 06 12672.000000 1 1
1978 03 07 13770.000000 1 1
1978 03 08 14580.000000 1 1
1978 03 09 15660.000000 1 1
1978 03 10 16290.000000 1 1
1978 03 11 16884.000000 1 1
1978 03 12 17334.000000 1 1
1978 03 13 17568.000000 1 1
1978 03 14 17676.000000 1 1
1978 03 15 17622.000000 1 1
1978 03 16 17460.000000 1 1
1978 03 17 16600.000000 1 1
1978 03 18 15950.000000 1 1
1978 03 19 14490.000000 1 1
1978 03 20 12654.000000 1 1
1978 03 21 11214.000000 1 1
1978 03 22 10188.000000 1 1
1978 03 23 9000.000000 1 1
1978 03 24 8356.000000 1 1
1978 03 25 7832.000000 1 1
1978 03 26 7304.000000 1 1
1978 03 27 6867.000000 1 1
1978 03 28 6512.000000 1 1
1978 03 29 6260.000000 1 1
1978 03 30 6197.000000 1 1
1978 03 31 6059.000000 1 1
1978 04 01 6872.000000 1 1
1978 04 02 7280.000000 1 1
1978 04 03 7138.000000 1 1
1978 04 04 7068.000000 1 1
1978 04 05 7860.000000 1 1
1978 04 06 9124.000000 1 1
1978 04 07 9948.000000 1 1
1978 04 08 10160.000000 1 1
1978 04 09 11120.000000 1 1
1978 04 10 11560.000000 1 1
1978 04 11 11130.000000 1 1
1978 04 12 10400.000000 1 1
1978 04 13 9676.000000 1 1
1978 04 14 9268.000000 1 1
1978 04 15 8638.000000 1 1
1978 04 16 8210.000000 1 1
1978 04 17 7600.000000 1 1
1978 04 18 7194.000000 1 1
1978 04 19 6704.000000 1 1
1978 04 20 6254.000000 1 1
1978 04 21 5890.000000 1 1
1978 04 22 5669.000000 1 1
1978 04 23 5404.000000 1 1
1978 04 24 5526.000000 1 1
1978 04 25 5440.000000 1 1
1978 04 26 5539.000000 1 1
1978 04 27 5955.000000 1 1
1978 04 28 6072.000000 1 1
1978 04 29 5994.000000 1 1
1978 04 30 5734.000000 1 1
1978 05 01 5513.000000 1 1
1978 05 02 5452.000000 1 1
1978 05 03 5476.000000 1 1
1978 05 04 5565.000000 1 1
1978 05 05 5604.000000 1 1
1978 05 06 5565.000000 1 1
1978 05 07 5695.000000 1 1
1978 05 08 6124.000000 1 1
1978 05 09 6228.000000 1 1
1978 05 10 6202.000000 1 1
1978 05 11 6046.000000 1 1
1978 05 12 6007.000000 1 1
1978 05 13 5890.000000 1 1
1978 05 14 5591.000000 1 1
1978 05 15 5130.000000 1 1
1978 05 16 4782.000000 1 1
1978 05 17 4480.000000 1 1
1978 05 18 4244.000000 1 1
1978 05 19 4123.000000 1 1
1978 05 20 3991.000000 1 1
1978 05 21 3859.000000 1 1
1978 05 22 3771.000000 1 1
1978 05 23 3700.000000 1 1
1978 05 24 3616.000000 1 1
1978 05 25 3583.000000 1 1
1978 05 26 3510.000000 1 1
1978 05 27 3490.000000 1 1
1978 05 28 3370.000000 1 1
1978 05 29 3370.000000 1 1
1978 05 30 3360.000000 1 1
1978 05 31 3380.000000 1 1
1978 06 01 3500.000000 1 1
1978 06 02 3583.000000 1 1
1978 06 03 3572.000000 1 1
1978 06 04 3572.000000 1 1
1978 06 05 3583.000000 1 1
1978 06 06 3670.000000 1 1
1978 06 07 3710.000000 1 1
1978 06 08 3804.000000 1 1
1978 06 09 3690.000000 1 1
1978 06 10 3594.000000 1 1
1978 06 11 3530.000000 1 1
1978 06 12 3360.000000 1 1
1978 06 13 3270.000000 1 1
1978 06 14 3141.000000 1 1
1978 06 15 2990.000000 1 1
1978 06 16 2942.000000 1 1
1978 06 17 2897.000000 1 1
1978 06 18 2840.000000 1 1
1978 06 19 2810.000000 1 1
1978 06 20 2743.000000 1 1
1978 06 21 2707.000000 1 1
1978 06 22 2707.000000 1 1
1978 06 23 2608.000000 1 1
1978 06 24 2608.000000 1 1
1978 06 25 2599.000000 1 1
1978 06 26 2518.000000 1 1
1978 06 27 2518.000000 1 1
1978 06 28 2518.000000 1 1
1978 06 29 2428.000000 1 1
1978 06 30 2436.000000 1 1
1978 07 01 2436.000000 1 1
1978 07 02 2411.000000 1 1
1978 07 03 2348.000000 1 1
1978 07 04 2339.000000 1 1
1978 07 05 2348.000000 1 1
1978 07 06 2290.000000 1 1
1978 07 07 2266.000000 1 1
1978 07 08 2266.000000 1 1
1978 07 09 2266.000000 1 1
1978 07 10 2266.000000 1 1
1978 07 11 nan nan 0
1978 07 12 nan nan 0
1978 07 13 nan nan 0
1978 07 14 nan nan 0
1978 07 15 nan nan 0
1978 07 16 nan nan 0
1978 07 17 nan nan 0
1978 07 18 nan nan 0
1978 07 19 nan nan 0
1978 07 20 nan nan 0
1978 07 21 nan nan 0
1978 07 22 nan nan 0
1978 07 23 nan nan 0
1978 07 24 nan nan 0
1978 07 25 nan nan 0
1978 07 26 nan nan 0
1978 07 27 nan nan 0
1978 07 28 nan nan 0
1978 07 29 nan nan 0
1978 07 30 nan nan 0
1978 07 31 nan nan 0
1978 08 01 nan nan 0
1978 08 02 nan nan 0
1978 08 03 nan nan 0
1978 08 04 nan nan 0
1978 08 05 nan nan 0
1978 08 06 nan nan 0
1978 08 07 nan nan 0
1978 08 08 nan nan 0
1978 08 09 nan nan 0
1978 08 10 nan nan 0
1978 08 11 nan nan 0
1978 08 12 nan nan 0
1978 08 13 nan nan 0
1978 08 14 nan nan 0
1978 08 15 nan nan 0
1978 08 16 nan nan 0
1978 08 17 nan nan 0
1978 08 18 nan nan 0
1978 08 19 nan nan 0
1978 08 20 nan nan 0
1978 08 21 1505.000000 1 1
1978 08 22 1473.000000 1 1
1978 08 23 1467.000000 1 1
1978 08 24 1454.000000 1 1
1978 08 25 1436.000000 1 1
1978 08 26 1417.000000 1 1
1978 08 27 1410.000000 1 1
1978 08 28 1404.000000 1 1
1978 08 29 1404.000000 1 1
1978 08 30 1398.000000 1 1
1978 08 31 1391.000000 1 1
1978 09 01 1385.000000 1 1
1978 09 02 1373.000000 1 1
1978 09 03 1366.000000 1 1
1978 09 04 1360.000000 1 1
1978 09 05 1354.000000 1 1
1978 09 06 1385.000000 1 1
1978 09 07 1410.000000 1 1
1978 09 08 1398.000000 1 1
1978 09 09 1391.000000 1 1
1978 09 10 1404.000000 1 1
1978 09 11 1398.000000 1 1
1978 09 12 1423.000000 1 1
1978 09 13 1448.000000 1 1
1978 09 14 1467.000000 1 1
1978 09 15 1442.000000 1 1
1978 09 16 1423.000000 1 1
1978 09 17 1404.000000 1 1
1978 09 18 1398.000000 1 1
1978 09 19 1382.000000 1 1
1978 09 20 1366.000000 1 1
1978 09 21 1354.000000 1 1
1978 09 22 1347.000000 1 1
1978 09 23 1337.000000 1 1
1978 09 24 1316.000000 1 1
1978 09 25 1310.000000 1 1
1978 09 26 1310.000000 1 1
1978 09 27 1305.000000 1 1
1978 09 28 1303.000000 1 1
1978 09 29 1300.000000 1 1
1978 09 30 1295.000000 1 1
1978 10 01 1290.000000 1 1
1978 10 02 1285.000000 1 1
1978 10 03 1280.000000 1 1
1978 10 04 1280.000000 1 1
1978 10 05 1277.000000 1 1
1978 10 06 1277.000000 1 1
1978 10 07 1237.000000 1 1
1978 10 08 1237.000000 1 1
1978 10 09 1237.000000 1 1
1978 10 10 1296.000000 1 1
1978 10 11 1369.000000 1 1
1978 10 12 1362.000000 1 1
1978 10 13 1362.000000 1 1
1978 10 14 1489.000000 1 1
1978 10 15 1668.000000 1 1
1978 10 16 1697.000000 1 1
1978 10 17 1662.000000 1 1
1978 10 18 1635.000000 1 1
1978 10 19 1628.000000 1 1
1978 10 20 1750.000000 1 1
1978 10 21 2024.000000 1 1
1978 10 22 2256.000000 1 1
1978 10 23 2478.000000 1 1
1978 10 24 2606.000000 1 1
1978 10 25 2670.000000 1 1
1978 10 26 2735.000000 1 1
1978 10 27 2698.000000 1 1
1978 10 28 2563.000000 1 1
1978 10 29 2392.000000 1 1
1978 10 30 2239.000000 1 1
1978 10 31 2100.000000 1 1
1978 11 01 2008.000000 1 1
1978 11 02 1934.000000 1 1
1978 11 03 1860.000000 1 1
1978 11 04 1773.000000 1 1
1978 11 05 1758.000000 1 1
1978 11 06 1735.000000 1 1
1978 11 07 1712.000000 1 1
1978 11 08 1704.000000 1 1
1978 11 09 1750.000000 1 1
1978 11 10 1811.000000 1 1
1978 11 11 1917.000000 1 1
1978 11 12 1887.000000 1 1
1978 11 13 1803.000000 1 1
1978 11 14 1780.000000 1 1
1978 11 15 1853.000000 1 1
1978 11 16 2039.000000 1 1
1978 11 17 2153.000000 1 1
1978 11 18 2191.000000 1 1
1978 11 19 2160.000000 1 1
1978 11 20 2084.000000 1 1
1978 11 21 2031.000000 1 1
1978 11 22 2024.000000 1 1
1978 11 23 2122.000000 1 1
1978 11 24 2153.000000 1 1
1978 11 25 2069.000000 1 1
1978 11 26 2077.000000 1 1
1978 11 27 2046.000000 1 1
1978 11 28 1986.000000 1 1
1978 11 29 1951.000000 1 1
1978 11 30 2231.000000 1 1
1978 12 01 2340.000000 1 1
1978 12 02 2920.000000 1 1
1978 12 03 3370.000000 1 1
1978 12 04 3605.000000 1 1
1978 12 05 4046.000000 1 1
1978 12 06 3991.000000 1 1
1978 12 07 3605.000000 1 1
1978 12 08 3350.000000 1 1
1978 12 09 3190.000000 1 1
1978 12 10 3087.000000 1 1
1978 12 11 3210.000000 1 1
1978 12 12 3150.000000 1 1
1978 12 13 3087.000000 1 1
1978 12 14 3078.000000 1 1
1978 12 15 3180.000000 1 1
1978 12 16 3240.000000 1 1
1978 12 17 3380.000000 1 1
1978 12 18 3680.000000 1 1
1978 12 19 4057.000000 1 1
1978 12 20 4492.000000 1 1
1978 12 21 5226.000000 1 1
1978 12 22 5552.000000 1 1
1978 12 23 5955.000000 1 1
1978 12 24 6511.000000 1 1
1978 12 25 6718.000000 1 1
1978 12 26 6578.000000 1 1
1978 12 27 6267.000000 1 1
1978 12 28 5955.000000 1 1
1978 12 29 5591.000000 1 1
1978 12 30 5354.000000 1 1
1978 12 31 5226.000000 1 1
1979 01 01 4487.000000 1 1
1979 01 02 4433.000000 1 1
1979 01 03 4433.000000 1 1
1979 01 04 4379.000000 1 1
1979 01 05 4217.000000 1 1
1979 01 06 4196.000000 1 1
1979 01 07 4282.000000 1 1
1979 01 08 4315.000000 1 1
1979 01 09 3820.000000 1 1
1979 01 10 4336.000000 1 1
1979 01 11 4531.000000 1 1
1979 01 12 5009.000000 1 1
1979 01 13 5933.000000 1 1
1979 01 14 7718.000000 1 1
1979 01 15 9504.000000 1 1
1979 01 16 11673.000000 1 1
1979 01 17 12924.000000 1 1
1979 01 18 15282.000000 1 1
1979 01 19 14184.000000 1 1
1979 01 20 14958.000000 1 1
1979 01 21 15408.000000 1 1
1979 01 22 15660.000000 1 1
1979 01 23 15624.000000 1 1
1979 01 24 17388.000000 1 1
1979 01 25 17487.000000 1 1
1979 01 26 17136.000000 1 1
1979 01 27 16686.000000 1 1
1979 01 28 15894.000000 1 1
1979 01 29 15930.000000 1 1
1979 01 30 15948.000000 1 1
1979 01 31 15966.000000 1 1
1979 02 01 17760.000000 1 1
1979 02 02 17480.000000 1 1
1979 02 03 17090.000000 1 1
1979 02 04 17210.000000 1 1
1979 02 05 18680.000000 1 1
1979 02 06 18240.000000 1 1
1979 02 07 19580.000000 1 1
1979 02 08 20060.000000 1 1
1979 02 09 20790.000000 1 1
1979 02 10 21612.000000 1 1
1979 02 11 22198.000000 1 1
1979 02 12 22126.000000 1 1
1979 02 13 21259.000000 1 1
1979 02 14 20558.000000 1 1
1979 02 15 19490.000000 1 1
1979 02 16 18540.000000 1 1
1979 02 17 17700.000000 1 1
1979 02 18 16960.000000 1 1
1979 02 19 16920.000000 1 1
1979 02 20 16900.000000 1 1
1979 02 21 16820.000000 1 1
1979 02 22 16380.000000 1 1
1979 02 23 15880.000000 1 1
1979 02 24 15660.000000 1 1
1979 02 25 15520.000000 1 1
1979 02 26 15440.000000 1 1
1979 02 27 14800.000000 1 1
1979 02 28 14020.000000 1 1
1979 03 01 12960.000000 1 1
1979 03 02 11850.000000 1 1
1979 03 03 10960.000000 1 1
1979 03 04 10360.000000 1 1
1979 03 05 9710.000000 1 1
1979 03 06 9476.000000 1 1
1979 03 07 9412.000000 1 1
1979 03 08 9364.000000 1 1
1979 03 09 8885.000000 1 1
1979 03 10 9396.000000 1 1
1979 03 11 10820.000000 1 1
1979 03 12 11800.000000 1 1
1979 03 13 11820.000000 1 1
1979 03 14 11860.000000 1 1
1979 03 15 11880.000000 1 1
1979 03 16 11640.000000 1 1
1979 03 17 11140.000000 1 1
1979 03 18 10470.000000 1 1
1979 03 19 10260.000000 1 1
1979 03 20 9742.000000 1 1
1979 03 21 9108.000000 1 1
1979 03 22 8590.000000 1 1
1979 03 23 8146.000000 1 1
1979 03 24 7935.000000 1 1
1979 03 25 7845.000000 1 1
1979 03 26 7540.000000 1 1
1979 03 27 7310.000000 1 1
1979 03 28 7442.000000 1 1
1979 03 29 7830.000000 1 1
1979 03 30 8194.000000 1 1
1979 03 31 8670.000000 1 1
1979 04 01 8885.000000 1 1
1979 04 02 9012.000000 1 1
1979 04 03 9935.000000 1 1
1979 04 04 10450.000000 1 1
1979 04 05 9948.000000 1 1
1979 04 06 9188.000000 1 1
1979 04 07 8335.000000 1 1
1979 04 08 7860.000000 1 1
1979 04 09 7340.000000 1 1
1979 04 10 7194.000000 1 1
1979 04 11 7180.000000 1 1
1979 04 12 6830.000000 1 1
1979 04 13 6336.000000 1 1
1979 04 14 6020.000000 1 1
1979 04 15 5812.000000 1 1
1979 04 16 5812.000000 1 1
1979 04 17 5682.000000 1 1
1979 04 18 5513.000000 1 1
1979 04 19 5226.000000 1 1
1979 04 20 5022.000000 1 1
1979 04 21 4806.000000 1 1
1979 04 22 4806.000000 1 1
1979 04 23 4926.000000 1 1
1979 04 24 5263.000000 1 1
1979 04 25 5942.000000 1 1
1979 04 26 6294.000000 1 1
1979 04 27 6308.000000 1 1
1979 04 28 6446.000000 1 1
1979 04 29 6732.000000 1 1
1979 04 30 6774.000000 1 1
1979 05 01 6336.000000 1 1
1979 05 02 5903.000000 1 1
1979 05 03 5263.000000 1 1
1979 05 04 5010.000000 1 1
1979 05 05 4758.000000 1 1
1979 05 06 4606.000000 1 1
1979 05 07 4562.000000 1 1
1979 05 08 4354.000000 1 1
1979 05 09 4200.000000 1 1
1979 05 10 4090.000000 1 1
1979 05 11 3980.000000 1 1
1979 05 12 3859.000000 1 1
1979 05 13 3782.000000 1 1
1979 05 14 3690.000000 1 1
1979 05 15 3605.000000 1 1
1979 05 16 3520.000000 1 1
1979 05 17 3480.000000 1 1
1979 05 18 3410.000000 1 1
1979 05 19 3380.000000 1 1
1979 05 20 3310.000000 1 1
1979 05 21 3280.000000 1 1
1979 05 22 3210.000000 1 1
1979 05 23 3170.000000 1 1
1979 05 24 3160.000000 1 1
1979 05 25 3190.000000 1 1
1979 05 26 3190.000000 1 1
1979 05 27 3170.000000 1 1
1979 05 28 3170.000000 1 1
1979 05 29 3160.000000 1 1
1979 05 30 3240.000000 1 1
1979 05 31 3170.000000 1 1
1979 06 01 3021.000000 1 1
1979 06 02 2958.000000 1 1
1979 06 03 2914.000000 1 1
1979 06 04 2879.000000 1 1
1979 06 05 2831.000000 1 1
1979 06 06 2786.000000 1 1
1979 06 07 2761.000000 1 1
1979 06 08 2761.000000 1 1
1979 06 09 2708.000000 1 1
1979 06 10 2651.000000 1 1
1979 06 11 2651.000000 1 1
1979 06 12 2556.000000 1 1
1979 06 13 2563.000000 1 1
1979 06 14 2478.000000 1 1
1979 06 15 2478.000000 1 1
1979 06 16 2426.000000 1 1
1979 06 17 2392.000000 1 1
1979 06 18 2392.000000 1 1
1979 06 19 2337.000000 1 1
1979 06 20 2307.000000 1 1
1979 06 21 2307.000000 1 1
1979 06 22 2299.000000 1 1
1979 06 23 2290.000000 1 1
1979 06 24 2248.000000 1 1
1979 06 25 2231.000000 1 1
1979 06 26 2222.000000 1 1
1979 06 27 2206.000000 1 1
1979 06 28 2153.000000 1 1
1979 06 29 2153.000000 1 1
1979 06 30 2145.000000 1 1
1979 07 01 2145.000000 1 1
1979 07 02 nan nan 0
1979 07 03 nan nan 0
1979 07 04 nan nan 0
1979 07 05 nan nan 0
1979 07 06 nan nan 0
1979 07 07 nan nan 0
1979 07 08 nan nan 0
1979 07 09 nan nan 0
1979 07 10 nan nan 0
1979 07 11 nan nan 0
1979 07 12 nan nan 0
1979 07 13 nan nan 0
1979 07 14 nan nan 0
1979 07 15 nan nan 0
1979 07 16 nan nan 0
1979 07 17 nan nan 0
1979 07 18 nan nan 0
1979 07 19 nan nan 0
1979 07 20 nan nan 0
1979 07 21 nan nan 0
1979 07 22 nan nan 0
1979 07 23 nan nan 0
1979 07 24 nan nan 0
1979 07 25 nan nan 0
1979 07 26 nan nan 0
1979 07 27 nan nan 0
1979 07 28 nan nan 0
1979 07 29 nan nan 0
1979 07 30 nan nan 0
1979 07 31 nan nan 0
1979 08 01 nan nan 0
1979 08 02 nan nan 0
1979 08 03 nan nan 0
1979 08 04 nan nan 0
1979 08 05 nan nan 0
1979 08 06 nan nan 0
1979 08 07 nan nan 0
1979 08 08 nan nan 0
1979 08 09 nan nan 0
1979 08 10 nan nan 0
1979 08 11 nan nan 0
1979 08 12 nan nan 0
1979 08 13 nan nan 0
1979 08 14 nan nan 0
1979 08 15 nan nan 0
1979 08 16 nan nan 0
1979 08 17 nan nan 0
1979 08 18 nan nan 0
1979 08 19 nan nan 0
1979 08 20 1448.000000 1 1
1979 08 21 1410.000000 1 1
1979 08 22 1410.000000 1 1
1979 08 23 1442.000000 1 1
1979 08 24 1486.000000 1 1
1979 08 25 1480.000000 1 1
1979 08 26 1511.000000 1 1
1979 08 27 1607.000000 1 1
1979 08 28 1607.000000 1 1
1979 08 29 1607.000000 1 1
1979 08 30 1607.000000 1 1
1979 08 31 1615.000000 1 1
1979 09 01 1543.000000 1 1
1979 09 02 1543.000000 1 1
1979 09 03 1543.000000 1 1
1979 09 04 1622.000000 1 1
1979 09 05 1607.000000 1 1
1979 09 06 1679.000000 1 1
1979 09 07 1715.000000 1 1
1979 09 08 1743.000000 1 1
1979 09 09 1687.000000 1 1
1979 09 10 1636.000000 1 1
1979 09 11 1593.000000 1 1
1979 09 12 1543.000000 1 1
1979 09 13 1536.000000 1 1
1979 09 14 1524.000000 1 1
1979 09 15 1486.000000 1 1
1979 09 16 1473.000000 1 1
1979 09 17 1448.000000 1 1
1979 09 18 1480.000000 1 1
1979 09 19 1505.000000 1 1
1979 09 20 1555.000000 1 1
1979 09 21 1580.000000 1 1
1979 09 22 1694.000000 1 1
1979 09 23 1743.000000 1 1
1979 09 24 1708.000000 1 1
1979 09 25 1687.000000 1 1
1979 09 26 1622.000000 1 1
1979 09 27 1568.000000 1 1
1979 09 28 1543.000000 1 1
1979 09 29 1543.000000 1 1
1979 09 30 1549.000000 1 1
1979 10 01 1505.000000 1 1
1979 10 02 1486.000000 1 1
1979 10 03 1442.000000 1 1
1979 10 04 1417.000000 1 1
1979 10 05 1410.000000 1 1
1979 10 06 1373.000000 1 1
1979 10 07 1354.000000 1 1
1979 10 08 1360.000000 1 1
1979 10 09 1335.000000 1 1
1979 10 10 1316.000000 1 1
1979 10 11 1366.000000 1 1
1979 10 12 1442.000000 1 1
1979 10 13 1461.000000 1 1
1979 10 14 1429.000000 1 1
1979 10 15 1379.000000 1 1
1979 10 16 1354.000000 1 1
1979 10 17 1391.000000 1 1
1979 10 18 1480.000000 1 1
1979 10 19 1574.000000 1 1
1979 10 20 1808.000000 1 1
1979 10 21 1996.000000 1 1
1979 10 22 2372.000000 1 1
1979 10 23 2485.000000 1 1
1979 10 24 2282.000000 1 1
1979 10 25 2707.000000 1 1
1979 10 26 2192.000000 1 1
1979 10 27 2192.000000 1 1
1979 10 28 2154.000000 1 1
1979 10 29 2090.000000 1 1
1979 10 30 1946.000000 1 1
1979 10 31 2105.000000 1 1
1979 11 01 2452.000000 1 1
1979 11 02 2444.000000 1 1
1979 11 03 2339.000000 1 1
1979 11 04 2306.000000 1 1
1979 11 05 2314.000000 1 1
1979 11 06 2348.000000 1 1
1979 11 07 2384.000000 1 1
1979 11 08 2527.000000 1 1
1979 11 09 2752.000000 1 1
1979 11 10 3180.000000 1 1
1979 11 11 3540.000000 1 1
1979 11 12 3572.000000 1 1
1979 11 13 3540.000000 1 1
1979 11 14 3430.000000 1 1
1979 11 15 3594.000000 1 1
1979 11 16 3616.000000 1 1
1979 11 17 3470.000000 1 1
1979 11 18 3594.000000 1 1
1979 11 19 3740.000000 1 1
1979 11 20 3627.000000 1 1
1979 11 21 3470.000000 1 1
1979 11 22 3340.000000 1 1
1979 11 23 3230.000000 1 1
1979 11 24 3170.000000 1 1
1979 11 25 3240.000000 1 1
1979 11 26 3040.000000 1 1
1979 11 27 2810.000000 1 1
1979 11 28 3000.000000 1 1
1979 11 29 3150.000000 1 1
1979 11 30 3170.000000 1 1
1979 12 01 3170.000000 1 1
1979 12 02 3210.000000 1 1
1979 12 03 3123.000000 1 1
1979 12 04 3050.000000 1 1
1979 12 05 2870.000000 1 1
1979 12 06 2810.000000 1 1
1979 12 07 2743.000000 1 1
1979 12 08 2671.000000 1 1
1979 12 09 2536.000000 1 1
1979 12 10 2599.000000 1 1
1979 12 11 2689.000000 1 1
1979 12 12 2761.000000 1 1
1979 12 13 2689.000000 1 1
1979 12 14 2644.000000 1 1
1979 12 15 2810.000000 1 1
1979 12 16 2942.000000 1 1
1979 12 17 3069.000000 1 1
1979 12 18 3240.000000 1 1
1979 12 19 3280.000000 1 1
1979 12 20 3260.000000 1 1
1979 12 21 3720.000000 1 1
1979 12 22 4013.000000 1 1
1979 12 23 4277.000000 1 1
1979 12 24 4343.000000 1 1
1979 12 25 4321.000000 1 1
1979 12 26 4222.000000 1 1
1979 12 27 4189.000000 1 1
1979 12 28 4112.000000 1 1
1979 12 29 4112.000000 1 1
1979 12 30 4178.000000 1 1
1979 12 31 4516.000000 1 1
