year month day streamflow_m3s qual_control_by_ana qual_flag
1968 02 01 nan nan 0
1968 02 02 nan nan 0
1968 02 03 nan nan 0
1968 02 04 nan nan 0
1968 02 05 nan nan 0
1968 02 06 nan nan 0
1968 02 07 nan nan 0
1968 02 08 nan nan 0
1968 02 09 nan nan 0
1968 02 10 nan nan 0
1968 02 11 nan nan 0
1968 02 12 nan nan 0
1968 02 13 nan nan 0
1968 02 14 nan nan 0
1968 02 15 nan nan 0
1968 02 16 nan nan 0
1968 02 17 nan nan 0
1968 02 18 nan nan 0
1968 02 19 nan nan 0
1968 02 20 nan nan 0
1968 02 21 nan nan 0
1968 02 22 0.842000 1 1
1968 02 23 0.909000 1 1
1968 02 24 0.909000 1 1
1968 02 25 0.909000 1 1
1968 02 26 0.797000 1 1
1968 02 27 0.797000 1 1
1968 02 28 0.889000 1 1
1968 02 29 1.160000 1 1
1968 03 01 0.909000 1 1
1968 03 02 0.797000 1 1
1968 03 03 0.957000 1 1
1968 03 04 0.982000 1 1
1968 03 05 0.909000 1 1
1968 03 06 4.340000 1 1
1968 03 07 2.570000 1 1
1968 03 08 18.900000 1 1
1968 03 09 12.600000 1 1
1968 03 10 8.180000 1 1
1968 03 11 2.970000 1 1
1968 03 12 2.160000 1 1
1968 03 13 1.480000 1 1
1968 03 14 8.390000 1 1
1968 03 15 2.590000 1 1
1968 03 16 1.320000 1 1
1968 03 17 1.800000 1 1
1968 03 18 1.210000 1 1
1968 03 19 1.160000 1 1
1968 03 20 2.980000 1 1
1968 03 21 5.510000 1 1
1968 03 22 3.150000 1 1
1968 03 23 94.900000 1 1
1968 03 24 81.600000 1 1
1968 03 25 66.500000 1 1
1968 03 26 48.700000 1 1
1968 03 27 48.700000 1 1
1968 03 28 41.400000 1 1
1968 03 29 41.400000 1 1
1968 03 30 46.800000 1 1
1968 03 31 47.000000 1 1
1968 04 01 38.600000 1 1
1968 04 02 29.900000 1 1
1968 04 03 32.000000 1 1
1968 04 04 48.600000 1 1
1968 04 05 38.100000 1 1
1968 04 06 27.600000 1 1
1968 04 07 20.900000 1 1
1968 04 08 15.900000 1 1
1968 04 09 12.000000 1 1
1968 04 10 8.790000 1 1
1968 04 11 5.780000 1 1
1968 04 12 14.300000 1 1
1968 04 13 12.800000 1 1
1968 04 14 11.200000 1 1
1968 04 15 65.300000 1 1
1968 04 16 160.000000 1 1
1968 04 17 90.000000 1 1
1968 04 18 53.800000 1 1
1968 04 19 45.600000 1 1
1968 04 20 43.200000 1 1
1968 04 21 27.900000 1 1
1968 04 22 19.400000 1 1
1968 04 23 17.300000 1 1
1968 04 24 23.900000 1 1
1968 04 25 43.400000 1 1
1968 04 26 98.000000 1 1
1968 04 27 76.300000 1 1
1968 04 28 57.800000 1 1
1968 04 29 36.900000 1 1
1968 04 30 24.600000 1 1
1968 05 01 18.900000 1 1
1968 05 02 20.300000 1 1
1968 05 03 54.500000 1 1
1968 05 04 84.500000 1 1
1968 05 05 75.100000 1 1
1968 05 06 153.000000 1 1
1968 05 07 156.000000 1 1
1968 05 08 205.000000 1 1
1968 05 09 193.000000 1 1
1968 05 10 119.000000 1 1
1968 05 11 83.800000 1 1
1968 05 12 66.300000 1 1
1968 05 13 164.000000 1 1
1968 05 14 239.000000 1 1
1968 05 15 163.000000 1 1
1968 05 16 87.400000 1 1
1968 05 17 67.600000 1 1
1968 05 18 70.200000 1 1
1968 05 19 105.000000 1 1
1968 05 20 131.000000 1 1
1968 05 21 129.000000 1 1
1968 05 22 94.800000 1 1
1968 05 23 60.400000 1 1
1968 05 24 38.300000 1 1
1968 05 25 26.100000 1 1
1968 05 26 19.300000 1 1
1968 05 27 14.900000 1 1
1968 05 28 14.500000 1 1
1968 05 29 13.900000 1 1
1968 05 30 16.300000 1 1
1968 05 31 14.700000 1 1
1968 06 01 19.100000 1 1
1968 06 02 16.600000 1 1
1968 06 03 14.500000 1 1
1968 06 04 12.300000 1 1
1968 06 05 10.400000 1 1
1968 06 06 9.330000 1 1
1968 06 07 8.170000 1 1
1968 06 08 7.030000 1 1
1968 06 09 6.510000 1 1
1968 06 10 6.140000 1 1
1968 06 11 5.200000 1 1
1968 06 12 4.560000 1 1
1968 06 13 4.070000 1 1
1968 06 14 3.790000 1 1
1968 06 15 3.530000 1 1
1968 06 16 3.270000 1 1
1968 06 17 3.270000 1 1
1968 06 18 4.010000 1 1
1968 06 19 3.270000 1 1
1968 06 20 3.070000 1 1
1968 06 21 2.920000 1 1
1968 06 22 2.680000 1 1
1968 06 23 2.450000 1 1
1968 06 24 2.310000 1 1
1968 06 25 2.090000 1 1
1968 06 26 2.090000 1 1
1968 06 27 2.010000 1 1
1968 06 28 1.880000 1 1
1968 06 29 1.880000 1 1
1968 06 30 1.670000 1 1
1968 07 01 1.480000 1 1
1968 07 02 1.290000 1 1
1968 07 03 1.160000 1 1
1968 07 04 1.030000 1 1
1968 07 05 1.030000 1 1
1968 07 06 0.982000 1 1
1968 07 07 1.370000 1 1
1968 07 08 1.400000 1 1
1968 07 09 1.640000 1 1
1968 07 10 1.480000 1 1
1968 07 11 1.360000 1 1
1968 07 12 1.360000 1 1
1968 07 13 1.290000 1 1
1968 07 14 1.240000 1 1
1968 07 15 1.190000 1 1
1968 07 16 1.060000 1 1
1968 07 17 0.937000 1 1
1968 07 18 0.824000 1 1
1968 07 19 0.756000 1 1
1968 07 20 0.654000 1 1
1968 07 21 0.616000 1 1
1968 07 22 0.616000 1 1
1968 07 23 0.595000 1 1
1968 07 24 0.595000 1 1
1968 07 25 0.595000 1 1
1968 07 26 0.595000 1 1
1968 07 27 0.595000 1 1
1968 07 28 0.595000 1 1
1968 07 29 0.560000 1 1
1968 07 30 0.665000 1 1
1968 07 31 0.634000 1 1
1968 08 01 0.595000 1 1
1968 08 02 0.595000 1 1
1968 08 03 0.595000 1 1
1968 08 04 0.616000 1 1
1968 08 05 0.595000 1 1
1968 08 06 0.654000 1 1
1968 08 07 0.595000 1 1
1968 08 08 0.634000 1 1
1968 08 09 0.595000 1 1
1968 08 10 0.595000 1 1
1968 08 11 0.595000 1 1
1968 08 12 0.595000 1 1
1968 08 13 0.654000 1 1
1968 08 14 0.693000 1 1
1968 08 15 0.693000 1 1
1968 08 16 0.693000 1 1
1968 08 17 0.693000 1 1
1968 08 18 0.654000 1 1
1968 08 19 0.654000 1 1
1968 08 20 0.634000 1 1
1968 08 21 0.595000 1 1
1968 08 22 0.595000 1 1
1968 08 23 0.595000 1 1
1968 08 24 0.595000 1 1
1968 08 25 0.595000 1 1
1968 08 26 0.595000 1 1
1968 08 27 0.634000 1 1
1968 08 28 0.654000 1 1
1968 08 29 0.693000 1 1
1968 08 30 0.693000 1 1
1968 08 31 0.634000 1 1
1968 09 01 0.595000 1 1
1968 09 02 0.693000 1 1
1968 09 03 0.693000 1 1
1968 09 04 0.693000 1 1
1968 09 05 0.693000 1 1
1968 09 06 0.693000 1 1
1968 09 07 0.693000 1 1
1968 09 08 0.693000 1 1
1968 09 09 0.693000 1 1
1968 09 10 0.693000 1 1
1968 09 11 0.693000 1 1
1968 09 12 0.693000 1 1
1968 09 13 0.693000 1 1
1968 09 14 0.693000 1 1
1968 09 15 0.693000 1 1
1968 09 16 0.693000 1 1
1968 09 17 0.693000 1 1
1968 09 18 0.693000 1 1
1968 09 19 0.693000 1 1
1968 09 20 0.693000 1 1
1968 09 21 0.693000 1 1
1968 09 22 0.693000 1 1
1968 09 23 0.693000 1 1
1968 09 24 0.693000 1 1
1968 09 25 0.693000 1 1
1968 09 26 0.693000 1 1
1968 09 27 0.693000 1 1
1968 09 28 0.693000 1 1
1968 09 29 0.654000 1 1
1968 09 30 0.595000 1 1
1968 10 01 0.505000 1 1
1968 10 02 0.505000 1 1
1968 10 03 0.560000 1 1
1968 10 04 0.595000 1 1
1968 10 05 0.595000 1 1
1968 10 06 0.595000 1 1
1968 10 07 0.595000 1 1
1968 10 08 0.595000 1 1
1968 10 09 0.595000 1 1
1968 10 10 0.595000 1 1
1968 10 11 0.595000 1 1
1968 10 12 0.595000 1 1
1968 10 13 0.595000 1 1
1968 10 14 0.672000 1 1
1968 10 15 0.672000 1 1
1968 10 16 0.672000 1 1
1968 10 17 0.672000 1 1
1968 10 18 0.693000 1 1
1968 10 19 0.693000 1 1
1968 10 20 0.693000 1 1
1968 10 21 0.693000 1 1
1968 10 22 0.693000 1 1
1968 10 23 0.693000 1 1
1968 10 24 0.693000 1 1
1968 10 25 0.634000 1 1
1968 10 26 0.595000 1 1
1968 10 27 0.595000 1 1
1968 10 28 0.595000 1 1
1968 10 29 0.595000 1 1
1968 10 30 0.693000 1 1
1968 10 31 0.797000 1 1
1968 11 01 0.797000 1 1
1968 11 02 0.693000 1 1
1968 11 03 0.693000 1 1
1968 11 04 0.693000 1 1
1968 11 05 0.693000 1 1
1968 11 06 0.693000 1 1
1968 11 07 0.693000 1 1
1968 11 08 0.693000 1 1
1968 11 09 0.693000 1 1
1968 11 10 0.693000 1 1
1968 11 11 0.595000 1 1
1968 11 12 0.595000 1 1
1968 11 13 0.595000 1 1
1968 11 14 0.595000 1 1
1968 11 15 0.595000 1 1
1968 11 16 0.595000 1 1
1968 11 17 0.693000 1 1
1968 11 18 0.693000 1 1
1968 11 19 0.693000 1 1
1968 11 20 0.693000 1 1
1968 11 21 0.693000 1 1
1968 11 22 0.595000 1 1
1968 11 23 0.595000 1 1
1968 11 24 0.595000 1 1
1968 11 25 0.693000 1 1
1968 11 26 0.693000 1 1
1968 11 27 0.693000 1 1
1968 11 28 0.693000 1 1
1968 11 29 0.797000 1 1
1968 11 30 0.909000 1 1
1968 12 01 0.797000 1 1
1968 12 02 0.693000 1 1
1968 12 03 0.595000 1 1
1968 12 04 0.505000 1 1
1968 12 05 0.595000 1 1
1968 12 06 0.595000 1 1
1968 12 07 0.693000 1 1
1968 12 08 0.693000 1 1
1968 12 09 0.693000 1 1
1968 12 10 0.693000 1 1
1968 12 11 0.693000 1 1
1968 12 12 0.693000 1 1
1968 12 13 0.693000 1 1
1968 12 14 0.693000 1 1
1968 12 15 0.693000 1 1
1968 12 16 0.595000 1 1
1968 12 17 0.505000 1 1
1968 12 18 0.505000 1 1
1968 12 19 0.505000 1 1
1968 12 20 0.505000 1 1
1968 12 21 0.595000 1 1
1968 12 22 0.595000 1 1
1968 12 23 0.693000 1 1
1968 12 24 0.693000 1 1
1968 12 25 0.797000 1 1
1968 12 26 0.797000 1 1
1968 12 27 3.590000 1 1
1968 12 28 3.680000 1 1
1968 12 29 1.030000 1 1
1968 12 30 0.505000 1 1
1968 12 31 0.423000 1 1
1969 01 01 0.347000 1 1
1969 01 02 0.347000 1 1
1969 01 03 0.505000 1 1
1969 01 04 0.595000 1 1
1969 01 05 0.693000 1 1
1969 01 06 0.693000 1 1
1969 01 07 0.693000 1 1
1969 01 08 0.693000 1 1
1969 01 09 0.595000 1 1
1969 01 10 0.505000 1 1
1969 01 11 0.505000 1 1
1969 01 12 0.505000 1 1
1969 01 13 0.505000 1 1
1969 01 14 0.505000 1 1
1969 01 15 0.524000 1 1
1969 01 16 0.595000 1 1
1969 01 17 0.595000 1 1
1969 01 18 0.595000 1 1
1969 01 19 0.595000 1 1
1969 01 20 0.595000 1 1
1969 01 21 0.595000 1 1
1969 01 22 0.595000 1 1
1969 01 23 0.595000 1 1
1969 01 24 0.595000 1 1
1969 01 25 0.505000 1 1
1969 01 26 0.505000 1 1
1969 01 27 0.505000 1 1
1969 01 28 0.595000 1 1
1969 01 29 0.595000 1 1
1969 01 30 0.595000 1 1
1969 01 31 0.595000 1 1
1969 02 01 0.595000 1 1
1969 02 02 0.595000 1 1
1969 02 03 0.505000 1 1
1969 02 04 0.505000 1 1
1969 02 05 0.505000 1 1
1969 02 06 0.505000 1 1
1969 02 07 0.505000 1 1
1969 02 08 0.595000 1 1
1969 02 09 0.595000 1 1
1969 02 10 0.595000 1 1
1969 02 11 0.595000 1 1
1969 02 12 0.595000 1 1
1969 02 13 0.595000 1 1
1969 02 14 0.595000 1 1
1969 02 15 0.595000 1 1
1969 02 16 0.595000 1 1
1969 02 17 0.505000 1 1
1969 02 18 0.505000 1 1
1969 02 19 0.505000 1 1
1969 02 20 0.505000 1 1
1969 02 21 0.595000 1 1
1969 02 22 0.595000 1 1
1969 02 23 0.595000 1 1
1969 02 24 0.595000 1 1
1969 02 25 0.505000 1 1
1969 02 26 0.505000 1 1
1969 02 27 0.595000 1 1
1969 02 28 0.595000 1 1
1969 03 01 0.595000 1 1
1969 03 02 0.595000 1 1
1969 03 03 0.595000 1 1
1969 03 04 0.797000 1 1
1969 03 05 0.842000 1 1
1969 03 06 0.785000 1 1
1969 03 07 0.473000 1 1
1969 03 08 0.595000 1 1
1969 03 09 0.595000 1 1
1969 03 10 0.909000 1 1
1969 03 11 0.595000 1 1
1969 03 12 0.595000 1 1
1969 03 13 1.720000 1 1
1969 03 14 1.540000 1 1
1969 03 15 8.360000 1 1
1969 03 16 0.982000 1 1
1969 03 17 0.797000 1 1
1969 03 18 0.693000 1 1
1969 03 19 0.595000 1 1
1969 03 20 0.505000 1 1
1969 03 21 0.423000 1 1
1969 03 22 0.595000 1 1
1969 03 23 3.130000 1 1
1969 03 24 0.693000 1 1
1969 03 25 0.595000 1 1
1969 03 26 6.910000 1 1
1969 03 27 2.590000 1 1
1969 03 28 3.280000 1 1
1969 03 29 6.740000 1 1
1969 03 30 12.300000 1 1
1969 03 31 17.500000 1 1
1969 04 01 30.500000 1 1
1969 04 02 45.500000 1 1
1969 04 03 42.000000 1 1
1969 04 04 40.800000 1 1
1969 04 05 60.300000 1 1
1969 04 06 83.800000 1 1
1969 04 07 59.300000 1 1
1969 04 08 84.000000 1 1
1969 04 09 73.600000 1 1
1969 04 10 43.000000 1 1
1969 04 11 28.700000 1 1
1969 04 12 24.200000 1 1
1969 04 13 45.600000 1 1
1969 04 14 65.600000 1 1
1969 04 15 68.800000 1 1
1969 04 16 60.600000 1 1
1969 04 17 38.000000 1 1
1969 04 18 23.700000 1 1
1969 04 19 17.700000 1 1
1969 04 20 13.800000 1 1
1969 04 21 10.900000 1 1
1969 04 22 9.180000 1 1
1969 04 23 8.400000 1 1
1969 04 24 6.810000 1 1
1969 04 25 6.370000 1 1
1969 04 26 5.420000 1 1
1969 04 27 5.060000 1 1
1969 04 28 5.780000 1 1
1969 04 29 5.780000 1 1
1969 04 30 6.960000 1 1
1969 05 01 8.100000 1 1
1969 05 02 7.410000 1 1
1969 05 03 5.780000 1 1
1969 05 04 5.630000 1 1
1969 05 05 5.060000 1 1
1969 05 06 4.700000 1 1
1969 05 07 4.840000 1 1
1969 05 08 5.780000 1 1
1969 05 09 8.400000 1 1
1969 05 10 9.180000 1 1
1969 05 11 6.510000 1 1
1969 05 12 18.100000 1 1
1969 05 13 11.500000 1 1
1969 05 14 9.650000 1 1
1969 05 15 8.790000 1 1
1969 05 16 7.640000 1 1
1969 05 17 5.780000 1 1
1969 05 18 5.560000 1 1
1969 05 19 4.700000 1 1
1969 05 20 11.000000 1 1
1969 05 21 5.780000 1 1
1969 05 22 5.780000 1 1
1969 05 23 5.780000 1 1
1969 05 24 4.920000 1 1
1969 05 25 4.070000 1 1
1969 05 26 3.960000 1 1
1969 05 27 3.420000 1 1
1969 05 28 3.020000 1 1
1969 05 29 2.680000 1 1
1969 05 30 2.220000 1 1
1969 05 31 2.220000 1 1
1969 06 01 2.310000 1 1
1969 06 02 2.220000 1 1
1969 06 03 2.090000 1 1
1969 06 04 2.090000 1 1
1969 06 05 1.880000 1 1
1969 06 06 1.480000 1 1
1969 06 07 1.480000 1 1
1969 06 08 1.480000 1 1
1969 06 09 1.480000 1 1
1969 06 10 1.160000 1 1
1969 06 11 1.160000 1 1
1969 06 12 1.030000 1 1
1969 06 13 1.030000 1 1
1969 06 14 0.909000 1 1
1969 06 15 0.909000 1 1
1969 06 16 0.797000 1 1
1969 06 17 0.797000 1 1
1969 06 18 0.598000 1 1
1969 06 19 0.393000 1 1
1969 06 20 0.423000 1 1
1969 06 21 0.423000 1 1
1969 06 22 0.423000 1 1
1969 06 23 0.423000 1 1
1969 06 24 0.423000 1 1
1969 06 25 0.423000 1 1
1969 06 26 0.595000 1 1
1969 06 27 0.505000 1 1
1969 06 28 0.505000 1 1
1969 06 29 0.505000 1 1
1969 06 30 0.505000 1 1
1969 07 01 0.595000 1 1
1969 07 02 0.505000 1 1
1969 07 03 0.505000 1 1
1969 07 04 0.595000 1 1
1969 07 05 0.595000 1 1
1969 07 06 0.505000 1 1
1969 07 07 0.505000 1 1
1969 07 08 0.505000 1 1
1969 07 09 0.505000 1 1
1969 07 10 0.505000 1 1
1969 07 11 0.505000 1 1
1969 07 12 0.423000 1 1
1969 07 13 0.423000 1 1
1969 07 14 0.505000 1 1
1969 07 15 0.505000 1 1
1969 07 16 0.505000 1 1
1969 07 17 0.505000 1 1
1969 07 18 0.423000 1 1
1969 07 19 0.423000 1 1
1969 07 20 0.423000 1 1
1969 07 21 0.423000 1 1
1969 07 22 0.347000 1 1
1969 07 23 0.347000 1 1
1969 07 24 0.423000 1 1
1969 07 25 0.423000 1 1
1969 07 26 0.423000 1 1
1969 07 27 0.423000 1 1
1969 07 28 0.423000 1 1
1969 07 29 0.423000 1 1
1969 07 30 0.423000 1 1
1969 07 31 0.423000 1 1
1969 08 01 0.347000 1 1
1969 08 02 0.423000 1 1
1969 08 03 0.423000 1 1
1969 08 04 0.423000 1 1
1969 08 05 0.505000 1 1
1969 08 06 0.505000 1 1
1969 08 07 0.505000 1 1
1969 08 08 0.455000 1 1
1969 08 09 0.410000 1 1
1969 08 10 0.377000 1 1
1969 08 11 0.347000 1 1
1969 08 12 0.393000 1 1
1969 08 13 0.443000 1 1
1969 08 14 0.473000 1 1
1969 08 15 0.423000 1 1
1969 08 16 0.423000 1 1
1969 08 17 0.473000 1 1
1969 08 18 0.505000 1 1
1969 08 19 0.505000 1 1
1969 08 20 0.541000 1 1
1969 08 21 0.560000 1 1
1969 08 22 0.595000 1 1
1969 08 23 0.595000 1 1
1969 08 24 0.505000 1 1
1969 08 25 0.505000 1 1
1969 08 26 0.505000 1 1
1969 08 27 0.505000 1 1
1969 08 28 0.505000 1 1
1969 08 29 0.505000 1 1
1969 08 30 0.505000 1 1
1969 08 31 0.505000 1 1
1969 09 01 0.505000 1 1
1969 09 02 0.505000 1 1
1969 09 03 0.505000 1 1
1969 09 04 0.505000 1 1
1969 09 05 0.505000 1 1
1969 09 06 0.505000 1 1
1969 09 07 0.505000 1 1
1969 09 08 0.505000 1 1
1969 09 09 0.505000 1 1
1969 09 10 0.505000 1 1
1969 09 11 0.505000 1 1
1969 09 12 0.505000 1 1
1969 09 13 0.505000 1 1
1969 09 14 0.505000 1 1
1969 09 15 0.505000 1 1
1969 09 16 0.505000 1 1
1969 09 17 0.505000 1 1
1969 09 18 0.505000 1 1
1969 09 19 0.595000 1 1
1969 09 20 0.595000 1 1
1969 09 21 0.595000 1 1
1969 09 22 0.595000 1 1
1969 09 23 0.595000 1 1
1969 09 24 0.505000 1 1
1969 09 25 0.505000 1 1
1969 09 26 0.505000 1 1
1969 09 27 0.505000 1 1
1969 09 28 0.505000 1 1
1969 09 29 0.505000 1 1
1969 09 30 0.505000 1 1
1969 10 01 0.505000 1 1
1969 10 02 0.505000 1 1
1969 10 03 0.505000 1 1
1969 10 04 0.505000 1 1
1969 10 05 0.473000 1 1
1969 10 06 0.423000 1 1
1969 10 07 0.423000 1 1
1969 10 08 0.505000 1 1
1969 10 09 0.577000 1 1
1969 10 10 0.595000 1 1
1969 10 11 0.595000 1 1
1969 10 12 0.595000 1 1
1969 10 13 0.595000 1 1
1969 10 14 0.524000 1 1
1969 10 15 0.505000 1 1
1969 10 16 0.505000 1 1
1969 10 17 0.505000 1 1
1969 10 18 0.505000 1 1
1969 10 19 0.505000 1 1
1969 10 20 0.505000 1 1
1969 10 21 0.505000 1 1
1969 10 22 0.505000 1 1
1969 10 23 0.577000 1 1
1969 10 24 0.595000 1 1
1969 10 25 0.595000 1 1
1969 10 26 0.595000 1 1
1969 10 27 0.595000 1 1
1969 10 28 0.595000 1 1
1969 10 29 0.595000 1 1
1969 10 30 0.595000 1 1
1969 10 31 0.595000 1 1
1969 11 01 0.595000 1 1
1969 11 02 0.595000 1 1
1969 11 03 0.595000 1 1
1969 11 04 0.595000 1 1
1969 11 05 0.595000 1 1
1969 11 06 0.595000 1 1
1969 11 07 0.505000 1 1
1969 11 08 0.505000 1 1
1969 11 09 0.505000 1 1
1969 11 10 0.505000 1 1
1969 11 11 0.505000 1 1
1969 11 12 0.505000 1 1
1969 11 13 0.505000 1 1
1969 11 14 0.505000 1 1
1969 11 15 0.505000 1 1
1969 11 16 0.505000 1 1
1969 11 17 0.505000 1 1
1969 11 18 0.505000 1 1
1969 11 19 0.505000 1 1
1969 11 20 0.505000 1 1
1969 11 21 0.505000 1 1
1969 11 22 0.505000 1 1
1969 11 23 0.505000 1 1
1969 11 24 0.505000 1 1
1969 11 25 0.505000 1 1
1969 11 26 0.505000 1 1
1969 11 27 0.505000 1 1
1969 11 28 0.505000 1 1
1969 11 29 0.505000 1 1
1969 11 30 0.595000 1 1
1969 12 01 0.505000 1 1
1969 12 02 0.505000 1 1
1969 12 03 0.505000 1 1
1969 12 04 0.505000 1 1
1969 12 05 0.505000 1 1
1969 12 06 0.505000 1 1
1969 12 07 0.505000 1 1
1969 12 08 0.505000 1 1
1969 12 09 0.505000 1 1
1969 12 10 0.505000 1 1
1969 12 11 0.505000 1 1
1969 12 12 0.505000 1 1
1969 12 13 0.505000 1 1
1969 12 14 0.505000 1 1
1969 12 15 0.505000 1 1
1969 12 16 0.505000 1 1
1969 12 17 0.505000 1 1
1969 12 18 0.505000 1 1
1969 12 19 0.505000 1 1
1969 12 20 0.505000 1 1
1969 12 21 0.505000 1 1
1969 12 22 0.505000 1 1
1969 12 23 0.505000 1 1
1969 12 24 0.505000 1 1
1969 12 25 0.505000 1 1
1969 12 26 0.505000 1 1
1969 12 27 0.595000 1 1
1969 12 28 0.595000 1 1
1969 12 29 0.595000 1 1
1969 12 30 0.693000 1 1
1969 12 31 0.693000 1 1
1970 01 01 0.693000 1 1
1970 01 02 0.693000 1 1
1970 01 03 0.595000 1 1
1970 01 04 0.595000 1 1
1970 01 05 0.595000 1 1
1970 01 06 0.595000 1 1
1970 01 07 0.693000 1 1
1970 01 08 0.693000 1 1
1970 01 09 0.693000 1 1
1970 01 10 0.595000 1 1
1970 01 11 0.595000 1 1
1970 01 12 0.595000 1 1
1970 01 13 0.595000 1 1
1970 01 14 0.595000 1 1
1970 01 15 0.595000 1 1
1970 01 16 0.595000 1 1
1970 01 17 0.595000 1 1
1970 01 18 0.693000 1 1
1970 01 19 0.797000 1 1
1970 01 20 0.797000 1 1
1970 01 21 0.797000 1 1
1970 01 22 0.797000 1 1
1970 01 23 0.797000 1 1
1970 01 24 0.797000 1 1
1970 01 25 0.797000 1 1
1970 01 26 0.797000 1 1
1970 01 27 0.797000 1 1
1970 01 28 0.693000 1 1
1970 01 29 0.693000 1 1
1970 01 30 0.693000 1 1
1970 01 31 0.693000 1 1
1970 02 01 0.693000 1 1
1970 02 02 0.693000 1 1
1970 02 03 0.595000 1 1
1970 02 04 0.595000 1 1
1970 02 05 0.595000 1 1
1970 02 06 0.595000 1 1
1970 02 07 0.595000 1 1
1970 02 08 0.595000 1 1
1970 02 09 0.595000 1 1
1970 02 10 0.595000 1 1
1970 02 11 0.595000 1 1
1970 02 12 0.595000 1 1
1970 02 13 0.595000 1 1
1970 02 14 0.595000 1 1
1970 02 15 0.595000 1 1
1970 02 16 0.595000 1 1
1970 02 17 0.595000 1 1
1970 02 18 0.595000 1 1
1970 02 19 0.595000 1 1
1970 02 20 0.595000 1 1
1970 02 21 0.595000 1 1
1970 02 22 0.595000 1 1
1970 02 23 0.693000 1 1
1970 02 24 0.693000 1 1
1970 02 25 0.693000 1 1
1970 02 26 0.693000 1 1
1970 02 27 0.693000 1 1
1970 02 28 0.693000 1 1
1970 03 01 0.693000 1 1
1970 03 02 7.060000 1 1
1970 03 03 2.090000 1 1
1970 03 04 1.070000 1 1
1970 03 05 0.579000 1 1
1970 03 06 0.505000 1 1
1970 03 07 0.423000 1 1
1970 03 08 0.423000 1 1
1970 03 09 0.423000 1 1
1970 03 10 0.347000 1 1
1970 03 11 0.347000 1 1
1970 03 12 0.347000 1 1
1970 03 13 0.423000 1 1
1970 03 14 0.423000 1 1
1970 03 15 0.423000 1 1
1970 03 16 0.423000 1 1
1970 03 17 0.347000 1 1
1970 03 18 0.347000 1 1
1970 03 19 0.505000 1 1
1970 03 20 1.130000 1 1
1970 03 21 2.540000 1 1
1970 03 22 4.420000 1 1
1970 03 23 3.320000 1 1
1970 03 24 1.080000 1 1
1970 03 25 0.756000 1 1
1970 03 26 0.505000 1 1
1970 03 27 0.423000 1 1
1970 03 28 0.393000 1 1
1970 03 29 0.423000 1 1
1970 03 30 1.030000 1 1
1970 03 31 0.505000 1 1
1970 04 01 0.505000 1 1
1970 04 02 0.505000 1 1
1970 04 03 0.423000 1 1
1970 04 04 0.347000 1 1
1970 04 05 0.347000 1 1
1970 04 06 0.347000 1 1
1970 04 07 0.505000 1 1
1970 04 08 0.505000 1 1
1970 04 09 0.505000 1 1
1970 04 10 0.505000 1 1
1970 04 11 0.505000 1 1
1970 04 12 0.505000 1 1
1970 04 13 0.505000 1 1
1970 04 14 0.505000 1 1
1970 04 15 1.040000 1 1
1970 04 16 0.871000 1 1
1970 04 17 0.505000 1 1
1970 04 18 0.505000 1 1
1970 04 19 0.654000 1 1
1970 04 20 0.505000 1 1
1970 04 21 0.505000 1 1
1970 04 22 0.505000 1 1
1970 04 23 1.470000 1 1
1970 04 24 0.595000 1 1
1970 04 25 0.579000 1 1
1970 04 26 12.000000 1 1
1970 04 27 3.190000 1 1
1970 04 28 4.280000 1 1
1970 04 29 6.770000 1 1
1970 04 30 2.050000 1 1
1970 05 01 0.982000 1 1
1970 05 02 0.734000 1 1
1970 05 03 0.595000 1 1
1970 05 04 0.505000 1 1
1970 05 05 0.505000 1 1
1970 05 06 0.505000 1 1
1970 05 07 0.505000 1 1
1970 05 08 0.423000 1 1
1970 05 09 0.423000 1 1
1970 05 10 0.423000 1 1
1970 05 11 0.423000 1 1
1970 05 12 0.423000 1 1
1970 05 13 0.423000 1 1
1970 05 14 0.347000 1 1
1970 05 15 0.347000 1 1
1970 05 16 0.347000 1 1
1970 05 17 0.347000 1 1
1970 05 18 0.347000 1 1
1970 05 19 0.347000 1 1
1970 05 20 0.347000 1 1
1970 05 21 0.347000 1 1
1970 05 22 0.347000 1 1
1970 05 23 0.347000 1 1
1970 05 24 0.347000 1 1
1970 05 25 0.423000 1 1
1970 05 26 0.505000 1 1
1970 05 27 0.505000 1 1
1970 05 28 0.505000 1 1
1970 05 29 0.505000 1 1
1970 05 30 0.505000 1 1
1970 05 31 0.505000 1 1
1970 06 01 0.505000 1 1
1970 06 02 0.505000 1 1
1970 06 03 0.505000 1 1
1970 06 04 0.505000 1 1
1970 06 05 0.505000 1 1
1970 06 06 0.505000 1 1
1970 06 07 0.505000 1 1
1970 06 08 0.505000 1 1
1970 06 09 0.505000 1 1
1970 06 10 0.505000 1 1
1970 06 11 0.505000 1 1
1970 06 12 0.505000 1 1
1970 06 13 0.505000 1 1
1970 06 14 0.505000 1 1
1970 06 15 0.505000 1 1
1970 06 16 0.505000 1 1
1970 06 17 0.505000 1 1
1970 06 18 0.505000 1 1
1970 06 19 0.505000 1 1
1970 06 20 0.505000 1 1
1970 06 21 0.505000 1 1
1970 06 22 0.505000 1 1
1970 06 23 0.595000 1 1
1970 06 24 0.560000 1 1
1970 06 25 0.595000 1 1
1970 06 26 0.595000 1 1
1970 06 27 0.595000 1 1
1970 06 28 0.595000 1 1
1970 06 29 0.595000 1 1
1970 06 30 0.595000 1 1
1970 07 01 0.505000 1 1
1970 07 02 0.505000 1 1
1970 07 03 0.505000 1 1
1970 07 04 0.505000 1 1
1970 07 05 0.505000 1 1
1970 07 06 0.505000 1 1
1970 07 07 0.595000 1 1
1970 07 08 0.595000 1 1
1970 07 09 0.595000 1 1
1970 07 10 0.595000 1 1
1970 07 11 0.595000 1 1
1970 07 12 0.505000 1 1
1970 07 13 0.595000 1 1
1970 07 14 0.595000 1 1
1970 07 15 0.595000 1 1
1970 07 16 0.595000 1 1
1970 07 17 0.595000 1 1
1970 07 18 0.595000 1 1
1970 07 19 0.595000 1 1
1970 07 20 0.595000 1 1
1970 07 21 0.595000 1 1
1970 07 22 0.595000 1 1
1970 07 23 0.654000 1 1
1970 07 24 0.634000 1 1
1970 07 25 0.595000 1 1
1970 07 26 0.654000 1 1
1970 07 27 0.693000 1 1
1970 07 28 0.693000 1 1
1970 07 29 0.634000 1 1
1970 07 30 0.595000 1 1
1970 07 31 0.595000 1 1
1970 08 01 0.595000 1 1
1970 08 02 0.595000 1 1
1970 08 03 0.595000 1 1
1970 08 04 0.693000 1 1
1970 08 05 0.693000 1 1
1970 08 06 0.693000 1 1
1970 08 07 0.693000 1 1
1970 08 08 0.693000 1 1
1970 08 09 0.693000 1 1
1970 08 10 0.693000 1 1
1970 08 11 0.693000 1 1
1970 08 12 0.693000 1 1
1970 08 13 0.693000 1 1
1970 08 14 0.693000 1 1
1970 08 15 0.693000 1 1
1970 08 16 0.797000 1 1
1970 08 17 0.797000 1 1
1970 08 18 0.693000 1 1
1970 08 19 0.693000 1 1
1970 08 20 0.797000 1 1
1970 08 21 0.693000 1 1
1970 08 22 0.693000 1 1
1970 08 23 0.693000 1 1
1970 08 24 0.797000 1 1
1970 08 25 0.693000 1 1
1970 08 26 0.693000 1 1
1970 08 27 0.693000 1 1
1970 08 28 0.797000 1 1
1970 08 29 0.797000 1 1
1970 08 30 0.797000 1 1
1970 08 31 0.693000 1 1
1970 09 01 0.693000 1 1
1970 09 02 0.693000 1 1
1970 09 03 0.797000 1 1
1970 09 04 0.909000 1 1
1970 09 05 0.797000 1 1
1970 09 06 0.909000 1 1
1970 09 07 0.909000 1 1
1970 09 08 0.909000 1 1
1970 09 09 0.797000 1 1
1970 09 10 0.797000 1 1
1970 09 11 0.797000 1 1
1970 09 12 0.797000 1 1
1970 09 13 0.693000 1 1
1970 09 14 0.797000 1 1
1970 09 15 0.909000 1 1
1970 09 16 1.030000 1 1
1970 09 17 0.909000 1 1
1970 09 18 0.909000 1 1
1970 09 19 0.909000 1 1
1970 09 20 0.909000 1 1
1970 09 21 0.909000 1 1
1970 09 22 1.030000 1 1
1970 09 23 1.030000 1 1
1970 09 24 1.030000 1 1
1970 09 25 1.030000 1 1
1970 09 26 1.030000 1 1
1970 09 27 1.030000 1 1
1970 09 28 1.030000 1 1
1970 09 29 1.030000 1 1
1970 09 30 1.030000 1 1
1970 10 01 1.160000 1 1
1970 10 02 1.160000 1 1
1970 10 03 1.030000 1 1
1970 10 04 1.030000 1 1
1970 10 05 1.030000 1 1
1970 10 06 1.030000 1 1
1970 10 07 1.030000 1 1
1970 10 08 1.030000 1 1
1970 10 09 1.030000 1 1
1970 10 10 1.160000 1 1
1970 10 11 1.160000 1 1
1970 10 12 1.160000 1 1
1970 10 13 1.160000 1 1
1970 10 14 1.160000 1 1
1970 10 15 1.160000 1 1
1970 10 16 1.030000 1 1
1970 10 17 1.030000 1 1
1970 10 18 1.030000 1 1
1970 10 19 1.160000 1 1
1970 10 20 1.160000 1 1
1970 10 21 1.160000 1 1
1970 10 22 1.160000 1 1
1970 10 23 1.160000 1 1
1970 10 24 1.290000 1 1
1970 10 25 1.290000 1 1
1970 10 26 1.290000 1 1
1970 10 27 1.290000 1 1
1970 10 28 1.290000 1 1
1970 10 29 1.290000 1 1
1970 10 30 1.290000 1 1
1970 10 31 1.290000 1 1
1970 11 01 1.290000 1 1
1970 11 02 1.290000 1 1
1970 11 03 1.290000 1 1
1970 11 04 1.290000 1 1
1970 11 05 1.480000 1 1
1970 11 06 1.480000 1 1
1970 11 07 1.880000 1 1
1970 11 08 1.670000 1 1
1970 11 09 1.480000 1 1
1970 11 10 1.480000 1 1
1970 11 11 1.480000 1 1
1970 11 12 1.480000 1 1
1970 11 13 1.290000 1 1
1970 11 14 1.030000 1 1
1970 11 15 1.030000 1 1
1970 11 16 1.030000 1 1
1970 11 17 1.030000 1 1
1970 11 18 1.030000 1 1
1970 11 19 1.030000 1 1
1970 11 20 1.030000 1 1
1970 11 21 1.030000 1 1
1970 11 22 1.030000 1 1
1970 11 23 1.030000 1 1
1970 11 24 1.030000 1 1
1970 11 25 1.030000 1 1
1970 11 26 1.030000 1 1
1970 11 27 1.030000 1 1
1970 11 28 1.030000 1 1
1970 11 29 1.030000 1 1
1970 11 30 1.030000 1 1
1970 12 01 1.030000 1 1
1970 12 02 1.030000 1 1
1970 12 03 0.909000 1 1
1970 12 04 0.909000 1 1
1970 12 05 0.909000 1 1
1970 12 06 0.909000 1 1
1970 12 07 0.909000 1 1
1970 12 08 0.909000 1 1
1970 12 09 0.909000 1 1
1970 12 10 0.909000 1 1
1970 12 11 0.909000 1 1
1970 12 12 0.909000 1 1
1970 12 13 0.909000 1 1
1970 12 14 0.909000 1 1
1970 12 15 0.909000 1 1
1970 12 16 0.909000 1 1
1970 12 17 0.909000 1 1
1970 12 18 0.909000 1 1
1970 12 19 0.797000 1 1
1970 12 20 0.797000 1 1
1970 12 21 0.656000 1 1
1970 12 22 0.656000 1 1
1970 12 23 0.797000 1 1
1970 12 24 0.797000 1 1
1970 12 25 0.797000 1 1
1970 12 26 0.797000 1 1
1970 12 27 0.797000 1 1
1970 12 28 0.797000 1 1
1970 12 29 0.797000 1 1
1970 12 30 0.797000 1 1
1970 12 31 0.797000 1 1
1971 01 01 0.797000 1 1
1971 01 02 0.797000 1 1
1971 01 03 0.797000 1 1
1971 01 04 0.693000 1 1
1971 01 05 0.693000 1 1
1971 01 06 0.693000 1 1
1971 01 07 0.693000 1 1
1971 01 08 0.693000 1 1
1971 01 09 0.693000 1 1
1971 01 10 0.693000 1 1
1971 01 11 0.693000 1 1
1971 01 12 0.693000 1 1
1971 01 13 0.693000 1 1
1971 01 14 0.693000 1 1
1971 01 15 0.693000 1 1
1971 01 16 0.693000 1 1
1971 01 17 0.693000 1 1
1971 01 18 0.693000 1 1
1971 01 19 0.693000 1 1
1971 01 20 0.693000 1 1
1971 01 21 0.693000 1 1
1971 01 22 0.693000 1 1
1971 01 23 0.693000 1 1
1971 01 24 0.693000 1 1
1971 01 25 0.693000 1 1
1971 01 26 0.693000 1 1
1971 01 27 0.693000 1 1
1971 01 28 3.070000 1 1
1971 01 29 0.797000 1 1
1971 01 30 0.693000 1 1
1971 01 31 0.595000 1 1
1971 02 01 0.595000 1 1
1971 02 02 0.595000 1 1
1971 02 03 0.595000 1 1
1971 02 04 0.595000 1 1
1971 02 05 0.595000 1 1
1971 02 06 0.595000 1 1
1971 02 07 0.595000 1 1
1971 02 08 0.595000 1 1
1971 02 09 0.595000 1 1
1971 02 10 0.595000 1 1
1971 02 11 0.595000 1 1
1971 02 12 0.595000 1 1
1971 02 13 0.595000 1 1
1971 02 14 0.595000 1 1
1971 02 15 0.595000 1 1
1971 02 16 1.030000 1 1
1971 02 17 0.909000 1 1
1971 02 18 0.693000 1 1
1971 02 19 0.693000 1 1
1971 02 20 0.693000 1 1
1971 02 21 0.693000 1 1
1971 02 22 0.693000 1 1
1971 02 23 0.693000 1 1
1971 02 24 0.909000 1 1
1971 02 25 0.693000 1 1
1971 02 26 0.693000 1 1
1971 02 27 3.430000 1 1
1971 02 28 0.909000 1 1
1971 03 01 0.693000 1 1
1971 03 02 0.693000 1 1
1971 03 03 0.909000 1 1
1971 03 04 1.480000 1 1
1971 03 05 0.693000 1 1
1971 03 06 0.693000 1 1
1971 03 07 0.693000 1 1
1971 03 08 0.693000 1 1
1971 03 09 0.693000 1 1
1971 03 10 0.693000 1 1
1971 03 11 0.693000 1 1
1971 03 12 1.030000 1 1
1971 03 13 0.693000 1 1
1971 03 14 0.693000 1 1
1971 03 15 0.693000 1 1
1971 03 16 0.693000 1 1
1971 03 17 0.693000 1 1
1971 03 18 0.693000 1 1
1971 03 19 0.693000 1 1
1971 03 20 0.693000 1 1
1971 03 21 6.110000 1 1
1971 03 22 4.200000 1 1
1971 03 23 15.200000 1 1
1971 03 24 2.310000 1 1
1971 03 25 2.310000 1 1
1971 03 26 2.310000 1 1
1971 03 27 0.909000 1 1
1971 03 28 0.797000 1 1
1971 03 29 0.797000 1 1
1971 03 30 0.909000 1 1
1971 03 31 10.100000 1 1
1971 04 01 1.670000 1 1
1971 04 02 4.350000 1 1
1971 04 03 6.700000 1 1
1971 04 04 2.310000 1 1
1971 04 05 0.909000 1 1
1971 04 06 13.700000 1 1
1971 04 07 20.900000 1 1
1971 04 08 33.300000 1 1
1971 04 09 40.000000 1 1
1971 04 10 39.700000 1 1
1971 04 11 43.900000 1 1
1971 04 12 38.700000 1 1
1971 04 13 81.400000 1 1
1971 04 14 72.600000 1 1
1971 04 15 49.900000 1 1
1971 04 16 45.900000 1 1
1971 04 17 59.100000 1 1
1971 04 18 45.900000 1 1
1971 04 19 26.400000 1 1
1971 04 20 16.900000 1 1
1971 04 21 17.200000 1 1
1971 04 22 20.800000 1 1
1971 04 23 69.400000 1 1
1971 04 24 47.400000 1 1
1971 04 25 30.100000 1 1
1971 04 26 21.400000 1 1
1971 04 27 20.000000 1 1
1971 04 28 15.900000 1 1
1971 04 29 13.400000 1 1
1971 04 30 12.100000 1 1
1971 05 01 9.590000 1 1
1971 05 02 5.780000 1 1
1971 05 03 13.000000 1 1
1971 05 04 5.780000 1 1
1971 05 05 24.300000 1 1
1971 05 06 168.000000 1 1
1971 05 07 118.000000 1 1
1971 05 08 103.000000 1 1
1971 05 09 74.900000 1 1
1971 05 10 58.300000 1 1
1971 05 11 40.000000 1 1
1971 05 12 25.200000 1 1
1971 05 13 45.000000 1 1
1971 05 14 29.300000 1 1
1971 05 15 17.700000 1 1
1971 05 16 15.000000 1 1
1971 05 17 12.700000 1 1
1971 05 18 11.200000 1 1
1971 05 19 9.110000 1 1
1971 05 20 8.250000 1 1
1971 05 21 7.130000 1 1
1971 05 22 5.780000 1 1
1971 05 23 5.780000 1 1
1971 05 24 5.490000 1 1
1971 05 25 4.780000 1 1
1971 05 26 4.240000 1 1
1971 05 27 3.850000 1 1
1971 05 28 3.530000 1 1
1971 05 29 5.060000 1 1
1971 05 30 5.060000 1 1
1971 05 31 5.060000 1 1
1971 06 01 5.060000 1 1
1971 06 02 5.060000 1 1
1971 06 03 11.600000 1 1
1971 06 04 10.700000 1 1
1971 06 05 11.600000 1 1
1971 06 06 10.400000 1 1
1971 06 07 9.180000 1 1
1971 06 08 9.180000 1 1
1971 06 09 8.790000 1 1
1971 06 10 7.630000 1 1
1971 06 11 5.780000 1 1
1971 06 12 5.780000 1 1
1971 06 13 5.780000 1 1
1971 06 14 5.780000 1 1
1971 06 15 5.060000 1 1
1971 06 16 4.350000 1 1
1971 06 17 4.070000 1 1
1971 06 18 4.070000 1 1
1971 06 19 3.790000 1 1
1971 06 20 3.530000 1 1
1971 06 21 3.020000 1 1
1971 06 22 2.540000 1 1
1971 06 23 2.310000 1 1
1971 06 24 2.310000 1 1
1971 06 25 2.310000 1 1
1971 06 26 2.090000 1 1
1971 06 27 1.670000 1 1
1971 06 28 1.480000 1 1
1971 06 29 1.290000 1 1
1971 06 30 1.030000 1 1
1971 07 01 0.909000 1 1
1971 07 02 0.909000 1 1
1971 07 03 0.909000 1 1
1971 07 04 0.909000 1 1
1971 07 05 0.909000 1 1
1971 07 06 0.909000 1 1
1971 07 07 0.909000 1 1
1971 07 08 0.909000 1 1
1971 07 09 0.797000 1 1
1971 07 10 0.797000 1 1
1971 07 11 0.693000 1 1
1971 07 12 0.693000 1 1
1971 07 13 0.693000 1 1
1971 07 14 0.693000 1 1
1971 07 15 0.693000 1 1
1971 07 16 0.595000 1 1
1971 07 17 0.595000 1 1
1971 07 18 0.595000 1 1
1971 07 19 0.595000 1 1
1971 07 20 0.595000 1 1
1971 07 21 0.595000 1 1
1971 07 22 0.595000 1 1
1971 07 23 0.595000 1 1
1971 07 24 0.505000 1 1
1971 07 25 0.505000 1 1
1971 07 26 0.505000 1 1
1971 07 27 0.505000 1 1
1971 07 28 0.505000 1 1
1971 07 29 0.505000 1 1
1971 07 30 0.505000 1 1
1971 07 31 0.505000 1 1
1971 08 01 0.423000 1 1
1971 08 02 0.423000 1 1
1971 08 03 0.423000 1 1
1971 08 04 0.423000 1 1
1971 08 05 0.423000 1 1
1971 08 06 0.423000 1 1
1971 08 07 0.423000 1 1
1971 08 08 0.505000 1 1
1971 08 09 0.505000 1 1
1971 08 10 0.505000 1 1
1971 08 11 0.505000 1 1
1971 08 12 0.505000 1 1
1971 08 13 0.505000 1 1
1971 08 14 0.505000 1 1
1971 08 15 0.505000 1 1
1971 08 16 0.505000 1 1
1971 08 17 0.505000 1 1
1971 08 18 0.505000 1 1
1971 08 19 0.505000 1 1
1971 08 20 0.505000 1 1
1971 08 21 0.505000 1 1
1971 08 22 0.505000 1 1
1971 08 23 0.505000 1 1
1971 08 24 0.505000 1 1
1971 08 25 0.505000 1 1
1971 08 26 0.505000 1 1
1971 08 27 0.505000 1 1
1971 08 28 0.505000 1 1
1971 08 29 0.505000 1 1
1971 08 30 0.505000 1 1
1971 08 31 0.505000 1 1
1971 09 01 0.595000 1 1
1971 09 02 0.595000 1 1
1971 09 03 0.595000 1 1
1971 09 04 0.505000 1 1
1971 09 05 0.505000 1 1
1971 09 06 0.505000 1 1
1971 09 07 0.505000 1 1
1971 09 08 0.505000 1 1
1971 09 09 0.505000 1 1
1971 09 10 0.505000 1 1
1971 09 11 0.505000 1 1
1971 09 12 0.505000 1 1
1971 09 13 0.505000 1 1
1971 09 14 0.505000 1 1
1971 09 15 0.595000 1 1
1971 09 16 0.595000 1 1
1971 09 17 0.595000 1 1
1971 09 18 0.595000 1 1
1971 09 19 0.595000 1 1
1971 09 20 0.595000 1 1
1971 09 21 0.595000 1 1
1971 09 22 0.560000 1 1
1971 09 23 0.541000 1 1
1971 09 24 0.560000 1 1
1971 09 25 0.505000 1 1
1971 09 26 0.505000 1 1
1971 09 27 0.505000 1 1
1971 09 28 0.595000 1 1
1971 09 29 0.595000 1 1
1971 09 30 0.595000 1 1
1971 10 01 0.595000 1 1
1971 10 02 0.595000 1 1
1971 10 03 0.595000 1 1
1971 10 04 0.693000 1 1
1971 10 05 0.693000 1 1
1971 10 06 0.693000 1 1
1971 10 07 0.693000 1 1
1971 10 08 0.693000 1 1
1971 10 09 0.693000 1 1
1971 10 10 0.693000 1 1
1971 10 11 0.693000 1 1
1971 10 12 0.693000 1 1
1971 10 13 0.693000 1 1
1971 10 14 0.693000 1 1
1971 10 15 0.693000 1 1
1971 10 16 0.693000 1 1
1971 10 17 0.797000 1 1
1971 10 18 0.797000 1 1
1971 10 19 0.797000 1 1
1971 10 20 0.797000 1 1
1971 10 21 0.797000 1 1
1971 10 22 0.797000 1 1
1971 10 23 0.797000 1 1
1971 10 24 0.693000 1 1
1971 10 25 0.693000 1 1
1971 10 26 0.693000 1 1
1971 10 27 0.693000 1 1
1971 10 28 0.797000 1 1
1971 10 29 0.909000 1 1
1971 10 30 0.797000 1 1
1971 10 31 0.982000 1 1
1971 11 01 1.030000 1 1
1971 11 02 0.909000 1 1
1971 11 03 0.909000 1 1
1971 11 04 0.909000 1 1
1971 11 05 0.909000 1 1
1971 11 06 0.909000 1 1
1971 11 07 0.909000 1 1
1971 11 08 1.030000 1 1
1971 11 09 1.030000 1 1
1971 11 10 0.909000 1 1
1971 11 11 0.909000 1 1
1971 11 12 0.909000 1 1
1971 11 13 0.909000 1 1
1971 11 14 0.909000 1 1
1971 11 15 0.909000 1 1
1971 11 16 0.909000 1 1
1971 11 17 0.909000 1 1
1971 11 18 0.909000 1 1
1971 11 19 0.909000 1 1
1971 11 20 0.909000 1 1
1971 11 21 0.909000 1 1
1971 11 22 1.030000 1 1
1971 11 23 0.909000 1 1
1971 11 24 0.909000 1 1
1971 11 25 0.909000 1 1
1971 11 26 0.909000 1 1
1971 11 27 0.909000 1 1
1971 11 28 0.909000 1 1
1971 11 29 0.909000 1 1
1971 11 30 0.909000 1 1
1971 12 01 0.909000 1 1
1971 12 02 0.909000 1 1
1971 12 03 0.909000 1 1
1971 12 04 0.909000 1 1
1971 12 05 0.909000 1 1
1971 12 06 0.909000 1 1
1971 12 07 0.909000 1 1
1971 12 08 0.909000 1 1
1971 12 09 0.909000 1 1
1971 12 10 0.909000 1 1
1971 12 11 0.909000 1 1
1971 12 12 0.909000 1 1
1971 12 13 0.909000 1 1
1971 12 14 1.030000 1 1
1971 12 15 1.030000 1 1
1971 12 16 1.030000 1 1
1971 12 17 1.030000 1 1
1971 12 18 1.030000 1 1
1971 12 19 1.030000 1 1
1971 12 20 1.030000 1 1
1971 12 21 1.030000 1 1
1971 12 22 1.030000 1 1
1971 12 23 1.030000 1 1
1971 12 24 1.030000 1 1
1971 12 25 1.030000 1 1
1971 12 26 1.030000 1 1
1971 12 27 1.030000 1 1
1971 12 28 1.030000 1 1
1971 12 29 1.030000 1 1
1971 12 30 1.030000 1 1
1971 12 31 1.030000 1 1
1972 01 01 1.030000 1 1
1972 01 02 1.030000 1 1
1972 01 03 0.909000 1 1
1972 01 04 0.909000 1 1
1972 01 05 0.909000 1 1
1972 01 06 0.909000 1 1
1972 01 07 0.909000 1 1
1972 01 08 0.909000 1 1
1972 01 09 0.909000 1 1
1972 01 10 0.909000 1 1
1972 01 11 0.909000 1 1
1972 01 12 0.909000 1 1
1972 01 13 0.909000 1 1
1972 01 14 0.909000 1 1
1972 01 15 0.909000 1 1
1972 01 16 0.909000 1 1
1972 01 17 0.909000 1 1
1972 01 18 0.909000 1 1
1972 01 19 0.909000 1 1
1972 01 20 0.909000 1 1
1972 01 21 0.909000 1 1
1972 01 22 2.050000 1 1
1972 01 23 1.030000 1 1
1972 01 24 0.909000 1 1
1972 01 25 0.909000 1 1
1972 01 26 0.909000 1 1
1972 01 27 0.909000 1 1
1972 01 28 0.909000 1 1
1972 01 29 0.693000 1 1
1972 01 30 0.693000 1 1
1972 01 31 0.693000 1 1
1972 02 01 0.693000 1 1
1972 02 02 0.693000 1 1
1972 02 03 0.693000 1 1
1972 02 04 0.693000 1 1
1972 02 05 0.693000 1 1
1972 02 06 0.693000 1 1
1972 02 07 0.693000 1 1
1972 02 08 0.693000 1 1
1972 02 09 0.693000 1 1
1972 02 10 0.693000 1 1
1972 02 11 1.160000 1 1
1972 02 12 0.909000 1 1
1972 02 13 0.909000 1 1
1972 02 14 0.909000 1 1
1972 02 15 1.160000 1 1
1972 02 16 1.160000 1 1
1972 02 17 1.160000 1 1
1972 02 18 1.160000 1 1
1972 02 19 1.160000 1 1
1972 02 20 0.909000 1 1
1972 02 21 0.909000 1 1
1972 02 22 0.909000 1 1
1972 02 23 0.909000 1 1
1972 02 24 0.909000 1 1
1972 02 25 0.909000 1 1
1972 02 26 0.909000 1 1
1972 02 27 0.909000 1 1
1972 02 28 0.909000 1 1
1972 02 29 0.909000 1 1
1972 03 01 0.909000 1 1
1972 03 02 1.930000 1 1
1972 03 03 1.670000 1 1
1972 03 04 1.670000 1 1
1972 03 05 1.290000 1 1
1972 03 06 0.909000 1 1
1972 03 07 0.909000 1 1
1972 03 08 0.693000 1 1
1972 03 09 0.693000 1 1
1972 03 10 0.693000 1 1
1972 03 11 1.720000 1 1
1972 03 12 1.290000 1 1
1972 03 13 1.030000 1 1
1972 03 14 0.909000 1 1
1972 03 15 0.909000 1 1
1972 03 16 0.909000 1 1
1972 03 17 0.797000 1 1
1972 03 18 0.797000 1 1
1972 03 19 0.797000 1 1
1972 03 20 0.797000 1 1
1972 03 21 0.693000 1 1
1972 03 22 3.150000 1 1
1972 03 23 0.957000 1 1
1972 03 24 0.909000 1 1
1972 03 25 0.693000 1 1
1972 03 26 0.693000 1 1
1972 03 27 0.693000 1 1
1972 03 28 0.693000 1 1
1972 03 29 0.693000 1 1
1972 03 30 0.693000 1 1
1972 03 31 0.693000 1 1
1972 04 01 0.693000 1 1
1972 04 02 0.693000 1 1
1972 04 03 0.693000 1 1
1972 04 04 0.693000 1 1
1972 04 05 0.693000 1 1
1972 04 06 0.693000 1 1
1972 04 07 0.693000 1 1
1972 04 08 0.693000 1 1
1972 04 09 0.693000 1 1
1972 04 10 0.693000 1 1
1972 04 11 1.510000 1 1
1972 04 12 1.420000 1 1
1972 04 13 1.000000 1 1
1972 04 14 0.909000 1 1
1972 04 15 0.797000 1 1
1972 04 16 0.797000 1 1
1972 04 17 0.797000 1 1
1972 04 18 0.797000 1 1
1972 04 19 0.797000 1 1
1972 04 20 4.850000 1 1
1972 04 21 6.410000 1 1
1972 04 22 1.160000 1 1
1972 04 23 0.797000 1 1
1972 04 24 1.500000 1 1
1972 04 25 0.797000 1 1
1972 04 26 1.460000 1 1
1972 04 27 0.842000 1 1
1972 04 28 1.670000 1 1
1972 04 29 2.230000 1 1
1972 04 30 1.260000 1 1
1972 05 01 1.250000 1 1
1972 05 02 1.360000 1 1
1972 05 03 7.220000 1 1
1972 05 04 1.260000 1 1
1972 05 05 12.200000 1 1
1972 05 06 8.820000 1 1
1972 05 07 4.100000 1 1
1972 05 08 1.280000 1 1
1972 05 09 0.909000 1 1
1972 05 10 0.797000 1 1
1972 05 11 1.890000 1 1
1972 05 12 1.260000 1 1
1972 05 13 0.909000 1 1
1972 05 14 0.797000 1 1
1972 05 15 0.797000 1 1
1972 05 16 0.797000 1 1
1972 05 17 2.050000 1 1
1972 05 18 1.080000 1 1
1972 05 19 2.330000 1 1
1972 05 20 10.600000 1 1
1972 05 21 5.950000 1 1
1972 05 22 1.810000 1 1
1972 05 23 1.290000 1 1
1972 05 24 3.120000 1 1
1972 05 25 1.210000 1 1
1972 05 26 1.080000 1 1
1972 05 27 0.909000 1 1
1972 05 28 0.909000 1 1
1972 05 29 0.909000 1 1
1972 05 30 0.909000 1 1
1972 05 31 0.909000 1 1
1972 06 01 0.909000 1 1
1972 06 02 0.797000 1 1
1972 06 03 0.693000 1 1
1972 06 04 0.693000 1 1
1972 06 05 0.693000 1 1
1972 06 06 0.693000 1 1
1972 06 07 0.693000 1 1
1972 06 08 0.634000 1 1
1972 06 09 0.595000 1 1
1972 06 10 0.595000 1 1
1972 06 11 0.595000 1 1
1972 06 12 0.595000 1 1
1972 06 13 0.595000 1 1
1972 06 14 0.693000 1 1
1972 06 15 0.693000 1 1
1972 06 16 0.693000 1 1
1972 06 17 0.693000 1 1
1972 06 18 0.693000 1 1
1972 06 19 0.797000 1 1
1972 06 20 0.797000 1 1
1972 06 21 0.756000 1 1
1972 06 22 0.693000 1 1
1972 06 23 0.693000 1 1
1972 06 24 0.693000 1 1
1972 06 25 0.693000 1 1
1972 06 26 0.693000 1 1
1972 06 27 0.693000 1 1
1972 06 28 0.693000 1 1
1972 06 29 0.693000 1 1
1972 06 30 0.693000 1 1
1972 07 01 0.693000 1 1
1972 07 02 0.693000 1 1
1972 07 03 0.693000 1 1
1972 07 04 0.693000 1 1
1972 07 05 0.693000 1 1
1972 07 06 0.693000 1 1
1972 07 07 0.693000 1 1
1972 07 08 0.693000 1 1
1972 07 09 0.693000 1 1
1972 07 10 0.909000 1 1
1972 07 11 0.797000 1 1
1972 07 12 0.797000 1 1
1972 07 13 0.797000 1 1
1972 07 14 0.797000 1 1
1972 07 15 0.797000 1 1
1972 07 16 0.797000 1 1
1972 07 17 0.797000 1 1
1972 07 18 0.797000 1 1
1972 07 19 0.797000 1 1
1972 07 20 0.797000 1 1
1972 07 21 0.797000 1 1
1972 07 22 0.797000 1 1
1972 07 23 0.797000 1 1
1972 07 24 0.797000 1 1
1972 07 25 0.797000 1 1
1972 07 26 0.797000 1 1
1972 07 27 0.797000 1 1
1972 07 28 0.797000 1 1
1972 07 29 0.797000 1 1
1972 07 30 0.797000 1 1
1972 07 31 0.797000 1 1
1972 08 01 0.797000 1 1
1972 08 02 0.797000 1 1
1972 08 03 0.797000 1 1
1972 08 04 0.797000 1 1
1972 08 05 0.797000 1 1
1972 08 06 0.797000 1 1
1972 08 07 0.797000 1 1
1972 08 08 0.797000 1 1
1972 08 09 0.909000 1 1
1972 08 10 0.909000 1 1
1972 08 11 0.909000 1 1
1972 08 12 0.909000 1 1
1972 08 13 0.909000 1 1
1972 08 14 0.909000 1 1
1972 08 15 0.909000 1 1
1972 08 16 0.909000 1 1
1972 08 17 0.909000 1 1
1972 08 18 0.909000 1 1
1972 08 19 0.909000 1 1
1972 08 20 0.909000 1 1
1972 08 21 0.909000 1 1
1972 08 22 0.909000 1 1
1972 08 23 0.909000 1 1
1972 08 24 0.909000 1 1
1972 08 25 0.909000 1 1
1972 08 26 0.909000 1 1
1972 08 27 0.909000 1 1
1972 08 28 0.909000 1 1
1972 08 29 0.909000 1 1
1972 08 30 0.909000 1 1
1972 08 31 0.909000 1 1
1972 09 01 0.909000 1 1
1972 09 02 0.909000 1 1
1972 09 03 0.909000 1 1
1972 09 04 0.909000 1 1
1972 09 05 0.909000 1 1
1972 09 06 0.909000 1 1
1972 09 07 0.909000 1 1
1972 09 08 0.909000 1 1
1972 09 09 0.909000 1 1
1972 09 10 0.909000 1 1
1972 09 11 0.909000 1 1
1972 09 12 0.909000 1 1
1972 09 13 0.797000 1 1
1972 09 14 0.797000 1 1
1972 09 15 0.797000 1 1
1972 09 16 0.909000 1 1
1972 09 17 0.909000 1 1
1972 09 18 0.909000 1 1
1972 09 19 0.909000 1 1
1972 09 20 0.909000 1 1
1972 09 21 0.909000 1 1
1972 09 22 0.909000 1 1
1972 09 23 0.909000 1 1
1972 09 24 0.909000 1 1
1972 09 25 0.909000 1 1
1972 09 26 0.909000 1 1
1972 09 27 0.909000 1 1
1972 09 28 0.909000 1 1
1972 09 29 0.909000 1 1
1972 09 30 0.909000 1 1
1972 10 01 0.909000 1 1
1972 10 02 0.909000 1 1
1972 10 03 0.909000 1 1
1972 10 04 0.909000 1 1
1972 10 05 0.909000 1 1
1972 10 06 0.909000 1 1
1972 10 07 0.909000 1 1
1972 10 08 0.909000 1 1
1972 10 09 0.909000 1 1
1972 10 10 0.909000 1 1
1972 10 11 0.909000 1 1
1972 10 12 0.909000 1 1
1972 10 13 0.909000 1 1
1972 10 14 0.797000 1 1
1972 10 15 0.797000 1 1
1972 10 16 0.693000 1 1
1972 10 17 0.797000 1 1
1972 10 18 0.909000 1 1
1972 10 19 0.909000 1 1
1972 10 20 0.909000 1 1
1972 10 21 0.909000 1 1
1972 10 22 0.909000 1 1
1972 10 23 0.909000 1 1
1972 10 24 0.909000 1 1
1972 10 25 0.909000 1 1
1972 10 26 0.909000 1 1
1972 10 27 0.909000 1 1
1972 10 28 0.909000 1 1
1972 10 29 1.030000 1 1
1972 10 30 1.160000 1 1
1972 10 31 1.160000 1 1
1972 11 01 1.030000 1 1
1972 11 02 1.030000 1 1
1972 11 03 1.030000 1 1
1972 11 04 1.030000 1 1
1972 11 05 1.030000 1 1
1972 11 06 1.030000 1 1
1972 11 07 1.030000 1 1
1972 11 08 1.030000 1 1
1972 11 09 1.030000 1 1
1972 11 10 1.030000 1 1
1972 11 11 1.030000 1 1
1972 11 12 1.030000 1 1
1972 11 13 1.030000 1 1
1972 11 14 1.030000 1 1
1972 11 15 1.030000 1 1
1972 11 16 1.030000 1 1
1972 11 17 1.030000 1 1
1972 11 18 1.030000 1 1
1972 11 19 1.030000 1 1
1972 11 20 1.030000 1 1
1972 11 21 1.110000 1 1
1972 11 22 1.160000 1 1
1972 11 23 1.110000 1 1
1972 11 24 1.160000 1 1
1972 11 25 1.160000 1 1
1972 11 26 1.160000 1 1
1972 11 27 1.030000 1 1
1972 11 28 1.160000 1 1
1972 11 29 1.160000 1 1
1972 11 30 1.160000 1 1
1972 12 01 1.160000 1 1
1972 12 02 1.160000 1 1
1972 12 03 1.160000 1 1
1972 12 04 1.160000 1 1
1972 12 05 1.160000 1 1
1972 12 06 1.160000 1 1
1972 12 07 1.160000 1 1
1972 12 08 1.160000 1 1
1972 12 09 1.160000 1 1
1972 12 10 1.160000 1 1
1972 12 11 1.160000 1 1
1972 12 12 1.160000 1 1
1972 12 13 1.160000 1 1
1972 12 14 1.160000 1 1
1972 12 15 1.160000 1 1
1972 12 16 1.160000 1 1
1972 12 17 1.160000 1 1
1972 12 18 1.160000 1 1
1972 12 19 1.160000 1 1
1972 12 20 1.160000 1 1
1972 12 21 1.160000 1 1
1972 12 22 1.160000 1 1
1972 12 23 1.160000 1 1
1972 12 24 1.160000 1 1
1972 12 25 1.030000 1 1
1972 12 26 1.160000 1 1
1972 12 27 1.160000 1 1
1972 12 28 1.160000 1 1
1972 12 29 1.160000 1 1
1972 12 30 1.160000 1 1
1972 12 31 1.160000 1 1
1973 01 01 1.540000 1 1
1973 01 02 1.540000 1 1
1973 01 03 1.540000 1 1
1973 01 04 1.320000 1 1
1973 01 05 1.320000 1 1
1973 01 06 1.540000 1 1
1973 01 07 1.540000 1 1
1973 01 08 1.540000 1 1
1973 01 09 1.540000 1 1
1973 01 10 1.540000 1 1
1973 01 11 1.540000 1 1
1973 01 12 1.540000 1 1
1973 01 13 4.540000 1 1
1973 01 14 1.540000 1 1
1973 01 15 1.100000 1 1
1973 01 16 1.000000 1 1
1973 01 17 2.420000 1 1
1973 01 18 1.980000 1 1
1973 01 19 1.760000 1 1
1973 01 20 1.320000 1 1
1973 01 21 1.540000 1 1
1973 01 22 2.420000 1 1
1973 01 23 1.320000 1 1
1973 01 24 1.100000 1 1
1973 01 25 3.610000 1 1
1973 01 26 1.760000 1 1
1973 01 27 1.320000 1 1
1973 01 28 1.320000 1 1
1973 01 29 1.320000 1 1
1973 01 30 1.100000 1 1
1973 01 31 1.000000 1 1
1973 02 01 1.000000 1 1
1973 02 02 1.000000 1 1
1973 02 03 1.000000 1 1
1973 02 04 1.000000 1 1
1973 02 05 1.100000 1 1
1973 02 06 1.100000 1 1
1973 02 07 1.100000 1 1
1973 02 08 1.100000 1 1
1973 02 09 1.320000 1 1
1973 02 10 2.200000 1 1
1973 02 11 3.610000 1 1
1973 02 12 1.320000 1 1
1973 02 13 1.980000 1 1
1973 02 14 4.540000 1 1
1973 02 15 0.900000 1 1
1973 02 16 0.900000 1 1
1973 02 17 0.900000 1 1
1973 02 18 0.700000 1 1
1973 02 19 0.600000 1 1
1973 02 20 0.600000 1 1
1973 02 21 0.500000 1 1
1973 02 22 0.500000 1 1
1973 02 23 0.500000 1 1
1973 02 24 0.500000 1 1
1973 02 25 0.500000 1 1
1973 02 26 6.760000 1 1
1973 02 27 1.540000 1 1
1973 02 28 0.800000 1 1
1973 03 01 0.500000 1 1
1973 03 02 0.500000 1 1
1973 03 03 0.500000 1 1
1973 03 04 1.980000 1 1
1973 03 05 1.760000 1 1
1973 03 06 1.320000 1 1
1973 03 07 1.320000 1 1
1973 03 08 1.980000 1 1
1973 03 09 1.980000 1 1
1973 03 10 1.540000 1 1
1973 03 11 3.920000 1 1
1973 03 12 0.900000 1 1
1973 03 13 0.900000 1 1
1973 03 14 7.840000 1 1
1973 03 15 19.300000 1 1
1973 03 16 35.500000 1 1
1973 03 17 50.000000 1 1
1973 03 18 31.500000 1 1
1973 03 19 24.700000 1 1
1973 03 20 18.900000 1 1
1973 03 21 14.800000 1 1
1973 03 22 11.200000 1 1
1973 03 23 26.500000 1 1
1973 03 24 69.500000 1 1
1973 03 25 55.000000 1 1
1973 03 26 36.900000 1 1
1973 03 27 40.200000 1 1
1973 03 28 52.500000 1 1
1973 03 29 66.500000 1 1
1973 03 30 52.500000 1 1
1973 03 31 45.500000 1 1
1973 04 01 31.900000 1 1
1973 04 02 25.200000 1 1
1973 04 03 26.100000 1 1
1973 04 04 24.300000 1 1
1973 04 05 81.500000 1 1
1973 04 06 66.500000 1 1
1973 04 07 47.500000 1 1
1973 04 08 42.600000 1 1
1973 04 09 82.600000 1 1
1973 04 10 155.000000 1 1
1973 04 11 140.000000 1 1
1973 04 12 179.000000 1 1
1973 04 13 167.000000 1 1
1973 04 14 128.000000 1 1
1973 04 15 142.000000 1 1
1973 04 16 139.000000 1 1
1973 04 17 133.000000 1 1
1973 04 18 124.000000 1 1
1973 04 19 119.000000 1 1
1973 04 20 122.000000 1 1
1973 04 21 75.000000 1 1
1973 04 22 61.000000 1 1
1973 04 23 57.500000 1 1
1973 04 24 51.000000 1 1
1973 04 25 48.500000 1 1
1973 04 26 46.500000 1 1
1973 04 27 95.600000 1 1
1973 04 28 131.000000 1 1
1973 04 29 95.000000 1 1
1973 04 30 79.300000 1 1
1973 05 01 87.000000 1 1
1973 05 02 66.500000 1 1
1973 05 03 70.500000 1 1
1973 05 04 59.000000 1 1
1973 05 05 48.000000 1 1
1973 05 06 37.400000 1 1
1973 05 07 29.700000 1 1
1973 05 08 20.200000 1 1
1973 05 09 17.600000 1 1
1973 05 10 31.000000 1 1
1973 05 11 42.100000 1 1
1973 05 12 36.900000 1 1
1973 05 13 29.200000 1 1
1973 05 14 22.900000 1 1
1973 05 15 20.200000 1 1
1973 05 16 16.800000 1 1
1973 05 17 14.400000 1 1
1973 05 18 13.200000 1 1
1973 05 19 13.200000 1 1
1973 05 20 11.600000 1 1
1973 05 21 11.200000 1 1
1973 05 22 10.400000 1 1
1973 05 23 9.280000 1 1
1973 05 24 10.800000 1 1
1973 05 25 9.280000 1 1
1973 05 26 8.560000 1 1
1973 05 27 12.400000 1 1
1973 05 28 17.200000 1 1
1973 05 29 18.000000 1 1
1973 05 30 13.200000 1 1
1973 05 31 14.800000 1 1
1973 06 01 13.200000 1 1
1973 06 02 12.000000 1 1
1973 06 03 11.200000 1 1
1973 06 04 10.000000 1 1
1973 06 05 10.800000 1 1
1973 06 06 10.800000 1 1
1973 06 07 10.000000 1 1
1973 06 08 9.640000 1 1
1973 06 09 9.280000 1 1
1973 06 10 8.560000 1 1
1973 06 11 7.840000 1 1
1973 06 12 7.480000 1 1
1973 06 13 6.760000 1 1
1973 06 14 7.840000 1 1
1973 06 15 5.780000 1 1
1973 06 16 12.400000 1 1
1973 06 17 14.000000 1 1
1973 06 18 12.000000 1 1
1973 06 19 11.600000 1 1
1973 06 20 11.600000 1 1
1973 06 21 9.280000 1 1
1973 06 22 9.280000 1 1
1973 06 23 8.560000 1 1
1973 06 24 7.840000 1 1
1973 06 25 7.120000 1 1
1973 06 26 8.560000 1 1
1973 06 27 7.480000 1 1
1973 06 28 7.120000 1 1
1973 06 29 6.090000 1 1
1973 06 30 5.780000 1 1
1973 07 01 5.160000 1 1
1973 07 02 5.160000 1 1
1973 07 03 5.160000 1 1
1973 07 04 4.850000 1 1
1973 07 05 4.230000 1 1
1973 07 06 3.920000 1 1
1973 07 07 3.610000 1 1
1973 07 08 3.300000 1 1
1973 07 09 3.300000 1 1
1973 07 10 3.300000 1 1
1973 07 11 2.200000 1 1
1973 07 12 2.860000 1 1
1973 07 13 2.640000 1 1
1973 07 14 2.420000 1 1
1973 07 15 2.200000 1 1
1973 07 16 2.200000 1 1
1973 07 17 2.200000 1 1
1973 07 18 1.980000 1 1
1973 07 19 1.980000 1 1
1973 07 20 1.760000 1 1
1973 07 21 1.760000 1 1
1973 07 22 4.230000 1 1
1973 07 23 3.300000 1 1
1973 07 24 3.080000 1 1
1973 07 25 2.640000 1 1
1973 07 26 2.420000 1 1
1973 07 27 2.640000 1 1
1973 07 28 2.420000 1 1
1973 07 29 2.420000 1 1
1973 07 30 4.230000 1 1
1973 07 31 4.540000 1 1
1973 08 01 4.230000 1 1
1973 08 02 3.610000 1 1
1973 08 03 3.080000 1 1
1973 08 04 2.640000 1 1
1973 08 05 2.200000 1 1
1973 08 06 1.980000 1 1
1973 08 07 1.980000 1 1
1973 08 08 1.980000 1 1
1973 08 09 1.540000 1 1
1973 08 10 1.320000 1 1
1973 08 11 1.100000 1 1
1973 08 12 1.000000 1 1
1973 08 13 0.900000 1 1
1973 08 14 0.800000 1 1
1973 08 15 0.700000 1 1
1973 08 16 0.700000 1 1
1973 08 17 0.700000 1 1
1973 08 18 1.100000 1 1
1973 08 19 0.500000 1 1
1973 08 20 0.500000 1 1
1973 08 21 0.500000 1 1
1973 08 22 0.400000 1 1
1973 08 23 0.400000 1 1
1973 08 24 0.400000 1 1
1973 08 25 0.400000 1 1
1973 08 26 0.500000 1 1
1973 08 27 0.500000 1 1
1973 08 28 0.500000 1 1
1973 08 29 0.500000 1 1
1973 08 30 0.500000 1 1
1973 08 31 0.500000 1 1
1973 09 01 0.500000 1 1
1973 09 02 0.500000 1 1
1973 09 03 0.500000 1 1
1973 09 04 0.500000 1 1
1973 09 05 0.500000 1 1
1973 09 06 0.500000 1 1
1973 09 07 0.500000 1 1
1973 09 08 0.500000 1 1
1973 09 09 0.500000 1 1
1973 09 10 0.600000 1 1
1973 09 11 0.600000 1 1
1973 09 12 0.600000 1 1
1973 09 13 0.500000 1 1
1973 09 14 0.500000 1 1
1973 09 15 0.500000 1 1
1973 09 16 0.500000 1 1
1973 09 17 0.500000 1 1
1973 09 18 0.500000 1 1
1973 09 19 0.500000 1 1
1973 09 20 0.600000 1 1
1973 09 21 0.600000 1 1
1973 09 22 0.600000 1 1
1973 09 23 0.600000 1 1
1973 09 24 0.600000 1 1
1973 09 25 0.600000 1 1
1973 09 26 0.600000 1 1
1973 09 27 0.600000 1 1
1973 09 28 0.600000 1 1
1973 09 29 0.600000 1 1
1973 09 30 0.600000 1 1
1973 10 01 0.600000 1 1
1973 10 02 0.600000 1 1
1973 10 03 0.600000 1 1
1973 10 04 0.600000 1 1
1973 10 05 0.600000 1 1
1973 10 06 0.600000 1 1
1973 10 07 0.600000 1 1
1973 10 08 0.600000 1 1
1973 10 09 0.600000 1 1
1973 10 10 0.600000 1 1
1973 10 11 0.600000 1 1
1973 10 12 0.600000 1 1
1973 10 13 0.600000 1 1
1973 10 14 0.600000 1 1
1973 10 15 0.600000 1 1
1973 10 16 0.600000 1 1
1973 10 17 0.600000 1 1
1973 10 18 0.600000 1 1
1973 10 19 0.600000 1 1
1973 10 20 0.600000 1 1
1973 10 21 0.600000 1 1
1973 10 22 0.600000 1 1
1973 10 23 0.700000 1 1
1973 10 24 0.700000 1 1
1973 10 25 0.700000 1 1
1973 10 26 0.700000 1 1
1973 10 27 0.700000 1 1
1973 10 28 0.700000 1 1
1973 10 29 0.700000 1 1
1973 10 30 0.700000 1 1
1973 10 31 0.700000 1 1
1973 11 01 0.700000 1 1
1973 11 02 0.700000 1 1
1973 11 03 0.700000 1 1
1973 11 04 0.700000 1 1
1973 11 05 0.700000 1 1
1973 11 06 0.700000 1 1
1973 11 07 0.700000 1 1
1973 11 08 0.700000 1 1
1973 11 09 0.700000 1 1
1973 11 10 0.700000 1 1
1973 11 11 0.700000 1 1
1973 11 12 0.700000 1 1
1973 11 13 0.700000 1 1
1973 11 14 0.700000 1 1
1973 11 15 0.700000 1 1
1973 11 16 0.700000 1 1
1973 11 17 0.700000 1 1
1973 11 18 0.700000 1 1
1973 11 19 0.700000 1 1
1973 11 20 0.700000 1 1
1973 11 21 0.700000 1 1
1973 11 22 0.700000 1 1
1973 11 23 0.700000 1 1
1973 11 24 0.700000 1 1
1973 11 25 0.700000 1 1
1973 11 26 0.700000 1 1
1973 11 27 0.700000 1 1
1973 11 28 0.700000 1 1
1973 11 29 0.700000 1 1
1973 11 30 0.700000 1 1
1973 12 01 0.700000 1 1
1973 12 02 0.700000 1 1
1973 12 03 0.700000 1 1
1973 12 04 0.700000 1 1
1973 12 05 0.700000 1 1
1973 12 06 0.700000 1 1
1973 12 07 0.700000 1 1
1973 12 08 0.700000 1 1
1973 12 09 0.700000 1 1
1973 12 10 0.700000 1 1
1973 12 11 0.700000 1 1
1973 12 12 0.700000 1 1
1973 12 13 0.700000 1 1
1973 12 14 0.700000 1 1
1973 12 15 0.700000 1 1
1973 12 16 0.800000 1 1
1973 12 17 0.800000 1 1
1973 12 18 0.800000 1 1
1973 12 19 0.800000 1 1
1973 12 20 0.800000 1 1
1973 12 21 0.800000 1 1
1973 12 22 0.800000 1 1
1973 12 23 0.800000 1 1
1973 12 24 0.800000 1 1
1973 12 25 0.700000 1 1
1973 12 26 0.700000 1 1
1973 12 27 0.700000 1 1
1973 12 28 0.700000 1 1
1973 12 29 0.700000 1 1
1973 12 30 0.700000 1 1
1973 12 31 0.700000 1 1
1974 01 01 0.700000 1 1
1974 01 02 0.700000 1 1
1974 01 03 0.700000 1 1
1974 01 04 0.800000 1 1
1974 01 05 0.800000 1 1
1974 01 06 0.800000 1 1
1974 01 07 0.800000 1 1
1974 01 08 0.800000 1 1
1974 01 09 0.800000 1 1
1974 01 10 0.800000 1 1
1974 01 11 0.800000 1 1
1974 01 12 0.800000 1 1
1974 01 13 0.800000 1 1
1974 01 14 0.900000 1 1
1974 01 15 2.200000 1 1
1974 01 16 1.320000 1 1
1974 01 17 1.000000 1 1
1974 01 18 47.000000 1 1
1974 01 19 3.300000 1 1
1974 01 20 1.000000 1 1
1974 01 21 1.000000 1 1
1974 01 22 1.000000 1 1
1974 01 23 1.000000 1 1
1974 01 24 0.900000 1 1
1974 01 25 0.900000 1 1
1974 01 26 0.900000 1 1
1974 01 27 0.900000 1 1
1974 01 28 1.000000 1 1
1974 01 29 1.000000 1 1
1974 01 30 2.860000 1 1
1974 01 31 1.100000 1 1
1974 02 01 1.540000 1 1
1974 02 02 7.120000 1 1
1974 02 03 5.780000 1 1
1974 02 04 5.470000 1 1
1974 02 05 7.840000 1 1
1974 02 06 2.200000 1 1
1974 02 07 1.100000 1 1
1974 02 08 10.000000 1 1
1974 02 09 9.640000 1 1
1974 02 10 9.280000 1 1
1974 02 11 8.560000 1 1
1974 02 12 14.000000 1 1
1974 02 13 14.000000 1 1
1974 02 14 20.200000 1 1
1974 02 15 18.400000 1 1
1974 02 16 14.000000 1 1
1974 02 17 10.400000 1 1
1974 02 18 8.920000 1 1
1974 02 19 14.800000 1 1
1974 02 20 14.400000 1 1
1974 02 21 13.600000 1 1
1974 02 22 14.400000 1 1
1974 02 23 12.800000 1 1
1974 02 24 12.400000 1 1
1974 02 25 14.400000 1 1
1974 02 26 21.600000 1 1
1974 02 27 45.500000 1 1
1974 02 28 41.700000 1 1
1974 03 01 24.300000 1 1
1974 03 02 22.900000 1 1
1974 03 03 22.000000 1 1
1974 03 04 22.900000 1 1
1974 03 05 19.800000 1 1
1974 03 06 18.000000 1 1
1974 03 07 14.000000 1 1
1974 03 08 11.600000 1 1
1974 03 09 11.600000 1 1
1974 03 10 11.600000 1 1
1974 03 11 16.400000 1 1
1974 03 12 22.000000 1 1
1974 03 13 25.200000 1 1
1974 03 14 36.000000 1 1
1974 03 15 60.000000 1 1
1974 03 16 68.000000 1 1
1974 03 17 61.500000 1 1
1974 03 18 46.000000 1 1
1974 03 19 30.100000 1 1
1974 03 20 34.600000 1 1
1974 03 21 52.500000 1 1
1974 03 22 67.500000 1 1
1974 03 23 70.000000 1 1
1974 03 24 71.000000 1 1
1974 03 25 84.800000 1 1
1974 03 26 121.000000 1 1
1974 03 27 148.000000 1 1
1974 03 28 111.000000 1 1
1974 03 29 78.200000 1 1
1974 03 30 60.000000 1 1
1974 03 31 45.000000 1 1
1974 04 01 33.700000 1 1
1974 04 02 28.800000 1 1
1974 04 03 63.500000 1 1
1974 04 04 89.800000 1 1
1974 04 05 75.000000 1 1
1974 04 06 61.500000 1 1
1974 04 07 87.600000 1 1
1974 04 08 95.000000 1 1
1974 04 09 193.000000 1 1
1974 04 10 249.000000 1 1
1974 04 11 300.000000 1 1
1974 04 12 213.000000 1 1
1974 04 13 147.000000 1 1
1974 04 14 137.000000 1 1
1974 04 15 291.000000 1 1
1974 04 16 393.000000 1 1
1974 04 17 377.000000 1 1
1974 04 18 358.000000 1 1
1974 04 19 233.000000 1 1
1974 04 20 167.000000 1 1
1974 04 21 106.000000 1 1
1974 04 22 124.000000 1 1
1974 04 23 130.000000 1 1
1974 04 24 102.000000 1 1
1974 04 25 101.000000 1 1
1974 04 26 134.000000 1 1
1974 04 27 152.000000 1 1
1974 04 28 113.000000 1 1
1974 04 29 112.000000 1 1
1974 04 30 196.000000 1 1
1974 05 01 258.000000 1 1
1974 05 02 263.000000 1 1
1974 05 03 189.000000 1 1
1974 05 04 165.000000 1 1
1974 05 05 118.000000 1 1
1974 05 06 82.100000 1 1
1974 05 07 69.000000 1 1
1974 05 08 71.000000 1 1
1974 05 09 64.000000 1 1
1974 05 10 70.500000 1 1
1974 05 11 73.000000 1 1
1974 05 12 72.500000 1 1
1974 05 13 86.500000 1 1
1974 05 14 88.700000 1 1
1974 05 15 134.000000 1 1
1974 05 16 102.000000 1 1
1974 05 17 96.200000 1 1
1974 05 18 82.600000 1 1
1974 05 19 77.100000 1 1
1974 05 20 75.500000 1 1
1974 05 21 88.700000 1 1
1974 05 22 65.000000 1 1
1974 05 23 99.200000 1 1
1974 05 24 88.100000 1 1
1974 05 25 178.000000 1 1
1974 05 26 218.000000 1 1
1974 05 27 135.000000 1 1
1974 05 28 91.400000 1 1
1974 05 29 79.900000 1 1
1974 05 30 140.000000 1 1
1974 05 31 157.000000 1 1
1974 06 01 103.000000 1 1
1974 06 02 83.200000 1 1
1974 06 03 76.000000 1 1
1974 06 04 60.500000 1 1
1974 06 05 72.500000 1 1
1974 06 06 53.000000 1 1
1974 06 07 51.000000 1 1
1974 06 08 44.500000 1 1
1974 06 09 37.900000 1 1
1974 06 10 32.400000 1 1
1974 06 11 29.200000 1 1
1974 06 12 26.500000 1 1
1974 06 13 23.400000 1 1
1974 06 14 22.500000 1 1
1974 06 15 20.200000 1 1
1974 06 16 18.000000 1 1
1974 06 17 17.200000 1 1
1974 06 18 16.800000 1 1
1974 06 19 16.800000 1 1
1974 06 20 16.400000 1 1
1974 06 21 16.400000 1 1
1974 06 22 16.000000 1 1
1974 06 23 15.600000 1 1
1974 06 24 15.200000 1 1
1974 06 25 14.000000 1 1
1974 06 26 13.200000 1 1
1974 06 27 12.800000 1 1
1974 06 28 11.600000 1 1
1974 06 29 15.200000 1 1
1974 06 30 14.800000 1 1
1974 07 01 13.600000 1 1
1974 07 02 12.000000 1 1
1974 07 03 10.800000 1 1
1974 07 04 8.920000 1 1
1974 07 05 8.200000 1 1
1974 07 06 8.200000 1 1
1974 07 07 8.200000 1 1
1974 07 08 7.840000 1 1
1974 07 09 7.840000 1 1
1974 07 10 7.480000 1 1
1974 07 11 7.120000 1 1
1974 07 12 6.760000 1 1
1974 07 13 6.400000 1 1
1974 07 14 6.400000 1 1
1974 07 15 4.230000 1 1
1974 07 16 4.230000 1 1
1974 07 17 3.920000 1 1
1974 07 18 3.610000 1 1
1974 07 19 3.920000 1 1
1974 07 20 3.610000 1 1
1974 07 21 3.610000 1 1
1974 07 22 3.610000 1 1
1974 07 23 3.610000 1 1
1974 07 24 3.610000 1 1
1974 07 25 3.610000 1 1
1974 07 26 3.610000 1 1
1974 07 27 3.610000 1 1
1974 07 28 3.300000 1 1
1974 07 29 3.080000 1 1
1974 07 30 3.080000 1 1
1974 07 31 3.080000 1 1
1974 08 01 3.080000 1 1
1974 08 02 3.080000 1 1
1974 08 03 2.860000 1 1
1974 08 04 2.860000 1 1
1974 08 05 2.420000 1 1
1974 08 06 2.200000 1 1
1974 08 07 1.320000 1 1
1974 08 08 0.700000 1 1
1974 08 09 0.700000 1 1
1974 08 10 0.600000 1 1
1974 08 11 0.600000 1 1
1974 08 12 0.600000 1 1
1974 08 13 0.600000 1 1
1974 08 14 0.600000 1 1
1974 08 15 0.600000 1 1
1974 08 16 0.600000 1 1
1974 08 17 0.600000 1 1
1974 08 18 0.600000 1 1
1974 08 19 0.600000 1 1
1974 08 20 0.600000 1 1
1974 08 21 0.600000 1 1
1974 08 22 0.500000 1 1
1974 08 23 0.500000 1 1
1974 08 24 0.500000 1 1
1974 08 25 0.500000 1 1
1974 08 26 0.500000 1 1
1974 08 27 0.500000 1 1
1974 08 28 0.500000 1 1
1974 08 29 0.500000 1 1
1974 08 30 0.500000 1 1
1974 08 31 0.500000 1 1
1974 09 01 0.600000 1 1
1974 09 02 0.600000 1 1
1974 09 03 0.600000 1 1
1974 09 04 0.600000 1 1
1974 09 05 0.600000 1 1
1974 09 06 0.600000 1 1
1974 09 07 0.600000 1 1
1974 09 08 0.600000 1 1
1974 09 09 0.500000 1 1
1974 09 10 0.500000 1 1
1974 09 11 0.500000 1 1
1974 09 12 0.500000 1 1
1974 09 13 0.500000 1 1
1974 09 14 0.500000 1 1
1974 09 15 0.600000 1 1
1974 09 16 0.600000 1 1
1974 09 17 0.600000 1 1
1974 09 18 0.600000 1 1
1974 09 19 0.600000 1 1
1974 09 20 0.600000 1 1
1974 09 21 0.700000 1 1
1974 09 22 0.700000 1 1
1974 09 23 0.700000 1 1
1974 09 24 0.700000 1 1
1974 09 25 0.600000 1 1
1974 09 26 0.800000 1 1
1974 09 27 0.800000 1 1
1974 09 28 0.800000 1 1
1974 09 29 0.800000 1 1
1974 09 30 0.800000 1 1
1974 10 01 0.800000 1 1
1974 10 02 0.800000 1 1
1974 10 03 0.700000 1 1
1974 10 04 0.600000 1 1
1974 10 05 0.600000 1 1
1974 10 06 0.600000 1 1
1974 10 07 0.600000 1 1
1974 10 08 0.600000 1 1
1974 10 09 0.600000 1 1
1974 10 10 0.600000 1 1
1974 10 11 0.600000 1 1
1974 10 12 0.600000 1 1
1974 10 13 0.600000 1 1
1974 10 14 0.600000 1 1
1974 10 15 0.600000 1 1
1974 10 16 0.600000 1 1
1974 10 17 0.600000 1 1
1974 10 18 0.600000 1 1
1974 10 19 0.600000 1 1
1974 10 20 0.600000 1 1
1974 10 21 0.600000 1 1
1974 10 22 0.600000 1 1
1974 10 23 0.600000 1 1
1974 10 24 0.600000 1 1
1974 10 25 0.600000 1 1
1974 10 26 0.600000 1 1
1974 10 27 0.600000 1 1
1974 10 28 0.600000 1 1
1974 10 29 0.600000 1 1
1974 10 30 0.600000 1 1
1974 10 31 0.600000 1 1
1974 11 01 0.600000 1 1
1974 11 02 0.600000 1 1
1974 11 03 0.600000 1 1
1974 11 04 0.600000 1 1
1974 11 05 0.600000 1 1
1974 11 06 0.600000 1 1
1974 11 07 0.600000 1 1
1974 11 08 0.600000 1 1
1974 11 09 0.600000 1 1
1974 11 10 0.600000 1 1
1974 11 11 0.600000 1 1
1974 11 12 0.600000 1 1
1974 11 13 0.600000 1 1
1974 11 14 0.600000 1 1
1974 11 15 0.600000 1 1
1974 11 16 0.600000 1 1
1974 11 17 0.600000 1 1
1974 11 18 0.600000 1 1
1974 11 19 0.600000 1 1
1974 11 20 0.600000 1 1
1974 11 21 0.600000 1 1
1974 11 22 0.600000 1 1
1974 11 23 0.600000 1 1
1974 11 24 0.600000 1 1
1974 11 25 0.700000 1 1
1974 11 26 0.700000 1 1
1974 11 27 0.700000 1 1
1974 11 28 0.700000 1 1
1974 11 29 0.700000 1 1
1974 11 30 0.700000 1 1
1974 12 01 0.700000 1 1
1974 12 02 0.700000 1 1
1974 12 03 0.700000 1 1
1974 12 04 0.700000 1 1
1974 12 05 0.600000 1 1
1974 12 06 0.600000 1 1
1974 12 07 0.600000 1 1
1974 12 08 0.600000 1 1
1974 12 09 0.600000 1 1
1974 12 10 0.600000 1 1
1974 12 11 0.600000 1 1
1974 12 12 0.700000 1 1
1974 12 13 0.700000 1 1
1974 12 14 0.700000 1 1
1974 12 15 0.700000 1 1
1974 12 16 0.700000 1 1
1974 12 17 0.600000 1 1
1974 12 18 0.700000 1 1
1974 12 19 0.700000 1 1
1974 12 20 0.700000 1 1
1974 12 21 0.700000 1 1
1974 12 22 0.700000 1 1
1974 12 23 0.700000 1 1
1974 12 24 0.700000 1 1
1974 12 25 0.600000 1 1
1974 12 26 0.600000 1 1
1974 12 27 0.600000 1 1
1974 12 28 0.700000 1 1
1974 12 29 0.700000 1 1
1974 12 30 0.700000 1 1
1974 12 31 0.700000 1 1
1975 01 01 0.700000 1 1
1975 01 02 0.700000 1 1
1975 01 03 0.700000 1 1
1975 01 04 0.700000 1 1
1975 01 05 0.700000 1 1
1975 01 06 0.700000 1 1
1975 01 07 0.700000 1 1
1975 01 08 0.700000 1 1
1975 01 09 0.600000 1 1
1975 01 10 0.600000 1 1
1975 01 11 0.600000 1 1
1975 01 12 0.600000 1 1
1975 01 13 0.600000 1 1
1975 01 14 0.600000 1 1
1975 01 15 0.600000 1 1
1975 01 16 0.600000 1 1
1975 01 17 0.600000 1 1
1975 01 18 0.600000 1 1
1975 01 19 0.600000 1 1
1975 01 20 0.600000 1 1
1975 01 21 0.600000 1 1
1975 01 22 0.600000 1 1
1975 01 23 0.600000 1 1
1975 01 24 2.640000 1 1
1975 01 25 0.800000 1 1
1975 01 26 0.600000 1 1
1975 01 27 0.600000 1 1
1975 01 28 0.600000 1 1
1975 01 29 0.600000 1 1
1975 01 30 0.600000 1 1
1975 01 31 0.600000 1 1
1975 02 01 0.600000 1 1
1975 02 02 0.600000 1 1
1975 02 03 0.600000 1 1
1975 02 04 0.700000 1 1
1975 02 05 0.600000 1 1
1975 02 06 0.600000 1 1
1975 02 07 0.600000 1 1
1975 02 08 0.600000 1 1
1975 02 09 0.600000 1 1
1975 02 10 0.600000 1 1
1975 02 11 23.400000 1 1
1975 02 12 24.300000 1 1
1975 02 13 22.500000 1 1
1975 02 14 50.500000 1 1
1975 02 15 49.500000 1 1
1975 02 16 33.300000 1 1
1975 02 17 27.000000 1 1
1975 02 18 25.200000 1 1
1975 02 19 22.000000 1 1
1975 02 20 20.200000 1 1
1975 02 21 18.000000 1 1
1975 02 22 16.800000 1 1
1975 02 23 16.800000 1 1
1975 02 24 15.200000 1 1
1975 02 25 13.600000 1 1
1975 02 26 11.200000 1 1
1975 02 27 23.800000 1 1
1975 02 28 15.200000 1 1
1975 03 01 16.800000 1 1
1975 03 02 19.300000 1 1
1975 03 03 23.400000 1 1
1975 03 04 31.500000 1 1
1975 03 05 76.600000 1 1
1975 03 06 51.500000 1 1
1975 03 07 66.000000 1 1
1975 03 08 70.000000 1 1
1975 03 09 69.000000 1 1
1975 03 10 63.000000 1 1
1975 03 11 55.000000 1 1
1975 03 12 80.400000 1 1
1975 03 13 63.000000 1 1
1975 03 14 38.800000 1 1
1975 03 15 34.600000 1 1
1975 03 16 36.000000 1 1
1975 03 17 25.600000 1 1
1975 03 18 31.900000 1 1
1975 03 19 28.800000 1 1
1975 03 20 27.900000 1 1
1975 03 21 30.100000 1 1
1975 03 22 28.800000 1 1
1975 03 23 31.000000 1 1
1975 03 24 29.700000 1 1
1975 03 25 27.000000 1 1
1975 03 26 28.800000 1 1
1975 03 27 27.400000 1 1
1975 03 28 19.800000 1 1
1975 03 29 18.400000 1 1
1975 03 30 13.200000 1 1
1975 03 31 11.200000 1 1
1975 04 01 10.400000 1 1
1975 04 02 8.200000 1 1
1975 04 03 7.480000 1 1
1975 04 04 7.120000 1 1
1975 04 05 6.090000 1 1
1975 04 06 6.400000 1 1
1975 04 07 6.400000 1 1
1975 04 08 6.090000 1 1
1975 04 09 5.470000 1 1
1975 04 10 5.470000 1 1
1975 04 11 5.160000 1 1
1975 04 12 5.160000 1 1
1975 04 13 4.850000 1 1
1975 04 14 5.470000 1 1
1975 04 15 8.200000 1 1
1975 04 16 18.000000 1 1
1975 04 17 21.600000 1 1
1975 04 18 20.700000 1 1
1975 04 19 22.000000 1 1
1975 04 20 19.800000 1 1
1975 04 21 18.000000 1 1
1975 04 22 17.200000 1 1
1975 04 23 17.200000 1 1
1975 04 24 14.800000 1 1
1975 04 25 14.800000 1 1
1975 04 26 36.900000 1 1
1975 04 27 21.600000 1 1
1975 04 28 27.400000 1 1
1975 04 29 25.600000 1 1
1975 04 30 21.600000 1 1
1975 05 01 21.100000 1 1
1975 05 02 24.300000 1 1
1975 05 03 21.600000 1 1
1975 05 04 28.800000 1 1
1975 05 05 36.000000 1 1
1975 05 06 140.000000 1 1
1975 05 07 86.500000 1 1
1975 05 08 66.000000 1 1
1975 05 09 37.900000 1 1
1975 05 10 49.500000 1 1
1975 05 11 50.500000 1 1
1975 05 12 37.400000 1 1
1975 05 13 26.500000 1 1
1975 05 14 22.900000 1 1
1975 05 15 20.700000 1 1
1975 05 16 22.500000 1 1
1975 05 17 23.800000 1 1
1975 05 18 23.400000 1 1
1975 05 19 21.100000 1 1
1975 05 20 68.000000 1 1
1975 05 21 85.400000 1 1
1975 05 22 70.500000 1 1
1975 05 23 63.500000 1 1
1975 05 24 58.500000 1 1
1975 05 25 38.300000 1 1
1975 05 26 21.100000 1 1
1975 05 27 16.800000 1 1
1975 05 28 13.600000 1 1
1975 05 29 12.400000 1 1
1975 05 30 11.600000 1 1
1975 05 31 14.800000 1 1
1975 06 01 13.600000 1 1
1975 06 02 14.800000 1 1
1975 06 03 12.800000 1 1
1975 06 04 11.600000 1 1
1975 06 05 10.800000 1 1
1975 06 06 10.000000 1 1
1975 06 07 9.640000 1 1
1975 06 08 9.280000 1 1
1975 06 09 8.560000 1 1
1975 06 10 7.840000 1 1
1975 06 11 7.480000 1 1
1975 06 12 6.400000 1 1
1975 06 13 5.780000 1 1
1975 06 14 5.780000 1 1
1975 06 15 5.780000 1 1
1975 06 16 5.780000 1 1
1975 06 17 7.840000 1 1
1975 06 18 8.200000 1 1
1975 06 19 7.840000 1 1
1975 06 20 6.400000 1 1
1975 06 21 5.780000 1 1
1975 06 22 5.780000 1 1
1975 06 23 5.780000 1 1
1975 06 24 5.780000 1 1
1975 06 25 5.470000 1 1
1975 06 26 5.470000 1 1
1975 06 27 5.470000 1 1
1975 06 28 5.160000 1 1
1975 06 29 4.850000 1 1
1975 06 30 4.850000 1 1
1975 07 01 5.470000 1 1
1975 07 02 5.160000 1 1
1975 07 03 4.850000 1 1
1975 07 04 4.540000 1 1
1975 07 05 4.540000 1 1
1975 07 06 4.540000 1 1
1975 07 07 4.540000 1 1
1975 07 08 4.230000 1 1
1975 07 09 4.230000 1 1
1975 07 10 3.920000 1 1
1975 07 11 3.920000 1 1
1975 07 12 3.610000 1 1
1975 07 13 3.300000 1 1
1975 07 14 3.080000 1 1
1975 07 15 3.080000 1 1
1975 07 16 3.610000 1 1
1975 07 17 3.920000 1 1
1975 07 18 3.610000 1 1
1975 07 19 3.920000 1 1
1975 07 20 3.300000 1 1
1975 07 21 3.300000 1 1
1975 07 22 3.080000 1 1
1975 07 23 2.860000 1 1
1975 07 24 2.640000 1 1
1975 07 25 2.420000 1 1
1975 07 26 1.980000 1 1
1975 07 27 1.540000 1 1
1975 07 28 1.100000 1 1
1975 07 29 1.000000 1 1
1975 07 30 0.900000 1 1
1975 07 31 0.900000 1 1
1975 08 01 0.900000 1 1
1975 08 02 0.800000 1 1
1975 08 03 0.800000 1 1
1975 08 04 0.700000 1 1
1975 08 05 0.700000 1 1
1975 08 06 0.700000 1 1
1975 08 07 0.700000 1 1
1975 08 08 0.700000 1 1
1975 08 09 0.500000 1 1
1975 08 10 0.500000 1 1
1975 08 11 0.400000 1 1
1975 08 12 0.400000 1 1
1975 08 13 0.400000 1 1
1975 08 14 0.300000 1 1
1975 08 15 0.300000 1 1
1975 08 16 0.400000 1 1
1975 08 17 0.400000 1 1
1975 08 18 0.500000 1 1
1975 08 19 0.500000 1 1
1975 08 20 0.500000 1 1
1975 08 21 0.400000 1 1
1975 08 22 0.400000 1 1
1975 08 23 0.400000 1 1
1975 08 24 0.500000 1 1
1975 08 25 0.600000 1 1
1975 08 26 0.400000 1 1
1975 08 27 0.400000 1 1
1975 08 28 0.400000 1 1
1975 08 29 0.700000 1 1
1975 08 30 0.700000 1 1
1975 08 31 0.700000 1 1
1975 09 01 0.700000 1 1
1975 09 02 0.700000 1 1
1975 09 03 0.700000 1 1
1975 09 04 0.800000 1 1
1975 09 05 0.800000 1 1
1975 09 06 0.800000 1 1
1975 09 07 0.800000 1 1
1975 09 08 0.800000 1 1
1975 09 09 0.800000 1 1
1975 09 10 0.800000 1 1
1975 09 11 0.700000 1 1
1975 09 12 0.500000 1 1
1975 09 13 0.500000 1 1
1975 09 14 0.400000 1 1
1975 09 15 0.400000 1 1
1975 09 16 0.400000 1 1
1975 09 17 0.400000 1 1
1975 09 18 0.400000 1 1
1975 09 19 0.400000 1 1
1975 09 20 0.700000 1 1
1975 09 21 0.700000 1 1
1975 09 22 0.700000 1 1
1975 09 23 0.700000 1 1
1975 09 24 0.700000 1 1
1975 09 25 0.700000 1 1
1975 09 26 0.700000 1 1
1975 09 27 0.700000 1 1
1975 09 28 0.700000 1 1
1975 09 29 0.700000 1 1
1975 09 30 0.700000 1 1
1975 10 01 0.700000 1 1
1975 10 02 0.700000 1 1
1975 10 03 0.700000 1 1
1975 10 04 0.700000 1 1
1975 10 05 0.700000 1 1
1975 10 06 0.700000 1 1
1975 10 07 0.700000 1 1
1975 10 08 0.700000 1 1
1975 10 09 0.700000 1 1
1975 10 10 0.700000 1 1
1975 10 11 0.700000 1 1
1975 10 12 0.700000 1 1
1975 10 13 0.700000 1 1
1975 10 14 0.700000 1 1
1975 10 15 0.700000 1 1
1975 10 16 0.700000 1 1
1975 10 17 0.800000 1 1
1975 10 18 0.800000 1 1
1975 10 19 0.800000 1 1
1975 10 20 0.800000 1 1
1975 10 21 0.700000 1 1
1975 10 22 0.700000 1 1
1975 10 23 0.700000 1 1
1975 10 24 0.700000 1 1
1975 10 25 0.700000 1 1
1975 10 26 0.700000 1 1
1975 10 27 0.700000 1 1
1975 10 28 0.700000 1 1
1975 10 29 0.300000 1 1
1975 10 30 0.300000 1 1
1975 10 31 0.300000 1 1
1975 11 01 0.300000 1 1
1975 11 02 0.300000 1 1
1975 11 03 0.300000 1 1
1975 11 04 0.300000 1 1
1975 11 05 0.300000 1 1
1975 11 06 0.300000 1 1
1975 11 07 0.300000 1 1
1975 11 08 0.300000 1 1
1975 11 09 0.300000 1 1
1975 11 10 0.300000 1 1
1975 11 11 0.300000 1 1
1975 11 12 0.300000 1 1
1975 11 13 0.300000 1 1
1975 11 14 0.300000 1 1
1975 11 15 0.300000 1 1
1975 11 16 0.300000 1 1
1975 11 17 0.300000 1 1
1975 11 18 0.400000 1 1
1975 11 19 0.400000 1 1
1975 11 20 0.400000 1 1
1975 11 21 0.400000 1 1
1975 11 22 0.400000 1 1
1975 11 23 0.300000 1 1
1975 11 24 0.300000 1 1
1975 11 25 0.300000 1 1
1975 11 26 0.300000 1 1
1975 11 27 0.300000 1 1
1975 11 28 0.300000 1 1
1975 11 29 0.300000 1 1
1975 11 30 0.300000 1 1
1975 12 01 0.300000 1 1
1975 12 02 0.300000 1 1
1975 12 03 0.300000 1 1
1975 12 04 0.300000 1 1
1975 12 05 0.300000 1 1
1975 12 06 0.300000 1 1
1975 12 07 0.400000 1 1
1975 12 08 0.400000 1 1
1975 12 09 0.300000 1 1
1975 12 10 0.300000 1 1
1975 12 11 0.300000 1 1
1975 12 12 0.300000 1 1
1975 12 13 0.200000 1 1
1975 12 14 0.200000 1 1
1975 12 15 0.300000 1 1
1975 12 16 0.300000 1 1
1975 12 17 0.300000 1 1
1975 12 18 0.300000 1 1
1975 12 19 0.300000 1 1
1975 12 20 0.300000 1 1
1975 12 21 0.200000 1 1
1975 12 22 0.200000 1 1
1975 12 23 0.200000 1 1
1975 12 24 0.200000 1 1
1975 12 25 0.200000 1 1
1975 12 26 0.300000 1 1
1975 12 27 0.300000 1 1
1975 12 28 0.300000 1 1
1975 12 29 0.300000 1 1
1975 12 30 0.300000 1 1
1975 12 31 0.300000 1 1
