year month day streamflow_m3s qual_control_by_ana qual_flag
2008 01 01 1.995000 1 1
2008 01 02 1.862000 1 1
2008 01 03 1.805000 1 1
2008 01 04 1.993000 1 1
2008 01 05 1.745000 1 1
2008 01 06 1.631000 1 1
2008 01 07 1.734000 1 1
2008 01 08 1.833000 1 1
2008 01 09 2.101000 1 1
2008 01 10 2.992000 1 1
2008 01 11 2.599000 1 1
2008 01 12 2.087000 1 1
2008 01 13 1.983000 1 1
2008 01 14 1.862000 1 1
2008 01 15 1.746000 1 1
2008 01 16 1.839000 1 1
2008 01 17 1.834000 1 1
2008 01 18 1.969000 1 1
2008 01 19 2.193000 1 1
2008 01 20 2.006000 1 1
2008 01 21 2.121000 1 1
2008 01 22 2.524000 1 1
2008 01 23 3.935000 1 1
2008 01 24 4.530000 1 1
2008 01 25 3.324000 1 1
2008 01 26 2.706000 1 1
2008 01 27 2.685000 1 1
2008 01 28 3.278000 1 1
2008 01 29 6.403000 1 1
2008 01 30 6.141000 1 1
2008 01 31 20.614000 1 1
2008 02 01 19.346000 1 1
2008 02 02 17.574000 1 1
2008 02 03 7.109000 1 1
2008 02 04 9.115000 1 1
2008 02 05 12.565000 1 1
2008 02 06 10.106000 1 1
2008 02 07 11.323000 1 1
2008 02 08 8.093000 1 1
2008 02 09 5.347000 1 1
2008 02 10 4.842000 1 1
2008 02 11 4.298000 1 1
2008 02 12 3.812000 1 1
2008 02 13 3.465000 1 1
2008 02 14 3.418000 1 1
2008 02 15 3.413000 1 1
2008 02 16 3.360000 1 1
2008 02 17 3.329000 1 1
2008 02 18 3.032000 1 1
2008 02 19 3.000000 1 1
2008 02 20 2.987000 1 1
2008 02 21 3.145000 1 1
2008 02 22 2.978000 1 1
2008 02 23 2.915000 1 1
2008 02 24 2.870000 1 1
2008 02 25 3.376000 1 1
2008 02 26 3.430000 1 1
2008 02 27 3.166000 1 1
2008 02 28 3.050000 1 1
2008 02 29 2.882000 1 1
2008 03 01 2.814000 1 1
2008 03 02 2.972000 1 1
2008 03 03 3.145000 1 1
2008 03 04 3.079000 1 1
2008 03 05 2.832000 1 1
2008 03 06 2.731000 1 1
2008 03 07 2.886000 1 1
2008 03 08 3.814000 1 1
2008 03 09 4.288000 1 1
2008 03 10 4.338000 1 1
2008 03 11 3.980000 1 1
2008 03 12 3.387000 1 1
2008 03 13 3.085000 1 1
2008 03 14 3.331000 1 1
2008 03 15 3.984000 1 1
2008 03 16 4.113000 1 1
2008 03 17 3.744000 1 1
2008 03 18 3.356000 1 1
2008 03 19 3.274000 1 1
2008 03 20 3.528000 1 1
2008 03 21 3.075000 1 1
2008 03 22 2.885000 1 1
2008 03 23 2.766000 1 1
2008 03 24 2.706000 1 1
2008 03 25 2.687000 1 1
2008 03 26 2.945000 1 1
2008 03 27 4.486000 1 1
2008 03 28 8.686000 1 1
2008 03 29 4.782000 1 1
2008 03 30 3.389000 1 1
2008 03 31 3.027000 1 1
2008 04 01 3.015000 1 1
2008 04 02 3.015000 1 1
2008 04 03 2.844000 1 1
2008 04 04 2.760000 1 1
2008 04 05 3.315000 1 1
2008 04 06 4.499000 1 1
2008 04 07 3.810000 1 1
2008 04 08 3.287000 1 1
2008 04 09 3.136000 1 1
2008 04 10 3.471000 1 1
2008 04 11 3.299000 1 1
2008 04 12 3.238000 1 1
2008 04 13 3.166000 1 1
2008 04 14 3.136000 1 1
2008 04 15 3.096000 1 1
2008 04 16 3.356000 1 1
2008 04 17 3.058000 1 1
2008 04 18 3.033000 1 1
2008 04 19 3.106000 1 1
2008 04 20 3.008000 1 1
2008 04 21 2.956000 1 1
2008 04 22 2.923000 1 1
2008 04 23 2.895000 1 1
2008 04 24 2.968000 1 1
2008 04 25 2.927000 1 1
2008 04 26 2.893000 1 1
2008 04 27 2.875000 1 1
2008 04 28 2.899000 1 1
2008 04 29 2.750000 1 1
2008 04 30 2.588000 1 1
2008 05 01 2.978000 1 1
2008 05 02 3.064000 1 1
2008 05 03 2.774000 1 1
2008 05 04 2.559000 1 1
2008 05 05 2.559000 1 1
2008 05 06 2.727000 1 1
2008 05 07 2.538000 1 1
2008 05 08 2.439000 1 1
2008 05 09 2.474000 1 1
2008 05 10 2.425000 1 1
2008 05 11 2.431000 1 1
2008 05 12 2.395000 1 1
2008 05 13 2.317000 1 1
2008 05 14 2.379000 1 1
2008 05 15 2.239000 1 1
2008 05 16 2.222000 1 1
2008 05 17 2.133000 1 1
2008 05 18 2.201000 1 1
2008 05 19 2.193000 1 1
2008 05 20 2.207000 1 1
2008 05 21 2.213000 1 1
2008 05 22 2.133000 1 1
2008 05 23 2.165000 1 1
2008 05 24 2.104000 1 1
2008 05 25 2.100000 1 1
2008 05 26 2.087000 1 1
2008 05 27 2.011000 1 1
2008 05 28 2.022000 1 1
2008 05 29 1.995000 1 1
2008 05 30 1.935000 1 1
2008 05 31 1.934000 1 1
2008 06 01 1.959000 1 1
2008 06 02 1.937000 1 1
2008 06 03 1.946000 1 1
2008 06 04 1.961000 1 1
2008 06 05 1.925000 1 1
2008 06 06 1.865000 1 1
2008 06 07 1.879000 1 1
2008 06 08 1.859000 1 1
2008 06 09 1.803000 1 1
2008 06 10 1.837000 1 1
2008 06 11 1.844000 1 1
2008 06 12 1.777000 1 1
2008 06 13 1.763000 1 1
2008 06 14 1.765000 1 1
2008 06 15 1.795000 1 1
2008 06 16 1.724000 1 1
2008 06 17 1.667000 1 1
2008 06 18 1.701000 1 1
2008 06 19 1.722000 1 1
2008 06 20 1.734000 1 1
2008 06 21 1.721000 1 1
2008 06 22 1.694000 1 1
2008 06 23 1.676000 1 1
2008 06 24 1.825000 1 1
2008 06 25 2.247000 1 1
2008 06 26 2.938000 1 1
2008 06 27 2.280000 1 1
2008 06 28 1.997000 1 1
2008 06 29 1.883000 1 1
2008 06 30 1.865000 1 1
2008 07 01 1.734000 1 1
2008 07 02 1.706000 1 1
2008 07 03 1.729000 1 1
2008 07 04 1.924000 1 1
2008 07 05 2.554000 1 1
2008 07 06 2.210000 1 1
2008 07 07 1.913000 1 1
2008 07 08 1.794000 1 1
2008 07 09 1.727000 1 1
2008 07 10 1.676000 1 1
2008 07 11 1.668000 1 1
2008 07 12 1.633000 1 1
2008 07 13 1.635000 1 1
2008 07 14 1.567000 1 1
2008 07 15 1.543000 1 1
2008 07 16 1.508000 1 1
2008 07 17 1.516000 1 1
2008 07 18 1.494000 1 1
2008 07 19 1.530000 1 1
2008 07 20 1.524000 1 1
2008 07 21 1.500000 1 1
2008 07 22 1.456000 1 1
2008 07 23 1.451000 1 1
2008 07 24 1.454000 1 1
2008 07 25 1.444000 1 1
2008 07 26 1.391000 1 1
2008 07 27 1.430000 1 1
2008 07 28 1.414000 1 1
2008 07 29 1.406000 1 1
2008 07 30 1.385000 1 1
2008 07 31 1.370000 1 1
2008 08 01 1.351000 1 1
2008 08 02 1.337000 1 1
2008 08 03 1.327000 1 1
2008 08 04 1.293000 1 1
2008 08 05 1.273000 1 1
2008 08 06 1.361000 1 1
2008 08 07 1.943000 1 1
2008 08 08 1.618000 1 1
2008 08 09 1.406000 1 1
2008 08 10 1.401000 1 1
2008 08 11 1.348000 1 1
2008 08 12 1.347000 1 1
2008 08 13 1.301000 1 1
2008 08 14 1.258000 1 1
2008 08 15 1.226000 1 1
2008 08 16 1.320000 1 1
2008 08 17 1.277000 1 1
2008 08 18 1.273000 1 1
2008 08 19 2.731000 1 1
2008 08 20 1.250000 1 1
2008 08 21 1.183000 1 1
2008 08 22 1.186000 1 1
2008 08 23 1.160000 1 1
2008 08 24 1.143000 1 1
2008 08 25 1.150000 1 1
2008 08 26 1.201000 1 1
2008 08 27 1.147000 1 1
2008 08 28 1.100000 1 1
2008 08 29 1.084000 1 1
2008 08 30 1.048000 1 1
2008 08 31 1.218000 1 1
2008 09 01 1.380000 1 1
2008 09 02 1.298000 1 1
2008 09 03 1.226000 1 1
2008 09 04 1.131000 1 1
2008 09 05 1.095000 1 1
2008 09 06 1.060000 1 1
2008 09 07 1.005000 1 1
2008 09 08 1.072000 1 1
2008 09 09 1.026000 1 1
2008 09 10 1.000000 1 1
2008 09 11 1.010000 1 1
2008 09 12 0.961000 1 1
2008 09 13 0.989000 1 1
2008 09 14 0.930000 1 1
2008 09 15 2.267000 1 1
2008 09 16 4.122000 1 1
2008 09 17 3.876000 1 1
2008 09 18 2.646000 1 1
2008 09 19 2.122000 1 1
2008 09 20 1.845000 1 1
2008 09 21 1.647000 1 1
2008 09 22 1.813000 1 1
2008 09 23 2.122000 1 1
2008 09 24 2.032000 1 1
2008 09 25 1.502000 1 1
2008 09 26 1.439000 1 1
2008 09 27 1.955000 1 1
2008 09 28 2.724000 1 1
2008 09 29 2.214000 1 1
2008 09 30 1.843000 1 1
2008 10 01 1.510000 1 1
2008 10 02 1.460000 1 1
2008 10 03 1.516000 1 1
2008 10 04 1.502000 1 1
2008 10 05 1.416000 1 1
2008 10 06 1.357000 1 1
2008 10 07 1.252000 1 1
2008 10 08 1.199000 1 1
2008 10 09 1.169000 1 1
2008 10 10 1.200000 1 1
2008 10 11 1.245000 1 1
2008 10 12 1.155000 1 1
2008 10 13 1.149000 1 1
2008 10 14 1.205000 1 1
2008 10 15 1.199000 1 1
2008 10 16 1.107000 1 1
2008 10 17 1.043000 1 1
2008 10 18 1.154000 1 1
2008 10 19 2.223000 1 1
2008 10 20 2.860000 1 1
2008 10 21 2.738000 1 1
2008 10 22 2.098000 1 1
2008 10 23 1.730000 1 1
2008 10 24 1.482000 1 1
2008 10 25 1.353000 1 1
2008 10 26 1.235000 1 1
2008 10 27 1.191000 1 1
2008 10 28 1.118000 1 1
2008 10 29 1.058000 1 1
2008 10 30 1.094000 1 1
2008 10 31 1.421000 1 1
2008 11 01 1.360000 1 1
2008 11 02 1.350000 1 1
2008 11 03 1.273000 1 1
2008 11 04 1.137000 1 1
2008 11 05 1.203000 1 1
2008 11 06 1.494000 1 1
2008 11 07 2.717000 1 1
2008 11 08 3.602000 1 1
2008 11 09 3.665000 1 1
2008 11 10 4.333000 1 1
2008 11 11 3.777000 1 1
2008 11 12 2.688000 1 1
2008 11 13 2.614000 1 1
2008 11 14 4.740000 1 1
2008 11 15 23.404000 1 1
2008 11 16 9.798000 1 1
2008 11 17 4.199000 1 1
2008 11 18 11.323000 1 1
2008 11 19 15.900000 1 1
2008 11 20 6.871000 1 1
2008 11 21 4.611000 1 1
2008 11 22 3.922000 1 1
2008 11 23 3.558000 1 1
2008 11 24 8.210000 1 1
2008 11 25 9.466000 1 1
2008 11 26 5.353000 1 1
2008 11 27 5.168000 1 1
2008 11 28 8.310000 1 1
2008 11 29 7.577000 1 1
2008 11 30 7.210000 1 1
2008 12 01 5.333000 1 1
2008 12 02 4.158000 1 1
2008 12 03 13.561000 1 1
2008 12 04 23.580000 1 1
2008 12 05 10.587000 1 1
2008 12 06 7.372000 1 1
2008 12 07 5.954000 1 1
2008 12 08 4.867000 1 1
2008 12 09 4.488000 1 1
2008 12 10 4.009000 1 1
2008 12 11 3.710000 1 1
2008 12 12 4.531000 1 1
2008 12 13 15.329000 1 1
2008 12 14 8.075000 1 1
2008 12 15 9.602000 1 1
2008 12 16 39.715000 1 1
2008 12 17 72.985000 1 1
2008 12 18 73.719000 1 1
2008 12 19 47.485000 1 1
2008 12 20 28.969000 1 1
2008 12 21 21.241000 1 1
2008 12 22 20.302000 1 1
2008 12 23 18.506000 1 1
2008 12 24 16.744000 1 1
2008 12 25 12.693000 1 1
2008 12 26 11.687000 1 1
2008 12 27 nan nan 1
2008 12 28 nan nan 1
2008 12 29 nan nan 1
2008 12 30 nan nan 1
2008 12 31 nan nan 1
2009 01 01 25.207000 1 1
2009 01 02 23.220000 1 1
2009 01 03 36.187000 1 1
2009 01 04 35.490000 1 1
2009 01 05 52.533000 1 1
2009 01 06 58.920000 1 1
2009 01 07 54.051000 1 1
2009 01 08 35.056000 1 1
2009 01 09 30.173000 1 1
2009 01 10 26.962000 1 1
2009 01 11 23.302000 1 1
2009 01 12 21.543000 1 1
2009 01 13 20.517000 1 1
2009 01 14 20.039000 1 1
2009 01 15 18.827000 1 1
2009 01 16 17.199000 1 1
2009 01 17 16.055000 1 1
2009 01 18 15.507000 1 1
2009 01 19 25.257000 1 1
2009 01 20 19.898000 1 1
2009 01 21 15.438000 1 1
2009 01 22 21.588000 1 1
2009 01 23 22.302000 1 1
2009 01 24 17.086000 1 1
2009 01 25 14.311000 1 1
2009 01 26 14.298000 1 1
2009 01 27 18.733000 1 1
2009 01 28 22.253000 1 1
2009 01 29 17.555000 1 1
2009 01 30 13.622000 1 1
2009 01 31 12.485000 1 1
2009 02 01 11.204000 1 1
2009 02 02 12.091000 1 1
2009 02 03 13.183000 1 1
2009 02 04 11.297000 1 1
2009 02 05 9.733000 1 1
2009 02 06 9.856000 1 1
2009 02 07 9.199000 1 1
2009 02 08 8.557000 1 1
2009 02 09 8.333000 1 1
2009 02 10 9.727000 1 1
2009 02 11 10.543000 1 1
2009 02 12 9.202000 1 1
2009 02 13 11.033000 1 1
2009 02 14 16.553000 1 1
2009 02 15 13.756000 1 1
2009 02 16 10.723000 1 1
2009 02 17 8.977000 1 1
2009 02 18 8.580000 1 1
2009 02 19 7.735000 1 1
2009 02 20 9.015000 1 1
2009 02 21 11.203000 1 1
2009 02 22 8.535000 1 1
2009 02 23 9.427000 1 1
2009 02 24 9.341000 1 1
2009 02 25 11.419000 1 1
2009 02 26 9.682000 1 1
2009 02 27 7.175000 1 1
2009 02 28 7.109000 1 1
2009 03 01 6.822000 1 1
2009 03 02 6.336000 1 1
2009 03 03 6.813000 1 1
2009 03 04 6.768000 1 1
2009 03 05 8.959000 1 1
2009 03 06 7.881000 1 1
2009 03 07 7.956000 1 1
2009 03 08 10.951000 1 1
2009 03 09 8.133000 1 1
2009 03 10 7.005000 1 1
2009 03 11 6.297000 1 1
2009 03 12 6.155000 1 1
2009 03 13 5.283000 1 1
2009 03 14 6.595000 1 1
2009 03 15 8.800000 1 1
2009 03 16 9.130000 1 1
2009 03 17 7.338000 1 1
2009 03 18 11.388000 1 1
2009 03 19 9.918000 1 1
2009 03 20 7.615000 1 1
2009 03 21 6.114000 1 1
2009 03 22 5.911000 1 1
2009 03 23 6.706000 1 1
2009 03 24 7.039000 1 1
2009 03 25 8.783000 1 1
2009 03 26 8.009000 1 1
2009 03 27 7.208000 1 1
2009 03 28 6.719000 1 1
2009 03 29 8.358000 1 1
2009 03 30 12.563000 1 1
2009 03 31 10.742000 1 1
2009 04 01 28.239000 1 1
2009 04 02 23.487000 1 1
2009 04 03 13.492000 1 1
2009 04 04 10.471000 1 1
2009 04 05 10.520000 1 1
2009 04 06 9.564000 1 1
2009 04 07 8.231000 1 1
2009 04 08 17.135000 1 1
2009 04 09 19.672000 1 1
2009 04 10 12.056000 1 1
2009 04 11 9.466000 1 1
2009 04 12 9.355000 1 1
2009 04 13 9.517000 1 1
2009 04 14 9.247000 1 1
2009 04 15 8.672000 1 1
2009 04 16 8.131000 1 1
2009 04 17 7.109000 1 1
2009 04 18 6.968000 1 1
2009 04 19 8.482000 1 1
2009 04 20 6.914000 1 1
2009 04 21 6.172000 1 1
2009 04 22 6.474000 1 1
2009 04 23 5.991000 1 1
2009 04 24 5.637000 1 1
2009 04 25 7.215000 1 1
2009 04 26 6.897000 1 1
2009 04 27 5.771000 1 1
2009 04 28 5.994000 1 1
2009 04 29 5.267000 1 1
2009 04 30 5.257000 1 1
2009 05 01 5.300000 1 1
2009 05 02 5.880000 1 1
2009 05 03 5.424000 1 1
2009 05 04 5.091000 1 1
2009 05 05 5.481000 1 1
2009 05 06 4.854000 1 1
2009 05 07 4.477000 1 1
2009 05 08 4.656000 1 1
2009 05 09 5.092000 1 1
2009 05 10 4.267000 1 1
2009 05 11 5.191000 1 1
2009 05 12 5.063000 1 1
2009 05 13 5.372000 1 1
2009 05 14 4.796000 1 1
2009 05 15 4.163000 1 1
2009 05 16 6.595000 1 1
2009 05 17 4.507000 1 1
2009 05 18 4.247000 1 1
2009 05 19 4.965000 1 1
2009 05 20 5.930000 1 1
2009 05 21 7.754000 1 1
2009 05 22 9.203000 1 1
2009 05 23 5.933000 1 1
2009 05 24 5.849000 1 1
2009 05 25 6.535000 1 1
2009 05 26 6.214000 1 1
2009 05 27 7.367000 1 1
2009 05 28 9.312000 1 1
2009 05 29 5.243000 1 1
2009 05 30 7.545000 1 1
2009 05 31 7.354000 1 1
2009 06 01 5.182000 1 1
2009 06 02 7.187000 1 1
2009 06 03 5.775000 1 1
2009 06 04 6.100000 1 1
2009 06 05 5.857000 1 1
2009 06 06 5.756000 1 1
2009 06 07 5.076000 1 1
2009 06 08 6.633000 1 1
2009 06 09 9.069000 1 1
2009 06 10 6.444000 1 1
2009 06 11 6.123000 1 1
2009 06 12 5.780000 1 1
2009 06 13 5.219000 1 1
2009 06 14 6.447000 1 1
2009 06 15 5.758000 1 1
2009 06 16 5.201000 1 1
2009 06 17 5.024000 1 1
2009 06 18 6.250000 1 1
2009 06 19 4.868000 1 1
2009 06 20 4.516000 1 1
2009 06 21 4.317000 1 1
2009 06 22 6.361000 1 1
2009 06 23 5.058000 1 1
2009 06 24 4.313000 1 1
2009 06 25 4.854000 1 1
2009 06 26 4.213000 1 1
2009 06 27 6.435000 1 1
2009 06 28 9.736000 1 1
2009 06 29 7.313000 1 1
2009 06 30 11.571000 1 1
2009 07 01 5.816000 1 1
2009 07 02 6.361000 1 1
2009 07 03 8.894000 1 1
2009 07 04 5.653000 1 1
2009 07 05 6.532000 1 1
2009 07 06 4.393000 1 1
2009 07 07 4.680000 1 1
2009 07 08 5.905000 1 1
2009 07 09 4.101000 1 1
2009 07 10 5.727000 1 1
2009 07 11 6.723000 1 1
2009 07 12 6.262000 1 1
2009 07 13 5.345000 1 1
2009 07 14 5.671000 1 1
2009 07 15 5.691000 1 1
2009 07 16 4.705000 1 1
2009 07 17 7.372000 1 1
2009 07 18 7.241000 1 1
2009 07 19 7.491000 1 1
2009 07 20 5.383000 1 1
2009 07 21 4.092000 1 1
2009 07 22 5.228000 1 1
2009 07 23 4.844000 1 1
2009 07 24 7.027000 1 1
2009 07 25 4.689000 1 1
2009 07 26 4.223000 1 1
2009 07 27 4.782000 1 1
2009 07 28 6.509000 1 1
2009 07 29 5.606000 1 1
2009 07 30 4.037000 1 1
2009 07 31 3.955000 1 1
2009 08 01 5.427000 1 1
2009 08 02 3.518000 1 1
2009 08 03 5.714000 1 1
2009 08 04 3.893000 1 1
2009 08 05 3.186000 1 1
2009 08 06 2.551000 1 1
2009 08 07 2.530000 1 1
2009 08 08 2.525000 1 1
2009 08 09 2.503000 1 1
2009 08 10 2.488000 1 1
2009 08 11 2.453000 1 1
2009 08 12 2.458000 1 1
2009 08 13 2.482000 1 1
2009 08 14 2.465000 1 1
2009 08 15 2.487000 1 1
2009 08 16 2.452000 1 1
2009 08 17 2.481000 1 1
2009 08 18 2.482000 1 1
2009 08 19 2.468000 1 1
2009 08 20 2.487000 1 1
2009 08 21 2.511000 1 1
2009 08 22 2.596000 1 1
2009 08 23 2.557000 1 1
2009 08 24 2.548000 1 1
2009 08 25 2.548000 1 1
2009 08 26 2.578000 1 1
2009 08 27 2.608000 1 1
2009 08 28 2.607000 1 1
2009 08 29 2.658000 1 1
2009 08 30 2.606000 1 1
2009 08 31 2.602000 1 1
2009 09 01 2.584000 1 1
2009 09 02 2.589000 1 1
2009 09 03 2.575000 1 1
2009 09 04 2.586000 1 1
2009 09 05 2.557000 1 1
2009 09 06 nan nan 1
2009 09 07 nan nan 1
2009 09 08 nan nan 1
2009 09 09 nan nan 1
2009 09 10 2.594000 1 1
2009 09 11 2.609000 1 1
2009 09 12 nan nan 1
2009 09 13 nan nan 1
2009 09 14 nan nan 1
2009 09 15 nan nan 1
2009 09 16 nan nan 1
2009 09 17 nan nan 1
2009 09 18 nan nan 1
2009 09 19 nan nan 1
2009 09 20 nan nan 1
2009 09 21 nan nan 1
2009 09 22 nan nan 1
2009 09 23 nan nan 1
2009 09 24 nan nan 1
2009 09 25 nan nan 1
2009 09 26 nan nan 1
2009 09 27 nan nan 1
2009 09 28 nan nan 1
2009 09 29 nan nan 1
2009 09 30 nan nan 1
2009 10 01 nan nan nan
2009 10 02 nan nan nan
2009 10 03 nan nan nan
2009 10 04 nan nan nan
2009 10 05 nan nan nan
2009 10 06 nan nan nan
2009 10 07 nan nan nan
2009 10 08 nan nan nan
2009 10 09 nan nan nan
2009 10 10 nan nan nan
2009 10 11 nan nan nan
2009 10 12 nan nan nan
2009 10 13 nan nan nan
2009 10 14 nan nan nan
2009 10 15 nan nan nan
2009 10 16 nan nan nan
2009 10 17 nan nan nan
2009 10 18 nan nan nan
2009 10 19 nan nan nan
2009 10 20 nan nan nan
2009 10 21 nan nan nan
2009 10 22 nan nan nan
2009 10 23 nan nan nan
2009 10 24 nan nan nan
2009 10 25 nan nan nan
2009 10 26 nan nan nan
2009 10 27 nan nan nan
2009 10 28 nan nan nan
2009 10 29 nan nan nan
2009 10 30 nan nan nan
2009 10 31 nan nan nan
2009 11 01 nan nan nan
2009 11 02 nan nan nan
2009 11 03 nan nan nan
2009 11 04 nan nan nan
2009 11 05 nan nan nan
2009 11 06 nan nan nan
2009 11 07 nan nan nan
2009 11 08 nan nan nan
2009 11 09 nan nan nan
2009 11 10 nan nan nan
2009 11 11 nan nan nan
2009 11 12 nan nan nan
2009 11 13 nan nan nan
2009 11 14 nan nan nan
2009 11 15 nan nan nan
2009 11 16 nan nan nan
2009 11 17 nan nan nan
2009 11 18 nan nan nan
2009 11 19 nan nan nan
2009 11 20 nan nan nan
2009 11 21 nan nan nan
2009 11 22 nan nan nan
2009 11 23 nan nan nan
2009 11 24 nan nan nan
2009 11 25 nan nan nan
2009 11 26 nan nan nan
2009 11 27 nan nan nan
2009 11 28 nan nan nan
2009 11 29 nan nan nan
2009 11 30 nan nan nan
2009 12 01 nan nan 1
2009 12 02 nan nan 1
2009 12 03 nan nan 1
2009 12 04 nan nan 1
2009 12 05 nan nan 1
2009 12 06 nan nan 1
2009 12 07 nan nan 1
2009 12 08 nan nan 1
2009 12 09 nan nan 1
2009 12 10 nan nan 1
2009 12 11 nan nan 1
2009 12 12 nan nan 1
2009 12 13 nan nan 1
2009 12 14 nan nan 1
2009 12 15 nan nan 1
2009 12 16 nan nan 1
2009 12 17 nan nan 1
2009 12 18 nan nan 1
2009 12 19 nan nan 1
2009 12 20 nan nan 1
2009 12 21 2.886000 1 1
2009 12 22 7.415000 1 1
2009 12 23 3.445000 1 1
2009 12 24 3.239000 1 1
2009 12 25 3.240000 1 1
2009 12 26 3.187000 1 1
2009 12 27 4.778000 1 1
2009 12 28 19.633000 1 1
2009 12 29 nan nan 1
2009 12 30 nan nan 1
2009 12 31 nan nan 1
2010 01 01 nan nan nan
2010 01 02 nan nan nan
2010 01 03 nan nan nan
2010 01 04 nan nan nan
2010 01 05 nan nan nan
2010 01 06 nan nan nan
2010 01 07 nan nan nan
2010 01 08 nan nan nan
2010 01 09 nan nan nan
2010 01 10 nan nan nan
2010 01 11 nan nan nan
2010 01 12 nan nan nan
2010 01 13 nan nan nan
2010 01 14 nan nan nan
2010 01 15 nan nan nan
2010 01 16 nan nan nan
2010 01 17 nan nan nan
2010 01 18 nan nan nan
2010 01 19 nan nan nan
2010 01 20 nan nan nan
2010 01 21 nan nan nan
2010 01 22 nan nan nan
2010 01 23 nan nan nan
2010 01 24 nan nan nan
2010 01 25 nan nan nan
2010 01 26 nan nan nan
2010 01 27 nan nan nan
2010 01 28 nan nan nan
2010 01 29 nan nan nan
2010 01 30 nan nan nan
2010 01 31 nan nan nan
2010 02 01 nan nan 1
2010 02 02 nan nan 1
2010 02 03 nan nan 1
2010 02 04 nan nan 1
2010 02 05 nan nan 1
2010 02 06 nan nan 1
2010 02 07 nan nan 1
2010 02 08 nan nan 1
2010 02 09 nan nan 1
2010 02 10 nan nan 1
2010 02 11 nan nan 1
2010 02 12 nan nan 1
2010 02 13 nan nan 1
2010 02 14 nan nan 1
2010 02 15 nan nan 1
2010 02 16 nan nan 1
2010 02 17 nan nan 1
2010 02 18 nan nan 1
2010 02 19 nan nan 1
2010 02 20 nan nan 1
2010 02 21 nan nan 1
2010 02 22 nan nan 1
2010 02 23 2.234000 1 1
2010 02 24 2.110000 1 1
2010 02 25 2.106000 1 1
2010 02 26 2.032000 1 1
2010 02 27 2.144000 1 1
2010 02 28 2.032000 1 1
2010 03 01 2.032000 1 1
2010 03 02 2.032000 1 1
2010 03 03 2.987000 1 1
2010 03 04 5.680000 1 1
2010 03 05 5.680000 1 1
2010 03 06 5.680000 1 1
2010 03 07 5.680000 1 1
2010 03 08 5.015000 1 1
2010 03 09 5.680000 1 1
2010 03 10 3.980000 1 1
2010 03 11 3.383000 1 1
2010 03 12 3.286000 1 1
2010 03 13 5.449000 1 1
2010 03 14 4.455000 1 1
2010 03 15 4.081000 1 1
2010 03 16 7.421000 1 1
2010 03 17 6.223000 1 1
2010 03 18 5.357000 1 1
2010 03 19 5.101000 1 1
2010 03 20 7.178000 1 1
2010 03 21 5.714000 1 1
2010 03 22 8.274000 1 1
2010 03 23 6.729000 1 1
2010 03 24 5.790000 1 1
2010 03 25 5.479000 1 1
2010 03 26 4.747000 1 1
2010 03 27 5.100000 1 1
2010 03 28 4.676000 1 1
2010 03 29 4.692000 1 1
2010 03 30 4.308000 1 1
2010 03 31 5.752000 1 1
2010 04 01 6.544000 1 1
2010 04 02 5.464000 1 1
2010 04 03 5.019000 1 1
2010 04 04 4.811000 1 1
2010 04 05 5.101000 1 1
2010 04 06 5.264000 1 1
2010 04 07 5.672000 1 1
2010 04 08 4.953000 1 1
2010 04 09 4.958000 1 1
2010 04 10 nan nan 1
2010 04 11 nan nan 1
2010 04 12 nan nan 1
2010 04 13 nan nan 1
2010 04 14 nan nan 1
2010 04 15 nan nan 1
2010 04 16 nan nan 1
2010 04 17 nan nan 1
2010 04 18 nan nan 1
2010 04 19 nan nan 1
2010 04 20 nan nan 1
2010 04 21 nan nan 1
2010 04 22 nan nan 1
2010 04 23 nan nan 1
2010 04 24 nan nan 1
2010 04 25 4.231000 1 1
2010 04 26 4.030000 1 1
2010 04 27 4.094000 1 1
2010 04 28 4.067000 1 1
2010 04 29 3.700000 1 1
2010 04 30 4.099000 1 1
2010 05 01 4.279000 1 1
2010 05 02 4.137000 1 1
2010 05 03 3.954000 1 1
2010 05 04 3.539000 1 1
2010 05 05 3.730000 1 1
2010 05 06 4.264000 1 1
2010 05 07 3.513000 1 1
2010 05 08 3.765000 1 1
2010 05 09 4.600000 1 1
2010 05 10 4.240000 1 1
2010 05 11 4.292000 1 1
2010 05 12 4.122000 1 1
2010 05 13 5.027000 1 1
2010 05 14 4.204000 1 1
2010 05 15 4.119000 1 1
2010 05 16 4.101000 1 1
2010 05 17 4.304000 1 1
2010 05 18 4.185000 1 1
2010 05 19 4.340000 1 1
2010 05 20 3.924000 1 1
2010 05 21 3.265000 1 1
2010 05 22 4.213000 1 1
2010 05 23 3.868000 1 1
2010 05 24 4.090000 1 1
2010 05 25 3.326000 1 1
2010 05 26 3.721000 1 1
2010 05 27 3.667000 1 1
2010 05 28 3.315000 1 1
2010 05 29 3.786000 1 1
2010 05 30 3.587000 1 1
2010 05 31 3.924000 1 1
2010 06 01 3.399000 1 1
2010 06 02 3.781000 1 1
2010 06 03 3.052000 1 1
2010 06 04 3.263000 1 1
2010 06 05 3.756000 1 1
2010 06 06 3.514000 1 1
2010 06 07 3.726000 1 1
2010 06 08 3.563000 1 1
2010 06 09 4.076000 1 1
2010 06 10 nan nan 1
2010 06 11 nan nan 1
2010 06 12 nan nan 1
2010 06 13 nan nan 1
2010 06 14 nan nan 1
2010 06 15 nan nan 1
2010 06 16 nan nan 1
2010 06 17 nan nan 1
2010 06 18 nan nan 1
2010 06 19 nan nan 1
2010 06 20 nan nan 1
2010 06 21 nan nan 1
2010 06 22 nan nan 1
2010 06 23 nan nan 1
2010 06 24 nan nan 1
2010 06 25 nan nan 1
2010 06 26 nan nan 1
2010 06 27 nan nan 1
2010 06 28 nan nan 1
2010 06 29 nan nan 1
2010 06 30 nan nan 1
2010 07 01 nan nan nan
2010 07 02 nan nan nan
2010 07 03 nan nan nan
2010 07 04 nan nan nan
2010 07 05 nan nan nan
2010 07 06 nan nan nan
2010 07 07 nan nan nan
2010 07 08 nan nan nan
2010 07 09 nan nan nan
2010 07 10 nan nan nan
2010 07 11 nan nan nan
2010 07 12 nan nan nan
2010 07 13 nan nan nan
2010 07 14 nan nan nan
2010 07 15 nan nan nan
2010 07 16 nan nan nan
2010 07 17 nan nan nan
2010 07 18 nan nan nan
2010 07 19 nan nan nan
2010 07 20 nan nan nan
2010 07 21 nan nan nan
2010 07 22 nan nan nan
2010 07 23 nan nan nan
2010 07 24 nan nan nan
2010 07 25 nan nan nan
2010 07 26 nan nan nan
2010 07 27 nan nan nan
2010 07 28 nan nan nan
2010 07 29 nan nan nan
2010 07 30 nan nan nan
2010 07 31 nan nan nan
2010 08 01 nan nan nan
2010 08 02 nan nan nan
2010 08 03 nan nan nan
2010 08 04 nan nan nan
2010 08 05 nan nan nan
2010 08 06 nan nan nan
2010 08 07 nan nan nan
2010 08 08 nan nan nan
2010 08 09 nan nan nan
2010 08 10 nan nan nan
2010 08 11 nan nan nan
2010 08 12 nan nan nan
2010 08 13 nan nan nan
2010 08 14 nan nan nan
2010 08 15 nan nan nan
2010 08 16 nan nan nan
2010 08 17 nan nan nan
2010 08 18 nan nan nan
2010 08 19 nan nan nan
2010 08 20 nan nan nan
2010 08 21 nan nan nan
2010 08 22 nan nan nan
2010 08 23 nan nan nan
2010 08 24 nan nan nan
2010 08 25 nan nan nan
2010 08 26 nan nan nan
2010 08 27 nan nan nan
2010 08 28 nan nan nan
2010 08 29 nan nan nan
2010 08 30 nan nan nan
2010 08 31 nan nan nan
2010 09 01 nan nan nan
2010 09 02 nan nan nan
2010 09 03 nan nan nan
2010 09 04 nan nan nan
2010 09 05 nan nan nan
2010 09 06 nan nan nan
2010 09 07 nan nan nan
2010 09 08 nan nan nan
2010 09 09 nan nan nan
2010 09 10 nan nan nan
2010 09 11 nan nan nan
2010 09 12 nan nan nan
2010 09 13 nan nan nan
2010 09 14 nan nan nan
2010 09 15 nan nan nan
2010 09 16 nan nan nan
2010 09 17 nan nan nan
2010 09 18 nan nan nan
2010 09 19 nan nan nan
2010 09 20 nan nan nan
2010 09 21 nan nan nan
2010 09 22 nan nan nan
2010 09 23 nan nan nan
2010 09 24 nan nan nan
2010 09 25 nan nan nan
2010 09 26 nan nan nan
2010 09 27 nan nan nan
2010 09 28 nan nan nan
2010 09 29 nan nan nan
2010 09 30 nan nan nan
2010 10 01 nan nan nan
2010 10 02 nan nan nan
2010 10 03 nan nan nan
2010 10 04 nan nan nan
2010 10 05 nan nan nan
2010 10 06 nan nan nan
2010 10 07 nan nan nan
2010 10 08 nan nan nan
2010 10 09 nan nan nan
2010 10 10 nan nan nan
2010 10 11 nan nan nan
2010 10 12 nan nan nan
2010 10 13 nan nan nan
2010 10 14 nan nan nan
2010 10 15 nan nan nan
2010 10 16 nan nan nan
2010 10 17 nan nan nan
2010 10 18 nan nan nan
2010 10 19 nan nan nan
2010 10 20 nan nan nan
2010 10 21 nan nan nan
2010 10 22 nan nan nan
2010 10 23 nan nan nan
2010 10 24 nan nan nan
2010 10 25 nan nan nan
2010 10 26 nan nan nan
2010 10 27 nan nan nan
2010 10 28 nan nan nan
2010 10 29 nan nan nan
2010 10 30 nan nan nan
2010 10 31 nan nan nan
2010 11 01 nan nan nan
2010 11 02 nan nan nan
2010 11 03 nan nan nan
2010 11 04 nan nan nan
2010 11 05 nan nan nan
2010 11 06 nan nan nan
2010 11 07 nan nan nan
2010 11 08 nan nan nan
2010 11 09 nan nan nan
2010 11 10 nan nan nan
2010 11 11 nan nan nan
2010 11 12 nan nan nan
2010 11 13 nan nan nan
2010 11 14 nan nan nan
2010 11 15 nan nan nan
2010 11 16 nan nan nan
2010 11 17 nan nan nan
2010 11 18 nan nan nan
2010 11 19 nan nan nan
2010 11 20 nan nan nan
2010 11 21 nan nan nan
2010 11 22 nan nan nan
2010 11 23 nan nan nan
2010 11 24 nan nan nan
2010 11 25 nan nan nan
2010 11 26 nan nan nan
2010 11 27 nan nan nan
2010 11 28 nan nan nan
2010 11 29 nan nan nan
2010 11 30 nan nan nan
2010 12 01 nan nan nan
2010 12 02 nan nan nan
2010 12 03 nan nan nan
2010 12 04 nan nan nan
2010 12 05 nan nan nan
2010 12 06 nan nan nan
2010 12 07 nan nan nan
2010 12 08 nan nan nan
2010 12 09 nan nan nan
2010 12 10 nan nan nan
2010 12 11 nan nan nan
2010 12 12 nan nan nan
2010 12 13 nan nan nan
2010 12 14 nan nan nan
2010 12 15 nan nan nan
2010 12 16 nan nan nan
2010 12 17 nan nan nan
2010 12 18 nan nan nan
2010 12 19 nan nan nan
2010 12 20 nan nan nan
2010 12 21 nan nan nan
2010 12 22 nan nan nan
2010 12 23 nan nan nan
2010 12 24 nan nan nan
2010 12 25 nan nan nan
2010 12 26 nan nan nan
2010 12 27 nan nan nan
2010 12 28 nan nan nan
2010 12 29 nan nan nan
2010 12 30 nan nan nan
2010 12 31 nan nan nan
2011 01 01 nan nan nan
2011 01 02 nan nan nan
2011 01 03 nan nan nan
2011 01 04 nan nan nan
2011 01 05 nan nan nan
2011 01 06 nan nan nan
2011 01 07 nan nan nan
2011 01 08 nan nan nan
2011 01 09 nan nan nan
2011 01 10 nan nan nan
2011 01 11 nan nan nan
2011 01 12 nan nan nan
2011 01 13 nan nan nan
2011 01 14 nan nan nan
2011 01 15 nan nan nan
2011 01 16 nan nan nan
2011 01 17 nan nan nan
2011 01 18 nan nan nan
2011 01 19 nan nan nan
2011 01 20 nan nan nan
2011 01 21 nan nan nan
2011 01 22 nan nan nan
2011 01 23 nan nan nan
2011 01 24 nan nan nan
2011 01 25 nan nan nan
2011 01 26 nan nan nan
2011 01 27 nan nan nan
2011 01 28 nan nan nan
2011 01 29 nan nan nan
2011 01 30 nan nan nan
2011 01 31 nan nan nan
2011 02 01 nan nan nan
2011 02 02 nan nan nan
2011 02 03 nan nan nan
2011 02 04 nan nan nan
2011 02 05 nan nan nan
2011 02 06 nan nan nan
2011 02 07 nan nan nan
2011 02 08 nan nan nan
2011 02 09 nan nan nan
2011 02 10 nan nan nan
2011 02 11 nan nan nan
2011 02 12 nan nan nan
2011 02 13 nan nan nan
2011 02 14 nan nan nan
2011 02 15 nan nan nan
2011 02 16 nan nan nan
2011 02 17 nan nan nan
2011 02 18 nan nan nan
2011 02 19 nan nan nan
2011 02 20 nan nan nan
2011 02 21 nan nan nan
2011 02 22 nan nan nan
2011 02 23 nan nan nan
2011 02 24 nan nan nan
2011 02 25 nan nan nan
2011 02 26 nan nan nan
2011 02 27 nan nan nan
2011 02 28 nan nan nan
2011 03 01 nan nan nan
2011 03 02 nan nan nan
2011 03 03 nan nan nan
2011 03 04 nan nan nan
2011 03 05 nan nan nan
2011 03 06 nan nan nan
2011 03 07 nan nan nan
2011 03 08 nan nan nan
2011 03 09 nan nan nan
2011 03 10 nan nan nan
2011 03 11 nan nan nan
2011 03 12 nan nan nan
2011 03 13 nan nan nan
2011 03 14 nan nan nan
2011 03 15 nan nan nan
2011 03 16 nan nan nan
2011 03 17 nan nan nan
2011 03 18 nan nan nan
2011 03 19 nan nan nan
2011 03 20 nan nan nan
2011 03 21 nan nan nan
2011 03 22 nan nan nan
2011 03 23 nan nan nan
2011 03 24 nan nan nan
2011 03 25 nan nan nan
2011 03 26 nan nan nan
2011 03 27 nan nan nan
2011 03 28 nan nan nan
2011 03 29 nan nan nan
2011 03 30 nan nan nan
2011 03 31 nan nan nan
2011 04 01 nan nan nan
2011 04 02 nan nan nan
2011 04 03 nan nan nan
2011 04 04 nan nan nan
2011 04 05 nan nan nan
2011 04 06 nan nan nan
2011 04 07 nan nan nan
2011 04 08 nan nan nan
2011 04 09 nan nan nan
2011 04 10 nan nan nan
2011 04 11 nan nan nan
2011 04 12 nan nan nan
2011 04 13 nan nan nan
2011 04 14 nan nan nan
2011 04 15 nan nan nan
2011 04 16 nan nan nan
2011 04 17 nan nan nan
2011 04 18 nan nan nan
2011 04 19 nan nan nan
2011 04 20 nan nan nan
2011 04 21 nan nan nan
2011 04 22 nan nan nan
2011 04 23 nan nan nan
2011 04 24 nan nan nan
2011 04 25 nan nan nan
2011 04 26 nan nan nan
2011 04 27 nan nan nan
2011 04 28 nan nan nan
2011 04 29 nan nan nan
2011 04 30 nan nan nan
2011 05 01 nan nan nan
2011 05 02 nan nan nan
2011 05 03 nan nan nan
2011 05 04 nan nan nan
2011 05 05 nan nan nan
2011 05 06 nan nan nan
2011 05 07 nan nan nan
2011 05 08 nan nan nan
2011 05 09 nan nan nan
2011 05 10 nan nan nan
2011 05 11 nan nan nan
2011 05 12 nan nan nan
2011 05 13 nan nan nan
2011 05 14 nan nan nan
2011 05 15 nan nan nan
2011 05 16 nan nan nan
2011 05 17 nan nan nan
2011 05 18 nan nan nan
2011 05 19 nan nan nan
2011 05 20 nan nan nan
2011 05 21 nan nan nan
2011 05 22 nan nan nan
2011 05 23 nan nan nan
2011 05 24 nan nan nan
2011 05 25 nan nan nan
2011 05 26 nan nan nan
2011 05 27 nan nan nan
2011 05 28 nan nan nan
2011 05 29 nan nan nan
2011 05 30 nan nan nan
2011 05 31 nan nan nan
2011 06 01 nan nan nan
2011 06 02 nan nan nan
2011 06 03 nan nan nan
2011 06 04 nan nan nan
2011 06 05 nan nan nan
2011 06 06 nan nan nan
2011 06 07 nan nan nan
2011 06 08 nan nan nan
2011 06 09 nan nan nan
2011 06 10 nan nan nan
2011 06 11 nan nan nan
2011 06 12 nan nan nan
2011 06 13 nan nan nan
2011 06 14 nan nan nan
2011 06 15 nan nan nan
2011 06 16 nan nan nan
2011 06 17 nan nan nan
2011 06 18 nan nan nan
2011 06 19 nan nan nan
2011 06 20 nan nan nan
2011 06 21 nan nan nan
2011 06 22 nan nan nan
2011 06 23 nan nan nan
2011 06 24 nan nan nan
2011 06 25 nan nan nan
2011 06 26 nan nan nan
2011 06 27 nan nan nan
2011 06 28 nan nan nan
2011 06 29 nan nan nan
2011 06 30 nan nan nan
2011 07 01 nan nan nan
2011 07 02 nan nan nan
2011 07 03 nan nan nan
2011 07 04 nan nan nan
2011 07 05 nan nan nan
2011 07 06 nan nan nan
2011 07 07 nan nan nan
2011 07 08 nan nan nan
2011 07 09 nan nan nan
2011 07 10 nan nan nan
2011 07 11 nan nan nan
2011 07 12 nan nan nan
2011 07 13 nan nan nan
2011 07 14 nan nan nan
2011 07 15 nan nan nan
2011 07 16 nan nan nan
2011 07 17 nan nan nan
2011 07 18 nan nan nan
2011 07 19 nan nan nan
2011 07 20 nan nan nan
2011 07 21 nan nan nan
2011 07 22 nan nan nan
2011 07 23 nan nan nan
2011 07 24 nan nan nan
2011 07 25 nan nan nan
2011 07 26 nan nan nan
2011 07 27 nan nan nan
2011 07 28 nan nan nan
2011 07 29 nan nan nan
2011 07 30 nan nan nan
2011 07 31 nan nan nan
2011 08 01 nan nan nan
2011 08 02 nan nan nan
2011 08 03 nan nan nan
2011 08 04 nan nan nan
2011 08 05 nan nan nan
2011 08 06 nan nan nan
2011 08 07 nan nan nan
2011 08 08 nan nan nan
2011 08 09 nan nan nan
2011 08 10 nan nan nan
2011 08 11 nan nan nan
2011 08 12 nan nan nan
2011 08 13 nan nan nan
2011 08 14 nan nan nan
2011 08 15 nan nan nan
2011 08 16 nan nan nan
2011 08 17 nan nan nan
2011 08 18 nan nan nan
2011 08 19 nan nan nan
2011 08 20 nan nan nan
2011 08 21 nan nan nan
2011 08 22 nan nan nan
2011 08 23 nan nan nan
2011 08 24 nan nan nan
2011 08 25 nan nan nan
2011 08 26 nan nan nan
2011 08 27 nan nan nan
2011 08 28 nan nan nan
2011 08 29 nan nan nan
2011 08 30 nan nan nan
2011 08 31 nan nan nan
2011 09 01 nan nan nan
2011 09 02 nan nan nan
2011 09 03 nan nan nan
2011 09 04 nan nan nan
2011 09 05 nan nan nan
2011 09 06 nan nan nan
2011 09 07 nan nan nan
2011 09 08 nan nan nan
2011 09 09 nan nan nan
2011 09 10 nan nan nan
2011 09 11 nan nan nan
2011 09 12 nan nan nan
2011 09 13 nan nan nan
2011 09 14 nan nan nan
2011 09 15 nan nan nan
2011 09 16 nan nan nan
2011 09 17 nan nan nan
2011 09 18 nan nan nan
2011 09 19 nan nan nan
2011 09 20 nan nan nan
2011 09 21 nan nan nan
2011 09 22 nan nan nan
2011 09 23 nan nan nan
2011 09 24 nan nan nan
2011 09 25 nan nan nan
2011 09 26 nan nan nan
2011 09 27 nan nan nan
2011 09 28 nan nan nan
2011 09 29 nan nan nan
2011 09 30 nan nan nan
2011 10 01 nan nan nan
2011 10 02 nan nan nan
2011 10 03 nan nan nan
2011 10 04 nan nan nan
2011 10 05 nan nan nan
2011 10 06 nan nan nan
2011 10 07 nan nan nan
2011 10 08 nan nan nan
2011 10 09 nan nan nan
2011 10 10 nan nan nan
2011 10 11 nan nan nan
2011 10 12 nan nan nan
2011 10 13 nan nan nan
2011 10 14 nan nan nan
2011 10 15 nan nan nan
2011 10 16 nan nan nan
2011 10 17 nan nan nan
2011 10 18 nan nan nan
2011 10 19 nan nan nan
2011 10 20 nan nan nan
2011 10 21 nan nan nan
2011 10 22 nan nan nan
2011 10 23 nan nan nan
2011 10 24 nan nan nan
2011 10 25 nan nan nan
2011 10 26 nan nan nan
2011 10 27 nan nan nan
2011 10 28 nan nan nan
2011 10 29 nan nan nan
2011 10 30 nan nan nan
2011 10 31 nan nan nan
2011 11 01 nan nan nan
2011 11 02 nan nan nan
2011 11 03 nan nan nan
2011 11 04 nan nan nan
2011 11 05 nan nan nan
2011 11 06 nan nan nan
2011 11 07 nan nan nan
2011 11 08 nan nan nan
2011 11 09 nan nan nan
2011 11 10 nan nan nan
2011 11 11 nan nan nan
2011 11 12 nan nan nan
2011 11 13 nan nan nan
2011 11 14 nan nan nan
2011 11 15 nan nan nan
2011 11 16 nan nan nan
2011 11 17 nan nan nan
2011 11 18 nan nan nan
2011 11 19 nan nan nan
2011 11 20 nan nan nan
2011 11 21 nan nan nan
2011 11 22 nan nan nan
2011 11 23 nan nan nan
2011 11 24 nan nan nan
2011 11 25 nan nan nan
2011 11 26 nan nan nan
2011 11 27 nan nan nan
2011 11 28 nan nan nan
2011 11 29 nan nan nan
2011 11 30 nan nan nan
2011 12 01 nan nan nan
2011 12 02 nan nan nan
2011 12 03 nan nan nan
2011 12 04 nan nan nan
2011 12 05 nan nan nan
2011 12 06 nan nan nan
2011 12 07 nan nan nan
2011 12 08 nan nan nan
2011 12 09 nan nan nan
2011 12 10 nan nan nan
2011 12 11 nan nan nan
2011 12 12 nan nan nan
2011 12 13 nan nan nan
2011 12 14 nan nan nan
2011 12 15 nan nan nan
2011 12 16 nan nan nan
2011 12 17 nan nan nan
2011 12 18 nan nan nan
2011 12 19 nan nan nan
2011 12 20 nan nan nan
2011 12 21 nan nan nan
2011 12 22 nan nan nan
2011 12 23 nan nan nan
2011 12 24 nan nan nan
2011 12 25 nan nan nan
2011 12 26 nan nan nan
2011 12 27 nan nan nan
2011 12 28 nan nan nan
2011 12 29 nan nan nan
2011 12 30 nan nan nan
2011 12 31 nan nan nan
2012 01 01 nan nan nan
2012 01 02 nan nan nan
2012 01 03 nan nan nan
2012 01 04 nan nan nan
2012 01 05 41.057000 1 1
2012 01 06 37.483000 1 1
2012 01 07 33.123000 1 1
2012 01 08 35.665000 1 1
2012 01 09 35.682000 1 1
2012 01 10 37.909000 1 1
2012 01 11 33.465000 1 1
2012 01 12 31.848000 1 1
2012 01 13 26.990000 1 1
2012 01 14 24.987000 1 1
2012 01 15 23.273000 1 1
2012 01 16 22.083000 1 1
2012 01 17 21.083000 1 1
2012 01 18 20.245000 1 1
2012 01 19 19.614000 1 1
2012 01 20 18.950000 1 1
2012 01 21 18.523000 1 1
2012 01 22 18.187000 1 1
2012 01 23 17.537000 1 1
2012 01 24 17.024000 1 1
2012 01 25 17.166000 1 1
2012 01 26 16.382000 1 1
2012 01 27 16.061000 1 1
2012 01 28 15.896000 1 1
2012 01 29 16.627000 1 1
2012 01 30 17.008000 1 1
2012 01 31 16.755000 1 1
2012 02 01 15.710000 1 1
2012 02 02 15.004000 1 1
2012 02 03 14.288000 1 1
2012 02 04 14.257000 1 1
2012 02 05 13.811000 1 1
2012 02 06 13.482000 1 1
2012 02 07 13.346000 1 1
2012 02 08 13.122000 1 1
2012 02 09 13.928000 1 1
2012 02 10 14.366000 1 1
2012 02 11 13.255000 1 1
2012 02 12 12.877000 1 1
2012 02 13 12.977000 1 1
2012 02 14 12.751000 1 1
2012 02 15 12.565000 1 1
2012 02 16 14.193000 1 1
2012 02 17 nan nan 1
2012 02 18 nan nan 1
2012 02 19 nan nan 1
2012 02 20 nan nan 1
2012 02 21 nan nan 1
2012 02 22 nan nan 1
2012 02 23 nan nan 1
2012 02 24 nan nan 1
2012 02 25 nan nan 1
2012 02 26 nan nan 1
2012 02 27 nan nan 1
2012 02 28 nan nan 1
2012 02 29 nan nan 1
2012 03 01 nan nan 1
2012 03 02 nan nan 1
2012 03 03 nan nan 1
2012 03 04 nan nan 1
2012 03 05 nan nan 1
2012 03 06 nan nan 1
2012 03 07 nan nan 1
2012 03 08 nan nan 1
2012 03 09 nan nan 1
2012 03 10 nan nan 1
2012 03 11 nan nan 1
2012 03 12 nan nan 1
2012 03 13 nan nan 1
2012 03 14 nan nan 1
2012 03 15 nan nan 1
2012 03 16 nan nan 1
2012 03 17 nan nan 1
2012 03 18 nan nan nan
2012 03 19 nan nan nan
2012 03 20 nan nan nan
2012 03 21 nan nan 1
2012 03 22 9.834000 1 1
2012 03 23 9.417000 1 1
2012 03 24 9.684000 1 1
2012 03 25 10.044000 1 1
2012 03 26 14.408000 1 1
2012 03 27 10.759000 1 1
2012 03 28 9.664000 1 1
2012 03 29 12.177000 1 1
2012 03 30 14.497000 1 1
2012 03 31 12.620000 1 1
2012 04 01 12.026000 1 1
2012 04 02 10.410000 1 1
2012 04 03 9.753000 1 1
2012 04 04 9.472000 1 1
2012 04 05 9.345000 1 1
2012 04 06 9.397000 1 1
2012 04 07 16.927000 1 1
2012 04 08 11.654000 1 1
2012 04 09 11.193000 1 1
2012 04 10 10.212000 1 1
2012 04 11 9.491000 1 1
2012 04 12 10.538000 1 1
2012 04 13 10.282000 1 1
2012 04 14 9.492000 1 1
2012 04 15 9.000000 1 1
2012 04 16 9.285000 1 1
2012 04 17 11.851000 1 1
2012 04 18 9.710000 1 1
2012 04 19 8.854000 1 1
2012 04 20 8.561000 1 1
2012 04 21 8.343000 1 1
2012 04 22 8.321000 1 1
2012 04 23 10.012000 1 1
2012 04 24 11.484000 1 1
2012 04 25 nan nan nan
2012 04 26 nan nan nan
2012 04 27 nan nan nan
2012 04 28 nan nan nan
2012 04 29 nan nan nan
2012 04 30 nan nan nan
2012 05 01 nan nan nan
2012 05 02 nan nan nan
2012 05 03 nan nan nan
2012 05 04 nan nan nan
2012 05 05 nan nan nan
2012 05 06 nan nan nan
2012 05 07 nan nan nan
2012 05 08 nan nan nan
2012 05 09 nan nan nan
2012 05 10 nan nan nan
2012 05 11 nan nan nan
2012 05 12 nan nan nan
2012 05 13 nan nan nan
2012 05 14 nan nan nan
2012 05 15 nan nan nan
2012 05 16 nan nan nan
2012 05 17 nan nan nan
2012 05 18 nan nan nan
2012 05 19 nan nan nan
2012 05 20 nan nan nan
2012 05 21 nan nan nan
2012 05 22 nan nan nan
2012 05 23 nan nan nan
2012 05 24 nan nan nan
2012 05 25 nan nan nan
2012 05 26 nan nan nan
2012 05 27 nan nan nan
2012 05 28 nan nan nan
2012 05 29 nan nan nan
2012 05 30 nan nan nan
2012 05 31 nan nan nan
2012 06 01 nan nan nan
2012 06 02 nan nan nan
2012 06 03 nan nan nan
2012 06 04 nan nan nan
2012 06 05 nan nan nan
2012 06 06 nan nan nan
2012 06 07 nan nan nan
2012 06 08 nan nan nan
2012 06 09 nan nan nan
2012 06 10 nan nan nan
2012 06 11 nan nan nan
2012 06 12 nan nan nan
2012 06 13 nan nan nan
2012 06 14 nan nan nan
2012 06 15 nan nan nan
2012 06 16 nan nan nan
2012 06 17 nan nan nan
2012 06 18 nan nan nan
2012 06 19 nan nan nan
2012 06 20 nan nan nan
2012 06 21 nan nan nan
2012 06 22 nan nan nan
2012 06 23 nan nan nan
2012 06 24 nan nan nan
2012 06 25 nan nan nan
2012 06 26 nan nan nan
2012 06 27 nan nan nan
2012 06 28 nan nan nan
2012 06 29 nan nan nan
2012 06 30 nan nan nan
2012 07 01 5.421000 1 1
2012 07 02 5.347000 1 1
2012 07 03 5.294000 1 1
2012 07 04 5.150000 1 1
2012 07 05 5.231000 1 1
2012 07 06 5.350000 1 1
2012 07 07 5.264000 1 1
2012 07 08 5.144000 1 1
2012 07 09 5.068000 1 1
2012 07 10 4.912000 1 1
2012 07 11 4.845000 1 1
2012 07 12 4.884000 1 1
2012 07 13 4.825000 1 1
2012 07 14 4.752000 1 1
2012 07 15 4.742000 1 1
2012 07 16 4.732000 1 1
2012 07 17 4.708000 1 1
2012 07 18 4.849000 1 1
2012 07 19 5.057000 1 1
2012 07 20 4.849000 1 1
2012 07 21 4.724000 1 1
2012 07 22 4.677000 1 1
2012 07 23 4.546000 1 1
2012 07 24 4.380000 1 1
2012 07 25 4.287000 1 1
2012 07 26 4.270000 1 1
2012 07 27 4.246000 1 1
2012 07 28 4.232000 1 1
2012 07 29 4.208000 1 1
2012 07 30 4.202000 1 1
2012 07 31 4.199000 1 1
2012 08 01 4.173000 1 1
2012 08 02 4.237000 1 1
2012 08 03 4.243000 1 1
2012 08 04 4.181000 1 1
2012 08 05 4.179000 1 1
2012 08 06 4.133000 1 1
2012 08 07 4.114000 1 1
2012 08 08 4.138000 1 1
2012 08 09 4.117000 1 1
2012 08 10 4.083000 1 1
2012 08 11 4.029000 1 1
2012 08 12 3.999000 1 1
2012 08 13 4.031000 1 1
2012 08 14 4.054000 1 1
2012 08 15 4.274000 1 1
2012 08 16 4.224000 1 1
2012 08 17 4.232000 1 1
2012 08 18 4.238000 1 1
2012 08 19 4.142000 1 1
2012 08 20 4.093000 1 1
2012 08 21 4.048000 1 1
2012 08 22 4.071000 1 1
2012 08 23 4.514000 1 1
2012 08 24 5.678000 1 1
2012 08 25 5.660000 1 1
2012 08 26 5.504000 1 1
2012 08 27 5.549000 1 1
2012 08 28 5.522000 1 1
2012 08 29 5.444000 1 1
2012 08 30 5.494000 1 1
2012 08 31 5.640000 1 1
2012 09 01 5.310000 1 1
2012 09 02 5.205000 1 1
2012 09 03 5.098000 1 1
2012 09 04 4.956000 1 1
2012 09 05 4.825000 1 1
2012 09 06 4.851000 1 1
2012 09 07 4.811000 1 1
2012 09 08 4.720000 1 1
2012 09 09 4.710000 1 1
2012 09 10 4.732000 1 1
2012 09 11 4.605000 1 1
2012 09 12 4.485000 1 1
2012 09 13 4.402000 1 1
2012 09 14 4.320000 1 1
2012 09 15 4.409000 1 1
2012 09 16 4.431000 1 1
2012 09 17 4.356000 1 1
2012 09 18 4.368000 1 1
2012 09 19 4.338000 1 1
2012 09 20 4.294000 1 1
2012 09 21 4.260000 1 1
2012 09 22 4.952000 1 1
2012 09 23 5.476000 1 1
2012 09 24 5.069000 1 1
2012 09 25 4.956000 1 1
2012 09 26 4.926000 1 1
2012 09 27 4.866000 1 1
2012 09 28 4.574000 1 1
2012 09 29 4.282000 1 1
2012 09 30 4.220000 1 1
2012 10 01 4.250000 1 1
2012 10 02 4.227000 1 1
2012 10 03 4.165000 1 1
2012 10 04 4.121000 1 1
2012 10 05 4.125000 1 1
2012 10 06 4.083000 1 1
2012 10 07 3.988000 1 1
2012 10 08 3.978000 1 1
2012 10 09 4.006000 1 1
2012 10 10 4.010000 1 1
2012 10 11 4.049000 1 1
2012 10 12 3.964000 1 1
2012 10 13 9.325000 1 1
2012 10 14 10.716000 1 1
2012 10 15 6.959000 1 1
2012 10 16 5.805000 1 1
2012 10 17 5.379000 1 1
2012 10 18 5.076000 1 1
2012 10 19 6.831000 1 1
2012 10 20 16.740000 1 1
2012 10 21 10.341000 1 1
2012 10 22 7.159000 1 1
2012 10 23 6.022000 1 1
2012 10 24 6.010000 1 1
2012 10 25 5.872000 1 1
2012 10 26 5.134000 1 1
2012 10 27 4.634000 1 1
2012 10 28 4.330000 1 1
2012 10 29 4.276000 1 1
2012 10 30 4.298000 1 1
2012 10 31 4.431000 1 1
2012 11 01 4.403000 1 1
2012 11 02 11.492000 1 1
2012 11 03 14.765000 1 1
2012 11 04 18.235000 1 1
2012 11 05 19.007000 1 1
2012 11 06 14.405000 1 1
2012 11 07 12.768000 1 1
2012 11 08 9.762000 1 1
2012 11 09 10.107000 1 1
2012 11 10 12.488000 1 1
2012 11 11 15.474000 1 1
2012 11 12 13.697000 1 1
2012 11 13 13.485000 1 1
2012 11 14 24.366000 1 1
2012 11 15 17.954000 1 1
2012 11 16 17.625000 1 1
2012 11 17 14.801000 1 1
2012 11 18 12.085000 1 1
2012 11 19 10.570000 1 1
2012 11 20 9.819000 1 1
2012 11 21 10.958000 1 1
2012 11 22 10.029000 1 1
2012 11 23 8.548000 1 1
2012 11 24 7.882000 1 1
2012 11 25 10.452000 1 1
2012 11 26 24.849000 1 1
2012 11 27 16.444000 1 1
2012 11 28 14.569000 1 1
2012 11 29 15.549000 1 1
2012 11 30 13.273000 1 1
2012 12 01 11.663000 1 1
2012 12 02 12.555000 1 1
2012 12 03 11.245000 1 1
2012 12 04 10.538000 1 1
2012 12 05 11.403000 1 1
2012 12 06 10.299000 1 1
2012 12 07 8.951000 1 1
2012 12 08 8.100000 1 1
2012 12 09 7.733000 1 1
2012 12 10 15.596000 1 1
2012 12 11 21.011000 1 1
2012 12 12 14.778000 1 1
2012 12 13 14.454000 1 1
2012 12 14 11.593000 1 1
2012 12 15 12.362000 1 1
2012 12 16 11.943000 1 1
2012 12 17 9.934000 1 1
2012 12 18 9.250000 1 1
2012 12 19 8.908000 1 1
2012 12 20 9.733000 1 1
2012 12 21 8.969000 1 1
2012 12 22 8.351000 1 1
2012 12 23 10.690000 1 1
2012 12 24 10.075000 1 1
2012 12 25 8.831000 1 1
2012 12 26 6.889000 1 1
2012 12 27 6.018000 1 1
2012 12 28 8.090000 1 1
2012 12 29 8.438000 1 1
2012 12 30 8.036000 1 1
2012 12 31 6.989000 1 1
