year month day streamflow_m3s qual_control_by_ana qual_flag
2013 05 01 nan nan nan
2013 05 02 nan nan nan
2013 05 03 nan nan nan
2013 05 04 nan nan nan
2013 05 05 nan nan nan
2013 05 06 nan nan nan
2013 05 07 nan nan nan
2013 05 08 nan nan nan
2013 05 09 nan nan nan
2013 05 10 nan nan nan
2013 05 11 nan nan nan
2013 05 12 nan nan nan
2013 05 13 nan nan nan
2013 05 14 nan nan nan
2013 05 15 nan nan nan
2013 05 16 nan nan nan
2013 05 17 nan nan nan
2013 05 18 nan nan nan
2013 05 19 14.600000 0 1
2013 05 20 14.389000 0 1
2013 05 21 13.972000 0 1
2013 05 22 13.972000 0 1
2013 05 23 14.389000 0 1
2013 05 24 15.456000 0 1
2013 05 25 16.112000 0 1
2013 05 26 16.112000 0 1
2013 05 27 16.112000 0 1
2013 05 28 16.112000 0 1
2013 05 29 16.112000 0 1
2013 05 30 16.333000 0 1
2013 05 31 16.333000 0 1
2013 06 01 16.333000 0 1
2013 06 02 16.556000 0 1
2013 06 03 16.556000 0 1
2013 06 04 16.444000 0 1
2013 06 05 16.333000 0 1
2013 06 06 16.333000 0 1
2013 06 07 16.112000 0 1
2013 06 08 16.112000 0 1
2013 06 09 16.112000 0 1
2013 06 10 16.112000 0 1
2013 06 11 15.892000 0 1
2013 06 12 15.892000 0 1
2013 06 13 15.673000 0 1
2013 06 14 15.673000 0 1
2013 06 15 15.673000 0 1
2013 06 16 15.456000 0 1
2013 06 17 15.456000 0 1
2013 06 18 15.456000 0 1
2013 06 19 15.456000 0 1
2013 06 20 15.240000 0 1
2013 06 21 15.240000 0 1
2013 06 22 15.240000 0 1
2013 06 23 15.025000 0 1
2013 06 24 14.812000 0 1
2013 06 25 14.600000 0 1
2013 06 26 14.389000 0 1
2013 06 27 14.180000 0 1
2013 06 28 13.972000 0 1
2013 06 29 13.972000 0 1
2013 06 30 13.972000 0 1
2013 07 01 13.766000 0 1
2013 07 02 13.766000 0 1
2013 07 03 13.766000 0 1
2013 07 04 13.766000 0 1
2013 07 05 13.766000 0 1
2013 07 06 13.766000 0 1
2013 07 07 13.766000 0 1
2013 07 08 13.766000 0 1
2013 07 09 13.766000 0 1
2013 07 10 13.766000 0 1
2013 07 11 13.766000 0 1
2013 07 12 13.766000 0 1
2013 07 13 13.766000 0 1
2013 07 14 13.766000 0 1
2013 07 15 13.766000 0 1
2013 07 16 13.766000 0 1
2013 07 17 13.766000 0 1
2013 07 18 13.766000 0 1
2013 07 19 13.766000 0 1
2013 07 20 13.766000 0 1
2013 07 21 13.560000 0 1
2013 07 22 13.560000 0 1
2013 07 23 13.560000 0 1
2013 07 24 13.560000 0 1
2013 07 25 13.766000 0 1
2013 07 26 13.766000 0 1
2013 07 27 13.972000 0 1
2013 07 28 13.972000 0 1
2013 07 29 13.972000 0 1
2013 07 30 13.972000 0 1
2013 07 31 13.972000 0 1
2013 08 01 13.766000 0 1
2013 08 02 13.766000 0 1
2013 08 03 13.972000 0 1
2013 08 04 13.869000 0 1
2013 08 05 13.766000 0 1
2013 08 06 13.560000 0 1
2013 08 07 13.560000 0 1
2013 08 08 13.560000 0 1
2013 08 09 13.356000 0 1
2013 08 10 13.255000 0 1
2013 08 11 13.154000 0 1
2013 08 12 12.953000 0 1
2013 08 13 12.953000 0 1
2013 08 14 12.953000 0 1
2013 08 15 12.953000 0 1
2013 08 16 12.953000 0 1
2013 08 17 13.154000 0 1
2013 08 18 13.154000 0 1
2013 08 19 12.953000 0 1
2013 08 20 12.753000 0 1
2013 08 21 12.753000 0 1
2013 08 22 12.753000 0 1
2013 08 23 12.554000 0 1
2013 08 24 12.554000 0 1
2013 08 25 12.753000 0 1
2013 08 26 12.753000 0 1
2013 08 27 12.554000 0 1
2013 08 28 12.456000 0 1
2013 08 29 12.358000 0 1
2013 08 30 12.162000 0 1
2013 08 31 11.967000 0 1
2013 09 01 11.774000 0 1
2013 09 02 11.774000 0 1
2013 09 03 11.774000 0 1
2013 09 04 11.774000 0 1
2013 09 05 11.774000 0 1
2013 09 06 11.583000 0 1
2013 09 07 11.583000 0 1
2013 09 08 11.583000 0 1
2013 09 09 11.583000 0 1
2013 09 10 11.583000 0 1
2013 09 11 11.583000 0 1
2013 09 12 11.583000 0 1
2013 09 13 11.583000 0 1
2013 09 14 11.393000 0 1
2013 09 15 11.393000 0 1
2013 09 16 11.393000 0 1
2013 09 17 11.298000 0 1
2013 09 18 11.204000 0 1
2013 09 19 11.204000 0 1
2013 09 20 11.204000 0 1
2013 09 21 11.204000 0 1
2013 09 22 11.204000 0 1
2013 09 23 11.204000 0 1
2013 09 24 11.016000 0 1
2013 09 25 11.016000 0 1
2013 09 26 10.830000 0 1
2013 09 27 10.830000 0 1
2013 09 28 10.830000 0 1
2013 09 29 10.830000 0 1
2013 09 30 10.646000 0 1
2013 10 01 10.923000 0 1
2013 10 02 11.298000 0 1
2013 10 03 12.064000 0 1
2013 10 04 12.554000 0 1
2013 10 05 13.560000 0 1
2013 10 06 14.812000 0 1
2013 10 07 15.782000 0 1
2013 10 08 16.112000 0 1
2013 10 09 16.333000 0 1
2013 10 10 16.112000 0 1
2013 10 11 16.112000 0 1
2013 10 12 16.112000 0 1
2013 10 13 16.112000 0 1
2013 10 14 15.892000 0 1
2013 10 15 15.892000 0 1
2013 10 16 15.673000 0 1
2013 10 17 15.456000 0 1
2013 10 18 15.240000 0 1
2013 10 19 15.456000 0 1
2013 10 20 15.240000 0 1
2013 10 21 15.025000 0 1
2013 10 22 14.812000 0 1
2013 10 23 14.812000 0 1
2013 10 24 14.600000 0 1
2013 10 25 14.389000 0 1
2013 10 26 14.180000 0 1
2013 10 27 13.972000 0 1
2013 10 28 13.766000 0 1
2013 10 29 13.560000 0 1
2013 10 30 13.255000 0 1
2013 10 31 13.053000 0 1
2013 11 01 nan nan nan
2013 11 02 nan nan nan
2013 11 03 nan nan nan
2013 11 04 nan nan nan
2013 11 05 nan nan nan
2013 11 06 nan nan nan
2013 11 07 nan nan nan
2013 11 08 nan nan nan
2013 11 09 nan nan nan
2013 11 10 nan nan nan
2013 11 11 nan nan nan
2013 11 12 nan nan nan
2013 11 13 nan nan nan
2013 11 14 nan nan nan
2013 11 15 nan nan nan
2013 11 16 nan nan nan
2013 11 17 nan nan nan
2013 11 18 nan nan nan
2013 11 19 nan nan nan
2013 11 20 nan nan nan
2013 11 21 nan nan nan
2013 11 22 nan nan nan
2013 11 23 nan nan nan
2013 11 24 nan nan nan
2013 11 25 nan nan nan
2013 11 26 nan nan nan
2013 11 27 nan nan nan
2013 11 28 nan nan nan
2013 11 29 nan nan nan
2013 11 30 nan nan nan
2013 12 01 nan nan nan
2013 12 02 nan nan nan
2013 12 03 nan nan nan
2013 12 04 nan nan nan
2013 12 05 nan nan nan
2013 12 06 nan nan nan
2013 12 07 nan nan nan
2013 12 08 nan nan nan
2013 12 09 nan nan nan
2013 12 10 nan nan nan
2013 12 11 nan nan nan
2013 12 12 nan nan nan
2013 12 13 nan nan nan
2013 12 14 nan nan nan
2013 12 15 nan nan nan
2013 12 16 nan nan nan
2013 12 17 nan nan nan
2013 12 18 nan nan nan
2013 12 19 nan nan nan
2013 12 20 nan nan nan
2013 12 21 nan nan nan
2013 12 22 nan nan nan
2013 12 23 nan nan nan
2013 12 24 nan nan nan
2013 12 25 nan nan nan
2013 12 26 nan nan nan
2013 12 27 nan nan nan
2013 12 28 nan nan nan
2013 12 29 nan nan nan
2013 12 30 nan nan nan
2013 12 31 nan nan nan
2014 01 01 nan nan nan
2014 01 02 nan nan nan
2014 01 03 nan nan nan
2014 01 04 nan nan nan
2014 01 05 nan nan nan
2014 01 06 nan nan nan
2014 01 07 nan nan nan
2014 01 08 nan nan nan
2014 01 09 nan nan nan
2014 01 10 nan nan nan
2014 01 11 nan nan nan
2014 01 12 nan nan nan
2014 01 13 nan nan nan
2014 01 14 nan nan nan
2014 01 15 nan nan nan
2014 01 16 nan nan nan
2014 01 17 nan nan nan
2014 01 18 nan nan nan
2014 01 19 nan nan nan
2014 01 20 nan nan nan
2014 01 21 nan nan nan
2014 01 22 nan nan nan
2014 01 23 nan nan nan
2014 01 24 nan nan nan
2014 01 25 nan nan nan
2014 01 26 nan nan nan
2014 01 27 nan nan nan
2014 01 28 nan nan nan
2014 01 29 nan nan nan
2014 01 30 nan nan nan
2014 01 31 nan nan nan
2014 02 01 nan nan nan
2014 02 02 nan nan nan
2014 02 03 nan nan nan
2014 02 04 nan nan nan
2014 02 05 nan nan nan
2014 02 06 nan nan nan
2014 02 07 nan nan nan
2014 02 08 nan nan nan
2014 02 09 nan nan nan
2014 02 10 nan nan nan
2014 02 11 nan nan nan
2014 02 12 nan nan nan
2014 02 13 nan nan nan
2014 02 14 nan nan nan
2014 02 15 nan nan nan
2014 02 16 nan nan nan
2014 02 17 nan nan nan
2014 02 18 nan nan nan
2014 02 19 nan nan nan
2014 02 20 nan nan nan
2014 02 21 nan nan nan
2014 02 22 nan nan nan
2014 02 23 nan nan nan
2014 02 24 nan nan nan
2014 02 25 nan nan nan
2014 02 26 nan nan nan
2014 02 27 nan nan nan
2014 02 28 nan nan nan
2014 03 01 nan nan nan
2014 03 02 nan nan nan
2014 03 03 nan nan nan
2014 03 04 nan nan nan
2014 03 05 nan nan nan
2014 03 06 nan nan nan
2014 03 07 nan nan nan
2014 03 08 nan nan nan
2014 03 09 nan nan nan
2014 03 10 nan nan nan
2014 03 11 nan nan nan
2014 03 12 nan nan nan
2014 03 13 nan nan nan
2014 03 14 nan nan nan
2014 03 15 nan nan nan
2014 03 16 nan nan nan
2014 03 17 nan nan nan
2014 03 18 nan nan nan
2014 03 19 nan nan nan
2014 03 20 nan nan nan
2014 03 21 nan nan nan
2014 03 22 nan nan nan
2014 03 23 nan nan nan
2014 03 24 nan nan nan
2014 03 25 nan nan nan
2014 03 26 nan nan nan
2014 03 27 nan nan nan
2014 03 28 nan nan nan
2014 03 29 nan nan nan
2014 03 30 nan nan nan
2014 03 31 nan nan nan
2014 04 01 nan nan nan
2014 04 02 nan nan nan
2014 04 03 nan nan nan
2014 04 04 nan nan nan
2014 04 05 nan nan nan
2014 04 06 nan nan nan
2014 04 07 nan nan nan
2014 04 08 nan nan nan
2014 04 09 nan nan nan
2014 04 10 nan nan nan
2014 04 11 nan nan nan
2014 04 12 nan nan nan
2014 04 13 nan nan nan
2014 04 14 nan nan nan
2014 04 15 nan nan nan
2014 04 16 nan nan nan
2014 04 17 nan nan nan
2014 04 18 nan nan nan
2014 04 19 nan nan nan
2014 04 20 nan nan nan
2014 04 21 nan nan nan
2014 04 22 nan nan nan
2014 04 23 nan nan nan
2014 04 24 nan nan nan
2014 04 25 nan nan nan
2014 04 26 nan nan nan
2014 04 27 nan nan nan
2014 04 28 nan nan nan
2014 04 29 nan nan nan
2014 04 30 nan nan nan
2014 05 01 nan nan nan
2014 05 02 nan nan nan
2014 05 03 nan nan nan
2014 05 04 nan nan nan
2014 05 05 nan nan nan
2014 05 06 nan nan nan
2014 05 07 nan nan nan
2014 05 08 nan nan nan
2014 05 09 nan nan nan
2014 05 10 nan nan nan
2014 05 11 nan nan nan
2014 05 12 nan nan nan
2014 05 13 nan nan nan
2014 05 14 nan nan nan
2014 05 15 nan nan nan
2014 05 16 nan nan nan
2014 05 17 nan nan nan
2014 05 18 nan nan nan
2014 05 19 nan nan nan
2014 05 20 nan nan nan
2014 05 21 nan nan nan
2014 05 22 nan nan nan
2014 05 23 nan nan nan
2014 05 24 nan nan nan
2014 05 25 nan nan nan
2014 05 26 nan nan nan
2014 05 27 nan nan nan
2014 05 28 nan nan nan
2014 05 29 nan nan nan
2014 05 30 nan nan nan
2014 05 31 nan nan nan
2014 06 01 nan nan nan
2014 06 02 nan nan nan
2014 06 03 nan nan nan
2014 06 04 nan nan nan
2014 06 05 nan nan nan
2014 06 06 nan nan nan
2014 06 07 nan nan nan
2014 06 08 nan nan nan
2014 06 09 nan nan nan
2014 06 10 nan nan nan
2014 06 11 nan nan nan
2014 06 12 nan nan nan
2014 06 13 nan nan nan
2014 06 14 nan nan nan
2014 06 15 nan nan nan
2014 06 16 nan nan nan
2014 06 17 nan nan nan
2014 06 18 nan nan nan
2014 06 19 nan nan nan
2014 06 20 nan nan nan
2014 06 21 nan nan nan
2014 06 22 nan nan nan
2014 06 23 nan nan nan
2014 06 24 nan nan nan
2014 06 25 nan nan nan
2014 06 26 nan nan nan
2014 06 27 nan nan nan
2014 06 28 nan nan nan
2014 06 29 nan nan nan
2014 06 30 nan nan nan
2014 07 01 nan nan nan
2014 07 02 nan nan nan
2014 07 03 nan nan nan
2014 07 04 nan nan nan
2014 07 05 nan nan nan
2014 07 06 nan nan nan
2014 07 07 nan nan nan
2014 07 08 nan nan nan
2014 07 09 nan nan nan
2014 07 10 nan nan nan
2014 07 11 nan nan nan
2014 07 12 nan nan nan
2014 07 13 nan nan nan
2014 07 14 nan nan nan
2014 07 15 nan nan nan
2014 07 16 nan nan nan
2014 07 17 nan nan nan
2014 07 18 nan nan nan
2014 07 19 nan nan nan
2014 07 20 nan nan nan
2014 07 21 nan nan nan
2014 07 22 nan nan nan
2014 07 23 nan nan nan
2014 07 24 nan nan nan
2014 07 25 nan nan nan
2014 07 26 nan nan nan
2014 07 27 nan nan nan
2014 07 28 nan nan nan
2014 07 29 nan nan nan
2014 07 30 nan nan nan
2014 07 31 nan nan nan
2014 08 01 nan nan nan
2014 08 02 nan nan nan
2014 08 03 nan nan nan
2014 08 04 nan nan nan
2014 08 05 nan nan nan
2014 08 06 nan nan nan
2014 08 07 nan nan nan
2014 08 08 nan nan nan
2014 08 09 nan nan nan
2014 08 10 nan nan nan
2014 08 11 nan nan nan
2014 08 12 nan nan nan
2014 08 13 nan nan nan
2014 08 14 nan nan nan
2014 08 15 nan nan nan
2014 08 16 nan nan nan
2014 08 17 nan nan nan
2014 08 18 nan nan nan
2014 08 19 nan nan nan
2014 08 20 nan nan nan
2014 08 21 nan nan nan
2014 08 22 nan nan nan
2014 08 23 nan nan nan
2014 08 24 nan nan nan
2014 08 25 nan nan nan
2014 08 26 nan nan nan
2014 08 27 nan nan nan
2014 08 28 nan nan nan
2014 08 29 nan nan nan
2014 08 30 nan nan nan
2014 08 31 nan nan nan
2014 09 01 nan nan nan
2014 09 02 nan nan nan
2014 09 03 nan nan nan
2014 09 04 nan nan nan
2014 09 05 nan nan nan
2014 09 06 nan nan nan
2014 09 07 nan nan nan
2014 09 08 nan nan nan
2014 09 09 nan nan nan
2014 09 10 nan nan nan
2014 09 11 nan nan nan
2014 09 12 nan nan nan
2014 09 13 nan nan nan
2014 09 14 nan nan nan
2014 09 15 nan nan nan
2014 09 16 nan nan nan
2014 09 17 nan nan nan
2014 09 18 nan nan nan
2014 09 19 nan nan nan
2014 09 20 nan nan nan
2014 09 21 nan nan nan
2014 09 22 nan nan nan
2014 09 23 nan nan nan
2014 09 24 nan nan nan
2014 09 25 nan nan nan
2014 09 26 nan nan nan
2014 09 27 nan nan nan
2014 09 28 nan nan nan
2014 09 29 nan nan nan
2014 09 30 nan nan nan
2014 10 01 nan nan nan
2014 10 02 nan nan nan
2014 10 03 nan nan nan
2014 10 04 nan nan nan
2014 10 05 nan nan nan
2014 10 06 nan nan nan
2014 10 07 nan nan nan
2014 10 08 nan nan nan
2014 10 09 nan nan nan
2014 10 10 nan nan nan
2014 10 11 nan nan nan
2014 10 12 nan nan nan
2014 10 13 nan nan nan
2014 10 14 nan nan nan
2014 10 15 nan nan nan
2014 10 16 nan nan nan
2014 10 17 nan nan nan
2014 10 18 nan nan nan
2014 10 19 nan nan nan
2014 10 20 nan nan nan
2014 10 21 nan nan nan
2014 10 22 nan nan nan
2014 10 23 nan nan nan
2014 10 24 nan nan nan
2014 10 25 nan nan nan
2014 10 26 nan nan nan
2014 10 27 nan nan nan
2014 10 28 nan nan nan
2014 10 29 nan nan nan
2014 10 30 nan nan nan
2014 10 31 nan nan nan
2014 11 01 nan nan nan
2014 11 02 nan nan nan
2014 11 03 nan nan nan
2014 11 04 nan nan nan
2014 11 05 nan nan nan
2014 11 06 nan nan nan
2014 11 07 nan nan nan
2014 11 08 nan nan nan
2014 11 09 nan nan nan
2014 11 10 nan nan nan
2014 11 11 nan nan nan
2014 11 12 nan nan nan
2014 11 13 nan nan nan
2014 11 14 nan nan nan
2014 11 15 nan nan nan
2014 11 16 nan nan nan
2014 11 17 nan nan nan
2014 11 18 nan nan nan
2014 11 19 nan nan nan
2014 11 20 nan nan nan
2014 11 21 nan nan nan
2014 11 22 nan nan nan
2014 11 23 nan nan nan
2014 11 24 nan nan nan
2014 11 25 nan nan nan
2014 11 26 nan nan nan
2014 11 27 nan nan nan
2014 11 28 nan nan nan
2014 11 29 nan nan nan
2014 11 30 nan nan nan
2014 12 01 nan nan nan
2014 12 02 nan nan nan
2014 12 03 nan nan nan
2014 12 04 nan nan nan
2014 12 05 nan nan nan
2014 12 06 nan nan nan
2014 12 07 nan nan nan
2014 12 08 nan nan nan
2014 12 09 nan nan nan
2014 12 10 nan nan nan
2014 12 11 nan nan nan
2014 12 12 nan nan nan
2014 12 13 nan nan nan
2014 12 14 nan nan nan
2014 12 15 nan nan nan
2014 12 16 nan nan nan
2014 12 17 nan nan nan
2014 12 18 nan nan nan
2014 12 19 nan nan nan
2014 12 20 nan nan nan
2014 12 21 nan nan nan
2014 12 22 nan nan nan
2014 12 23 nan nan nan
2014 12 24 nan nan nan
2014 12 25 nan nan nan
2014 12 26 nan nan nan
2014 12 27 nan nan nan
2014 12 28 nan nan nan
2014 12 29 nan nan nan
2014 12 30 nan nan nan
2014 12 31 nan nan nan
2015 01 01 5.577000 0 0
2015 01 02 5.955000 0 0
2015 01 03 6.107000 0 0
2015 01 04 5.955000 0 0
2015 01 05 5.803000 0 0
2015 01 06 5.577000 0 0
2015 01 07 5.503000 0 0
2015 01 08 5.134000 0 0
2015 01 09 5.062000 0 0
2015 01 10 4.702000 0 0
2015 01 11 4.491000 0 0
2015 01 12 4.351000 0 0
2015 01 13 4.989000 0 0
2015 01 14 4.421000 0 0
2015 01 15 3.940000 0 0
2015 01 16 3.806000 0 0
2015 01 17 3.477000 0 0
2015 01 18 3.347000 0 0
2015 01 19 3.220000 0 0
2015 01 20 2.968000 0 0
2015 01 21 3.093000 0 0
2015 01 22 2.968000 0 0
2015 01 23 2.845000 0 0
2015 01 24 2.968000 0 0
2015 01 25 2.723000 0 0
2015 01 26 2.663000 0 0
2015 01 27 2.723000 0 0
2015 01 28 2.723000 0 0
2015 01 29 2.723000 0 0
2015 01 30 2.723000 0 0
2015 01 31 2.484000 0 0
2015 02 01 2.426000 0 1
2015 02 02 2.426000 0 1
2015 02 03 2.368000 0 1
2015 02 04 2.603000 0 1
2015 02 05 7.371000 0 1
2015 02 06 11.732000 0 1
2015 02 07 13.634000 0 1
2015 02 08 13.151000 0 1
2015 02 09 13.829000 0 1
2015 02 10 13.441000 0 1
2015 02 11 12.012000 0 1
2015 02 12 13.055000 0 1
2015 02 13 13.441000 0 1
2015 02 14 10.813000 0 1
2015 02 15 8.701000 0 1
2015 02 16 7.371000 0 1
2015 02 17 7.128000 0 1
2015 02 18 6.573000 0 1
2015 02 19 5.803000 0 1
2015 02 20 5.062000 0 1
2015 02 21 4.491000 0 1
2015 02 22 4.351000 0 1
2015 02 23 4.491000 0 1
2015 02 24 4.351000 0 1
2015 02 25 4.213000 0 1
2015 02 26 3.940000 0 1
2015 02 27 4.076000 0 1
2015 02 28 5.652000 0 1
2015 03 01 5.652000 0 1
2015 03 02 5.652000 0 1
2015 03 03 4.917000 0 1
2015 03 04 3.608000 0 1
2015 03 05 3.608000 0 1
2015 03 06 3.542000 0 1
2015 03 07 4.076000 0 1
2015 03 08 3.873000 0 1
2015 03 09 3.806000 0 1
2015 03 10 3.806000 0 1
2015 03 11 3.940000 0 1
2015 03 12 4.076000 0 1
2015 03 13 3.806000 0 1
2015 03 14 3.940000 0 1
2015 03 15 4.076000 0 1
2015 03 16 3.806000 0 1
2015 03 17 3.806000 0 1
2015 03 18 3.806000 0 1
2015 03 19 3.806000 0 1
2015 03 20 3.806000 0 1
2015 03 21 3.673000 0 1
2015 03 22 3.673000 0 1
2015 03 23 3.673000 0 1
2015 03 24 6.261000 0 1
2015 03 25 6.261000 0 1
2015 03 26 6.261000 0 1
2015 03 27 5.803000 0 1
2015 03 28 5.503000 0 1
2015 03 29 4.632000 0 1
2015 03 30 4.351000 0 1
2015 03 31 4.076000 0 1
2015 04 01 4.144000 0 1
2015 04 02 8.194000 0 1
2015 04 03 8.194000 0 1
2015 04 04 6.031000 0 1
2015 04 05 5.727000 0 1
2015 04 06 5.652000 0 1
2015 04 07 5.503000 0 1
2015 04 08 5.503000 0 1
2015 04 09 6.184000 0 1
2015 04 10 5.281000 0 1
2015 04 11 5.354000 0 1
2015 04 12 5.652000 0 1
2015 04 13 5.207000 0 1
2015 04 14 4.989000 0 1
2015 04 15 4.213000 0 1
2015 04 16 4.351000 0 1
2015 04 17 4.282000 0 1
2015 04 18 4.213000 0 1
2015 04 19 4.213000 0 1
2015 04 20 4.213000 0 1
2015 04 21 4.213000 0 1
2015 04 22 5.577000 0 1
2015 04 23 25.394000 0 1
2015 04 24 8.028000 0 1
2015 04 25 6.417000 0 1
2015 04 26 8.028000 0 1
2015 04 27 6.261000 0 1
2015 04 28 9.565000 0 1
2015 04 29 9.917000 0 1
2015 04 30 11.362000 0 1
2015 05 01 9.917000 0 1
2015 05 02 6.889000 0 1
2015 05 03 6.495000 0 1
2015 05 04 6.184000 0 1
2015 05 05 5.803000 0 1
2015 05 06 6.809000 0 1
2015 05 07 17.252000 0 1
2015 05 08 13.055000 0 1
2015 05 09 10.005000 0 1
2015 05 10 9.044000 0 1
2015 05 11 8.786000 0 1
2015 05 12 9.390000 0 1
2015 05 13 8.786000 0 1
2015 05 14 9.216000 0 1
2015 05 15 9.565000 0 1
2015 05 16 8.701000 0 1
2015 05 17 7.862000 0 1
2015 05 18 6.417000 0 1
2015 05 19 6.261000 0 1
2015 05 20 6.031000 0 1
2015 05 21 5.727000 0 1
2015 05 22 5.503000 0 1
2015 05 23 5.503000 0 1
2015 05 24 5.503000 0 1
2015 05 25 5.577000 0 1
2015 05 26 5.281000 0 1
2015 05 27 5.354000 0 1
2015 05 28 5.281000 0 1
2015 05 29 5.354000 0 1
2015 05 30 5.354000 0 1
2015 05 31 5.207000 0 1
2015 06 01 5.281000 0 0
2015 06 02 5.354000 0 0
2015 06 03 5.429000 0 0
2015 06 04 5.652000 0 0
2015 06 05 5.652000 0 0
2015 06 06 6.031000 0 0
2015 06 07 5.803000 0 0
2015 06 08 5.878000 0 0
2015 06 09 5.207000 0 0
2015 06 10 5.281000 0 0
2015 06 11 4.845000 0 0
2015 06 12 4.561000 0 0
2015 06 13 4.561000 0 0
2015 06 14 4.491000 0 0
2015 06 15 4.491000 0 0
2015 06 16 4.491000 0 0
2015 06 17 4.491000 0 0
2015 06 18 4.351000 0 0
2015 06 19 4.213000 0 0
2015 06 20 4.213000 0 0
2015 06 21 4.632000 0 0
2015 06 22 5.062000 0 0
2015 06 23 5.134000 0 0
2015 06 24 5.062000 0 0
2015 06 25 5.062000 0 0
2015 06 26 4.989000 0 0
2015 06 27 4.989000 0 0
2015 06 28 4.917000 0 0
2015 06 29 4.917000 0 0
2015 06 30 4.917000 0 0
2015 07 01 4.845000 0 1
2015 07 02 4.774000 0 1
2015 07 03 4.351000 0 1
2015 07 04 4.421000 0 1
2015 07 05 4.421000 0 1
2015 07 06 4.351000 0 1
2015 07 07 4.351000 0 1
2015 07 08 4.351000 0 1
2015 07 09 4.213000 0 1
2015 07 10 4.213000 0 1
2015 07 11 4.213000 0 1
2015 07 12 4.076000 0 1
2015 07 13 4.076000 0 1
2015 07 14 4.076000 0 1
2015 07 15 4.008000 0 1
2015 07 16 4.282000 0 1
2015 07 17 4.351000 0 1
2015 07 18 4.491000 0 1
2015 07 19 4.491000 0 1
2015 07 20 4.351000 0 1
2015 07 21 4.282000 0 1
2015 07 22 4.008000 0 1
2015 07 23 3.873000 0 1
2015 07 24 4.008000 0 1
2015 07 25 4.144000 0 1
2015 07 26 4.144000 0 1
2015 07 27 4.008000 0 1
2015 07 28 3.806000 0 1
2015 07 29 3.608000 0 1
2015 07 30 3.740000 0 1
2015 07 31 3.873000 0 1
2015 08 01 3.673000 0 1
2015 08 02 3.412000 0 1
2015 08 03 3.412000 0 1
2015 08 04 3.283000 0 1
2015 08 05 3.477000 0 1
2015 08 06 3.412000 0 1
2015 08 07 3.031000 0 1
2015 08 08 3.031000 0 1
2015 08 09 3.031000 0 1
2015 08 10 3.093000 0 1
2015 08 11 3.542000 0 1
2015 08 12 3.477000 0 1
2015 08 13 4.491000 0 1
2015 08 14 4.491000 0 1
2015 08 15 4.144000 0 1
2015 08 16 3.477000 0 1
2015 08 17 3.477000 0 1
2015 08 18 3.477000 0 1
2015 08 19 3.673000 0 1
2015 08 20 3.542000 0 1
2015 08 21 3.412000 0 1
2015 08 22 3.347000 0 1
2015 08 23 3.283000 0 1
2015 08 24 3.156000 0 1
2015 08 25 3.220000 0 1
2015 08 26 3.673000 0 1
2015 08 27 3.156000 0 1
2015 08 28 3.156000 0 1
2015 08 29 3.031000 0 1
2015 08 30 3.031000 0 1
2015 08 31 3.156000 0 1
2015 09 01 3.156000 0 1
2015 09 02 3.093000 0 1
2015 09 03 2.968000 0 1
2015 09 04 2.907000 0 1
2015 09 05 2.907000 0 1
2015 09 06 2.907000 0 1
2015 09 07 2.907000 0 1
2015 09 08 2.907000 0 1
2015 09 09 2.907000 0 1
2015 09 10 2.907000 0 1
2015 09 11 2.907000 0 1
2015 09 12 2.907000 0 1
2015 09 13 2.784000 0 1
2015 09 14 2.784000 0 1
2015 09 15 2.723000 0 1
2015 09 16 2.543000 0 1
2015 09 17 2.484000 0 1
2015 09 18 2.484000 0 1
2015 09 19 2.426000 0 1
2015 09 20 2.195000 0 1
2015 09 21 2.195000 0 1
2015 09 22 2.195000 0 1
2015 09 23 2.195000 0 1
2015 09 24 2.195000 0 1
2015 09 25 2.195000 0 1
2015 09 26 1.972000 0 1
2015 09 27 1.755000 0 1
2015 09 28 1.702000 0 1
2015 09 29 1.650000 0 1
2015 09 30 1.702000 0 1
2015 10 01 1.755000 0 1
2015 10 02 1.972000 0 1
2015 10 03 1.917000 0 1
2015 10 04 1.972000 0 1
2015 10 05 2.195000 0 1
2015 10 06 2.195000 0 1
2015 10 07 2.195000 0 1
2015 10 08 2.139000 0 1
2015 10 09 2.082000 0 1
2015 10 10 1.972000 0 1
2015 10 11 1.972000 0 1
2015 10 12 1.972000 0 1
2015 10 13 1.972000 0 1
2015 10 14 1.809000 0 1
2015 10 15 1.862000 0 1
2015 10 16 1.809000 0 1
2015 10 17 1.755000 0 1
2015 10 18 1.702000 0 1
2015 10 19 1.702000 0 1
2015 10 20 1.650000 0 1
2015 10 21 1.598000 0 1
2015 10 22 1.546000 0 1
2015 10 23 1.546000 0 1
2015 10 24 1.546000 0 1
2015 10 25 1.445000 0 1
2015 10 26 1.395000 0 1
2015 10 27 1.445000 0 1
2015 10 28 1.445000 0 1
2015 10 29 1.495000 0 1
2015 10 30 1.972000 0 1
2015 10 31 2.082000 0 1
2015 11 01 1.972000 0 1
2015 11 02 1.755000 0 1
2015 11 03 1.650000 0 1
2015 11 04 1.546000 0 1
2015 11 05 1.546000 0 1
2015 11 06 1.755000 0 1
2015 11 07 1.755000 0 1
2015 11 08 1.972000 0 1
2015 11 09 1.862000 0 1
2015 11 10 1.755000 0 1
2015 11 11 1.650000 0 1
2015 11 12 1.650000 0 1
2015 11 13 1.650000 0 1
2015 11 14 1.702000 0 1
2015 11 15 2.426000 0 1
2015 11 16 4.213000 0 1
2015 11 17 4.989000 0 1
2015 11 18 5.652000 0 1
2015 11 19 7.533000 0 1
2015 11 20 4.917000 0 1
2015 11 21 7.209000 0 1
2015 11 22 7.697000 0 1
2015 11 23 6.031000 0 1
2015 11 24 5.503000 0 1
2015 11 25 5.429000 0 1
2015 11 26 5.354000 0 1
2015 11 27 6.261000 0 1
2015 11 28 5.803000 0 1
2015 11 29 5.878000 0 1
2015 11 30 5.577000 0 1
2015 12 01 5.577000 0 1
2015 12 02 5.062000 0 1
2015 12 03 4.917000 0 1
2015 12 04 8.028000 0 1
2015 12 05 15.015000 0 1
2015 12 06 16.435000 0 1
2015 12 07 18.947000 0 1
2015 12 08 22.047000 0 1
2015 12 09 16.551000 0 1
2015 12 10 12.863000 0 1
2015 12 11 11.547000 0 1
2015 12 12 10.813000 0 1
2015 12 13 10.632000 0 1
2015 12 14 8.447000 0 1
2015 12 15 6.107000 0 1
2015 12 16 5.955000 0 1
2015 12 17 5.652000 0 1
2015 12 18 5.503000 0 1
2015 12 19 4.491000 0 1
2015 12 20 4.213000 0 1
2015 12 21 3.608000 0 1
2015 12 22 3.542000 0 1
2015 12 23 3.283000 0 1
2015 12 24 3.156000 0 1
2015 12 25 3.412000 0 1
2015 12 26 3.031000 0 1
2015 12 27 3.156000 0 1
2015 12 28 3.156000 0 1
2015 12 29 3.031000 0 1
2015 12 30 2.907000 0 1
2015 12 31 3.156000 0 1
2016 01 01 3.156000 0 1
2016 01 02 3.156000 0 1
2016 01 03 4.632000 0 1
2016 01 04 6.417000 0 1
2016 01 05 6.573000 0 1
2016 01 06 6.730000 0 1
2016 01 07 6.107000 0 1
2016 01 08 6.261000 0 1
2016 01 09 6.107000 0 1
2016 01 10 5.354000 0 1
2016 01 11 5.652000 0 1
2016 01 12 5.354000 0 1
2016 01 13 4.561000 0 1
2016 01 14 6.107000 0 1
2016 01 15 8.531000 0 1
2016 01 16 21.513000 0 1
2016 01 17 33.499000 0 1
2016 01 18 18.454000 0 1
2016 01 19 18.947000 0 1
2016 01 20 23.412000 0 1
2016 01 21 142.554000 0 1
2016 01 22 114.549000 0 1
2016 01 23 99.514000 0 1
2016 01 24 70.753000 0 1
2016 01 25 58.955000 0 1
2016 01 26 57.614000 0 1
2016 01 27 54.982000 0 1
2016 01 28 50.324000 0 1
2016 01 29 39.984000 0 1
2016 01 30 29.926000 0 1
2016 01 31 23.135000 0 1
2016 02 01 20.466000 0 1
2016 02 02 16.551000 0 1
2016 02 03 14.616000 0 1
2016 02 04 13.537000 0 1
2016 02 05 12.959000 0 1
2016 02 06 11.919000 0 1
2016 02 07 11.178000 0 1
2016 02 08 10.995000 0 1
2016 02 09 10.362000 0 1
2016 02 10 9.390000 0 1
2016 02 11 9.044000 0 1
2016 02 12 8.872000 0 1
2016 02 13 8.872000 0 1
2016 02 14 8.872000 0 1
2016 02 15 8.028000 0 1
2016 02 16 7.862000 0 1
2016 02 17 7.533000 0 1
2016 02 18 7.209000 0 1
2016 02 19 6.889000 0 1
2016 02 20 6.573000 0 1
2016 02 21 6.573000 0 1
2016 02 22 6.339000 0 1
2016 02 23 6.651000 0 1
2016 02 24 6.651000 0 1
2016 02 25 6.730000 0 1
2016 02 26 6.417000 0 1
2016 02 27 6.495000 0 1
2016 02 28 6.261000 0 1
2016 02 29 6.107000 0 1
2016 03 01 5.503000 0 1
2016 03 02 5.281000 0 1
2016 03 03 5.207000 0 1
2016 03 04 5.429000 0 1
2016 03 05 35.536000 0 1
2016 03 06 16.551000 0 1
2016 03 07 11.919000 0 1
2016 03 08 10.452000 0 1
2016 03 09 8.872000 0 1
2016 03 10 7.697000 0 1
2016 03 11 7.209000 0 1
2016 03 12 7.209000 0 1
2016 03 13 6.889000 0 1
2016 03 14 6.889000 0 1
2016 03 15 6.889000 0 1
2016 03 16 7.048000 0 1
2016 03 17 6.730000 0 1
2016 03 18 6.809000 0 1
2016 03 19 8.028000 0 1
2016 03 20 8.531000 0 1
2016 03 21 7.533000 0 1
2016 03 22 7.048000 0 1
2016 03 23 6.889000 0 1
2016 03 24 6.889000 0 1
2016 03 25 6.889000 0 1
2016 03 26 6.889000 0 1
2016 03 27 6.730000 0 1
2016 03 28 6.651000 0 1
2016 03 29 5.878000 0 1
2016 03 30 5.652000 0 1
2016 03 31 5.354000 0 1
2016 04 01 5.207000 0 1
2016 04 02 4.917000 0 1
2016 04 03 4.632000 0 1
2016 04 04 4.282000 0 1
2016 04 05 4.213000 0 1
2016 04 06 4.282000 0 1
2016 04 07 4.491000 0 1
2016 04 08 4.491000 0 1
2016 04 09 4.213000 0 1
2016 04 10 4.213000 0 1
2016 04 11 4.076000 0 1
2016 04 12 4.076000 0 1
2016 04 13 3.940000 0 1
2016 04 14 3.673000 0 1
2016 04 15 3.673000 0 1
2016 04 16 3.477000 0 1
2016 04 17 3.412000 0 1
2016 04 18 3.412000 0 1
2016 04 19 3.412000 0 1
2016 04 20 3.283000 0 1
2016 04 21 2.907000 0 1
2016 04 22 2.968000 0 1
2016 04 23 2.907000 0 1
2016 04 24 2.907000 0 1
2016 04 25 2.907000 0 1
2016 04 26 2.907000 0 1
2016 04 27 2.907000 0 1
2016 04 28 13.441000 0 1
2016 04 29 10.813000 0 1
2016 04 30 8.531000 0 1
2016 05 01 9.216000 0 1
2016 05 02 9.044000 0 1
2016 05 03 9.740000 0 1
2016 05 04 8.194000 0 1
2016 05 05 7.209000 0 1
2016 05 06 6.261000 0 1
2016 05 07 5.652000 0 1
2016 05 08 5.281000 0 1
2016 05 09 5.134000 0 1
2016 05 10 5.062000 0 1
2016 05 11 4.989000 0 1
2016 05 12 5.503000 0 1
2016 05 13 5.062000 0 1
2016 05 14 5.062000 0 1
2016 05 15 5.062000 0 1
2016 05 16 4.774000 0 1
2016 05 17 4.774000 0 1
2016 05 18 5.062000 0 1
2016 05 19 5.062000 0 1
2016 05 20 4.917000 0 1
2016 05 21 4.774000 0 1
2016 05 22 5.062000 0 1
2016 05 23 5.062000 0 1
2016 05 24 5.062000 0 1
2016 05 25 4.917000 0 1
2016 05 26 4.917000 0 1
2016 05 27 4.491000 0 1
2016 05 28 4.632000 0 1
2016 05 29 4.774000 0 1
2016 05 30 4.491000 0 1
2016 05 31 4.213000 0 1
2016 06 01 4.632000 0 1
2016 06 02 4.351000 0 1
2016 06 03 4.351000 0 1
2016 06 04 4.213000 0 1
2016 06 05 4.491000 0 1
2016 06 06 4.213000 0 1
2016 06 07 4.213000 0 1
2016 06 08 4.213000 0 1
2016 06 09 4.213000 0 1
2016 06 10 4.213000 0 1
2016 06 11 4.076000 0 1
2016 06 12 4.076000 0 1
2016 06 13 4.213000 0 1
2016 06 14 4.213000 0 1
2016 06 15 4.213000 0 1
2016 06 16 3.940000 0 1
2016 06 17 3.940000 0 1
2016 06 18 4.213000 0 1
2016 06 19 4.213000 0 1
2016 06 20 4.213000 0 1
2016 06 21 4.213000 0 1
2016 06 22 4.213000 0 1
2016 06 23 4.213000 0 1
2016 06 24 4.213000 0 1
2016 06 25 4.213000 0 1
2016 06 26 4.213000 0 1
2016 06 27 4.351000 0 1
2016 06 28 4.351000 0 1
2016 06 29 4.351000 0 1
2016 06 30 4.351000 0 1
2016 07 01 4.989000 0 1
2016 07 02 4.917000 0 1
2016 07 03 4.989000 0 1
2016 07 04 4.917000 0 1
2016 07 05 4.845000 0 1
2016 07 06 4.917000 0 1
2016 07 07 4.491000 0 1
2016 07 08 4.213000 0 1
2016 07 09 4.076000 0 1
2016 07 10 4.076000 0 1
2016 07 11 3.940000 0 1
2016 07 12 4.008000 0 1
2016 07 13 3.608000 0 1
2016 07 14 3.673000 0 1
2016 07 15 3.542000 0 1
2016 07 16 3.542000 0 1
2016 07 17 3.542000 0 1
2016 07 18 3.412000 0 1
2016 07 19 3.412000 0 1
2016 07 20 3.412000 0 1
2016 07 21 3.412000 0 1
2016 07 22 3.412000 0 1
2016 07 23 3.412000 0 1
2016 07 24 3.412000 0 1
2016 07 25 3.412000 0 1
2016 07 26 3.412000 0 1
2016 07 27 3.412000 0 1
2016 07 28 3.412000 0 1
2016 07 29 3.412000 0 1
2016 07 30 3.412000 0 1
2016 07 31 3.412000 0 1
2016 08 01 3.283000 0 1
2016 08 02 3.347000 0 1
2016 08 03 3.156000 0 1
2016 08 04 3.156000 0 1
2016 08 05 3.156000 0 1
2016 08 06 3.156000 0 1
2016 08 07 3.156000 0 1
2016 08 08 3.156000 0 1
2016 08 09 3.156000 0 1
2016 08 10 3.156000 0 1
2016 08 11 3.156000 0 1
2016 08 12 3.156000 0 1
2016 08 13 3.156000 0 1
2016 08 14 3.156000 0 1
2016 08 15 2.968000 0 1
2016 08 16 2.968000 0 1
2016 08 17 2.968000 0 1
2016 08 18 2.968000 0 1
2016 08 19 2.907000 0 1
2016 08 20 2.907000 0 1
2016 08 21 2.907000 0 1
2016 08 22 2.907000 0 1
2016 08 23 2.907000 0 1
2016 08 24 2.907000 0 1
2016 08 25 2.845000 0 1
2016 08 26 2.784000 0 1
2016 08 27 2.907000 0 1
2016 08 28 2.784000 0 1
2016 08 29 2.784000 0 1
2016 08 30 2.784000 0 1
2016 08 31 2.784000 0 1
2016 09 01 2.663000 0 1
2016 09 02 2.663000 0 1
2016 09 03 2.663000 0 1
2016 09 04 2.663000 0 1
2016 09 05 2.663000 0 1
2016 09 06 2.426000 0 1
2016 09 07 2.426000 0 1
2016 09 08 2.426000 0 1
2016 09 09 2.368000 0 1
2016 09 10 2.310000 0 1
2016 09 11 2.310000 0 1
2016 09 12 2.310000 0 1
2016 09 13 2.310000 0 1
2016 09 14 2.310000 0 1
2016 09 15 2.310000 0 1
2016 09 16 2.310000 0 1
2016 09 17 2.310000 0 1
2016 09 18 2.310000 0 1
2016 09 19 2.310000 0 1
2016 09 20 2.310000 0 1
2016 09 21 2.310000 0 1
2016 09 22 2.784000 0 1
2016 09 23 2.907000 0 1
2016 09 24 2.784000 0 1
2016 09 25 2.907000 0 1
2016 09 26 2.907000 0 1
2016 09 27 3.542000 0 1
2016 09 28 3.873000 0 1
2016 09 29 3.940000 0 1
2016 09 30 6.031000 0 1
2016 10 01 5.803000 0 1
2016 10 02 6.107000 0 1
2016 10 03 5.652000 0 1
2016 10 04 5.503000 0 1
2016 10 05 5.429000 0 1
2016 10 06 5.652000 0 1
2016 10 07 5.652000 0 1
2016 10 08 5.503000 0 1
2016 10 09 5.062000 0 1
2016 10 10 4.351000 0 1
2016 10 11 4.351000 0 1
2016 10 12 3.806000 0 1
2016 10 13 3.673000 0 1
2016 10 14 3.412000 0 1
2016 10 15 3.412000 0 1
2016 10 16 3.412000 0 1
2016 10 17 3.412000 0 1
2016 10 18 3.220000 0 1
2016 10 19 3.156000 0 1
2016 10 20 3.031000 0 1
2016 10 21 4.008000 0 1
2016 10 22 3.873000 0 1
2016 10 23 3.806000 0 1
2016 10 24 3.806000 0 1
2016 10 25 3.740000 0 1
2016 10 26 4.213000 0 1
2016 10 27 4.213000 0 1
2016 10 28 3.673000 0 1
2016 10 29 3.806000 0 1
2016 10 30 3.608000 0 1
2016 10 31 3.542000 0 1
2016 11 01 3.093000 0 1
2016 11 02 2.968000 0 1
2016 11 03 2.907000 0 1
2016 11 04 2.907000 0 1
2016 11 05 4.351000 0 1
2016 11 06 4.774000 0 1
2016 11 07 4.213000 0 1
2016 11 08 3.542000 0 1
2016 11 09 3.347000 0 1
2016 11 10 3.477000 0 1
2016 11 11 3.283000 0 1
2016 11 12 5.652000 0 1
2016 11 13 8.872000 0 1
2016 11 14 13.829000 0 1
2016 11 15 34.509000 0 1
2016 11 16 29.612000 0 1
2016 11 17 21.249000 0 1
2016 11 18 42.784000 0 1
2016 11 19 16.551000 0 1
2016 11 20 12.483000 0 1
2016 11 21 10.452000 0 1
2016 11 22 9.390000 0 1
2016 11 23 16.551000 0 1
2016 11 24 19.699000 0 1
2016 11 25 78.373000 0 1
2016 11 26 84.222000 0 1
2016 11 27 42.405000 0 1
2016 11 28 26.861000 0 1
2016 11 29 22.182000 0 1
2016 11 30 16.320000 0 1
2016 12 01 12.673000 0 0
2016 12 02 12.294000 0 0
2016 12 03 11.547000 0 0
2016 12 04 11.454000 0 0
2016 12 05 11.087000 0 0
2016 12 06 10.632000 0 0
2016 12 07 10.813000 0 0
2016 12 08 11.825000 0 0
2016 12 09 12.388000 0 0
2016 12 10 16.783000 0 0
2016 12 11 17.489000 0 0
2016 12 12 31.849000 0 0
2016 12 13 50.324000 0 0
2016 12 14 63.539000 0 0
2016 12 15 31.040000 0 0
2016 12 16 28.680000 0 0
2016 12 17 23.550000 0 0
2016 12 18 15.115000 0 0
2016 12 19 14.418000 0 0
2016 12 20 22.182000 0 3
2016 12 21 12.294000 0 0
2016 12 22 12.483000 0 0
2016 12 23 11.732000 0 0
2016 12 24 11.178000 0 0
2016 12 25 8.872000 0 0
2016 12 26 8.028000 0 0
2016 12 27 7.209000 0 0
2016 12 28 7.209000 0 0
2016 12 29 7.209000 0 0
2016 12 30 7.209000 0 0
2016 12 31 7.209000 0 0
2017 01 01 8.872000 0 1
2017 01 02 8.362000 0 1
2017 01 03 7.209000 0 1
2017 01 04 6.031000 0 1
2017 01 05 6.730000 0 1
2017 01 06 5.803000 0 1
2017 01 07 5.652000 0 1
2017 01 08 5.652000 0 1
2017 01 09 5.652000 0 1
2017 01 10 14.517000 0 1
2017 01 11 14.418000 0 1
2017 01 12 8.531000 0 1
2017 01 13 8.531000 0 1
2017 01 14 8.028000 0 1
2017 01 15 6.730000 0 1
2017 01 16 5.803000 0 1
2017 01 17 5.955000 0 1
2017 01 18 5.652000 0 1
2017 01 19 5.354000 0 1
2017 01 20 5.503000 0 1
2017 01 21 5.503000 0 1
2017 01 22 5.354000 0 1
2017 01 23 5.577000 0 1
2017 01 24 5.207000 0 1
2017 01 25 4.917000 0 1
2017 01 26 4.917000 0 1
2017 01 27 5.062000 0 1
2017 01 28 4.845000 0 1
2017 01 29 4.917000 0 1
2017 01 30 5.429000 0 1
2017 01 31 5.503000 0 1
2017 02 01 3.806000 0 1
2017 02 02 3.347000 0 1
2017 02 03 3.283000 0 1
2017 02 04 3.347000 0 1
2017 02 05 3.542000 0 1
2017 02 06 5.503000 0 1
2017 02 07 13.055000 0 1
2017 02 08 19.196000 0 1
2017 02 09 28.989000 0 1
2017 02 10 29.612000 0 1
2017 02 11 24.819000 0 1
2017 02 12 22.452000 0 1
2017 02 13 18.947000 0 1
2017 02 14 17.252000 0 1
2017 02 15 15.015000 0 1
2017 02 16 13.055000 0 1
2017 02 17 10.632000 0 1
2017 02 18 9.740000 0 1
2017 02 19 8.531000 0 1
2017 02 20 8.701000 0 1
2017 02 21 8.278000 0 1
2017 02 22 7.209000 0 1
2017 02 23 7.371000 0 1
2017 02 24 7.533000 0 1
2017 02 25 7.533000 0 1
2017 02 26 7.533000 0 1
2017 02 27 7.209000 0 1
2017 02 28 7.209000 0 1
2017 03 01 7.371000 0 1
2017 03 02 7.209000 0 1
2017 03 03 6.730000 0 1
2017 03 04 6.495000 0 1
2017 03 05 6.573000 0 1
2017 03 06 6.730000 0 1
2017 03 07 6.417000 0 1
2017 03 08 5.803000 0 1
2017 03 09 5.652000 0 1
2017 03 10 5.652000 0 1
2017 03 11 5.652000 0 1
2017 03 12 5.652000 0 1
2017 03 13 5.354000 0 1
2017 03 14 5.134000 0 1
2017 03 15 5.062000 0 1
2017 03 16 5.062000 0 1
2017 03 17 4.917000 0 1
2017 03 18 5.062000 0 1
2017 03 19 5.062000 0 1
2017 03 20 4.917000 0 1
2017 03 21 4.774000 0 1
2017 03 22 4.774000 0 1
2017 03 23 4.774000 0 1
2017 03 24 4.774000 0 1
2017 03 25 4.632000 0 1
2017 03 26 4.774000 0 1
2017 03 27 4.774000 0 1
2017 03 28 4.774000 0 1
2017 03 29 4.774000 0 1
2017 03 30 4.774000 0 1
2017 03 31 4.774000 0 1
2017 04 01 4.774000 0 1
2017 04 02 4.774000 0 1
2017 04 03 4.774000 0 1
2017 04 04 4.632000 0 1
2017 04 05 4.491000 0 1
2017 04 06 4.491000 0 1
2017 04 07 4.491000 0 1
2017 04 08 4.491000 0 1
2017 04 09 4.632000 0 1
2017 04 10 4.702000 0 1
2017 04 11 4.774000 0 1
2017 04 12 4.774000 0 1
2017 04 13 4.774000 0 1
2017 04 14 4.989000 0 1
2017 04 15 5.062000 0 1
2017 04 16 4.774000 0 1
2017 04 17 4.774000 0 1
2017 04 18 4.989000 0 1
2017 04 19 5.062000 0 1
2017 04 20 5.062000 0 1
2017 04 21 5.062000 0 1
2017 04 22 5.062000 0 1
2017 04 23 5.062000 0 1
2017 04 24 4.989000 0 1
2017 04 25 4.917000 0 1
2017 04 26 4.989000 0 1
2017 04 27 5.062000 0 1
2017 04 28 5.062000 0 1
2017 04 29 4.774000 0 1
2017 04 30 4.774000 0 1
2017 05 01 4.774000 0 1
2017 05 02 4.774000 0 1
2017 05 03 4.774000 0 1
2017 05 04 4.774000 0 1
2017 05 05 4.774000 0 1
2017 05 06 4.774000 0 1
2017 05 07 4.774000 0 1
2017 05 08 4.774000 0 1
2017 05 09 3.940000 0 1
2017 05 10 3.806000 0 1
2017 05 11 3.673000 0 1
2017 05 12 3.673000 0 1
2017 05 13 3.673000 0 1
2017 05 14 4.213000 0 1
2017 05 15 4.774000 0 1
2017 05 16 4.774000 0 1
2017 05 17 5.803000 0 1
2017 05 18 6.889000 0 1
2017 05 19 7.533000 0 1
2017 05 20 7.697000 0 1
2017 05 21 8.194000 0 1
2017 05 22 7.862000 0 1
2017 05 23 7.533000 0 1
2017 05 24 7.862000 0 1
2017 05 25 7.209000 0 1
2017 05 26 6.730000 0 1
2017 05 27 6.261000 0 1
2017 05 28 5.652000 0 1
2017 05 29 5.652000 0 1
2017 05 30 5.429000 0 1
2017 05 31 5.577000 0 1
2017 06 01 5.281000 0 1
2017 06 02 5.207000 0 1
2017 06 03 4.989000 0 1
2017 06 04 5.062000 0 1
2017 06 05 4.917000 0 1
2017 06 06 4.917000 0 1
2017 06 07 4.632000 0 1
2017 06 08 4.491000 0 1
2017 06 09 4.491000 0 1
2017 06 10 4.351000 0 1
2017 06 11 4.213000 0 1
2017 06 12 4.213000 0 1
2017 06 13 4.213000 0 1
2017 06 14 4.213000 0 1
2017 06 15 4.213000 0 1
2017 06 16 4.213000 0 1
2017 06 17 4.213000 0 1
2017 06 18 4.213000 0 1
2017 06 19 4.213000 0 1
2017 06 20 4.213000 0 1
2017 06 21 4.213000 0 1
2017 06 22 4.213000 0 1
2017 06 23 4.213000 0 1
2017 06 24 4.213000 0 1
2017 06 25 4.213000 0 1
2017 06 26 4.213000 0 1
2017 06 27 4.213000 0 1
2017 06 28 4.213000 0 1
2017 06 29 4.008000 0 1
2017 06 30 3.940000 0 1
2017 07 01 4.008000 0 1
2017 07 02 3.940000 0 1
2017 07 03 3.940000 0 1
2017 07 04 3.940000 0 1
2017 07 05 3.940000 0 1
2017 07 06 4.008000 0 1
2017 07 07 4.008000 0 1
2017 07 08 3.940000 0 1
2017 07 09 3.940000 0 1
2017 07 10 4.008000 0 1
2017 07 11 3.806000 0 1
2017 07 12 3.940000 0 1
2017 07 13 3.940000 0 1
2017 07 14 4.213000 0 1
2017 07 15 4.213000 0 1
2017 07 16 4.213000 0 1
2017 07 17 3.940000 0 1
2017 07 18 3.940000 0 1
2017 07 19 5.652000 0 1
2017 07 20 4.921000 0 1
2017 07 21 4.429000 0 1
2017 07 22 4.109000 0 1
2017 07 23 4.268000 0 1
2017 07 24 4.109000 0 1
2017 07 25 3.951000 0 1
2017 07 26 3.951000 0 1
2017 07 27 3.951000 0 1
2017 07 28 3.951000 0 1
2017 07 29 3.951000 0 1
2017 07 30 3.951000 0 1
2017 07 31 3.951000 0 1
2017 08 01 2.751000 0 0
2017 08 02 2.751000 0 0
2017 08 03 2.681000 0 0
2017 08 04 2.470000 0 0
2017 08 05 2.540000 0 0
2017 08 06 2.470000 0 0
2017 08 07 2.470000 0 0
2017 08 08 2.470000 0 0
2017 08 09 2.470000 0 0
2017 08 10 2.470000 0 0
2017 08 11 2.470000 0 0
2017 08 12 2.470000 0 1
2017 08 13 2.470000 0 0
2017 08 14 2.470000 0 0
2017 08 15 2.470000 0 0
2017 08 16 2.470000 0 0
2017 08 17 2.197000 0 0
2017 08 18 2.197000 0 0
2017 08 19 2.197000 0 0
2017 08 20 2.197000 0 0
2017 08 21 2.197000 0 0
2017 08 22 2.197000 0 0
2017 08 23 2.197000 0 0
2017 08 24 2.197000 0 0
2017 08 25 2.197000 0 0
2017 08 26 2.064000 0 0
2017 08 27 2.064000 0 0
2017 08 28 2.064000 0 0
2017 08 29 2.064000 0 0
2017 08 30 2.064000 0 0
2017 08 31 2.064000 0 0
2017 09 01 2.064000 0 1
2017 09 02 1.933000 0 1
2017 09 03 1.933000 0 1
2017 09 04 1.933000 0 1
2017 09 05 1.933000 0 1
2017 09 06 1.933000 0 1
2017 09 07 1.933000 0 1
2017 09 08 1.933000 0 1
2017 09 09 1.933000 0 1
2017 09 10 1.933000 0 1
2017 09 11 1.933000 0 1
2017 09 12 1.933000 0 1
2017 09 13 1.998000 0 1
2017 09 14 1.998000 0 1
2017 09 15 2.064000 0 1
2017 09 16 2.130000 0 1
2017 09 17 2.333000 0 1
2017 09 18 2.333000 0 1
2017 09 19 2.333000 0 1
2017 09 20 2.333000 0 1
2017 09 21 2.265000 0 1
2017 09 22 2.197000 0 1
2017 09 23 2.197000 0 1
2017 09 24 2.197000 0 1
2017 09 25 2.197000 0 1
2017 09 26 2.197000 0 1
2017 09 27 2.197000 0 1
2017 09 28 2.197000 0 1
2017 09 29 2.197000 0 1
2017 09 30 2.197000 0 1
2017 10 01 2.197000 0 1
2017 10 02 2.197000 0 1
2017 10 03 2.197000 0 1
2017 10 04 2.197000 0 1
2017 10 05 2.197000 0 1
2017 10 06 2.197000 0 1
2017 10 07 2.197000 0 1
2017 10 08 2.197000 0 1
2017 10 09 2.197000 0 1
2017 10 10 2.197000 0 1
2017 10 11 1.998000 0 1
2017 10 12 1.933000 0 1
2017 10 13 1.933000 0 1
2017 10 14 1.933000 0 1
2017 10 15 1.933000 0 1
2017 10 16 1.933000 0 1
2017 10 17 1.933000 0 1
2017 10 18 1.868000 0 1
2017 10 19 1.741000 0 1
2017 10 20 1.678000 0 1
2017 10 21 1.433000 0 1
2017 10 22 1.433000 0 1
2017 10 23 2.197000 0 1
2017 10 24 2.197000 0 1
2017 10 25 8.902000 0 1
2017 10 26 4.591000 0 1
2017 10 27 7.569000 0 1
2017 10 28 11.937000 0 1
2017 10 29 8.611000 0 1
2017 10 30 7.569000 0 1
2017 10 31 7.016000 0 1
2017 11 01 4.030000 0 1
2017 11 02 5.088000 0 1
2017 11 03 6.119000 0 1
2017 11 04 9.688000 0 1
2017 11 05 9.293000 0 1
2017 11 06 10.899000 0 1
2017 11 07 9.490000 0 1
2017 11 08 9.293000 0 1
2017 11 09 9.293000 0 1
2017 11 10 8.902000 0 1
2017 11 11 8.708000 0 1
2017 11 12 7.384000 0 1
2017 11 13 6.654000 0 1
2017 11 14 6.031000 0 1
2017 11 15 6.119000 0 1
2017 11 16 6.296000 0 1
2017 11 17 5.944000 0 1
2017 11 18 6.296000 0 1
2017 11 19 6.834000 0 1
2017 11 20 7.569000 0 1
2017 11 21 7.569000 0 1
2017 11 22 8.324000 0 1
2017 11 23 9.097000 0 1
2017 11 24 9.887000 0 1
2017 11 25 10.289000 0 1
2017 11 26 10.289000 0 1
2017 11 27 13.107000 0 1
2017 11 28 11.937000 0 1
2017 11 29 13.431000 0 1
2017 11 30 12.999000 0 1
2017 12 01 19.573000 0 1
2017 12 02 34.171000 0 1
2017 12 03 29.926000 0 1
2017 12 04 27.763000 0 1
2017 12 05 24.819000 0 1
2017 12 06 26.565000 0 1
2017 12 07 22.182000 0 1
2017 12 08 21.513000 0 1
2017 12 09 32.504000 0 1
2017 12 10 27.763000 0 1
2017 12 11 24.819000 0 1
2017 12 12 21.249000 0 1
2017 12 13 21.513000 0 1
2017 12 14 27.461000 0 1
2017 12 15 27.160000 0 1
2017 12 16 25.105000 0 1
2017 12 17 22.182000 0 1
2017 12 18 19.699000 0 1
2017 12 19 17.968000 0 1
2017 12 20 14.636000 0 1
2017 12 21 13.648000 0 1
2017 12 22 11.937000 0 1
2017 12 23 10.899000 0 1
2017 12 24 9.391000 0 1
2017 12 25 8.515000 0 1
2017 12 26 7.944000 0 1
2017 12 27 7.944000 0 1
2017 12 28 7.384000 0 1
2017 12 29 7.384000 0 1
2017 12 30 7.569000 0 1
2017 12 31 7.944000 0 1
2018 01 01 nan nan 0
2018 01 02 nan nan 0
2018 01 03 nan nan 0
2018 01 04 nan nan 0
2018 01 05 nan nan 0
2018 01 06 nan nan 0
2018 01 07 nan nan 0
2018 01 08 nan nan 0
2018 01 09 nan nan 0
2018 01 10 nan nan 0
2018 01 11 nan nan 0
2018 01 12 nan nan 0
2018 01 13 nan nan 0
2018 01 14 nan nan 0
2018 01 15 nan nan 0
2018 01 16 nan nan 0
2018 01 17 nan nan 0
2018 01 18 nan nan 0
2018 01 19 nan nan 0
2018 01 20 nan nan 0
2018 01 21 nan nan 0
2018 01 22 nan nan 0
2018 01 23 nan nan 0
2018 01 24 nan nan 0
2018 01 25 nan nan 0
2018 01 26 nan nan 0
2018 01 27 nan nan 0
2018 01 28 nan nan 0
2018 01 29 3.718000 0 1
2018 01 30 6.654000 0 1
2018 01 31 9.887000 0 1
2018 02 01 9.391000 0 1
2018 02 02 10.087000 0 1
2018 02 03 31.849000 0 1
2018 02 04 39.435000 0 1
2018 02 05 65.898000 0 1
2018 02 06 97.749000 0 1
2018 02 07 83.681000 0 1
2018 02 08 73.248000 0 1
2018 02 09 63.539000 0 1
2018 02 10 54.550000 0 1
2018 02 11 27.160000 0 1
2018 02 12 15.755000 0 1
2018 02 13 15.868000 0 1
2018 02 14 10.899000 0 1
2018 02 15 10.491000 0 1
2018 02 16 10.087000 0 1
2018 02 17 9.688000 0 1
2018 02 18 10.188000 0 1
2018 02 19 9.688000 0 1
2018 02 20 10.289000 0 1
2018 02 21 14.525000 0 1
2018 02 22 19.447000 0 1
2018 02 23 18.210000 0 1
2018 02 24 25.684000 0 1
2018 02 25 24.819000 0 1
2018 02 26 22.588000 0 1
2018 02 27 19.447000 0 1
2018 02 28 18.454000 0 1
2018 03 01 nan nan nan
2018 03 02 nan nan nan
2018 03 03 nan nan nan
2018 03 04 nan nan nan
2018 03 05 nan nan nan
2018 03 06 nan nan nan
2018 03 07 nan nan nan
2018 03 08 nan nan nan
2018 03 09 nan nan nan
2018 03 10 nan nan nan
2018 03 11 nan nan nan
2018 03 12 nan nan nan
2018 03 13 nan nan nan
2018 03 14 nan nan nan
2018 03 15 nan nan nan
2018 03 16 nan nan nan
2018 03 17 nan nan nan
2018 03 18 nan nan nan
2018 03 19 nan nan nan
2018 03 20 nan nan nan
2018 03 21 nan nan nan
2018 03 22 nan nan nan
2018 03 23 nan nan nan
2018 03 24 nan nan nan
2018 03 25 nan nan nan
2018 03 26 nan nan nan
2018 03 27 nan nan nan
2018 03 28 nan nan nan
2018 03 29 nan nan nan
2018 03 30 nan nan nan
2018 03 31 nan nan nan
2018 04 01 nan nan nan
2018 04 02 nan nan nan
2018 04 03 nan nan nan
2018 04 04 nan nan nan
2018 04 05 nan nan nan
2018 04 06 nan nan nan
2018 04 07 nan nan nan
2018 04 08 nan nan nan
2018 04 09 nan nan nan
2018 04 10 nan nan nan
2018 04 11 nan nan nan
2018 04 12 nan nan nan
2018 04 13 nan nan nan
2018 04 14 nan nan nan
2018 04 15 nan nan nan
2018 04 16 nan nan nan
2018 04 17 nan nan nan
2018 04 18 nan nan nan
2018 04 19 nan nan nan
2018 04 20 nan nan nan
2018 04 21 nan nan nan
2018 04 22 nan nan nan
2018 04 23 nan nan nan
2018 04 24 nan nan nan
2018 04 25 nan nan nan
2018 04 26 nan nan nan
2018 04 27 nan nan nan
2018 04 28 nan nan nan
2018 04 29 nan nan nan
2018 04 30 nan nan nan
2018 05 01 11.519000 0 1
2018 05 02 11.519000 0 1
2018 05 03 11.519000 0 1
2018 05 04 11.519000 0 1
2018 05 05 11.519000 0 1
2018 05 06 11.519000 0 1
2018 05 07 11.519000 0 1
2018 05 08 11.519000 0 1
2018 05 09 11.519000 0 1
2018 05 10 11.311000 0 1
2018 05 11 11.311000 0 1
2018 05 12 11.311000 0 1
2018 05 13 11.311000 0 1
2018 05 14 11.311000 0 1
2018 05 15 11.311000 0 1
2018 05 16 11.311000 0 1
2018 05 17 11.311000 0 1
2018 05 18 11.311000 0 1
2018 05 19 11.311000 0 1
2018 05 20 11.311000 0 1
2018 05 21 11.311000 0 1
2018 05 22 11.311000 0 1
2018 05 23 11.311000 0 1
2018 05 24 11.311000 0 1
2018 05 25 11.311000 0 1
2018 05 26 11.311000 0 1
2018 05 27 11.311000 0 1
2018 05 28 11.311000 0 1
2018 05 29 11.311000 0 1
2018 05 30 11.311000 0 1
2018 05 31 nan nan 0
2018 06 01 nan nan 0
2018 06 02 nan nan 0
2018 06 03 nan nan 0
2018 06 04 nan nan 0
2018 06 05 nan nan 0
2018 06 06 nan nan 0
2018 06 07 nan nan 0
2018 06 08 nan nan 0
2018 06 09 nan nan 0
2018 06 10 nan nan 0
2018 06 11 nan nan 0
2018 06 12 nan nan 0
2018 06 13 nan nan 0
2018 06 14 nan nan 0
2018 06 15 nan nan 0
2018 06 16 nan nan 0
2018 06 17 nan nan 0
2018 06 18 nan nan 0
2018 06 19 nan nan 0
2018 06 20 nan nan 0
2018 06 21 nan nan 0
2018 06 22 nan nan 0
2018 06 23 nan nan 0
2018 06 24 nan nan 0
2018 06 25 nan nan 0
2018 06 26 nan nan 0
2018 06 27 6.385000 0 0
2018 06 28 7.199000 0 0
2018 06 29 7.199000 0 0
2018 06 30 7.199000 0 0
2018 07 01 7.199000 0 1
2018 07 02 7.199000 0 1
2018 07 03 7.199000 0 1
2018 07 04 7.199000 0 1
2018 07 05 5.683000 0 1
2018 07 06 5.426000 0 1
2018 07 07 5.426000 0 1
2018 07 08 5.426000 0 1
2018 07 09 5.256000 0 1
2018 07 10 5.256000 0 1
2018 07 11 5.256000 0 1
2018 07 12 5.256000 0 1
2018 07 13 5.597000 0 1
2018 07 14 5.597000 0 1
2018 07 15 5.944000 0 1
2018 07 16 5.944000 0 1
2018 07 17 5.944000 0 1
2018 07 18 5.770000 0 1
2018 07 19 5.770000 0 1
2018 07 20 5.944000 0 1
2018 07 21 5.770000 0 1
2018 07 22 5.770000 0 1
2018 07 23 5.597000 0 1
2018 07 24 6.119000 0 1
2018 07 25 5.256000 0 1
2018 07 26 5.256000 0 1
2018 07 27 5.256000 0 1
2018 07 28 5.256000 0 1
2018 07 29 5.256000 0 1
2018 07 30 5.256000 0 1
2018 07 31 5.683000 0 1
2018 08 01 5.683000 0 1
2018 08 02 5.426000 0 1
2018 08 03 5.426000 0 1
2018 08 04 5.597000 0 1
2018 08 05 5.597000 0 1
2018 08 06 5.256000 0 1
2018 08 07 5.770000 0 1
2018 08 08 6.654000 0 1
2018 08 09 6.474000 0 1
2018 08 10 5.256000 0 1
2018 08 11 5.256000 0 1
2018 08 12 5.256000 0 1
2018 08 13 4.921000 0 1
2018 08 14 4.591000 0 1
2018 08 15 5.088000 0 1
2018 08 16 5.256000 0 1
2018 08 17 5.256000 0 1
2018 08 18 6.474000 0 1
2018 08 19 6.654000 0 1
2018 08 20 5.944000 0 1
2018 08 21 6.296000 0 1
2018 08 22 5.944000 0 1
2018 08 23 5.256000 0 1
2018 08 24 5.256000 0 1
2018 08 25 5.256000 0 1
2018 08 26 4.921000 0 1
2018 08 27 4.921000 0 1
2018 08 28 4.921000 0 1
2018 08 29 5.256000 0 1
2018 08 30 6.119000 0 1
2018 08 31 6.296000 0 1
2018 09 01 6.296000 0 0
2018 09 02 6.296000 0 0
2018 09 03 5.944000 0 0
2018 09 04 5.256000 0 0
2018 09 05 5.256000 0 0
2018 09 06 5.256000 0 0
2018 09 07 5.256000 0 0
2018 09 08 5.256000 0 0
2018 09 09 5.256000 0 0
2018 09 10 5.256000 0 0
2018 09 11 5.256000 0 0
2018 09 12 5.256000 0 0
2018 09 13 5.256000 0 0
2018 09 14 5.256000 0 0
2018 09 15 5.256000 0 0
2018 09 16 5.256000 0 0
2018 09 17 5.256000 0 0
2018 09 18 5.256000 0 0
2018 09 19 5.256000 0 0
2018 09 20 5.256000 0 0
2018 09 21 4.921000 0 0
2018 09 22 4.921000 0 0
2018 09 23 4.921000 0 0
2018 09 24 4.921000 0 0
2018 09 25 4.921000 0 0
2018 09 26 4.921000 0 0
2018 09 27 4.921000 0 0
2018 09 28 4.921000 0 0
2018 09 29 4.755000 0 0
2018 09 30 4.591000 0 0
2018 10 01 4.268000 0 1
2018 10 02 4.268000 0 1
2018 10 03 4.268000 0 1
2018 10 04 4.268000 0 1
2018 10 05 4.268000 0 1
2018 10 06 4.268000 0 1
2018 10 07 4.268000 0 1
2018 10 08 3.951000 0 1
2018 10 09 3.951000 0 1
2018 10 10 3.951000 0 1
2018 10 11 3.641000 0 1
2018 10 12 3.641000 0 1
2018 10 13 3.488000 0 1
2018 10 14 3.337000 0 1
2018 10 15 3.262000 0 1
2018 10 16 3.188000 0 1
2018 10 17 6.474000 0 1
2018 10 18 6.474000 0 1
2018 10 19 6.834000 0 1
2018 10 20 6.834000 0 1
2018 10 21 6.834000 0 1
2018 10 22 nan nan 0
2018 10 23 nan nan 0
2018 10 24 nan nan 0
2018 10 25 0.000000 0 1
2018 10 26 0.000000 0 1
2018 10 27 0.000000 0 1
2018 10 28 0.000000 0 1
2018 10 29 0.000000 0 1
2018 10 30 0.000000 0 1
2018 10 31 0.000000 0 1
2018 11 01 0.000000 0 1
2018 11 02 0.000000 0 1
2018 11 03 0.000000 0 1
2018 11 04 0.042000 0 1
2018 11 05 0.042000 0 1
2018 11 06 0.042000 0 1
2018 11 07 7.569000 0 1
2018 11 08 7.569000 0 1
2018 11 09 7.569000 0 1
2018 11 10 7.569000 0 1
2018 11 11 7.569000 0 1
2018 11 12 7.569000 0 1
2018 11 13 6.296000 0 1
2018 11 14 6.296000 0 1
2018 11 15 6.296000 0 1
2018 11 16 6.296000 0 1
2018 11 17 9.688000 0 1
2018 11 18 9.688000 0 1
2018 11 19 7.569000 0 1
2018 11 20 7.569000 0 1
2018 11 21 7.569000 0 1
2018 11 22 7.569000 0 1
2018 11 23 7.569000 0 1
2018 11 24 7.569000 0 1
2018 11 25 7.569000 0 1
2018 11 26 7.569000 0 1
2018 11 27 8.133000 0 1
2018 11 28 8.902000 0 1
2018 11 29 9.490000 0 1
2018 11 30 9.490000 0 1
