year month day streamflow_m3s qual_control_by_ana qual_flag
1976 09 01 nan nan 0
1976 09 02 nan nan 0
1976 09 03 nan nan 0
1976 09 04 nan nan 0
1976 09 05 nan nan 0
1976 09 06 nan nan 0
1976 09 07 nan nan 0
1976 09 08 nan nan 0
1976 09 09 nan nan 0
1976 09 10 nan nan 0
1976 09 11 nan nan 0
1976 09 12 nan nan 0
1976 09 13 nan nan 0
1976 09 14 nan nan 0
1976 09 15 nan nan 0
1976 09 16 nan nan 0
1976 09 17 nan nan 0
1976 09 18 570.700000 1 1
1976 09 19 832.000000 1 1
1976 09 20 1157.400000 1 1
1976 09 21 999.200000 1 1
1976 09 22 860.000000 1 1
1976 09 23 763.800000 1 1
1976 09 24 743.700000 1 1
1976 09 25 588.400000 1 1
1976 09 26 594.300000 1 1
1976 09 27 600.200000 1 1
1976 09 28 636.400000 1 1
1976 09 29 588.400000 1 1
1976 09 30 582.500000 1 1
1976 10 01 536.500000 1 1
1976 10 02 547.500000 1 1
1976 10 03 642.500000 1 1
1976 10 04 612.000000 1 1
1976 10 05 542.000000 1 1
1976 10 06 542.000000 1 1
1976 10 07 487.400000 1 1
1976 10 08 450.300000 1 1
1976 10 09 430.300000 1 1
1976 10 10 430.300000 1 1
1976 10 11 471.500000 1 1
1976 10 12 498.000000 1 1
1976 10 13 542.000000 1 1
1976 10 14 763.800000 1 1
1976 10 15 1022.000000 1 1
1976 10 16 818.000000 1 1
1976 10 17 777.200000 1 1
1976 10 18 654.700000 1 1
1976 10 19 576.600000 1 1
1976 10 20 525.500000 1 1
1976 10 21 498.000000 1 1
1976 10 22 509.000000 1 1
1976 10 23 536.500000 1 1
1976 10 24 737.000000 1 1
1976 10 25 853.000000 1 1
1976 10 26 811.000000 1 1
1976 10 27 757.100000 1 1
1976 10 28 724.200000 1 1
1976 10 29 717.800000 1 1
1976 10 30 737.000000 1 1
1976 10 31 1006.800000 1 1
1976 11 01 888.400000 1 1
1976 11 02 783.900000 1 1
1976 11 03 724.200000 1 1
1976 11 04 717.800000 1 1
1976 11 05 692.200000 1 1
1976 11 06 679.400000 1 1
1976 11 07 666.900000 1 1
1976 11 08 582.500000 1 1
1976 11 09 576.600000 1 1
1976 11 10 588.400000 1 1
1976 11 11 588.400000 1 1
1976 11 12 588.400000 1 1
1976 11 13 606.100000 1 1
1976 11 14 654.700000 1 1
1976 11 15 811.000000 1 1
1976 11 16 881.200000 1 1
1976 11 17 1309.500000 1 1
1976 11 18 1650.800000 1 1
1976 11 19 1670.600000 1 1
1976 11 20 1670.600000 1 1
1976 11 21 2010.900000 1 1
1976 11 22 1968.100000 1 1
1976 11 23 2197.800000 1 1
1976 11 24 2608.800000 1 1
1976 11 25 3242.000000 1 1
1976 11 26 3120.700000 1 1
1976 11 27 2346.200000 1 1
1976 11 28 1852.000000 1 1
1976 11 29 1489.500000 1 1
1976 11 30 1292.100000 1 1
1976 12 01 1132.800000 1 1
1976 12 02 1029.800000 1 1
1976 12 03 1108.200000 1 1
1976 12 04 1300.800000 1 1
1976 12 05 1257.600000 1 1
1976 12 06 1335.600000 1 1
1976 12 07 1309.500000 1 1
1976 12 08 1498.800000 1 1
1976 12 09 1936.000000 1 1
1976 12 10 2463.600000 1 1
1976 12 11 2276.600000 1 1
1976 12 12 1770.400000 1 1
1976 12 13 1800.700000 1 1
1976 12 14 2076.000000 1 1
1976 12 15 1700.300000 1 1
1976 12 16 1680.500000 1 1
1976 12 17 1508.100000 1 1
1976 12 18 1335.600000 1 1
1976 12 19 1536.000000 1 1
1976 12 20 1957.400000 1 1
1976 12 21 1978.800000 1 1
1976 12 22 2428.200000 1 1
1976 12 23 2186.600000 1 1
1976 12 24 1770.400000 1 1
1976 12 25 1670.600000 1 1
1976 12 26 1612.000000 1 1
1976 12 27 1800.700000 1 1
1976 12 28 2220.200000 1 1
1976 12 29 2253.800000 1 1
1976 12 30 2164.200000 1 1
1976 12 31 2231.400000 1 1
1977 01 01 2109.000000 1 1
1977 01 02 1841.500000 1 1
1977 01 03 1780.500000 1 1
1977 01 04 1536.000000 1 1
1977 01 05 1344.300000 1 1
1977 01 06 1224.000000 1 1
1977 01 07 1132.800000 1 1
1977 01 08 1068.800000 1 1
1977 01 09 999.200000 1 1
1977 01 10 968.800000 1 1
1977 01 11 895.600000 1 1
1977 01 12 874.000000 1 1
1977 01 13 853.000000 1 1
1977 01 14 881.200000 1 1
1977 01 15 818.000000 1 1
1977 01 16 825.000000 1 1
1977 01 17 763.800000 1 1
1977 01 18 750.400000 1 1
1977 01 19 867.000000 1 1
1977 01 20 1292.100000 1 1
1977 01 21 1720.100000 1 1
1977 01 22 2392.800000 1 1
1977 01 23 3215.000000 1 1
1977 01 24 3188.000000 1 1
1977 01 25 3534.900000 1 1
1977 01 26 3915.000000 1 1
1977 01 27 3492.600000 1 1
1977 01 28 3174.500000 1 1
1977 01 29 3380.200000 1 1
1977 01 30 3296.800000 1 1
1977 01 31 3678.600000 1 1
1977 02 01 4081.200000 1 1
1977 02 02 4424.400000 1 1
1977 02 03 3478.500000 1 1
1977 02 04 2658.200000 1 1
1977 02 05 2265.000000 1 1
1977 02 06 1989.500000 1 1
1977 02 07 1760.300000 1 1
1977 02 08 1602.500000 1 1
1977 02 09 1489.500000 1 1
1977 02 10 1380.000000 1 1
1977 02 11 1309.500000 1 1
1977 02 12 1224.000000 1 1
1977 02 13 1198.800000 1 1
1977 02 14 1108.200000 1 1
1977 02 15 1076.600000 1 1
1977 02 16 1037.600000 1 1
1977 02 17 1037.600000 1 1
1977 02 18 991.600000 1 1
1977 02 19 991.600000 1 1
1977 02 20 961.200000 1 1
1977 02 21 968.800000 1 1
1977 02 22 938.800000 1 1
1977 02 23 938.800000 1 1
1977 02 24 938.800000 1 1
1977 02 25 961.200000 1 1
1977 02 26 931.600000 1 1
1977 02 27 968.800000 1 1
1977 02 28 999.200000 1 1
1977 03 01 968.800000 1 1
1977 03 02 917.200000 1 1
1977 03 03 910.000000 1 1
1977 03 04 902.800000 1 1
1977 03 05 874.000000 1 1
1977 03 06 853.000000 1 1
1977 03 07 818.000000 1 1
1977 03 08 804.000000 1 1
1977 03 09 770.500000 1 1
1977 03 10 783.900000 1 1
1977 03 11 804.000000 1 1
1977 03 12 763.800000 1 1
1977 03 13 737.000000 1 1
1977 03 14 724.200000 1 1
1977 03 15 698.600000 1 1
1977 03 16 685.800000 1 1
1977 03 17 642.500000 1 1
1977 03 18 660.800000 1 1
1977 03 19 705.000000 1 1
1977 03 20 757.100000 1 1
1977 03 21 832.000000 1 1
1977 03 22 692.200000 1 1
1977 03 23 984.000000 1 1
1977 03 24 953.600000 1 1
1977 03 25 860.000000 1 1
1977 03 26 818.000000 1 1
1977 03 27 790.600000 1 1
1977 03 28 777.200000 1 1
1977 03 29 737.000000 1 1
1977 03 30 757.100000 1 1
1977 03 31 797.300000 1 1
1977 04 01 881.200000 1 1
1977 04 02 991.600000 1 1
1977 04 03 1068.800000 1 1
1977 04 04 1084.400000 1 1
1977 04 05 1053.200000 1 1
1977 04 06 1124.600000 1 1
1977 04 07 1006.800000 1 1
1977 04 08 888.400000 1 1
1977 04 09 839.000000 1 1
1977 04 10 797.300000 1 1
1977 04 11 711.400000 1 1
1977 04 12 737.000000 1 1
1977 04 13 730.600000 1 1
1977 04 14 692.200000 1 1
1977 04 15 673.000000 1 1
1977 04 16 654.700000 1 1
1977 04 17 642.500000 1 1
1977 04 18 624.200000 1 1
1977 04 19 618.100000 1 1
1977 04 20 618.100000 1 1
1977 04 21 642.500000 1 1
1977 04 22 673.000000 1 1
1977 04 23 750.400000 1 1
1977 04 24 832.000000 1 1
1977 04 25 1720.100000 1 1
1977 04 26 1362.000000 1 1
1977 04 27 1149.200000 1 1
1977 04 28 1022.000000 1 1
1977 04 29 910.000000 1 1
1977 04 30 825.000000 1 1
1977 05 01 763.800000 1 1
1977 05 02 730.600000 1 1
1977 05 03 692.200000 1 1
1977 05 04 685.800000 1 1
1977 05 05 654.700000 1 1
1977 05 06 630.300000 1 1
1977 05 07 606.100000 1 1
1977 05 08 618.100000 1 1
1977 05 09 618.100000 1 1
1977 05 10 606.100000 1 1
1977 05 11 606.100000 1 1
1977 05 12 606.100000 1 1
1977 05 13 600.200000 1 1
1977 05 14 600.200000 1 1
1977 05 15 600.200000 1 1
1977 05 16 600.200000 1 1
1977 05 17 600.200000 1 1
1977 05 18 606.100000 1 1
1977 05 19 624.200000 1 1
1977 05 20 636.400000 1 1
1977 05 21 630.300000 1 1
1977 05 22 636.400000 1 1
1977 05 23 624.200000 1 1
1977 05 24 606.100000 1 1
1977 05 25 606.100000 1 1
1977 05 26 600.200000 1 1
1977 05 27 600.200000 1 1
1977 05 28 594.300000 1 1
1977 05 29 588.400000 1 1
1977 05 30 582.500000 1 1
1977 05 31 564.800000 1 1
1977 06 01 558.900000 1 1
1977 06 02 558.900000 1 1
1977 06 03 558.900000 1 1
1977 06 04 558.900000 1 1
1977 06 05 547.500000 1 1
1977 06 06 547.500000 1 1
1977 06 07 547.500000 1 1
1977 06 08 542.000000 1 1
1977 06 09 536.500000 1 1
1977 06 10 536.500000 1 1
1977 06 11 536.500000 1 1
1977 06 12 525.500000 1 1
1977 06 13 503.500000 1 1
1977 06 14 503.500000 1 1
1977 06 15 503.500000 1 1
1977 06 16 503.500000 1 1
1977 06 17 503.500000 1 1
1977 06 18 503.500000 1 1
1977 06 19 487.400000 1 1
1977 06 20 487.400000 1 1
1977 06 21 487.400000 1 1
1977 06 22 487.400000 1 1
1977 06 23 487.400000 1 1
1977 06 24 487.400000 1 1
1977 06 25 498.000000 1 1
1977 06 26 531.000000 1 1
1977 06 27 531.000000 1 1
1977 06 28 503.500000 1 1
1977 06 29 503.500000 1 1
1977 06 30 503.500000 1 1
1977 07 01 503.500000 1 1
1977 07 02 520.000000 1 1
1977 07 03 536.500000 1 1
1977 07 04 536.500000 1 1
1977 07 05 536.500000 1 1
1977 07 06 520.000000 1 1
1977 07 07 514.500000 1 1
1977 07 08 509.000000 1 1
1977 07 09 509.000000 1 1
1977 07 10 503.500000 1 1
1977 07 11 503.500000 1 1
1977 07 12 492.700000 1 1
1977 07 13 487.400000 1 1
1977 07 14 492.700000 1 1
1977 07 15 492.700000 1 1
1977 07 16 482.100000 1 1
1977 07 17 482.100000 1 1
1977 07 18 476.800000 1 1
1977 07 19 460.900000 1 1
1977 07 20 466.200000 1 1
1977 07 21 460.900000 1 1
1977 07 22 460.900000 1 1
1977 07 23 455.600000 1 1
1977 07 24 455.600000 1 1
1977 07 25 460.900000 1 1
1977 07 26 460.900000 1 1
1977 07 27 460.900000 1 1
1977 07 28 460.900000 1 1
1977 07 29 460.900000 1 1
1977 07 30 460.900000 1 1
1977 07 31 460.900000 1 1
1977 08 01 430.300000 1 1
1977 08 02 430.300000 1 1
1977 08 03 430.300000 1 1
1977 08 04 430.300000 1 1
1977 08 05 430.300000 1 1
1977 08 06 430.300000 1 1
1977 08 07 430.300000 1 1
1977 08 08 430.300000 1 1
1977 08 09 430.300000 1 1
1977 08 10 410.700000 1 1
1977 08 11 450.300000 1 1
1977 08 12 440.100000 1 1
1977 08 13 425.400000 1 1
1977 08 14 410.700000 1 1
1977 08 15 391.300000 1 1
1977 08 16 396.000000 1 1
1977 08 17 396.000000 1 1
1977 08 18 386.600000 1 1
1977 08 19 363.100000 1 1
1977 08 20 420.500000 1 1
1977 08 21 358.400000 1 1
1977 08 22 363.100000 1 1
1977 08 23 377.200000 1 1
1977 08 24 372.500000 1 1
1977 08 25 381.900000 1 1
1977 08 26 372.500000 1 1
1977 08 27 386.600000 1 1
1977 08 28 391.300000 1 1
1977 08 29 386.600000 1 1
1977 08 30 381.900000 1 1
1977 08 31 372.500000 1 1
1977 09 01 377.200000 1 1
1977 09 02 372.500000 1 1
1977 09 03 377.200000 1 1
1977 09 04 372.500000 1 1
1977 09 05 377.200000 1 1
1977 09 06 396.000000 1 1
1977 09 07 381.900000 1 1
1977 09 08 435.200000 1 1
1977 09 09 445.000000 1 1
1977 09 10 445.000000 1 1
1977 09 11 450.300000 1 1
1977 09 12 450.300000 1 1
1977 09 13 425.400000 1 1
1977 09 14 420.500000 1 1
1977 09 15 425.400000 1 1
1977 09 16 377.200000 1 1
1977 09 17 381.900000 1 1
1977 09 18 396.000000 1 1
1977 09 19 400.900000 1 1
1977 09 20 381.900000 1 1
1977 09 21 377.200000 1 1
1977 09 22 381.900000 1 1
1977 09 23 377.200000 1 1
1977 09 24 381.900000 1 1
1977 09 25 420.500000 1 1
1977 09 26 367.800000 1 1
1977 09 27 405.800000 1 1
1977 09 28 410.700000 1 1
1977 09 29 435.200000 1 1
1977 09 30 450.300000 1 1
1977 10 01 435.200000 1 1
1977 10 02 435.200000 1 1
1977 10 03 430.300000 1 1
1977 10 04 425.400000 1 1
1977 10 05 405.800000 1 1
1977 10 06 415.600000 1 1
1977 10 07 400.900000 1 1
1977 10 08 492.700000 1 1
1977 10 09 630.300000 1 1
1977 10 10 698.600000 1 1
1977 10 11 770.500000 1 1
1977 10 12 717.800000 1 1
1977 10 13 673.000000 1 1
1977 10 14 600.200000 1 1
1977 10 15 531.000000 1 1
1977 10 16 520.000000 1 1
1977 10 17 466.200000 1 1
1977 10 18 450.300000 1 1
1977 10 19 445.000000 1 1
1977 10 20 435.200000 1 1
1977 10 21 455.600000 1 1
1977 10 22 445.000000 1 1
1977 10 23 415.600000 1 1
1977 10 24 440.100000 1 1
1977 10 25 430.300000 1 1
1977 10 26 425.400000 1 1
1977 10 27 410.700000 1 1
1977 10 28 386.600000 1 1
1977 10 29 372.500000 1 1
1977 10 30 400.900000 1 1
1977 10 31 377.200000 1 1
1977 11 01 363.100000 1 1
1977 11 02 313.800000 1 1
1977 11 03 353.700000 1 1
1977 11 04 358.400000 1 1
1977 11 05 377.200000 1 1
1977 11 06 410.700000 1 1
1977 11 07 435.200000 1 1
1977 11 08 415.600000 1 1
1977 11 09 430.300000 1 1
1977 11 10 471.500000 1 1
1977 11 11 492.700000 1 1
1977 11 12 487.400000 1 1
1977 11 13 460.900000 1 1
1977 11 14 440.100000 1 1
1977 11 15 440.100000 1 1
1977 11 16 410.700000 1 1
1977 11 17 420.500000 1 1
1977 11 18 396.000000 1 1
1977 11 19 471.500000 1 1
1977 11 20 582.500000 1 1
1977 11 21 750.400000 1 1
1977 11 22 770.500000 1 1
1977 11 23 976.400000 1 1
1977 11 24 1173.800000 1 1
1977 11 25 1389.000000 1 1
1977 11 26 1274.700000 1 1
1977 11 27 1309.500000 1 1
1977 11 28 1292.100000 1 1
1977 11 29 1434.000000 1 1
1977 11 30 1266.000000 1 1
1977 12 01 1173.800000 1 1
1977 12 02 1014.400000 1 1
1977 12 03 1037.600000 1 1
1977 12 04 976.400000 1 1
1977 12 05 902.800000 1 1
1977 12 06 770.500000 1 1
1977 12 07 711.400000 1 1
1977 12 08 660.800000 1 1
1977 12 09 636.400000 1 1
1977 12 10 648.600000 1 1
1977 12 11 797.300000 1 1
1977 12 12 961.200000 1 1
1977 12 13 1182.000000 1 1
1977 12 14 1232.400000 1 1
1977 12 15 1335.600000 1 1
1977 12 16 1407.000000 1 1
1977 12 17 1416.000000 1 1
1977 12 18 1224.000000 1 1
1977 12 19 1068.800000 1 1
1977 12 20 984.000000 1 1
1977 12 21 910.000000 1 1
1977 12 22 1173.800000 1 1
1977 12 23 1300.800000 1 1
1977 12 24 1489.500000 1 1
1977 12 25 1650.800000 1 1
1977 12 26 1770.400000 1 1
1977 12 27 1740.100000 1 1
1977 12 28 1740.100000 1 1
1977 12 29 1526.700000 1 1
1977 12 30 1434.000000 1 1
1977 12 31 1318.200000 1 1
1978 01 01 1092.200000 1 1
1978 01 02 991.600000 1 1
1978 01 03 1076.600000 1 1
1978 01 04 1182.000000 1 1
1978 01 05 1274.700000 1 1
1978 01 06 1800.700000 1 1
1978 01 07 1770.400000 1 1
1978 01 08 1555.000000 1 1
1978 01 09 1545.500000 1 1
1978 01 10 1508.100000 1 1
1978 01 11 1574.000000 1 1
1978 01 12 2021.600000 1 1
1978 01 13 2334.600000 1 1
1978 01 14 2770.400000 1 1
1978 01 15 2949.400000 1 1
1978 01 16 3649.800000 1 1
1978 01 17 3766.500000 1 1
1978 01 18 3161.000000 1 1
1978 01 19 2884.900000 1 1
1978 01 20 2683.000000 1 1
1978 01 21 2043.000000 1 1
1978 01 22 1621.500000 1 1
1978 01 23 1461.600000 1 1
1978 01 24 1274.700000 1 1
1978 01 25 1182.000000 1 1
1978 01 26 1029.800000 1 1
1978 01 27 1022.000000 1 1
1978 01 28 968.800000 1 1
1978 01 29 902.800000 1 1
1978 01 30 874.000000 1 1
1978 01 31 839.000000 1 1
1978 02 01 825.000000 1 1
1978 02 02 804.000000 1 1
1978 02 03 750.400000 1 1
1978 02 04 777.200000 1 1
1978 02 05 770.500000 1 1
1978 02 06 705.000000 1 1
1978 02 07 711.400000 1 1
1978 02 08 730.600000 1 1
1978 02 09 757.100000 1 1
1978 02 10 999.200000 1 1
1978 02 11 1300.800000 1 1
1978 02 12 1132.800000 1 1
1978 02 13 1108.200000 1 1
1978 02 14 1157.400000 1 1
1978 02 15 1292.100000 1 1
1978 02 16 2032.300000 1 1
1978 02 17 2670.600000 1 1
1978 02 18 2645.800000 1 1
1978 02 19 1904.500000 1 1
1978 02 20 1508.100000 1 1
1978 02 21 1461.600000 1 1
1978 02 22 1407.000000 1 1
1978 02 23 1371.000000 1 1
1978 02 24 1380.000000 1 1
1978 02 25 1690.400000 1 1
1978 02 26 1925.500000 1 1
1978 02 27 1915.000000 1 1
1978 02 28 1690.400000 1 1
1978 03 01 1574.000000 1 1
1978 03 02 1425.000000 1 1
1978 03 03 1257.600000 1 1
1978 03 04 1198.800000 1 1
1978 03 05 1173.800000 1 1
1978 03 06 1108.200000 1 1
1978 03 07 1157.400000 1 1
1978 03 08 1545.500000 1 1
1978 03 09 3282.900000 1 1
1978 03 10 2487.200000 1 1
1978 03 11 1770.400000 1 1
1978 03 12 1508.100000 1 1
1978 03 13 1335.600000 1 1
1978 03 14 1215.600000 1 1
1978 03 15 1116.400000 1 1
1978 03 16 1068.800000 1 1
1978 03 17 1022.000000 1 1
1978 03 18 976.400000 1 1
1978 03 19 946.000000 1 1
1978 03 20 917.200000 1 1
1978 03 21 874.000000 1 1
1978 03 22 825.000000 1 1
1978 03 23 825.000000 1 1
1978 03 24 790.600000 1 1
1978 03 25 770.500000 1 1
1978 03 26 757.100000 1 1
1978 03 27 737.000000 1 1
1978 03 28 717.800000 1 1
1978 03 29 711.400000 1 1
1978 03 30 770.500000 1 1
1978 03 31 888.400000 1 1
1978 04 01 1508.100000 1 1
1978 04 02 1173.800000 1 1
1978 04 03 1300.800000 1 1
1978 04 04 1249.200000 1 1
1978 04 05 1124.600000 1 1
1978 04 06 1053.200000 1 1
1978 04 07 1014.400000 1 1
1978 04 08 1029.800000 1 1
1978 04 09 946.000000 1 1
1978 04 10 874.000000 1 1
1978 04 11 839.000000 1 1
1978 04 12 770.500000 1 1
1978 04 13 770.500000 1 1
1978 04 14 797.300000 1 1
1978 04 15 804.000000 1 1
1978 04 16 790.600000 1 1
1978 04 17 730.600000 1 1
1978 04 18 730.600000 1 1
1978 04 19 730.600000 1 1
1978 04 20 679.400000 1 1
1978 04 21 705.000000 1 1
1978 04 22 624.200000 1 1
1978 04 23 724.200000 1 1
1978 04 24 685.800000 1 1
1978 04 25 711.400000 1 1
1978 04 26 804.000000 1 1
1978 04 27 946.000000 1 1
1978 04 28 832.000000 1 1
1978 04 29 804.000000 1 1
1978 04 30 724.200000 1 1
1978 05 01 660.800000 1 1
1978 05 02 685.800000 1 1
1978 05 03 770.500000 1 1
1978 05 04 705.000000 1 1
1978 05 05 777.200000 1 1
1978 05 06 705.000000 1 1
1978 05 07 717.800000 1 1
1978 05 08 692.200000 1 1
1978 05 09 692.200000 1 1
1978 05 10 692.200000 1 1
1978 05 11 692.200000 1 1
1978 05 12 660.800000 1 1
1978 05 13 673.000000 1 1
1978 05 14 606.100000 1 1
1978 05 15 612.000000 1 1
1978 05 16 606.100000 1 1
1978 05 17 588.400000 1 1
1978 05 18 588.400000 1 1
1978 05 19 600.200000 1 1
1978 05 20 594.300000 1 1
1978 05 21 582.500000 1 1
1978 05 22 630.300000 1 1
1978 05 23 606.100000 1 1
1978 05 24 648.600000 1 1
1978 05 25 660.800000 1 1
1978 05 26 660.800000 1 1
1978 05 27 648.600000 1 1
1978 05 28 648.600000 1 1
1978 05 29 624.200000 1 1
1978 05 30 642.500000 1 1
1978 05 31 648.600000 1 1
1978 06 01 724.200000 1 1
1978 06 02 825.000000 1 1
1978 06 03 860.000000 1 1
1978 06 04 917.200000 1 1
1978 06 05 860.000000 1 1
1978 06 06 770.500000 1 1
1978 06 07 730.600000 1 1
1978 06 08 666.900000 1 1
1978 06 09 660.800000 1 1
1978 06 10 636.400000 1 1
1978 06 11 600.200000 1 1
1978 06 12 606.100000 1 1
1978 06 13 558.900000 1 1
1978 06 14 570.700000 1 1
1978 06 15 570.700000 1 1
1978 06 16 594.300000 1 1
1978 06 17 612.000000 1 1
1978 06 18 594.300000 1 1
1978 06 19 570.700000 1 1
1978 06 20 564.800000 1 1
1978 06 21 558.900000 1 1
1978 06 22 553.000000 1 1
1978 06 23 520.000000 1 1
1978 06 24 525.500000 1 1
1978 06 25 503.500000 1 1
1978 06 26 514.500000 1 1
1978 06 27 514.500000 1 1
1978 06 28 520.000000 1 1
1978 06 29 525.500000 1 1
1978 06 30 514.500000 1 1
1978 07 01 514.500000 1 1
1978 07 02 514.500000 1 1
1978 07 03 525.500000 1 1
1978 07 04 531.000000 1 1
1978 07 05 531.000000 1 1
1978 07 06 558.900000 1 1
1978 07 07 576.600000 1 1
1978 07 08 576.600000 1 1
1978 07 09 564.800000 1 1
1978 07 10 582.500000 1 1
1978 07 11 588.400000 1 1
1978 07 12 570.700000 1 1
1978 07 13 553.000000 1 1
1978 07 14 553.000000 1 1
1978 07 15 536.500000 1 1
1978 07 16 531.000000 1 1
1978 07 17 509.000000 1 1
1978 07 18 558.900000 1 1
1978 07 19 520.000000 1 1
1978 07 20 503.500000 1 1
1978 07 21 547.500000 1 1
1978 07 22 558.900000 1 1
1978 07 23 570.700000 1 1
1978 07 24 582.500000 1 1
1978 07 25 612.000000 1 1
1978 07 26 612.000000 1 1
1978 07 27 618.100000 1 1
1978 07 28 600.200000 1 1
1978 07 29 570.700000 1 1
1978 07 30 576.600000 1 1
1978 07 31 531.000000 1 1
1978 08 01 520.000000 1 1
1978 08 02 525.500000 1 1
1978 08 03 525.500000 1 1
1978 08 04 492.700000 1 1
1978 08 05 570.700000 1 1
1978 08 06 503.500000 1 1
1978 08 07 509.000000 1 1
1978 08 08 498.000000 1 1
1978 08 09 487.400000 1 1
1978 08 10 482.100000 1 1
1978 08 11 476.800000 1 1
1978 08 12 476.800000 1 1
1978 08 13 487.400000 1 1
1978 08 14 476.800000 1 1
1978 08 15 476.800000 1 1
1978 08 16 440.100000 1 1
1978 08 17 471.500000 1 1
1978 08 18 440.100000 1 1
1978 08 19 455.600000 1 1
1978 08 20 445.000000 1 1
1978 08 21 445.000000 1 1
1978 08 22 445.000000 1 1
1978 08 23 440.100000 1 1
1978 08 24 435.200000 1 1
1978 08 25 450.300000 1 1
1978 08 26 466.200000 1 1
1978 08 27 410.700000 1 1
1978 08 28 430.300000 1 1
1978 08 29 420.500000 1 1
1978 08 30 407.000000 1 2
1978 08 31 381.900000 1 1
1978 09 01 391.300000 1 1
1978 09 02 396.000000 1 1
1978 09 03 400.900000 1 1
1978 09 04 440.100000 1 1
1978 09 05 487.400000 1 1
1978 09 06 514.500000 1 1
1978 09 07 492.700000 1 1
1978 09 08 487.400000 1 1
1978 09 09 466.200000 1 1
1978 09 10 460.900000 1 1
1978 09 11 460.900000 1 1
1978 09 12 440.100000 1 1
1978 09 13 425.400000 1 1
1978 09 14 391.300000 1 1
1978 09 15 410.700000 1 1
1978 09 16 425.400000 1 1
1978 09 17 430.300000 1 1
1978 09 18 450.300000 1 1
1978 09 19 455.600000 1 1
1978 09 20 440.100000 1 1
1978 09 21 435.200000 1 1
1978 09 22 410.700000 1 1
1978 09 23 430.300000 1 1
1978 09 24 435.200000 1 1
1978 09 25 430.300000 1 1
1978 09 26 425.400000 1 1
1978 09 27 420.500000 1 1
1978 09 28 400.900000 1 1
1978 09 29 381.900000 1 1
1978 09 30 400.900000 1 1
1978 10 01 415.600000 1 1
1978 10 02 396.000000 1 1
1978 10 03 400.900000 1 1
1978 10 04 381.900000 1 1
1978 10 05 391.300000 1 1
1978 10 06 396.000000 1 1
1978 10 07 391.300000 1 1
1978 10 08 400.900000 1 1
1978 10 09 363.100000 1 1
1978 10 10 340.200000 1 1
1978 10 11 358.400000 1 1
1978 10 12 367.800000 1 1
1978 10 13 358.400000 1 1
1978 10 14 415.600000 1 1
1978 10 15 450.300000 1 1
1978 10 16 636.400000 1 1
1978 10 17 853.000000 1 1
1978 10 18 910.000000 1 1
1978 10 19 968.800000 1 1
1978 10 20 1006.800000 1 1
1978 10 21 976.400000 1 1
1978 10 22 1061.000000 1 1
1978 10 23 1029.800000 1 1
1978 10 24 1068.800000 1 1
1978 10 25 991.600000 1 1
1978 10 26 874.000000 1 1
1978 10 27 724.200000 1 1
1978 10 28 673.000000 1 1
1978 10 29 642.500000 1 1
1978 10 30 564.800000 1 1
1978 10 31 536.500000 1 1
1978 11 01 558.900000 1 1
1978 11 02 588.400000 1 1
1978 11 03 654.700000 1 1
1978 11 04 717.800000 1 1
1978 11 05 654.700000 1 1
1978 11 06 642.500000 1 1
1978 11 07 660.800000 1 1
1978 11 08 654.700000 1 1
1978 11 09 618.100000 1 1
1978 11 10 588.400000 1 1
1978 11 11 582.500000 1 1
1978 11 12 558.900000 1 1
1978 11 13 570.700000 1 1
1978 11 14 558.900000 1 1
1978 11 15 553.000000 1 1
1978 11 16 666.900000 1 1
1978 11 17 743.700000 1 1
1978 11 18 705.000000 1 1
1978 11 19 606.100000 1 1
1978 11 20 600.200000 1 1
1978 11 21 588.400000 1 1
1978 11 22 553.000000 1 1
1978 11 23 553.000000 1 1
1978 11 24 471.500000 1 1
1978 11 25 547.500000 1 1
1978 11 26 600.200000 1 1
1978 11 27 867.000000 1 1
1978 11 28 1389.000000 1 1
1978 11 29 1257.600000 1 1
1978 11 30 1053.200000 1 1
1978 12 01 1068.800000 1 1
1978 12 02 1790.600000 1 1
1978 12 03 1700.300000 1 1
1978 12 04 1398.000000 1 1
1978 12 05 1207.200000 1 1
1978 12 06 1157.400000 1 1
1978 12 07 717.800000 1 1
1978 12 08 953.600000 1 1
1978 12 09 867.000000 1 1
1978 12 10 825.000000 1 1
1978 12 11 853.000000 1 1
1978 12 12 910.000000 1 1
1978 12 13 991.600000 1 1
1978 12 14 1124.600000 1 1
1978 12 15 1157.400000 1 1
1978 12 16 1100.000000 1 1
1978 12 17 1092.200000 1 1
1978 12 18 1132.800000 1 1
1978 12 19 1326.900000 1 1
1978 12 20 1389.000000 1 1
1978 12 21 1300.800000 1 1
1978 12 22 1416.000000 1 1
1978 12 23 1353.000000 1 1
1978 12 24 1207.200000 1 1
1978 12 25 1215.600000 1 1
1978 12 26 1100.000000 1 1
1978 12 27 1092.200000 1 1
1978 12 28 968.800000 1 1
1978 12 29 867.000000 1 1
1978 12 30 917.200000 1 1
1978 12 31 1029.800000 1 1
1979 01 01 1309.500000 1 1
1979 01 02 1006.800000 1 1
1979 01 03 874.000000 1 1
1979 01 04 811.000000 1 1
1979 01 05 777.200000 1 1
1979 01 06 763.800000 1 1
1979 01 07 757.100000 1 1
1979 01 08 1006.800000 1 1
1979 01 09 1182.000000 1 1
1979 01 10 1631.000000 1 1
1979 01 11 1700.300000 1 1
1979 01 12 1536.000000 1 1
1979 01 13 1740.100000 1 1
1979 01 14 1810.800000 1 1
1979 01 15 1810.800000 1 1
1979 01 16 1770.400000 1 1
1979 01 17 1750.200000 1 1
1979 01 18 1650.800000 1 1
1979 01 19 1564.500000 1 1
1979 01 20 2120.000000 1 1
1979 01 21 2357.800000 1 1
1979 01 22 2695.400000 1 1
1979 01 23 3478.500000 1 1
1979 01 24 4142.000000 1 1
1979 01 25 4329.600000 1 1
1979 01 26 5049.000000 1 1
1979 01 27 nan nan 0
1979 01 28 nan nan 0
1979 01 29 nan nan 0
1979 01 30 nan nan 0
1979 01 31 nan nan 0
1979 02 01 nan nan 0
1979 02 02 nan nan 0
1979 02 03 nan nan 0
1979 02 04 nan nan 0
1979 02 05 nan nan 0
1979 02 06 nan nan 0
1979 02 07 nan nan 0
1979 02 08 nan nan 0
1979 02 09 nan nan 0
1979 02 10 nan nan 0
1979 02 11 nan nan 0
1979 02 12 nan nan 0
1979 02 13 4781.000000 1 1
1979 02 14 4081.200000 1 1
1979 02 15 3678.600000 1 1
1979 02 16 3945.000000 1 1
1979 02 17 4536.500000 1 1
1979 02 18 5481.800000 1 1
1979 02 19 5271.800000 1 1
1979 02 20 4913.800000 1 1
1979 02 21 4748.200000 1 1
1979 02 22 4666.200000 1 1
1979 02 23 4699.000000 1 1
1979 02 24 4472.100000 1 1
1979 02 25 4282.400000 1 1
1979 02 26 3563.400000 1 1
1979 02 27 3242.000000 1 1
1979 02 28 2833.900000 1 1
1979 03 01 2621.000000 1 1
1979 03 02 2416.400000 1 1
1979 03 03 2186.600000 1 1
1979 03 04 2596.600000 1 1
1979 03 05 2098.000000 1 1
1979 03 06 2369.400000 1 1
1979 03 07 2745.000000 1 1
1979 03 08 3352.400000 1 1
1979 03 09 3201.500000 1 1
1979 03 10 2795.800000 1 1
1979 03 11 2670.600000 1 1
1979 03 12 2381.000000 1 1
1979 03 13 2197.800000 1 1
1979 03 14 2131.000000 1 1
1979 03 15 1925.500000 1 1
1979 03 16 1810.800000 1 1
1979 03 17 3422.100000 1 1
1979 03 18 3215.000000 1 1
1979 03 19 3960.000000 1 1
1979 03 20 3636.563000 1 1
1979 03 21 3723.687000 1 1
1979 03 22 3607.749000 1 1
1979 03 23 3409.228000 1 1
1979 03 24 2950.280000 1 1
1979 03 25 2708.120000 1 1
1979 03 26 2796.142000 1 1
1979 03 27 2560.469000 1 1
1979 03 28 2405.141000 1 1
1979 03 29 2266.034000 1 1
1979 03 30 2131.031000 1 1
1979 03 31 2043.311000 1 1
1979 04 01 1957.417000 1 1
1979 04 02 1989.413000 1 1
1979 04 03 1946.808000 1 1
1979 04 04 1925.677000 1 1
1979 04 05 1936.229000 1 1
1979 04 06 1936.229000 1 1
1979 04 07 2097.922000 1 1
1979 04 08 2231.898000 1 1
1979 04 09 2231.898000 1 1
1979 04 10 2065.070000 1 1
1979 04 11 1957.417000 1 1
1979 04 12 1862.970000 1 1
1979 04 13 1811.498000 1 1
1979 04 14 1750.676000 1 1
1979 04 15 1720.650000 1 1
1979 04 16 1690.881000 1 1
1979 04 17 1622.422000 1 1
1979 04 18 1583.932000 1 1
1979 04 19 1564.858000 1 1
1979 04 20 1574.381000 1 1
1979 04 21 1536.463000 1 1
1979 04 22 1499.002000 1 1
1979 04 23 1641.839000 1 1
1979 04 24 1710.698000 1 1
1979 04 25 1720.650000 1 1
1979 04 26 1651.590000 1 1
1979 04 27 1527.054000 1 1
1979 04 28 1461.999000 1 1
1979 04 29 1407.354000 1 1
1979 04 30 1344.904000 1 1
1979 05 01 1603.120000 1 1
1979 05 02 1527.054000 1 1
1979 05 03 1489.708000 1 1
1979 05 04 1443.670000 1 1
1979 05 05 1416.390000 1 1
1979 05 06 1380.418000 1 1
1979 05 07 1318.570000 1 1
1979 05 08 1353.740000 1 1
1979 05 09 1362.604000 1 1
1979 05 10 1344.904000 1 1
1979 05 11 1353.740000 1 1
1979 05 12 1353.740000 1 1
1979 05 13 1380.418000 1 1
1979 05 14 1380.418000 1 1
1979 05 15 1380.418000 1 1
1979 05 16 1380.418000 1 1
1979 05 17 1362.604000 1 1
1979 05 18 1318.570000 1 1
1979 05 19 1309.849000 1 1
1979 05 20 1309.849000 1 1
1979 05 21 1301.157000 1 1
1979 05 22 1292.493000 1 1
1979 05 23 1275.252000 1 1
1979 05 24 1275.252000 1 1
1979 05 25 1275.252000 1 1
1979 05 26 1266.674000 1 1
1979 05 27 1266.674000 1 1
1979 05 28 1258.125000 1 1
1979 05 29 1258.125000 1 1
1979 05 30 1258.125000 1 1
1979 05 31 1266.674000 1 1
1979 06 01 1499.002000 1 1
1979 06 02 1925.677000 1 1
1979 06 03 1681.016000 1 1
1979 06 04 1434.548000 1 1
1979 06 05 1344.904000 1 1
1979 06 06 1266.674000 1 1
1979 06 07 1224.217000 1 1
1979 06 08 1224.217000 1 1
1979 06 09 1224.217000 1 1
1979 06 10 1199.086000 1 1
1979 06 11 1199.086000 1 1
1979 06 12 1199.086000 1 1
1979 06 13 1199.086000 1 1
1979 06 14 1199.086000 1 1
1979 06 15 1199.086000 1 1
1979 06 16 1182.476000 1 1
1979 06 17 1182.476000 1 1
1979 06 18 1182.476000 1 1
1979 06 19 1182.476000 1 1
1979 06 20 1182.476000 1 1
1979 06 21 1182.476000 1 1
1979 06 22 1174.213000 1 1
1979 06 23 1174.213000 1 1
1979 06 24 1182.476000 1 1
1979 06 25 1190.766000 1 1
1979 06 26 1190.766000 1 1
1979 06 27 1190.766000 1 1
1979 06 28 1149.599000 1 1
1979 06 29 1133.333000 1 1
1979 06 30 1117.182000 1 1
1979 07 01 1085.224000 1 1
1979 07 02 1069.417000 1 1
1979 07 03 1061.556000 1 1
1979 07 04 1061.556000 1 1
1979 07 05 1061.556000 1 1
1979 07 06 1053.725000 1 1
1979 07 07 1053.725000 1 1
1979 07 08 1053.725000 1 1
1979 07 09 1030.402000 1 1
1979 07 10 1030.402000 1 1
1979 07 11 1022.685000 1 1
1979 07 12 1022.685000 1 1
1979 07 13 1022.685000 1 1
1979 07 14 1022.685000 1 1
1979 07 15 1030.402000 1 1
1979 07 16 1030.402000 1 1
1979 07 17 1007.338000 1 1
1979 07 18 1007.338000 1 1
1979 07 19 1007.338000 1 1
1979 07 20 1007.338000 1 1
1979 07 21 1014.997000 1 1
1979 07 22 1014.997000 1 1
1979 07 23 1014.997000 1 1
1979 07 24 1007.338000 1 1
1979 07 25 1007.338000 1 1
1979 07 26 1007.338000 1 1
1979 07 27 1014.997000 1 1
1979 07 28 984.532000 1 1
1979 07 29 976.988000 1 1
1979 07 30 976.988000 1 1
1979 07 31 947.098000 1 1
1979 08 01 917.667000 1 1
1979 08 02 895.897000 1 1
1979 08 03 895.897000 1 1
1979 08 04 860.187000 1 1
1979 08 05 881.526000 1 1
1979 08 06 881.526000 1 1
1979 08 07 881.526000 1 1
1979 08 08 881.526000 1 1
1979 08 09 917.667000 1 1
1979 08 10 910.382000 1 1
1979 08 11 881.526000 1 1
1979 08 12 853.132000 1 1
1979 08 13 874.385000 1 1
1979 08 14 846.105000 1 1
1979 08 15 860.187000 1 1
1979 08 16 846.105000 1 1
1979 08 17 867.271000 1 1
1979 08 18 860.187000 1 1
1979 08 19 846.105000 1 1
1979 08 20 832.138000 1 1
1979 08 21 888.697000 1 1
1979 08 22 874.385000 1 1
1979 08 23 895.897000 1 1
1979 08 24 954.527000 1 1
1979 08 25 976.988000 1 1
1979 08 26 1690.881000 1 1
1979 08 27 1425.455000 1 1
1979 08 28 910.382000 1 1
1979 08 29 832.138000 1 1
1979 08 30 832.138000 1 1
1979 08 31 867.271000 1 1
1979 09 01 846.105000 1 1
1979 09 02 853.132000 1 1
1979 09 03 860.187000 1 1
1979 09 04 811.403000 1 1
1979 09 05 744.158000 1 1
1979 09 06 750.752000 1 1
1979 09 07 790.927000 1 1
1979 09 08 711.615000 1 1
1979 09 09 711.615000 1 1
1979 09 10 692.436000 1 1
1979 09 11 718.066000 1 1
1979 09 12 711.615000 1 1
1979 09 13 718.066000 1 1
1979 09 14 737.591000 1 1
1979 09 15 711.615000 1 1
1979 09 16 667.267000 1 1
1979 09 17 718.066000 1 1
1979 09 18 750.752000 1 1
1979 09 19 770.710000 1 1
1979 09 20 804.548000 1 1
1979 09 21 818.285000 1 1
1979 09 22 910.382000 1 1
1979 09 23 924.982000 1 1
1979 09 24 839.107000 1 1
1979 09 25 867.271000 1 1
1979 09 26 881.526000 1 1
1979 09 27 839.107000 1 1
1979 09 28 825.197000 1 1
1979 09 29 818.285000 1 1
1979 09 30 790.927000 1 1
1979 10 01 750.752000 1 1
1979 10 02 705.193000 1 1
1979 10 03 705.193000 1 1
1979 10 04 711.615000 1 1
1979 10 05 686.100000 1 1
1979 10 06 667.267000 1 1
1979 10 07 630.379000 1 1
1979 10 08 636.455000 1 1
1979 10 09 692.436000 1 1
1979 10 10 724.546000 1 1
1979 10 11 784.159000 1 1
1979 10 12 770.710000 1 1
1979 10 13 737.591000 1 1
1979 10 14 757.376000 1 1
1979 10 15 737.591000 1 1
1979 10 16 757.376000 1 1
1979 10 17 744.158000 1 1
1979 10 18 737.591000 1 1
1979 10 19 757.376000 1 1
1979 10 20 777.420000 1 1
1979 10 21 804.548000 1 1
1979 10 22 832.138000 1 1
1979 10 23 784.159000 1 1
1979 10 24 737.591000 1 1
1979 10 25 724.546000 1 1
1979 10 26 711.615000 1 1
1979 10 27 686.100000 1 1
1979 10 28 686.100000 1 1
1979 10 29 673.516000 1 1
1979 10 30 594.530000 1 1
1979 10 31 606.364000 1 1
1979 11 01 642.560000 1 1
1979 11 02 718.066000 1 1
1979 11 03 853.132000 1 1
1979 11 04 1165.980000 1 1
1979 11 05 1593.512000 1 1
1979 11 06 1344.904000 1 1
1979 11 07 1224.217000 1 1
1979 11 08 1109.149000 1 1
1979 11 09 1022.685000 1 1
1979 11 10 947.098000 1 1
1979 11 11 1125.243000 1 1
1979 11 12 1946.808000 1 1
1979 11 13 3108.511000 1 1
1979 11 14 2808.830000 1 1
1979 11 15 2609.231000 1 1
1979 11 16 2783.482000 1 1
1979 11 17 3507.793000 1 1
1979 11 18 3042.084000 1 1
1979 11 19 1133.333000 1 1
1979 11 20 1022.685000 1 1
1979 11 21 932.325000 1 1
1979 11 22 924.982000 1 1
1979 11 23 947.098000 1 1
1979 11 24 1007.338000 1 1
1979 11 25 992.105000 1 1
1979 11 26 1014.997000 1 1
1979 11 27 1022.685000 1 1
1979 11 28 1389.368000 1 1
1979 11 29 1471.207000 1 1
1979 11 30 1555.364000 1 1
1979 12 01 1690.881000 1 1
1979 12 02 1407.354000 1 1
1979 12 03 1190.766000 1 1
1979 12 04 1069.417000 1 1
1979 12 05 947.098000 1 1
1979 12 06 917.667000 1 1
1979 12 07 853.132000 1 1
1979 12 08 874.385000 1 1
1979 12 09 924.982000 1 1
1979 12 10 984.532000 1 1
1979 12 11 1045.922000 1 1
1979 12 12 1022.685000 1 1
1979 12 13 984.532000 1 1
1979 12 14 969.472000 1 1
1979 12 15 947.098000 1 1
1979 12 16 954.527000 1 1
1979 12 17 932.325000 1 1
1979 12 18 932.325000 1 1
1979 12 19 917.667000 1 1
1979 12 20 1053.725000 1 1
1979 12 21 1174.213000 1 1
1979 12 22 1536.463000 1 1
1979 12 23 1946.808000 1 1
1979 12 24 2548.350000 1 1
1979 12 25 3135.281000 1 1
1979 12 26 3636.563000 1 1
1979 12 27 3752.955000 1 1
1979 12 28 4006.314000 1 1
1979 12 29 3353.530000 1 1
1979 12 30 2885.558000 1 1
1979 12 31 2596.998000 1 1
1980 01 01 2243.248000 1 1
1980 01 02 2288.933000 1 1
1980 01 03 3002.568000 1 1
1980 01 04 3135.281000 1 1
1980 01 05 3202.702000 1 1
1980 01 06 2733.127000 1 1
1980 01 07 2323.496000 1 1
1980 01 08 1989.413000 1 1
1980 01 09 1811.498000 1 1
1980 01 10 1632.116000 1 1
1980 01 11 1536.463000 1 1
1980 01 12 1517.675000 1 1
1980 01 13 1622.422000 1 1
1980 01 14 1760.741000 1 1
1980 01 15 3015.712000 1 1
1980 01 16 5118.708000 1 1
1980 01 17 4586.055000 1 1
1980 01 18 4377.943000 1 1
1980 01 19 4441.468000 1 1
1980 01 20 4362.133000 1 1
1980 01 21 4036.660000 1 1
1980 01 22 3550.461000 1 1
1980 01 23 3339.676000 1 1
1980 01 24 3055.312000 1 1
1980 01 25 2847.066000 1 1
1980 01 26 2720.609000 1 1
1980 01 27 2695.659000 1 1
1980 01 28 3298.286000 1 1
1980 01 29 3709.095000 1 1
1980 01 30 3811.832000 1 1
1980 01 31 4346.351000 1 1
1980 02 01 3841.440000 1 1
1980 02 02 3015.712000 1 1
1980 02 03 2989.454000 1 1
1980 02 04 3353.530000 1 1
1980 02 05 3409.228000 1 1
1980 02 06 2859.868000 1 1
1980 02 07 2416.918000 1 1
1980 02 08 2209.284000 1 1
1980 02 09 1957.417000 1 1
1980 02 10 1862.970000 1 1
1980 02 11 1780.958000 1 1
1980 02 12 1770.836000 1 1
1980 02 13 1632.116000 1 1
1980 02 14 1622.422000 1 1
1980 02 15 1622.422000 1 1
1980 02 16 1936.229000 1 1
1980 02 17 2054.176000 1 1
1980 02 18 2065.070000 1 1
1980 02 19 1957.417000 1 1
1980 02 20 2220.577000 1 1
1980 02 21 2609.231000 1 1
1980 02 22 2834.292000 1 1
1980 02 23 2720.609000 1 1
1980 02 24 2358.316000 1 1
1980 02 25 2108.930000 1 1
1980 02 26 1915.155000 1 1
1980 02 27 1690.881000 1 1
1980 02 28 1612.757000 1 1
1980 02 29 1499.002000 1 1
1980 03 01 1443.670000 1 1
1980 03 02 1398.347000 1 1
1980 03 03 1344.904000 1 1
1980 03 04 1353.740000 1 1
1980 03 05 1353.740000 1 1
1980 03 06 1301.157000 1 1
1980 03 07 1283.858000 1 1
1980 03 08 1258.125000 1 1
1980 03 09 1258.125000 1 1
1980 03 10 1232.651000 1 1
1980 03 11 1215.811000 1 1
1980 03 12 1232.651000 1 1
1980 03 13 1224.217000 1 1
1980 03 14 1207.434000 1 1
1980 03 15 1182.476000 1 1
1980 03 16 1182.476000 1 1
1980 03 17 1149.599000 1 1
1980 03 18 1101.145000 1 1
1980 03 19 1077.306000 1 1
1980 03 20 1101.145000 1 1
1980 03 21 1157.775000 1 1
1980 03 22 1215.811000 1 1
1980 03 23 1174.213000 1 1
1980 03 24 1157.775000 1 1
1980 03 25 1182.476000 1 1
1980 03 26 1224.217000 1 1
1980 03 27 1292.493000 1 1
1980 03 28 1336.097000 1 1
1980 03 29 1371.497000 1 1
1980 03 30 1452.820000 1 1
1980 03 31 1517.675000 1 1
1980 04 01 1536.463000 1 1
1980 04 02 1480.443000 1 1
1980 04 03 1517.675000 1 1
1980 04 04 1527.054000 1 1
1980 04 05 1527.054000 1 1
1980 04 06 1583.932000 1 1
1980 04 07 1671.179000 1 1
1980 04 08 1801.290000 1 1
1980 04 09 1946.808000 1 1
1980 04 10 1936.229000 1 1
1980 04 11 2243.248000 1 1
1980 04 12 2369.979000 1 1
1980 04 13 2405.141000 1 1
1980 04 14 2381.671000 1 1
1980 04 15 2300.426000 1 1
1980 04 16 2488.181000 1 1
1980 04 17 2633.782000 1 1
1980 04 18 2381.671000 1 1
1980 04 19 2220.577000 1 1
1980 04 20 1946.808000 1 1
1980 04 21 1720.650000 1 1
1980 04 22 1612.757000 1 1
1980 04 23 1461.999000 1 1
1980 04 24 1353.740000 1 1
1980 04 25 1292.493000 1 1
1980 04 26 1232.651000 1 1
1980 04 27 1174.213000 1 1
1980 04 28 1133.333000 1 1
1980 04 29 1125.243000 1 1
1980 04 30 1125.243000 1 1
1980 05 01 1109.149000 1 1
1980 05 02 1085.224000 1 1
1980 05 03 1093.170000 1 1
1980 05 04 1077.306000 1 1
1980 05 05 1174.213000 1 1
1980 05 06 1241.114000 1 1
1980 05 07 1232.651000 1 1
1980 05 08 1199.086000 1 1
1980 05 09 1149.599000 1 1
1980 05 10 1174.213000 1 1
1980 05 11 1199.086000 1 1
1980 05 12 1182.476000 1 1
1980 05 13 1149.599000 1 1
1980 05 14 1149.599000 1 1
1980 05 15 1149.599000 1 1
1980 05 16 1149.599000 1 1
1980 05 17 1149.599000 1 1
1980 05 18 1149.599000 1 1
1980 05 19 1149.599000 1 1
1980 05 20 1165.980000 1 1
1980 05 21 1165.980000 1 1
1980 05 22 1117.182000 1 1
1980 05 23 1117.182000 1 1
1980 05 24 1109.149000 1 1
1980 05 25 1109.149000 1 1
1980 05 26 1117.182000 1 1
1980 05 27 1117.182000 1 1
1980 05 28 1109.149000 1 1
1980 05 29 1101.145000 1 1
1980 05 30 1101.145000 1 1
1980 05 31 1101.145000 1 1
1980 06 01 1045.922000 1 1
1980 06 02 1038.147000 1 1
1980 06 03 1007.338000 1 1
1980 06 04 1007.338000 1 1
1980 06 05 1007.338000 1 1
1980 06 06 984.532000 1 1
1980 06 07 969.472000 1 1
1980 06 08 947.098000 1 1
1980 06 09 924.982000 1 1
1980 06 10 924.982000 1 1
1980 06 11 924.982000 1 1
1980 06 12 867.271000 1 1
1980 06 13 853.132000 1 1
1980 06 14 867.271000 1 1
1980 06 15 853.132000 1 1
1980 06 16 881.526000 1 1
1980 06 17 881.526000 1 1
1980 06 18 881.526000 1 1
1980 06 19 881.526000 1 1
1980 06 20 888.697000 1 1
1980 06 21 888.697000 1 1
1980 06 22 910.382000 1 1
1980 06 23 917.667000 1 1
1980 06 24 917.667000 1 1
1980 06 25 910.382000 1 1
1980 06 26 932.325000 1 1
1980 06 27 924.982000 1 1
1980 06 28 924.982000 1 1
1980 06 29 924.982000 1 1
1980 06 30 903.125000 1 1
1980 07 01 947.098000 1 1
1980 07 02 932.325000 1 1
1980 07 03 932.325000 1 1
1980 07 04 910.382000 1 1
1980 07 05 888.697000 1 1
1980 07 06 881.526000 1 1
1980 07 07 867.271000 1 1
1980 07 08 867.271000 1 1
1980 07 09 867.271000 1 1
1980 07 10 853.132000 1 1
1980 07 11 846.105000 1 1
1980 07 12 846.105000 1 1
1980 07 13 846.105000 1 1
1980 07 14 846.105000 1 1
1980 07 15 832.138000 1 1
1980 07 16 804.548000 1 1
1980 07 17 818.285000 1 1
1980 07 18 777.420000 1 1
1980 07 19 777.420000 1 1
1980 07 20 777.420000 1 1
1980 07 21 777.420000 1 1
1980 07 22 804.548000 1 1
1980 07 23 804.548000 1 1
1980 07 24 811.403000 1 1
1980 07 25 811.403000 1 1
1980 07 26 825.197000 1 1
1980 07 27 825.197000 1 1
1980 07 28 825.197000 1 1
1980 07 29 832.138000 1 1
1980 07 30 832.138000 1 1
1980 07 31 832.138000 1 1
1980 08 01 750.752000 1 1
1980 08 02 750.752000 1 1
1980 08 03 750.752000 1 1
1980 08 04 750.752000 1 1
1980 08 05 750.752000 1 1
1980 08 06 764.029000 1 1
1980 08 07 764.029000 1 1
1980 08 08 764.029000 1 1
1980 08 09 777.420000 1 1
1980 08 10 777.420000 1 1
1980 08 11 777.420000 1 1
1980 08 12 777.420000 1 1
1980 08 13 764.029000 1 1
1980 08 14 750.752000 1 1
1980 08 15 744.158000 1 1
1980 08 16 744.158000 1 1
1980 08 17 731.054000 1 1
1980 08 18 711.615000 1 1
1980 08 19 705.193000 1 1
1980 08 20 705.193000 1 1
1980 08 21 705.193000 1 1
1980 08 22 698.800000 1 1
1980 08 23 698.800000 1 1
1980 08 24 698.800000 1 1
1980 08 25 698.800000 1 1
1980 08 26 686.100000 1 1
1980 08 27 686.100000 1 1
1980 08 28 679.794000 1 1
1980 08 29 679.794000 1 1
1980 08 30 679.794000 1 1
1980 08 31 679.794000 1 1
1980 09 01 648.693000 1 1
1980 09 02 642.560000 1 1
1980 09 03 630.379000 1 1
1980 09 04 630.379000 1 1
1980 09 05 630.379000 1 1
1980 09 06 630.379000 1 1
1980 09 07 630.379000 1 1
1980 09 08 636.455000 1 1
1980 09 09 642.560000 1 1
1980 09 10 673.516000 1 1
1980 09 11 673.516000 1 1
1980 09 12 679.794000 1 1
1980 09 13 679.794000 1 1
1980 09 14 679.794000 1 1
1980 09 15 679.794000 1 1
1980 09 16 686.100000 1 1
1980 09 17 686.100000 1 1
1980 09 18 686.100000 1 1
1980 09 19 686.100000 1 1
1980 09 20 686.100000 1 1
1980 09 21 686.100000 1 1
1980 09 22 686.100000 1 1
1980 09 23 686.100000 1 1
1980 09 24 686.100000 1 1
1980 09 25 686.100000 1 1
1980 09 26 679.794000 1 1
1980 09 27 679.794000 1 1
1980 09 28 667.267000 1 1
1980 09 29 667.267000 1 1
1980 09 30 667.267000 1 1
1980 10 01 636.455000 1 1
1980 10 02 667.267000 1 1
1980 10 03 667.267000 1 1
1980 10 04 667.267000 1 1
1980 10 05 667.267000 1 1
1980 10 06 667.267000 1 1
1980 10 07 667.267000 1 1
1980 10 08 667.267000 1 1
1980 10 09 667.267000 1 1
1980 10 10 667.267000 1 1
1980 10 11 673.516000 1 1
1980 10 12 673.516000 1 1
1980 10 13 673.516000 1 1
1980 10 14 673.516000 1 1
1980 10 15 686.100000 1 1
1980 10 16 686.100000 1 1
1980 10 17 686.100000 1 1
1980 10 18 686.100000 1 1
1980 10 19 686.100000 1 1
1980 10 20 686.100000 1 1
1980 10 21 667.267000 1 1
1980 10 22 667.267000 1 1
1980 10 23 667.267000 1 1
1980 10 24 667.267000 1 1
1980 10 25 667.267000 1 1
1980 10 26 673.516000 1 1
1980 10 27 673.516000 1 1
1980 10 28 667.267000 1 1
1980 10 29 667.267000 1 1
1980 10 30 673.516000 1 1
1980 10 31 673.516000 1 1
1980 11 01 667.267000 1 1
1980 11 02 667.267000 1 1
1980 11 03 667.267000 1 1
1980 11 04 667.267000 1 1
1980 11 05 642.560000 1 1
1980 11 06 642.560000 1 1
1980 11 07 648.693000 1 1
1980 11 08 654.856000 1 1
1980 11 09 673.516000 1 1
1980 11 10 698.800000 1 1
1980 11 11 731.054000 1 1
1980 11 12 777.420000 1 1
1980 11 13 832.138000 1 1
1980 11 14 954.527000 1 1
1980 11 15 1053.725000 1 1
1980 11 16 1149.599000 1 1
1980 11 17 1182.476000 1 1
1980 11 18 992.105000 1 1
1980 11 19 818.285000 1 1
1980 11 20 757.376000 1 1
1980 11 21 731.054000 1 1
1980 11 22 698.800000 1 1
1980 11 23 711.615000 1 1
1980 11 24 797.723000 1 1
1980 11 25 895.897000 1 1
1980 11 26 992.105000 1 1
1980 11 27 992.105000 1 1
1980 11 28 999.707000 1 1
1980 11 29 1101.145000 1 1
1980 11 30 932.325000 1 1
1980 12 01 832.138000 1 1
1980 12 02 797.723000 1 1
1980 12 03 811.403000 1 1
1980 12 04 1407.354000 1 1
1980 12 05 3028.884000 1 1
1980 12 06 2720.609000 1 1
1980 12 07 2254.627000 1 1
1980 12 08 2311.947000 1 1
1980 12 09 3135.281000 1 1
1980 12 10 3465.381000 1 1
1980 12 11 3709.095000 1 1
1980 12 12 3148.708000 1 1
1980 12 13 2783.482000 1 1
1980 12 14 2885.558000 1 1
1980 12 15 2808.830000 1 1
1980 12 16 2872.699000 1 1
1980 12 17 2560.469000 1 1
1980 12 18 2108.930000 1 1
1980 12 19 1780.958000 1 1
1980 12 20 1555.364000 1 1
1980 12 21 1309.849000 1 1
1980 12 22 1224.217000 1 1
1980 12 23 1141.452000 1 1
1980 12 24 1045.922000 1 1
1980 12 25 992.105000 1 1
1980 12 26 947.098000 1 1
1980 12 27 895.897000 1 1
1980 12 28 846.105000 1 1
1980 12 29 825.197000 1 1
1980 12 30 818.285000 1 1
1980 12 31 1030.402000 1 1
1981 01 01 1461.999000 1 1
1981 01 02 1661.370000 1 1
1981 01 03 1730.630000 1 1
1981 01 04 1791.110000 1 1
1981 01 05 1681.016000 1 1
1981 01 06 1527.054000 1 1
1981 01 07 1336.097000 1 1
1981 01 08 1125.243000 1 1
1981 01 09 1053.725000 1 1
1981 01 10 1022.685000 1 1
1981 01 11 1061.556000 1 1
1981 01 12 1093.170000 1 1
1981 01 13 1353.740000 1 1
1981 01 14 1760.741000 1 1
1981 01 15 1791.110000 1 1
1981 01 16 1978.719000 1 1
1981 01 17 1915.155000 1 1
1981 01 18 1574.381000 1 1
1981 01 19 1527.054000 1 1
1981 01 20 1283.858000 1 1
1981 01 21 1133.333000 1 1
1981 01 22 1045.922000 1 1
1981 01 23 1007.338000 1 1
1981 01 24 1125.243000 1 1
1981 01 25 1353.740000 1 1
1981 01 26 1517.675000 1 1
1981 01 27 1632.116000 1 1
1981 01 28 1821.735000 1 1
1981 01 29 1883.758000 1 1
1981 01 30 1801.290000 1 1
1981 01 31 1641.839000 1 1
1981 02 01 1508.324000 1 1
1981 02 02 1344.904000 1 1
1981 02 03 1165.980000 1 1
1981 02 04 1101.145000 1 1
1981 02 05 1109.149000 1 1
1981 02 06 1007.338000 1 1
1981 02 07 932.325000 1 1
1981 02 08 881.526000 1 1
1981 02 09 818.285000 1 1
1981 02 10 818.285000 1 1
1981 02 11 969.472000 1 1
1981 02 12 1117.182000 1 1
1981 02 13 1109.149000 1 1
1981 02 14 1085.224000 1 1
1981 02 15 1093.170000 1 1
1981 02 16 1022.685000 1 1
1981 02 17 992.105000 1 1
1981 02 18 1038.147000 1 1
1981 02 19 750.000000 1 2
1981 02 20 736.000000 1 2
1981 02 21 732.000000 1 2
1981 02 22 723.000000 1 2
1981 02 23 716.000000 1 2
1981 02 24 704.000000 1 2
1981 02 25 697.000000 1 2
1981 02 26 691.000000 1 2
1981 02 27 685.000000 1 2
1981 02 28 678.000000 1 2
1981 03 01 667.000000 1 2
1981 03 02 655.000000 1 2
1981 03 03 642.000000 1 2
1981 03 04 635.000000 1 2
1981 03 05 744.158000 1 1
1981 03 06 686.100000 1 1
1981 03 07 636.455000 1 1
1981 03 08 559.721000 1 1
1981 03 09 724.546000 1 1
1981 03 10 939.697000 1 1
1981 03 11 1199.086000 1 1
1981 03 12 1416.390000 1 1
1981 03 13 1480.443000 1 1
1981 03 14 1527.054000 1 1
1981 03 15 1344.904000 1 1
1981 03 16 1133.333000 1 1
1981 03 17 1022.685000 1 1
1981 03 18 917.667000 1 1
1981 03 19 888.697000 1 1
1981 03 20 992.105000 1 1
1981 03 21 1318.570000 1 1
1981 03 22 1443.670000 1 1
1981 03 23 2209.284000 1 1
1981 03 24 1873.349000 1 1
1981 03 25 1936.229000 1 1
1981 03 26 1730.630000 1 1
1981 03 27 1661.370000 1 1
1981 03 28 1583.932000 1 1
1981 03 29 1593.512000 1 1
1981 03 30 1842.295000 1 1
1981 03 31 2119.966000 1 1
1981 04 01 2300.426000 1 1
1981 04 02 2500.158000 1 1
1981 04 03 2254.627000 1 1
1981 04 04 2075.992000 1 1
1981 04 05 1862.970000 1 1
1981 04 06 1651.590000 1 1
1981 04 07 1443.670000 1 1
1981 04 08 1336.097000 1 1
1981 04 09 1232.651000 1 1
1981 04 10 1190.766000 1 1
1981 04 11 1165.980000 1 1
1981 04 12 1157.775000 1 1
1981 04 13 1101.145000 1 1
1981 04 14 1069.417000 1 1
1981 04 15 1022.685000 1 1
1981 04 16 969.472000 1 1
1981 04 17 947.098000 1 1
1981 04 18 924.982000 1 1
1981 04 19 903.125000 1 1
1981 04 20 874.385000 1 1
1981 04 21 853.132000 1 1
1981 04 22 846.105000 1 1
1981 04 23 867.271000 1 1
1981 04 24 825.197000 1 1
1981 04 25 818.285000 1 1
1981 04 26 804.548000 1 1
1981 04 27 811.403000 1 1
1981 04 28 804.548000 1 1
1981 04 29 811.403000 1 1
1981 04 30 818.285000 1 1
1981 05 01 818.285000 1 1
1981 05 02 825.197000 1 1
1981 05 03 832.138000 1 1
1981 05 04 846.105000 1 1
1981 05 05 825.197000 1 1
1981 05 06 797.723000 1 1
1981 05 07 797.723000 1 1
1981 05 08 797.723000 1 1
1981 05 09 764.029000 1 1
1981 05 10 698.800000 1 1
1981 05 11 737.591000 1 1
1981 05 12 718.066000 1 1
1981 05 13 667.267000 1 1
1981 05 14 686.100000 1 1
1981 05 15 679.794000 1 1
1981 05 16 630.379000 1 1
1981 05 17 648.693000 1 1
1981 05 18 648.693000 1 1
1981 05 19 642.560000 1 1
1981 05 20 667.267000 1 1
1981 05 21 648.693000 1 1
1981 05 22 667.267000 1 1
1981 05 23 686.100000 1 1
1981 05 24 692.436000 1 1
1981 05 25 718.066000 1 1
1981 05 26 698.800000 1 1
1981 05 27 679.794000 1 1
1981 05 28 686.100000 1 1
1981 05 29 686.100000 1 1
1981 05 30 692.436000 1 1
1981 05 31 686.100000 1 1
1981 06 01 731.054000 1 1
1981 06 02 750.752000 1 1
1981 06 03 790.927000 1 1
1981 06 04 744.158000 1 1
1981 06 05 692.436000 1 1
1981 06 06 718.066000 1 1
1981 06 07 705.193000 1 1
1981 06 08 711.615000 1 1
1981 06 09 711.615000 1 1
1981 06 10 731.054000 1 1
1981 06 11 757.376000 1 1
1981 06 12 784.159000 1 1
1981 06 13 757.376000 1 1
1981 06 14 731.054000 1 1
1981 06 15 705.193000 1 1
1981 06 16 667.267000 1 1
1981 06 17 654.856000 1 1
1981 06 18 661.047000 1 1
1981 06 19 654.856000 1 1
1981 06 20 642.560000 1 1
1981 06 21 642.560000 1 1
1981 06 22 630.379000 1 1
1981 06 23 661.047000 1 1
1981 06 24 661.047000 1 1
1981 06 25 661.047000 1 1
1981 06 26 661.047000 1 1
1981 06 27 661.047000 1 1
1981 06 28 654.856000 1 1
1981 06 29 612.325000 1 1
1981 06 30 630.379000 1 1
1981 07 01 600.433000 1 1
1981 07 02 594.530000 1 1
1981 07 03 618.314000 1 1
1981 07 04 600.433000 1 1
1981 07 05 600.433000 1 1
1981 07 06 565.450000 1 1
1981 07 07 565.450000 1 1
1981 07 08 571.208000 1 1
1981 07 09 565.450000 1 1
1981 07 10 576.995000 1 1
1981 07 11 582.811000 1 1
1981 07 12 588.656000 1 1
1981 07 13 594.530000 1 1
1981 07 14 559.721000 1 1
1981 07 15 565.450000 1 1
1981 07 16 554.020000 1 1
1981 07 17 565.450000 1 1
1981 07 18 554.020000 1 1
1981 07 19 559.721000 1 1
1981 07 20 537.092000 1 1
1981 07 21 498.605000 1 1
1981 07 22 482.544000 1 1
1981 07 23 477.249000 1 1
1981 07 24 487.869000 1 1
1981 07 25 509.457000 1 1
1981 07 26 514.926000 1 1
1981 07 27 493.223000 1 1
1981 07 28 482.544000 1 1
1981 07 29 435.926000 1 1
1981 07 30 477.249000 1 1
1981 07 31 477.249000 1 1
1981 08 01 482.544000 1 1
1981 08 02 477.249000 1 1
1981 08 03 461.535000 1 1
1981 08 04 471.982000 1 1
1981 08 05 456.356000 1 1
1981 08 06 477.249000 1 1
1981 08 07 487.869000 1 1
1981 08 08 477.249000 1 1
1981 08 09 487.869000 1 1
1981 08 10 487.869000 1 1
1981 08 11 482.544000 1 1
1981 08 12 456.356000 1 1
1981 08 13 466.744000 1 1
1981 08 14 461.535000 1 1
1981 08 15 451.205000 1 1
1981 08 16 430.890000 1 1
1981 08 17 471.982000 1 1
1981 08 18 493.223000 1 1
1981 08 19 514.926000 1 1
1981 08 20 531.507000 1 1
1981 08 21 559.721000 1 1
1981 08 22 576.995000 1 1
1981 08 23 554.020000 1 1
1981 08 24 537.092000 1 1
1981 08 25 612.325000 1 1
1981 08 26 498.605000 1 1
1981 08 27 466.744000 1 1
1981 08 28 466.744000 1 1
1981 08 29 482.544000 1 1
1981 08 30 461.535000 1 1
1981 08 31 461.535000 1 1
1981 09 01 435.926000 1 1
1981 09 02 451.205000 1 1
1981 09 03 430.890000 1 1
1981 09 04 430.890000 1 1
1981 09 05 425.884000 1 1
1981 09 06 430.890000 1 1
1981 09 07 425.884000 1 1
1981 09 08 446.083000 1 1
1981 09 09 415.959000 1 1
1981 09 10 425.884000 1 1
1981 09 11 425.884000 1 1
1981 09 12 396.456000 1 1
1981 09 13 382.133000 1 1
1981 09 14 420.907000 1 1
1981 09 15 415.959000 1 1
1981 09 16 377.417000 1 1
1981 09 17 401.288000 1 1
1981 09 18 401.288000 1 1
1981 09 19 323.084000 1 1
1981 09 20 310.154000 1 1
1981 09 21 327.452000 1 1
1981 09 22 349.728000 1 1
1981 09 23 358.841000 1 1
1981 09 24 368.071000 1 1
1981 09 25 354.270000 1 1
1981 09 26 363.442000 1 1
1981 09 27 391.653000 1 1
1981 09 28 406.149000 1 1
1981 09 29 386.878000 1 1
1981 09 30 372.729000 1 1
1981 10 01 451.205000 1 1
1981 10 02 498.605000 1 1
1981 10 03 554.020000 1 1
1981 10 04 582.811000 1 1
1981 10 05 548.349000 1 1
1981 10 06 554.020000 1 1
1981 10 07 537.092000 1 1
1981 10 08 548.349000 1 1
1981 10 09 636.455000 1 1
1981 10 10 542.706000 1 1
1981 10 11 588.656000 1 1
1981 10 12 661.047000 1 1
1981 10 13 724.546000 1 1
1981 10 14 764.029000 1 1
1981 10 15 790.927000 1 1
1981 10 16 976.988000 1 1
1981 10 17 881.526000 1 1
1981 10 18 825.197000 1 1
1981 10 19 777.420000 1 1
1981 10 20 711.615000 1 1
1981 10 21 705.193000 1 1
1981 10 22 692.436000 1 1
1981 10 23 692.436000 1 1
1981 10 24 673.516000 1 1
1981 10 25 679.794000 1 1
1981 10 26 661.047000 1 1
1981 10 27 654.856000 1 1
1981 10 28 673.516000 1 1
1981 10 29 654.856000 1 1
1981 10 30 853.132000 1 1
1981 10 31 1117.182000 1 1
1981 11 01 1275.252000 1 1
1981 11 02 1661.370000 1 1
1981 11 03 1720.650000 1 1
1981 11 04 1583.932000 1 1
1981 11 05 1508.324000 1 1
1981 11 06 1583.932000 1 1
1981 11 07 1508.324000 1 1
1981 11 08 1371.497000 1 1
1981 11 09 1165.980000 1 1
1981 11 10 1053.725000 1 1
1981 11 11 961.985000 1 1
1981 11 12 1266.674000 1 1
1981 11 13 2572.617000 1 1
1981 11 14 4299.175000 1 1
1981 11 15 3402.000000 1 2
1981 11 16 3119.000000 1 2
1981 11 17 2978.000000 1 2
1981 11 18 3011.000000 1 2
1981 11 19 3709.095000 1 1
1981 11 20 2898.445000 1 1
1981 11 21 3437.248000 1 1
1981 11 22 4299.175000 1 1
1981 11 23 4159.176000 1 1
1981 11 24 4330.597000 1 1
1981 11 25 3636.563000 1 1
1981 11 26 4097.691000 1 1
1981 11 27 6046.019000 1 1
1981 11 28 4537.604000 1 1
1981 11 29 4346.351000 1 1
1981 11 30 3135.281000 1 1
1981 12 01 2796.142000 1 1
1981 12 02 2695.659000 1 1
1981 12 03 2796.142000 1 1
1981 12 04 2847.066000 1 1
1981 12 05 2548.350000 1 1
1981 12 06 2476.233000 1 1
1981 12 07 2277.469000 1 1
1981 12 08 2010.887000 1 1
1981 12 09 1760.741000 1 1
1981 12 10 1894.195000 1 1
1981 12 11 1978.719000 1 1
1981 12 12 2043.311000 1 1
1981 12 13 2452.422000 1 1
1981 12 14 2209.284000 1 1
1981 12 15 1978.719000 1 1
1981 12 16 1936.229000 1 1
1981 12 17 1946.808000 1 1
1981 12 18 2086.943000 1 1
1981 12 19 2054.176000 1 1
1981 12 20 2032.474000 1 1
1981 12 21 2186.783000 1 1
1981 12 22 1915.155000 1 1
1981 12 23 1641.839000 1 1
1981 12 24 1508.324000 1 1
1981 12 25 1398.347000 1 1
1981 12 26 1344.904000 1 1
1981 12 27 1380.418000 1 1
1981 12 28 1407.354000 1 1
1981 12 29 1632.116000 1 1
1981 12 30 2646.101000 1 1
1981 12 31 2989.454000 1 1
1982 01 01 2646.101000 1 1
1982 01 02 2075.992000 1 1
1982 01 03 1832.001000 1 1
1982 01 04 2231.898000 1 1
1982 01 05 3298.286000 1 1
1982 01 06 4377.943000 1 1
1982 01 07 4700.097000 1 1
1982 01 08 4393.782000 1 1
1982 01 09 3216.272000 1 1
1982 01 10 2808.830000 1 1
1982 01 11 2524.197000 1 1
1982 01 12 2043.311000 1 1
1982 01 13 1989.413000 1 1
1982 01 14 2054.176000 1 1
1982 01 15 2658.448000 1 1
1982 01 16 3381.322000 1 1
1982 01 17 3479.490000 1 1
1982 01 18 3162.164000 1 1
1982 01 19 2885.558000 1 1
1982 01 20 2834.292000 1 1
1982 01 21 2770.851000 1 1
1982 01 22 2621.492000 1 1
1982 01 23 2898.445000 1 1
1982 01 24 2821.547000 1 1
1982 01 25 2821.547000 1 1
1982 01 26 3493.627000 1 1
1982 01 27 4346.351000 1 1
1982 01 28 4732.935000 1 1
1982 01 29 4006.314000 1 1
1982 01 30 3002.568000 1 1
1982 01 31 2452.422000 1 1
1982 02 01 2335.074000 1 1
1982 02 02 2186.783000 1 1
1982 02 03 2186.783000 1 1
1982 02 04 2086.943000 1 1
1982 02 05 1989.413000 1 1
1982 02 06 1873.349000 1 1
1982 02 07 1720.650000 1 1
1982 02 08 1671.179000 1 1
1982 02 09 1574.381000 1 1
1982 02 10 1583.932000 1 1
1982 02 11 1545.899000 1 1
1982 02 12 1499.002000 1 1
1982 02 13 1416.390000 1 1
1982 02 14 1371.497000 1 1
1982 02 15 1362.604000 1 1
1982 02 16 1327.319000 1 1
1982 02 17 1283.858000 1 1
1982 02 18 1283.858000 1 1
1982 02 19 1232.651000 1 1
1982 02 20 1215.811000 1 1
1982 02 21 1199.086000 1 1
1982 02 22 1117.182000 1 1
1982 02 23 961.985000 1 1
1982 02 24 1117.182000 1 1
1982 02 25 1085.224000 1 1
1982 02 26 1038.147000 1 1
1982 02 27 1101.145000 1 1
1982 02 28 1165.980000 1 1
1982 03 01 1249.605000 1 1
1982 03 02 1471.207000 1 1
1982 03 03 1443.670000 1 1
1982 03 04 1632.116000 1 1
1982 03 05 1915.155000 1 1
1982 03 06 2231.898000 1 1
1982 03 07 2153.246000 1 1
1982 03 08 1791.110000 1 1
1982 03 09 1690.881000 1 1
1982 03 10 1894.195000 1 1
1982 03 11 2288.933000 1 1
1982 03 12 2512.163000 1 1
1982 03 13 2220.577000 1 1
1982 03 14 2164.397000 1 1
1982 03 15 2311.947000 1 1
1982 03 16 2695.659000 1 1
1982 03 17 2937.278000 1 1
1982 03 18 2911.361000 1 1
1982 03 19 2658.448000 1 1
1982 03 20 2885.558000 1 1
1982 03 21 3135.281000 1 1
1982 03 22 3493.627000 1 1
1982 03 23 3536.210000 1 1
1982 03 24 3216.272000 1 1
1982 03 25 3148.708000 1 1
1982 03 26 3162.164000 1 1
1982 03 27 3312.054000 1 1
1982 03 28 3243.496000 1 1
1982 03 29 2821.547000 1 1
1982 03 30 2512.163000 1 1
1982 03 31 2369.979000 1 1
1982 04 01 2254.627000 1 1
1982 04 02 2054.176000 1 1
1982 04 03 1957.417000 1 1
1982 04 04 1894.195000 1 1
1982 04 05 1791.110000 1 1
1982 04 06 2065.070000 1 1
1982 04 07 2231.898000 1 1
1982 04 08 2381.671000 1 1
1982 04 09 2300.426000 1 1
1982 04 10 2277.469000 1 1
1982 04 11 2032.474000 1 1
1982 04 12 1904.661000 1 1
1982 04 13 1740.638000 1 1
1982 04 14 1651.590000 1 1
1982 04 15 1641.839000 1 1
1982 04 16 1760.741000 1 1
1982 04 17 2000.135000 1 1
1982 04 18 2440.559000 1 1
1982 04 19 2323.496000 1 1
1982 04 20 2164.397000 1 1
1982 04 21 2119.966000 1 1
1982 04 22 2043.311000 1 1
1982 04 23 1936.229000 1 1
1982 04 24 1740.638000 1 1
1982 04 25 1603.120000 1 1
1982 04 26 1489.708000 1 1
1982 04 27 1371.497000 1 1
1982 04 28 1353.740000 1 1
1982 04 29 1327.319000 1 1
1982 04 30 1318.570000 1 1
1982 05 01 1309.849000 1 1
1982 05 02 1292.493000 1 1
1982 05 03 1275.252000 1 1
1982 05 04 1266.674000 1 1
1982 05 05 1266.674000 1 1
1982 05 06 1241.114000 1 1
1982 05 07 1232.651000 1 1
1982 05 08 1190.766000 1 1
1982 05 09 1199.086000 1 1
1982 05 10 1199.086000 1 1
1982 05 11 1190.766000 1 1
1982 05 12 1190.766000 1 1
1982 05 13 1207.434000 1 1
1982 05 14 1207.434000 1 1
1982 05 15 1199.086000 1 1
1982 05 16 1190.766000 1 1
1982 05 17 1141.452000 1 1
1982 05 18 1133.333000 1 1
1982 05 19 1165.980000 1 1
1982 05 20 1149.599000 1 1
1982 05 21 1101.145000 1 1
1982 05 22 1133.333000 1 1
1982 05 23 1190.766000 1 1
1982 05 24 1207.434000 1 1
1982 05 25 1224.217000 1 1
1982 05 26 1292.493000 1 1
1982 05 27 1249.605000 1 1
1982 05 28 1241.114000 1 1
1982 05 29 1275.252000 1 1
1982 05 30 1283.858000 1 1
1982 05 31 1207.434000 1 1
1982 06 01 1190.766000 1 1
1982 06 02 1133.333000 1 1
1982 06 03 1117.182000 1 1
1982 06 04 1077.306000 1 1
1982 06 05 1077.306000 1 1
1982 06 06 1069.417000 1 1
1982 06 07 1077.306000 1 1
1982 06 08 1077.306000 1 1
1982 06 09 1077.306000 1 1
1982 06 10 1053.725000 1 1
1982 06 11 1030.402000 1 1
1982 06 12 1014.997000 1 1
1982 06 13 992.105000 1 1
1982 06 14 969.472000 1 1
1982 06 15 961.985000 1 1
1982 06 16 954.527000 1 1
1982 06 17 961.985000 1 1
1982 06 18 954.527000 1 1
1982 06 19 961.985000 1 1
1982 06 20 976.988000 1 1
1982 06 21 984.532000 1 1
1982 06 22 954.527000 1 1
1982 06 23 947.098000 1 1
1982 06 24 932.325000 1 1
1982 06 25 947.098000 1 1
1982 06 26 939.697000 1 1
1982 06 27 954.527000 1 1
1982 06 28 961.985000 1 1
1982 06 29 947.098000 1 1
1982 06 30 917.667000 1 1
1982 07 01 924.982000 1 1
1982 07 02 932.325000 1 1
1982 07 03 939.697000 1 1
1982 07 04 910.382000 1 1
1982 07 05 903.125000 1 1
1982 07 06 910.382000 1 1
1982 07 07 910.382000 1 1
1982 07 08 903.125000 1 1
1982 07 09 903.125000 1 1
1982 07 10 888.697000 1 1
1982 07 11 860.187000 1 1
1982 07 12 874.385000 1 1
1982 07 13 853.132000 1 1
1982 07 14 832.138000 1 1
1982 07 15 832.138000 1 1
1982 07 16 846.105000 1 1
1982 07 17 839.107000 1 1
1982 07 18 832.138000 1 1
1982 07 19 811.403000 1 1
1982 07 20 832.138000 1 1
1982 07 21 832.138000 1 1
1982 07 22 832.138000 1 1
1982 07 23 839.107000 1 1
1982 07 24 846.105000 1 1
1982 07 25 825.197000 1 1
1982 07 26 839.107000 1 1
1982 07 27 853.132000 1 1
1982 07 28 825.197000 1 1
1982 07 29 764.029000 1 1
1982 07 30 770.710000 1 1
1982 07 31 757.376000 1 1
1982 08 01 737.591000 1 1
1982 08 02 731.054000 1 1
1982 08 03 750.752000 1 1
1982 08 04 881.526000 1 1
1982 08 05 797.723000 1 1
1982 08 06 750.752000 1 1
1982 08 07 764.029000 1 1
1982 08 08 757.376000 1 1
1982 08 09 744.158000 1 1
1982 08 10 737.591000 1 1
1982 08 11 744.158000 1 1
1982 08 12 737.591000 1 1
1982 08 13 750.752000 1 1
1982 08 14 777.420000 1 1
1982 08 15 797.723000 1 1
1982 08 16 860.187000 1 1
1982 08 17 910.382000 1 1
1982 08 18 903.125000 1 1
1982 08 19 846.105000 1 1
1982 08 20 832.138000 1 1
1982 08 21 818.285000 1 1
1982 08 22 818.285000 1 1
1982 08 23 811.403000 1 1
1982 08 24 804.548000 1 1
1982 08 25 790.927000 1 1
1982 08 26 804.548000 1 1
1982 08 27 770.710000 1 1
1982 08 28 731.054000 1 1
1982 08 29 711.615000 1 1
1982 08 30 724.546000 1 1
1982 08 31 718.066000 1 1
1982 09 01 705.193000 1 1
1982 09 02 692.436000 1 1
1982 09 03 698.800000 1 1
1982 09 04 686.100000 1 1
1982 09 05 679.794000 1 1
1982 09 06 679.794000 1 1
1982 09 07 679.794000 1 1
1982 09 08 679.794000 1 1
1982 09 09 679.794000 1 1
1982 09 10 673.516000 1 1
1982 09 11 661.047000 1 1
1982 09 12 661.047000 1 1
1982 09 13 600.433000 1 1
1982 09 14 612.325000 1 1
1982 09 15 624.332000 1 1
1982 09 16 642.560000 1 1
1982 09 17 648.693000 1 1
1982 09 18 630.379000 1 1
1982 09 19 606.364000 1 1
1982 09 20 686.100000 1 1
1982 09 21 679.794000 1 1
1982 09 22 673.516000 1 1
1982 09 23 679.794000 1 1
1982 09 24 673.516000 1 1
1982 09 25 661.047000 1 1
1982 09 26 661.047000 1 1
1982 09 27 667.267000 1 1
1982 09 28 661.047000 1 1
1982 09 29 661.047000 1 1
1982 09 30 661.047000 1 1
1982 10 01 642.560000 1 1
1982 10 02 648.693000 1 1
1982 10 03 648.693000 1 1
1982 10 04 648.693000 1 1
1982 10 05 654.856000 1 1
1982 10 06 654.856000 1 1
1982 10 07 654.856000 1 1
1982 10 08 654.856000 1 1
1982 10 09 642.560000 1 1
1982 10 10 636.455000 1 1
1982 10 11 630.379000 1 1
1982 10 12 630.379000 1 1
1982 10 13 636.455000 1 1
1982 10 14 648.693000 1 1
1982 10 15 667.267000 1 1
1982 10 16 731.054000 1 1
1982 10 17 797.723000 1 1
1982 10 18 825.197000 1 1
1982 10 19 811.403000 1 1
1982 10 20 797.723000 1 1
1982 10 21 770.710000 1 1
1982 10 22 750.752000 1 1
1982 10 23 724.546000 1 1
1982 10 24 661.047000 1 1
1982 10 25 630.379000 1 1
1982 10 26 630.379000 1 1
1982 10 27 630.379000 1 1
1982 10 28 630.379000 1 1
1982 10 29 600.433000 1 1
1982 10 30 509.457000 1 1
1982 10 31 559.721000 1 1
1982 11 01 606.364000 1 1
1982 11 02 630.379000 1 1
1982 11 03 686.100000 1 1
1982 11 04 667.267000 1 1
1982 11 05 648.693000 1 1
1982 11 06 636.455000 1 1
1982 11 07 612.325000 1 1
1982 11 08 594.530000 1 1
1982 11 09 582.811000 1 1
1982 11 10 504.016000 1 1
1982 11 11 498.605000 1 1
1982 11 12 493.223000 1 1
1982 11 13 477.249000 1 1
1982 11 14 504.016000 1 1
1982 11 15 582.811000 1 1
1982 11 16 571.208000 1 1
1982 11 17 797.723000 1 1
1982 11 18 737.591000 1 1
1982 11 19 797.723000 1 1
1982 11 20 764.029000 1 1
1982 11 21 818.285000 1 1
1982 11 22 853.132000 1 1
1982 11 23 790.927000 1 1
1982 11 24 705.193000 1 1
1982 11 25 630.379000 1 1
1982 11 26 606.364000 1 1
1982 11 27 559.721000 1 1
1982 11 28 554.020000 1 1
1982 11 29 493.223000 1 1
1982 11 30 451.205000 1 1
1982 12 01 487.869000 1 1
1982 12 02 520.424000 1 1
1982 12 03 559.721000 1 1
1982 12 04 554.020000 1 1
1982 12 05 542.706000 1 1
1982 12 06 559.721000 1 1
1982 12 07 618.314000 1 1
1982 12 08 705.193000 1 1
1982 12 09 853.132000 1 1
1982 12 10 832.138000 1 1
1982 12 11 846.105000 1 1
1982 12 12 881.526000 1 1
1982 12 13 903.125000 1 1
1982 12 14 888.697000 1 1
1982 12 15 811.403000 1 1
1982 12 16 679.794000 1 1
1982 12 17 654.856000 1 1
1982 12 18 600.433000 1 1
1982 12 19 612.325000 1 1
1982 12 20 612.325000 1 1
1982 12 21 600.433000 1 1
1982 12 22 667.267000 1 1
1982 12 23 750.752000 1 1
1982 12 24 860.187000 1 1
1982 12 25 1182.476000 1 1
1982 12 26 1309.849000 1 1
1982 12 27 1371.497000 1 1
1982 12 28 1371.497000 1 1
1982 12 29 1353.740000 1 1
1982 12 30 1536.463000 1 1
1982 12 31 1730.630000 1 1
1983 01 01 2054.176000 1 1
1983 01 02 2358.316000 1 1
1983 01 03 2796.142000 1 1
1983 01 04 3175.648000 1 1
1983 01 05 3738.307000 1 1
1983 01 06 3900.998000 1 1
1983 01 07 3752.955000 1 1
1983 01 08 4236.670000 1 1
1983 01 09 4283.506000 1 1
1983 01 10 4267.866000 1 1
1983 01 11 3930.946000 1 1
1983 01 12 3243.496000 1 1
1983 01 13 2560.469000 1 1
1983 01 14 2560.469000 1 1
1983 01 15 2572.617000 1 1
1983 01 16 2683.227000 1 1
1983 01 17 2898.445000 1 1
1983 01 18 2720.609000 1 1
1983 01 19 2405.141000 1 1
1983 01 20 2381.671000 1 1
1983 01 21 2346.681000 1 1
1983 01 22 2300.426000 1 1
1983 01 23 2808.830000 1 1
1983 01 24 3257.151000 1 1
1983 01 25 3679.998000 1 1
1983 01 26 4021.473000 1 1
1983 01 27 4143.763000 1 1
1983 01 28 4021.473000 1 1
1983 01 29 3622.142000 1 1
1983 01 30 2963.309000 1 1
1983 01 31 2428.724000 1 1
1983 02 01 2119.966000 1 1
1983 02 02 1936.229000 1 1
1983 02 03 1852.618000 1 1
1983 02 04 1750.676000 1 1
1983 02 05 1780.958000 1 1
1983 02 06 1730.630000 1 1
1983 02 07 1730.630000 1 1
1983 02 08 1770.836000 1 1
1983 02 09 1873.349000 1 1
1983 02 10 2300.426000 1 1
1983 02 11 3002.568000 1 1
1983 02 12 2950.280000 1 1
1983 02 13 2898.445000 1 1
1983 02 14 2911.361000 1 1
1983 02 15 2859.868000 1 1
1983 02 16 2796.142000 1 1
1983 02 17 2670.823000 1 1
1983 02 18 2416.918000 1 1
1983 02 19 2220.577000 1 1
1983 02 20 2000.135000 1 1
1983 02 21 1740.638000 1 1
1983 02 22 1651.590000 1 1
1983 02 23 1641.839000 1 1
1983 02 24 1651.590000 1 1
1983 02 25 1583.932000 1 1
1983 02 26 1508.324000 1 1
1983 02 27 1425.455000 1 1
1983 02 28 1327.319000 1 1
1983 03 01 1362.604000 1 1
1983 03 02 1380.418000 1 1
1983 03 03 2043.311000 1 1
1983 03 04 2277.469000 1 1
1983 03 05 2153.246000 1 1
1983 03 06 2032.474000 1 1
1983 03 07 2000.135000 1 1
1983 03 08 1842.295000 1 1
1983 03 09 1862.970000 1 1
1983 03 10 1641.839000 1 1
1983 03 11 1517.675000 1 1
1983 03 12 1407.354000 1 1
1983 03 13 1327.319000 1 1
1983 03 14 1283.858000 1 1
1983 03 15 1398.347000 1 1
1983 03 16 1632.116000 1 1
1983 03 17 1957.417000 1 1
1983 03 18 2010.887000 1 1
1983 03 19 1936.229000 1 1
1983 03 20 1883.758000 1 1
1983 03 21 1883.758000 1 1
1983 03 22 2000.135000 1 1
1983 03 23 2097.922000 1 1
1983 03 24 2209.284000 1 1
1983 03 25 2131.031000 1 1
1983 03 26 1978.719000 1 1
1983 03 27 1904.661000 1 1
1983 03 28 1690.881000 1 1
1983 03 29 1760.741000 1 1
1983 03 30 1904.661000 1 1
1983 03 31 2075.992000 1 1
1983 04 01 1957.417000 1 1
1983 04 02 1730.630000 1 1
1983 04 03 1651.590000 1 1
1983 04 04 1564.858000 1 1
1983 04 05 1425.455000 1 1
1983 04 06 1371.497000 1 1
1983 04 07 1527.054000 1 1
1983 04 08 1690.881000 1 1
1983 04 09 1978.719000 1 1
1983 04 10 2054.176000 1 1
1983 04 11 2119.966000 1 1
1983 04 12 1894.195000 1 1
1983 04 13 1760.741000 1 1
1983 04 14 1720.650000 1 1
1983 04 15 1681.016000 1 1
1983 04 16 1651.590000 1 1
1983 04 17 1564.858000 1 1
1983 04 18 1461.999000 1 1
1983 04 19 1398.347000 1 1
1983 04 20 1327.319000 1 1
1983 04 21 1301.157000 1 1
1983 04 22 1283.858000 1 1
1983 04 23 1292.493000 1 1
1983 04 24 1249.605000 1 1
1983 04 25 1283.858000 1 1
1983 04 26 1266.674000 1 1
1983 04 27 1301.157000 1 1
1983 04 28 1283.858000 1 1
1983 04 29 1292.493000 1 1
1983 04 30 1309.849000 1 1
1983 05 01 1344.904000 1 1
1983 05 02 1309.849000 1 1
1983 05 03 1241.114000 1 1
1983 05 04 1157.775000 1 1
1983 05 05 1109.149000 1 1
1983 05 06 1069.417000 1 1
1983 05 07 1045.922000 1 1
1983 05 08 1030.402000 1 1
1983 05 09 1014.997000 1 1
1983 05 10 1014.997000 1 1
1983 05 11 1030.402000 1 1
1983 05 12 1022.685000 1 1
1983 05 13 1030.402000 1 1
1983 05 14 1007.338000 1 1
1983 05 15 1007.338000 1 1
1983 05 16 1030.402000 1 1
1983 05 17 1007.338000 1 1
1983 05 18 992.105000 1 1
1983 05 19 992.105000 1 1
1983 05 20 999.707000 1 1
1983 05 21 992.105000 1 1
1983 05 22 976.988000 1 1
1983 05 23 947.098000 1 1
1983 05 24 961.985000 1 1
1983 05 25 954.527000 1 1
1983 05 26 1007.338000 1 1
1983 05 27 1085.224000 1 1
1983 05 28 1215.811000 1 1
1983 05 29 1190.766000 1 1
1983 05 30 1117.182000 1 1
1983 05 31 1133.333000 1 1
1983 06 01 1125.243000 1 1
1983 06 02 1165.980000 1 1
1983 06 03 1207.434000 1 1
1983 06 04 1207.434000 1 1
1983 06 05 1190.766000 1 1
1983 06 06 1182.476000 1 1
1983 06 07 1165.980000 1 1
1983 06 08 1149.599000 1 1
1983 06 09 1141.452000 1 1
1983 06 10 1117.182000 1 1
1983 06 11 1093.170000 1 1
1983 06 12 1069.417000 1 1
1983 06 13 1045.922000 1 1
1983 06 14 1014.997000 1 1
1983 06 15 984.532000 1 1
1983 06 16 954.527000 1 1
1983 06 17 947.098000 1 1
1983 06 18 939.697000 1 1
1983 06 19 939.697000 1 1
1983 06 20 939.697000 1 1
1983 06 21 924.982000 1 1
1983 06 22 917.667000 1 1
1983 06 23 895.897000 1 1
1983 06 24 874.385000 1 1
1983 06 25 881.526000 1 1
1983 06 26 874.385000 1 1
1983 06 27 853.132000 1 1
1983 06 28 853.132000 1 1
1983 06 29 846.105000 1 1
1983 06 30 860.187000 1 1
