year month day streamflow_m3s qual_control_by_ana qual_flag
1953 05 01 nan nan 0
1953 05 02 nan nan 0
1953 05 03 nan nan 0
1953 05 04 nan nan 0
1953 05 05 nan nan 0
1953 05 06 nan nan 0
1953 05 07 nan nan 0
1953 05 08 nan nan 0
1953 05 09 nan nan 0
1953 05 10 nan nan 0
1953 05 11 nan nan 0
1953 05 12 nan nan 0
1953 05 13 nan nan 0
1953 05 14 nan nan 0
1953 05 15 nan nan 0
1953 05 16 9.240000 1 1
1953 05 17 8.526000 1 1
1953 05 18 7.760000 1 1
1953 05 19 7.320000 1 1
1953 05 20 6.830000 1 1
1953 05 21 6.830000 1 1
1953 05 22 6.562000 1 1
1953 05 23 6.430000 1 1
1953 05 24 6.232000 1 1
1953 05 25 6.100000 1 1
1953 05 26 5.984000 1 1
1953 05 27 7.110000 1 1
1953 05 28 6.830000 1 1
1953 05 29 5.984000 1 1
1953 05 30 5.868000 1 1
1953 05 31 5.752000 1 1
1953 06 01 5.868000 1 1
1953 06 02 7.250000 1 1
1953 06 03 6.830000 1 1
1953 06 04 5.926000 1 1
1953 06 05 5.868000 1 1
1953 06 06 5.694000 1 1
1953 06 07 5.694000 1 1
1953 06 08 5.636000 1 1
1953 06 09 5.636000 1 1
1953 06 10 5.578000 1 1
1953 06 11 5.578000 1 1
1953 06 12 5.868000 1 1
1953 06 13 6.100000 1 1
1953 06 14 5.636000 1 1
1953 06 15 5.464000 1 1
1953 06 16 5.352000 1 1
1953 06 17 5.240000 1 1
1953 06 18 5.184000 1 1
1953 06 19 5.128000 1 1
1953 06 20 5.072000 1 1
1953 06 21 5.184000 1 1
1953 06 22 5.240000 1 1
1953 06 23 5.072000 1 1
1953 06 24 5.016000 1 1
1953 06 25 4.908000 1 1
1953 06 26 4.856000 1 1
1953 06 27 4.804000 1 1
1953 06 28 4.804000 1 1
1953 06 29 4.804000 1 1
1953 06 30 4.804000 1 1
1953 07 01 4.804000 1 1
1953 07 02 4.700000 1 1
1953 07 03 4.700000 1 1
1953 07 04 4.752000 1 1
1953 07 05 4.804000 1 1
1953 07 06 4.700000 1 1
1953 07 07 4.700000 1 1
1953 07 08 4.700000 1 1
1953 07 09 4.700000 1 1
1953 07 10 4.648000 1 1
1953 07 11 5.868000 1 1
1953 07 12 5.694000 1 1
1953 07 13 4.908000 1 1
1953 07 14 4.804000 1 1
1953 07 15 4.700000 1 1
1953 07 16 4.596000 1 1
1953 07 17 4.596000 1 1
1953 07 18 4.544000 1 1
1953 07 19 4.492000 1 1
1953 07 20 4.596000 1 1
1953 07 21 4.960000 1 1
1953 07 22 4.960000 1 1
1953 07 23 4.804000 1 1
1953 07 24 4.700000 1 1
1953 07 25 4.700000 1 1
1953 07 26 4.596000 1 1
1953 07 27 4.492000 1 1
1953 07 28 4.492000 1 1
1953 07 29 4.392000 1 1
1953 07 30 4.296000 1 1
1953 07 31 4.440000 1 1
1953 08 01 8.842000 1 1
1953 08 02 9.560000 1 1
1953 08 03 6.430000 1 1
1953 08 04 5.578000 1 1
1953 08 05 5.520000 1 1
1953 08 06 5.072000 1 1
1953 08 07 4.856000 1 1
1953 08 08 4.700000 1 1
1953 08 09 4.596000 1 1
1953 08 10 4.596000 1 1
1953 08 11 4.492000 1 1
1953 08 12 4.392000 1 1
1953 08 13 4.392000 1 1
1953 08 14 4.392000 1 1
1953 08 15 4.296000 1 1
1953 08 16 4.248000 1 1
1953 08 17 4.200000 1 1
1953 08 18 4.152000 1 1
1953 08 19 4.200000 1 1
1953 08 20 4.200000 1 1
1953 08 21 4.200000 1 1
1953 08 22 4.152000 1 1
1953 08 23 4.492000 1 1
1953 08 24 6.232000 1 1
1953 08 25 11.510000 1 1
1953 08 26 6.562000 1 1
1953 08 27 5.128000 1 1
1953 08 28 5.578000 1 1
1953 08 29 11.060000 1 1
1953 08 30 12.336000 1 1
1953 08 31 13.925000 1 1
1953 09 01 5.752000 1 1
1953 09 02 5.296000 1 1
1953 09 03 5.072000 1 1
1953 09 04 4.856000 1 1
1953 09 05 4.700000 1 1
1953 09 06 4.648000 1 1
1953 09 07 5.240000 1 1
1953 09 08 5.636000 1 1
1953 09 09 4.960000 1 1
1953 09 10 4.648000 1 1
1953 09 11 4.392000 1 1
1953 09 12 4.752000 1 1
1953 09 13 5.520000 1 1
1953 09 14 5.752000 1 1
1953 09 15 5.184000 1 1
1953 09 16 5.016000 1 1
1953 09 17 6.298000 1 1
1953 09 18 7.535000 1 1
1953 09 19 6.232000 1 1
1953 09 20 6.298000 1 1
1953 09 21 5.352000 1 1
1953 09 22 5.016000 1 1
1953 09 23 4.908000 1 1
1953 09 24 4.752000 1 1
1953 09 25 4.492000 1 1
1953 09 26 4.392000 1 1
1953 09 27 4.296000 1 1
1953 09 28 4.248000 1 1
1953 09 29 4.440000 1 1
1953 09 30 4.296000 1 1
1953 10 01 4.152000 1 1
1953 10 02 3.960000 1 1
1953 10 03 4.008000 1 1
1953 10 04 4.296000 1 1
1953 10 05 5.810000 1 1
1953 10 06 5.128000 1 1
1953 10 07 4.596000 1 1
1953 10 08 4.344000 1 1
1953 10 09 4.296000 1 1
1953 10 10 4.440000 1 1
1953 10 11 4.596000 1 1
1953 10 12 4.344000 1 1
1953 10 13 4.960000 1 1
1953 10 14 4.752000 1 1
1953 10 15 4.492000 1 1
1953 10 16 4.392000 1 1
1953 10 17 4.392000 1 1
1953 10 18 4.296000 1 1
1953 10 19 10.160000 1 1
1953 10 20 13.078000 1 1
1953 10 21 9.320000 1 1
1953 10 22 6.760000 1 1
1953 10 23 5.926000 1 1
1953 10 24 5.128000 1 1
1953 10 25 4.752000 1 1
1953 10 26 4.440000 1 1
1953 10 27 4.492000 1 1
1953 10 28 5.868000 1 1
1953 10 29 6.970000 1 1
1953 10 30 5.810000 1 1
1953 10 31 5.810000 1 1
1953 11 01 5.352000 1 1
1953 11 02 6.298000 1 1
1953 11 03 9.640000 1 1
1953 11 04 10.070000 1 1
1953 11 05 14.900000 1 1
1953 11 06 7.610000 1 1
1953 11 07 5.926000 1 1
1953 11 08 6.298000 1 1
1953 11 09 22.100000 1 1
1953 11 10 22.640000 1 1
1953 11 11 13.264000 1 1
1953 11 12 8.135000 1 1
1953 11 13 7.040000 1 1
1953 11 14 9.080000 1 1
1953 11 15 14.400000 1 1
1953 11 16 13.640000 1 1
1953 11 17 9.480000 1 1
1953 11 18 7.180000 1 1
1953 11 19 6.562000 1 1
1953 11 20 9.480000 1 1
1953 11 21 19.200000 1 1
1953 11 22 19.840000 1 1
1953 11 23 12.520000 1 1
1953 11 24 8.921000 1 1
1953 11 25 8.135000 1 1
1953 11 26 7.250000 1 1
1953 11 27 6.694000 1 1
1953 11 28 6.298000 1 1
1953 11 29 6.364000 1 1
1953 11 30 6.830000 1 1
1953 12 01 8.368000 1 1
1953 12 02 7.110000 1 1
1953 12 03 6.100000 1 1
1953 12 04 6.166000 1 1
1953 12 05 7.985000 1 1
1953 12 06 11.060000 1 1
1953 12 07 11.600000 1 1
1953 12 08 7.460000 1 1
1953 12 09 6.628000 1 1
1953 12 10 6.562000 1 1
1953 12 11 6.364000 1 1
1953 12 12 6.042000 1 1
1953 12 13 6.042000 1 1
1953 12 14 6.562000 1 1
1953 12 15 6.430000 1 1
1953 12 16 6.562000 1 1
1953 12 17 7.985000 1 1
1953 12 18 9.240000 1 1
1953 12 19 10.430000 1 1
1953 12 20 7.040000 1 1
1953 12 21 6.900000 1 1
1953 12 22 7.110000 1 1
1953 12 23 6.628000 1 1
1953 12 24 6.232000 1 1
1953 12 25 6.042000 1 1
1953 12 26 5.810000 1 1
1953 12 27 5.408000 1 1
1953 12 28 5.240000 1 1
1953 12 29 5.578000 1 1
1953 12 30 5.984000 1 1
1953 12 31 4.960000 1 1
1954 01 01 5.016000 1 1
1954 01 02 5.016000 1 1
1954 01 03 5.128000 1 1
1954 01 04 9.320000 1 1
1954 01 05 13.264000 1 1
1954 01 06 11.330000 1 1
1954 01 07 7.985000 1 1
1954 01 08 6.760000 1 1
1954 01 09 6.496000 1 1
1954 01 10 6.430000 1 1
1954 01 11 9.560000 1 1
1954 01 12 8.526000 1 1
1954 01 13 6.100000 1 1
1954 01 14 5.296000 1 1
1954 01 15 5.072000 1 1
1954 01 16 4.856000 1 1
1954 01 17 4.700000 1 1
1954 01 18 4.648000 1 1
1954 01 19 5.352000 1 1
1954 01 20 5.184000 1 1
1954 01 21 6.100000 1 1
1954 01 22 6.562000 1 1
1954 01 23 6.166000 1 1
1954 01 24 5.636000 1 1
1954 01 25 4.804000 1 1
1954 01 26 4.492000 1 1
1954 01 27 4.296000 1 1
1954 01 28 4.248000 1 1
1954 01 29 4.200000 1 1
1954 01 30 4.296000 1 1
1954 01 31 4.440000 1 1
1954 02 01 4.344000 1 1
1954 02 02 4.200000 1 1
1954 02 03 4.200000 1 1
1954 02 04 5.184000 1 1
1954 02 05 6.042000 1 1
1954 02 06 6.232000 1 1
1954 02 07 7.110000 1 1
1954 02 08 8.210000 1 1
1954 02 09 15.800000 1 1
1954 02 10 14.210000 1 1
1954 02 11 8.060000 1 1
1954 02 12 6.430000 1 1
1954 02 13 6.298000 1 1
1954 02 14 6.166000 1 1
1954 02 15 6.100000 1 1
1954 02 16 6.900000 1 1
1954 02 17 14.600000 1 1
1954 02 18 14.400000 1 1
1954 02 19 15.500000 1 1
1954 02 20 14.210000 1 1
1954 02 21 8.526000 1 1
1954 02 22 8.060000 1 1
1954 02 23 7.535000 1 1
1954 02 24 7.180000 1 1
1954 02 25 5.926000 1 1
1954 02 26 5.408000 1 1
1954 02 27 5.408000 1 1
1954 02 28 6.100000 1 1
1954 03 01 5.694000 1 1
1954 03 02 5.072000 1 1
1954 03 03 4.856000 1 1
1954 03 04 4.752000 1 1
1954 03 05 4.960000 1 1
1954 03 06 5.752000 1 1
1954 03 07 7.835000 1 1
1954 03 08 6.760000 1 1
1954 03 09 5.984000 1 1
1954 03 10 5.636000 1 1
1954 03 11 8.368000 1 1
1954 03 12 16.400000 1 1
1954 03 13 18.300000 1 1
1954 03 14 9.560000 1 1
1954 03 15 6.562000 1 1
1954 03 16 5.694000 1 1
1954 03 17 5.296000 1 1
1954 03 18 5.016000 1 1
1954 03 19 6.100000 1 1
1954 03 20 6.830000 1 1
1954 03 21 5.464000 1 1
1954 03 22 5.240000 1 1
1954 03 23 4.960000 1 1
1954 03 24 4.700000 1 1
1954 03 25 4.700000 1 1
1954 03 26 4.544000 1 1
1954 03 27 4.492000 1 1
1954 03 28 4.544000 1 1
1954 03 29 4.908000 1 1
1954 03 30 6.042000 1 1
1954 03 31 9.560000 1 1
1954 04 01 15.100000 1 1
1954 04 02 10.160000 1 1
1954 04 03 7.760000 1 1
1954 04 04 8.135000 1 1
1954 04 05 7.040000 1 1
1954 04 06 6.042000 1 1
1954 04 07 6.042000 1 1
1954 04 08 5.868000 1 1
1954 04 09 5.408000 1 1
1954 04 10 5.240000 1 1
1954 04 11 5.240000 1 1
1954 04 12 5.072000 1 1
1954 04 13 4.960000 1 1
1954 04 14 6.100000 1 1
1954 04 15 11.968000 1 1
1954 04 16 11.876000 1 1
1954 04 17 10.160000 1 1
1954 04 18 7.835000 1 1
1954 04 19 6.562000 1 1
1954 04 20 5.984000 1 1
1954 04 21 5.752000 1 1
1954 04 22 5.520000 1 1
1954 04 23 5.296000 1 1
1954 04 24 5.240000 1 1
1954 04 25 5.184000 1 1
1954 04 26 5.016000 1 1
1954 04 27 4.908000 1 1
1954 04 28 4.804000 1 1
1954 04 29 4.700000 1 1
1954 04 30 4.804000 1 1
1954 05 01 6.100000 1 1
1954 05 02 10.430000 1 1
1954 05 03 13.735000 1 1
1954 05 04 9.400000 1 1
1954 05 05 7.460000 1 1
1954 05 06 6.298000 1 1
1954 05 07 7.180000 1 1
1954 05 08 6.628000 1 1
1954 05 09 6.166000 1 1
1954 05 10 6.100000 1 1
1954 05 11 6.970000 1 1
1954 05 12 8.060000 1 1
1954 05 13 9.890000 1 1
1954 05 14 10.790000 1 1
1954 05 15 8.605000 1 1
1954 05 16 8.526000 1 1
1954 05 17 6.562000 1 1
1954 05 18 6.430000 1 1
1954 05 19 7.685000 1 1
1954 05 20 8.921000 1 1
1954 05 21 8.605000 1 1
1954 05 22 12.613000 1 1
1954 05 23 18.100000 1 1
1954 05 24 18.300000 1 1
1954 05 25 10.300000 1 1
1954 05 26 8.372000 1 1
1954 05 27 7.700000 1 1
1954 05 28 7.214000 1 1
1954 05 29 6.732000 1 1
1954 05 30 6.258000 1 1
1954 05 31 5.946000 1 1
1954 06 01 5.792000 1 1
1954 06 02 6.023000 1 1
1954 06 03 5.792000 1 1
1954 06 04 5.869000 1 1
1954 06 05 5.946000 1 1
1954 06 06 6.100000 1 1
1954 06 07 6.653000 1 1
1954 06 08 8.456000 1 1
1954 06 09 7.133000 1 1
1954 06 10 6.179000 1 1
1954 06 11 5.792000 1 1
1954 06 12 5.638000 1 1
1954 06 13 5.638000 1 1
1954 06 14 5.484000 1 1
1954 06 15 5.256000 1 1
1954 06 16 5.182000 1 1
1954 06 17 5.182000 1 1
1954 06 18 5.182000 1 1
1954 06 19 5.108000 1 1
1954 06 20 4.960000 1 1
1954 06 21 4.886000 1 1
1954 06 22 4.886000 1 1
1954 06 23 4.886000 1 1
1954 06 24 4.886000 1 1
1954 06 25 4.886000 1 1
1954 06 26 4.738000 1 1
1954 06 27 4.738000 1 1
1954 06 28 4.738000 1 1
1954 06 29 4.590000 1 1
1954 06 30 4.448000 1 1
1954 07 01 4.448000 1 1
1954 07 02 4.448000 1 1
1954 07 03 4.448000 1 1
1954 07 04 4.448000 1 1
1954 07 05 4.448000 1 1
1954 07 06 4.377000 1 1
1954 07 07 4.377000 1 1
1954 07 08 4.377000 1 1
1954 07 09 4.306000 1 1
1954 07 10 4.235000 1 1
1954 07 11 4.235000 1 1
1954 07 12 4.235000 1 1
1954 07 13 4.235000 1 1
1954 07 14 4.093000 1 1
1954 07 15 4.022000 1 1
1954 07 16 4.093000 1 1
1954 07 17 4.235000 1 1
1954 07 18 4.022000 1 1
1954 07 19 4.164000 1 1
1954 07 20 4.448000 1 1
1954 07 21 4.738000 1 1
1954 07 22 4.235000 1 1
1954 07 23 4.164000 1 1
1954 07 24 4.377000 1 1
1954 07 25 4.590000 1 1
1954 07 26 4.590000 1 1
1954 07 27 4.738000 1 1
1954 07 28 7.052000 1 1
1954 07 29 5.034000 1 1
1954 07 30 4.519000 1 1
1954 07 31 4.377000 1 1
1954 08 01 4.306000 1 1
1954 08 02 4.306000 1 1
1954 08 03 4.164000 1 1
1954 08 04 4.093000 1 1
1954 08 05 4.022000 1 1
1954 08 06 4.022000 1 1
1954 08 07 3.880000 1 1
1954 08 08 3.951000 1 1
1954 08 09 3.691000 1 1
1954 08 10 3.502000 1 1
1954 08 11 3.691000 1 1
1954 08 12 4.093000 1 1
1954 08 13 3.880000 1 1
1954 08 14 3.754000 1 1
1954 08 15 3.628000 1 1
1954 08 16 3.628000 1 1
1954 08 17 3.565000 1 1
1954 08 18 3.565000 1 1
1954 08 19 3.439000 1 1
1954 08 20 3.439000 1 1
1954 08 21 3.502000 1 1
1954 08 22 3.628000 1 1
1954 08 23 3.951000 1 1
1954 08 24 3.754000 1 1
1954 08 25 3.691000 1 1
1954 08 26 3.502000 1 1
1954 08 27 3.817000 1 1
1954 08 28 6.179000 1 1
1954 08 29 7.868000 1 1
1954 08 30 7.784000 1 1
1954 08 31 5.638000 1 1
1954 09 01 4.519000 1 1
1954 09 02 4.164000 1 1
1954 09 03 4.022000 1 1
1954 09 04 3.880000 1 1
1954 09 05 3.754000 1 1
1954 09 06 4.093000 1 1
1954 09 07 3.691000 1 1
1954 09 08 3.691000 1 1
1954 09 09 3.628000 1 1
1954 09 10 3.502000 1 1
1954 09 11 3.502000 1 1
1954 09 12 3.376000 1 1
1954 09 13 3.313000 1 1
1954 09 14 4.093000 1 1
1954 09 15 8.880000 1 1
1954 09 16 8.710000 1 1
1954 09 17 5.256000 1 1
1954 09 18 4.377000 1 1
1954 09 19 3.880000 1 1
1954 09 20 3.817000 1 1
1954 09 21 4.235000 1 1
1954 09 22 4.519000 1 1
1954 09 23 4.022000 1 1
1954 09 24 3.754000 1 1
1954 09 25 3.754000 1 1
1954 09 26 4.448000 1 1
1954 09 27 5.638000 1 1
1954 09 28 5.330000 1 1
1954 09 29 5.561000 1 1
1954 09 30 6.023000 1 1
1954 10 01 8.540000 1 1
1954 10 02 7.952000 1 1
1954 10 03 6.258000 1 1
1954 10 04 5.484000 1 1
1954 10 05 4.812000 1 1
1954 10 06 4.448000 1 1
1954 10 07 6.100000 1 1
1954 10 08 5.715000 1 1
1954 10 09 4.812000 1 1
1954 10 10 4.519000 1 1
1954 10 11 5.407000 1 1
1954 10 12 8.880000 1 1
1954 10 13 12.640000 1 1
1954 10 14 12.190000 1 1
1954 10 15 9.572000 1 1
1954 10 16 7.457000 1 1
1954 10 17 5.792000 1 1
1954 10 18 5.484000 1 1
1954 10 19 6.100000 1 1
1954 10 20 7.538000 1 1
1954 10 21 9.390000 1 1
1954 10 22 15.020000 1 1
1954 10 23 13.180000 1 1
1954 10 24 7.700000 1 1
1954 10 25 6.023000 1 1
1954 10 26 5.484000 1 1
1954 10 27 4.886000 1 1
1954 10 28 7.295000 1 1
1954 10 29 11.740000 1 1
1954 10 30 9.572000 1 1
1954 10 31 7.214000 1 1
1954 11 01 6.574000 1 1
1954 11 02 5.946000 1 1
1954 11 03 5.715000 1 1
1954 11 04 5.108000 1 1
1954 11 05 4.886000 1 1
1954 11 06 5.108000 1 1
1954 11 07 5.561000 1 1
1954 11 08 5.034000 1 1
1954 11 09 4.738000 1 1
1954 11 10 4.664000 1 1
1954 11 11 4.519000 1 1
1954 11 12 6.179000 1 1
1954 11 13 8.120000 1 1
1954 11 14 5.792000 1 1
1954 11 15 5.484000 1 1
1954 11 16 5.715000 1 1
1954 11 17 5.561000 1 1
1954 11 18 4.960000 1 1
1954 11 19 4.519000 1 1
1954 11 20 4.306000 1 1
1954 11 21 4.164000 1 1
1954 11 22 4.022000 1 1
1954 11 23 4.022000 1 1
1954 11 24 4.664000 1 1
1954 11 25 5.715000 1 1
1954 11 26 4.738000 1 1
1954 11 27 4.235000 1 1
1954 11 28 4.022000 1 1
1954 11 29 4.022000 1 1
1954 11 30 4.306000 1 1
1954 12 01 5.561000 1 1
1954 12 02 4.448000 1 1
1954 12 03 4.164000 1 1
1954 12 04 4.812000 1 1
1954 12 05 4.886000 1 1
1954 12 06 4.093000 1 1
1954 12 07 3.754000 1 1
1954 12 08 3.951000 1 1
1954 12 09 4.448000 1 1
1954 12 10 5.792000 1 1
1954 12 11 5.946000 1 1
1954 12 12 5.256000 1 1
1954 12 13 4.812000 1 1
1954 12 14 5.561000 1 1
1954 12 15 4.519000 1 1
1954 12 16 4.164000 1 1
1954 12 17 4.093000 1 1
1954 12 18 4.664000 1 1
1954 12 19 6.890000 1 1
1954 12 20 7.376000 1 1
1954 12 21 7.295000 1 1
1954 12 22 8.120000 1 1
1954 12 23 10.209000 1 1
1954 12 24 11.470000 1 1
1954 12 25 8.120000 1 1
1954 12 26 4.960000 1 1
1954 12 27 4.377000 1 1
1954 12 28 4.164000 1 1
1954 12 29 4.448000 1 1
1954 12 30 5.256000 1 1
1954 12 31 5.484000 1 1
1955 01 01 4.886000 1 1
1955 01 02 4.377000 1 1
1955 01 03 4.960000 1 1
1955 01 04 6.732000 1 1
1955 01 05 13.000000 1 1
1955 01 06 12.820000 1 1
1955 01 07 8.625000 1 1
1955 01 08 6.179000 1 1
1955 01 09 5.034000 1 1
1955 01 10 4.886000 1 1
1955 01 11 6.258000 1 1
1955 01 12 11.200000 1 1
1955 01 13 9.135000 1 1
1955 01 14 10.840000 1 1
1955 01 15 10.390000 1 1
1955 01 16 13.720000 1 1
1955 01 17 24.400000 1 1
1955 01 18 21.020000 1 1
1955 01 19 15.020000 1 1
1955 01 20 10.480000 1 1
1955 01 21 8.456000 1 1
1955 01 22 7.700000 1 1
1955 01 23 7.700000 1 1
1955 01 24 7.700000 1 1
1955 01 25 13.090000 1 1
1955 01 26 12.730000 1 1
1955 01 27 9.390000 1 1
1955 01 28 13.450000 1 1
1955 01 29 7.700000 1 1
1955 01 30 7.700000 1 1
1955 01 31 7.700000 1 1
1955 02 01 9.572000 1 1
1955 02 02 7.868000 1 1
1955 02 03 6.732000 1 1
1955 02 04 6.179000 1 1
1955 02 05 5.792000 1 1
1955 02 06 5.407000 1 1
1955 02 07 5.256000 1 1
1955 02 08 5.034000 1 1
1955 02 09 4.960000 1 1
1955 02 10 4.812000 1 1
1955 02 11 4.664000 1 1
1955 02 12 4.590000 1 1
1955 02 13 4.812000 1 1
1955 02 14 4.812000 1 1
1955 02 15 4.590000 1 1
1955 02 16 4.448000 1 1
1955 02 17 4.306000 1 1
1955 02 18 4.306000 1 1
1955 02 19 4.306000 1 1
1955 02 20 4.306000 1 1
1955 02 21 4.448000 1 1
1955 02 22 5.484000 1 1
1955 02 23 6.179000 1 1
1955 02 24 7.952000 1 1
1955 02 25 9.390000 1 1
1955 02 26 8.036000 1 1
1955 02 27 6.890000 1 1
1955 02 28 7.133000 1 1
1955 03 01 6.100000 1 1
1955 03 02 6.100000 1 1
1955 03 03 5.869000 1 1
1955 03 04 5.256000 1 1
1955 03 05 4.738000 1 1
1955 03 06 4.448000 1 1
1955 03 07 5.182000 1 1
1955 03 08 5.484000 1 1
1955 03 09 5.561000 1 1
1955 03 10 7.700000 1 1
1955 03 11 14.440000 1 1
1955 03 12 13.540000 1 1
1955 03 13 9.663000 1 1
1955 03 14 8.204000 1 1
1955 03 15 11.560000 1 1
1955 03 16 13.900000 1 1
1955 03 17 10.480000 1 1
1955 03 18 7.868000 1 1
1955 03 19 6.337000 1 1
1955 03 20 6.100000 1 1
1955 03 21 6.023000 1 1
1955 03 22 5.407000 1 1
1955 03 23 5.182000 1 1
1955 03 24 5.108000 1 1
1955 03 25 4.664000 1 1
1955 03 26 4.448000 1 1
1955 03 27 4.377000 1 1
1955 03 28 4.306000 1 1
1955 03 29 4.377000 1 1
1955 03 30 5.638000 1 1
1955 03 31 9.845000 1 1
1955 04 01 15.130000 1 1
1955 04 02 10.840000 1 1
1955 04 03 7.619000 1 1
1955 04 04 6.732000 1 1
1955 04 05 9.135000 1 1
1955 04 06 7.868000 1 1
1955 04 07 6.258000 1 1
1955 04 08 5.638000 1 1
1955 04 09 5.407000 1 1
1955 04 10 5.108000 1 1
1955 04 11 5.182000 1 1
1955 04 12 5.484000 1 1
1955 04 13 5.715000 1 1
1955 04 14 6.258000 1 1
1955 04 15 6.100000 1 1
1955 04 16 6.100000 1 1
1955 04 17 5.869000 1 1
1955 04 18 10.209000 1 1
1955 04 19 12.010000 1 1
1955 04 20 13.900000 1 1
1955 04 21 8.120000 1 1
1955 04 22 7.052000 1 1
1955 04 23 5.715000 1 1
1955 04 24 5.484000 1 1
1955 04 25 5.484000 1 1
1955 04 26 5.407000 1 1
1955 04 27 5.330000 1 1
1955 04 28 4.886000 1 1
1955 04 29 5.256000 1 1
1955 04 30 7.214000 1 1
1955 05 01 5.869000 1 1
1955 05 02 4.235000 1 1
1955 05 03 4.812000 1 1
1955 05 04 4.886000 1 1
1955 05 05 4.590000 1 1
1955 05 06 5.869000 1 1
1955 05 07 9.572000 1 1
1955 05 08 7.376000 1 1
1955 05 09 5.946000 1 1
1955 05 10 5.407000 1 1
1955 05 11 4.960000 1 1
1955 05 12 4.886000 1 1
1955 05 13 4.812000 1 1
1955 05 14 4.738000 1 1
1955 05 15 4.738000 1 1
1955 05 16 5.792000 1 1
1955 05 17 10.840000 1 1
1955 05 18 9.390000 1 1
1955 05 19 6.495000 1 1
1955 05 20 5.869000 1 1
1955 05 21 6.971000 1 1
1955 05 22 5.330000 1 1
1955 05 23 5.182000 1 1
1955 05 24 5.108000 1 1
1955 05 25 5.034000 1 1
1955 05 26 4.738000 1 1
1955 05 27 4.738000 1 1
1955 05 28 4.738000 1 1
1955 05 29 4.664000 1 1
1955 05 30 4.960000 1 1
1955 05 31 5.034000 1 1
1955 06 01 5.108000 1 1
1955 06 02 5.407000 1 1
1955 06 03 6.179000 1 1
1955 06 04 5.256000 1 1
1955 06 05 4.590000 1 1
1955 06 06 4.590000 1 1
1955 06 07 4.448000 1 1
1955 06 08 4.448000 1 1
1955 06 09 4.448000 1 1
1955 06 10 4.812000 1 1
1955 06 11 5.561000 1 1
1955 06 12 4.812000 1 1
1955 06 13 4.590000 1 1
1955 06 14 4.738000 1 1
1955 06 15 4.738000 1 1
1955 06 16 4.812000 1 1
1955 06 17 4.590000 1 1
1955 06 18 4.590000 1 1
1955 06 19 4.164000 1 1
1955 06 20 4.164000 1 1
1955 06 21 4.164000 1 1
1955 06 22 4.377000 1 1
1955 06 23 4.812000 1 1
1955 06 24 4.164000 1 1
1955 06 25 4.164000 1 1
1955 06 26 4.164000 1 1
1955 06 27 4.164000 1 1
1955 06 28 4.164000 1 1
1955 06 29 4.164000 1 1
1955 06 30 4.164000 1 1
1955 07 01 4.022000 1 1
1955 07 02 4.306000 1 1
1955 07 03 4.738000 1 1
1955 07 04 4.738000 1 1
1955 07 05 4.664000 1 1
1955 07 06 5.330000 1 1
1955 07 07 5.182000 1 1
1955 07 08 4.664000 1 1
1955 07 09 4.448000 1 1
1955 07 10 4.664000 1 1
1955 07 11 4.812000 1 1
1955 07 12 4.377000 1 1
1955 07 13 4.235000 1 1
1955 07 14 4.022000 1 1
1955 07 15 4.022000 1 1
1955 07 16 4.164000 1 1
1955 07 17 4.022000 1 1
1955 07 18 4.022000 1 1
1955 07 19 3.951000 1 1
1955 07 20 3.880000 1 1
1955 07 21 3.880000 1 1
1955 07 22 3.880000 1 1
1955 07 23 3.754000 1 1
1955 07 24 3.754000 1 1
1955 07 25 3.754000 1 1
1955 07 26 3.754000 1 1
1955 07 27 3.754000 1 1
1955 07 28 3.691000 1 1
1955 07 29 3.628000 1 1
1955 07 30 3.628000 1 1
1955 07 31 3.628000 1 1
1955 08 01 3.628000 1 1
1955 08 02 3.628000 1 1
1955 08 03 3.628000 1 1
1955 08 04 3.628000 1 1
1955 08 05 3.628000 1 1
1955 08 06 3.628000 1 1
1955 08 07 3.628000 1 1
1955 08 08 3.628000 1 1
1955 08 09 3.628000 1 1
1955 08 10 3.628000 1 1
1955 08 11 3.628000 1 1
1955 08 12 3.628000 1 1
1955 08 13 3.628000 1 1
1955 08 14 3.628000 1 1
1955 08 15 3.502000 1 1
1955 08 16 3.502000 1 1
1955 08 17 3.502000 1 1
1955 08 18 3.502000 1 1
1955 08 19 3.502000 1 1
1955 08 20 3.376000 1 1
1955 08 21 3.376000 1 1
1955 08 22 3.376000 1 1
1955 08 23 3.376000 1 1
1955 08 24 3.376000 1 1
1955 08 25 3.376000 1 1
1955 08 26 3.628000 1 1
1955 08 27 7.538000 1 1
1955 08 28 14.620000 1 1
1955 08 29 17.400000 1 1
1955 08 30 13.450000 1 1
1955 08 31 6.495000 1 1
1955 09 01 5.182000 1 1
1955 09 02 4.519000 1 1
1955 09 03 4.306000 1 1
1955 09 04 4.306000 1 1
1955 09 05 4.306000 1 1
1955 09 06 4.448000 1 1
1955 09 07 5.256000 1 1
1955 09 08 4.738000 1 1
1955 09 09 4.664000 1 1
1955 09 10 4.448000 1 1
1955 09 11 3.880000 1 1
1955 09 12 3.880000 1 1
1955 09 13 3.880000 1 1
1955 09 14 3.880000 1 1
1955 09 15 3.817000 1 1
1955 09 16 3.628000 1 1
1955 09 17 3.628000 1 1
1955 09 18 3.817000 1 1
1955 09 19 4.022000 1 1
1955 09 20 4.306000 1 1
1955 09 21 4.306000 1 1
1955 09 22 4.306000 1 1
1955 09 23 4.306000 1 1
1955 09 24 4.093000 1 1
1955 09 25 3.817000 1 1
1955 09 26 3.628000 1 1
1955 09 27 5.715000 1 1
1955 09 28 9.390000 1 1
1955 09 29 6.495000 1 1
1955 09 30 4.590000 1 1
1955 10 01 4.235000 1 1
1955 10 02 4.022000 1 1
1955 10 03 4.022000 1 1
1955 10 04 5.638000 1 1
1955 10 05 5.946000 1 1
1955 10 06 4.664000 1 1
1955 10 07 4.235000 1 1
1955 10 08 4.022000 1 1
1955 10 09 4.022000 1 1
1955 10 10 3.880000 1 1
1955 10 11 3.754000 1 1
1955 10 12 3.754000 1 1
1955 10 13 3.754000 1 1
1955 10 14 3.817000 1 1
1955 10 15 4.377000 1 1
1955 10 16 6.023000 1 1
1955 10 17 7.295000 1 1
1955 10 18 8.710000 1 1
1955 10 19 6.495000 1 1
1955 10 20 6.179000 1 1
1955 10 21 5.869000 1 1
1955 10 22 5.869000 1 1
1955 10 23 5.715000 1 1
1955 10 24 4.519000 1 1
1955 10 25 4.377000 1 1
1955 10 26 4.377000 1 1
1955 10 27 4.377000 1 1
1955 10 28 5.638000 1 1
1955 10 29 9.845000 1 1
1955 10 30 8.288000 1 1
1955 10 31 7.295000 1 1
1955 11 01 9.050000 1 1
1955 11 02 10.660000 1 1
1955 11 03 11.200000 1 1
1955 11 04 12.100000 1 1
1955 11 05 12.820000 1 1
1955 11 06 8.795000 1 1
1955 11 07 5.715000 1 1
1955 11 08 5.638000 1 1
1955 11 09 5.407000 1 1
1955 11 10 5.108000 1 1
1955 11 11 6.890000 1 1
1955 11 12 11.470000 1 1
1955 11 13 12.100000 1 1
1955 11 14 10.300000 1 1
1955 11 15 8.372000 1 1
1955 11 16 7.295000 1 1
1955 11 17 5.715000 1 1
1955 11 18 5.638000 1 1
1955 11 19 6.258000 1 1
1955 11 20 9.572000 1 1
1955 11 21 22.890000 1 1
1955 11 22 33.580000 1 1
1955 11 23 24.400000 1 1
1955 11 24 16.900000 1 1
1955 11 25 16.400000 1 1
1955 11 26 14.350000 1 1
1955 11 27 11.560000 1 1
1955 11 28 9.390000 1 1
1955 11 29 8.456000 1 1
1955 11 30 7.457000 1 1
1955 12 01 6.100000 1 1
1955 12 02 6.100000 1 1
1955 12 03 6.100000 1 1
1955 12 04 6.732000 1 1
1955 12 05 10.750000 1 1
1955 12 06 12.550000 1 1
1955 12 07 16.100000 1 1
1955 12 08 6.100000 1 1
1955 12 09 6.258000 1 1
1955 12 10 6.732000 1 1
1955 12 11 6.732000 1 1
1955 12 12 6.495000 1 1
1955 12 13 8.204000 1 1
1955 12 14 9.135000 1 1
1955 12 15 7.295000 1 1
1955 12 16 6.416000 1 1
1955 12 17 12.370000 1 1
1955 12 18 9.135000 1 1
1955 12 19 7.538000 1 1
1955 12 20 6.416000 1 1
1955 12 21 5.792000 1 1
1955 12 22 5.484000 1 1
1955 12 23 7.295000 1 1
1955 12 24 10.390000 1 1
1955 12 25 11.830000 1 1
1955 12 26 8.710000 1 1
1955 12 27 11.560000 1 1
1955 12 28 12.730000 1 1
1955 12 29 10.480000 1 1
1955 12 30 13.630000 1 1
1955 12 31 14.530000 1 1
1956 01 01 19.600000 1 1
1956 01 02 25.170000 1 1
1956 01 03 18.400000 1 1
1956 01 04 14.620000 1 1
1956 01 05 9.481000 1 1
1956 01 06 8.204000 1 1
1956 01 07 7.214000 1 1
1956 01 08 6.653000 1 1
1956 01 09 6.574000 1 1
1956 01 10 6.258000 1 1
1956 01 11 6.258000 1 1
1956 01 12 6.416000 1 1
1956 01 13 6.495000 1 1
1956 01 14 6.258000 1 1
1956 01 15 5.407000 1 1
1956 01 16 5.407000 1 1
1956 01 17 5.256000 1 1
1956 01 18 5.484000 1 1
1956 01 19 6.653000 1 1
1956 01 20 6.653000 1 1
1956 01 21 8.120000 1 1
1956 01 22 7.133000 1 1
1956 01 23 6.811000 1 1
1956 01 24 6.258000 1 1
1956 01 25 5.407000 1 1
1956 01 26 5.108000 1 1
1956 01 27 5.182000 1 1
1956 01 28 5.407000 1 1
1956 01 29 7.952000 1 1
1956 01 30 6.495000 1 1
1956 01 31 5.792000 1 1
1956 02 01 5.108000 1 1
1956 02 02 4.738000 1 1
1956 02 03 4.590000 1 1
1956 02 04 4.590000 1 1
1956 02 05 4.448000 1 1
1956 02 06 4.448000 1 1
1956 02 07 4.306000 1 1
1956 02 08 4.235000 1 1
1956 02 09 4.164000 1 1
1956 02 10 4.164000 1 1
1956 02 11 4.235000 1 1
1956 02 12 4.377000 1 1
1956 02 13 5.256000 1 1
1956 02 14 6.100000 1 1
1956 02 15 7.700000 1 1
1956 02 16 8.036000 1 1
1956 02 17 7.952000 1 1
1956 02 18 9.754000 1 1
1956 02 19 7.295000 1 1
1956 02 20 6.890000 1 1
1956 02 21 6.971000 1 1
1956 02 22 7.295000 1 1
1956 02 23 7.619000 1 1
1956 02 24 8.204000 1 1
1956 02 25 12.370000 1 1
1956 02 26 17.400000 1 1
1956 02 27 21.300000 1 1
1956 02 28 18.300000 1 1
1956 02 29 10.570000 1 1
1956 03 01 13.720000 1 1
1956 03 02 22.260000 1 1
1956 03 03 20.600000 1 1
1956 03 04 17.700000 1 1
1956 03 05 10.027000 1 1
1956 03 06 8.625000 1 1
1956 03 07 10.660000 1 1
1956 03 08 12.460000 1 1
1956 03 09 16.300000 1 1
1956 03 10 19.400000 1 1
1956 03 11 14.440000 1 1
1956 03 12 11.110000 1 1
1956 03 13 11.380000 1 1
1956 03 14 11.290000 1 1
1956 03 15 11.920000 1 1
1956 03 16 9.936000 1 1
1956 03 17 8.036000 1 1
1956 03 18 7.295000 1 1
1956 03 19 6.971000 1 1
1956 03 20 9.572000 1 1
1956 03 21 11.110000 1 1
1956 03 22 9.936000 1 1
1956 03 23 8.036000 1 1
1956 03 24 6.971000 1 1
1956 03 25 6.732000 1 1
1956 03 26 6.574000 1 1
1956 03 27 6.337000 1 1
1956 03 28 6.100000 1 1
1956 03 29 6.100000 1 1
1956 03 30 6.100000 1 1
1956 03 31 7.952000 1 1
1956 04 01 8.625000 1 1
1956 04 02 7.952000 1 1
1956 04 03 8.120000 1 1
1956 04 04 7.700000 1 1
1956 04 05 6.258000 1 1
1956 04 06 6.100000 1 1
1956 04 07 5.108000 1 1
1956 04 08 4.519000 1 1
1956 04 09 4.448000 1 1
1956 04 10 4.886000 1 1
1956 04 11 5.946000 1 1
1956 04 12 6.258000 1 1
1956 04 13 6.023000 1 1
1956 04 14 6.023000 1 1
1956 04 15 6.100000 1 1
1956 04 16 6.179000 1 1
1956 04 17 6.100000 1 1
1956 04 18 6.890000 1 1
1956 04 19 6.179000 1 1
1956 04 20 6.100000 1 1
1956 04 21 5.638000 1 1
1956 04 22 5.946000 1 1
1956 04 23 6.495000 1 1
1956 04 24 6.023000 1 1
1956 04 25 6.653000 1 1
1956 04 26 7.784000 1 1
1956 04 27 7.457000 1 1
1956 04 28 8.625000 1 1
1956 04 29 14.260000 1 1
1956 04 30 13.270000 1 1
1956 05 01 11.200000 1 1
1956 05 02 9.135000 1 1
1956 05 03 10.660000 1 1
1956 05 04 10.660000 1 1
1956 05 05 10.027000 1 1
1956 05 06 9.305000 1 1
1956 05 07 7.784000 1 1
1956 05 08 6.971000 1 1
1956 05 09 6.890000 1 1
1956 05 10 6.811000 1 1
1956 05 11 6.574000 1 1
1956 05 12 6.100000 1 1
1956 05 13 5.638000 1 1
1956 05 14 5.792000 1 1
1956 05 15 5.792000 1 1
1956 05 16 5.869000 1 1
1956 05 17 5.638000 1 1
1956 05 18 5.561000 1 1
1956 05 19 5.407000 1 1
1956 05 20 5.561000 1 1
1956 05 21 5.715000 1 1
1956 05 22 6.890000 1 1
1956 05 23 8.288000 1 1
1956 05 24 7.376000 1 1
1956 05 25 9.663000 1 1
1956 05 26 17.400000 1 1
1956 05 27 18.100000 1 1
1956 05 28 12.730000 1 1
1956 05 29 8.625000 1 1
1956 05 30 7.784000 1 1
1956 05 31 6.811000 1 1
1956 06 01 6.495000 1 1
1956 06 02 6.337000 1 1
1956 06 03 6.179000 1 1
1956 06 04 6.023000 1 1
1956 06 05 5.869000 1 1
1956 06 06 5.484000 1 1
1956 06 07 5.715000 1 1
1956 06 08 5.946000 1 1
1956 06 09 6.023000 1 1
1956 06 10 6.179000 1 1
1956 06 11 6.653000 1 1
1956 06 12 12.730000 1 1
1956 06 13 17.400000 1 1
1956 06 14 26.190000 1 1
1956 06 15 24.760000 1 1
1956 06 16 13.900000 1 1
1956 06 17 11.650000 1 1
1956 06 18 8.880000 1 1
1956 06 19 8.120000 1 1
1956 06 20 8.625000 1 1
1956 06 21 8.036000 1 1
1956 06 22 8.120000 1 1
1956 06 23 8.456000 1 1
1956 06 24 8.204000 1 1
1956 06 25 7.295000 1 1
1956 06 26 6.653000 1 1
1956 06 27 6.416000 1 1
1956 06 28 6.495000 1 1
1956 06 29 6.495000 1 1
1956 06 30 6.416000 1 1
1956 07 01 6.574000 1 1
1956 07 02 6.416000 1 1
1956 07 03 6.495000 1 1
1956 07 04 6.337000 1 1
1956 07 05 6.100000 1 1
1956 07 06 5.792000 1 1
1956 07 07 5.792000 1 1
1956 07 08 5.869000 1 1
1956 07 09 5.869000 1 1
1956 07 10 5.792000 1 1
1956 07 11 5.638000 1 1
1956 07 12 5.715000 1 1
1956 07 13 5.638000 1 1
1956 07 14 5.715000 1 1
1956 07 15 5.638000 1 1
1956 07 16 5.561000 1 1
1956 07 17 5.484000 1 1
1956 07 18 5.561000 1 1
1956 07 19 5.484000 1 1
1956 07 20 5.561000 1 1
1956 07 21 5.561000 1 1
1956 07 22 5.484000 1 1
1956 07 23 5.792000 1 1
1956 07 24 6.495000 1 1
1956 07 25 6.732000 1 1
1956 07 26 6.971000 1 1
1956 07 27 7.376000 1 1
1956 07 28 7.868000 1 1
1956 07 29 8.036000 1 1
1956 07 30 10.660000 1 1
1956 07 31 11.380000 1 1
1956 08 01 12.010000 1 1
1956 08 02 12.550000 1 1
1956 08 03 13.900000 1 1
1956 08 04 16.400000 1 1
1956 08 05 15.460000 1 1
1956 08 06 13.720000 1 1
1956 08 07 12.370000 1 1
1956 08 08 11.290000 1 1
1956 08 09 8.710000 1 1
1956 08 10 7.376000 1 1
1956 08 11 6.653000 1 1
1956 08 12 6.811000 1 1
1956 08 13 6.811000 1 1
1956 08 14 6.495000 1 1
1956 08 15 7.295000 1 1
1956 08 16 6.811000 1 1
1956 08 17 6.653000 1 1
1956 08 18 6.495000 1 1
1956 08 19 6.495000 1 1
1956 08 20 6.653000 1 1
1956 08 21 6.495000 1 1
1956 08 22 6.179000 1 1
1956 08 23 6.023000 1 1
1956 08 24 6.100000 1 1
1956 08 25 6.179000 1 1
1956 08 26 6.179000 1 1
1956 08 27 5.946000 1 1
1956 08 28 6.023000 1 1
1956 08 29 5.715000 1 1
1956 08 30 5.715000 1 1
1956 08 31 5.715000 1 1
1956 09 01 6.100000 1 1
1956 09 02 4.960000 1 1
1956 09 03 4.886000 1 1
1956 09 04 4.886000 1 1
1956 09 05 4.886000 1 1
1956 09 06 4.960000 1 1
1956 09 07 5.034000 1 1
1956 09 08 5.182000 1 1
1956 09 09 5.407000 1 1
1956 09 10 7.052000 1 1
1956 09 11 7.538000 1 1
1956 09 12 7.868000 1 1
1956 09 13 7.295000 1 1
1956 09 14 6.653000 1 1
1956 09 15 7.133000 1 1
1956 09 16 6.416000 1 1
1956 09 17 5.638000 1 1
1956 09 18 5.330000 1 1
1956 09 19 5.182000 1 1
1956 09 20 5.108000 1 1
1956 09 21 5.792000 1 1
1956 09 22 6.179000 1 1
1956 09 23 5.182000 1 1
1956 09 24 4.738000 1 1
1956 09 25 4.590000 1 1
1956 09 26 4.812000 1 1
1956 09 27 5.108000 1 1
1956 09 28 5.869000 1 1
1956 09 29 7.052000 1 1
1956 09 30 6.890000 1 1
1956 10 01 6.337000 1 1
1956 10 02 6.653000 1 1
1956 10 03 6.653000 1 1
1956 10 04 5.946000 1 1
1956 10 05 5.256000 1 1
1956 10 06 4.960000 1 1
1956 10 07 4.812000 1 1
1956 10 08 4.738000 1 1
1956 10 09 4.519000 1 1
1956 10 10 4.738000 1 1
1956 10 11 8.456000 1 1
1956 10 12 18.100000 1 1
1956 10 13 20.880000 1 1
1956 10 14 13.090000 1 1
1956 10 15 8.036000 1 1
1956 10 16 9.845000 1 1
1956 10 17 11.020000 1 1
1956 10 18 8.120000 1 1
1956 10 19 7.457000 1 1
1956 10 20 6.574000 1 1
1956 10 21 6.023000 1 1
1956 10 22 5.869000 1 1
1956 10 23 7.052000 1 1
1956 10 24 8.795000 1 1
1956 10 25 7.133000 1 1
1956 10 26 6.258000 1 1
1956 10 27 6.100000 1 1
1956 10 28 6.023000 1 1
1956 10 29 6.416000 1 1
1956 10 30 6.023000 1 1
1956 10 31 6.023000 1 1
1956 11 01 6.337000 1 1
1956 11 02 6.100000 1 1
1956 11 03 6.100000 1 1
1956 11 04 5.561000 1 1
1956 11 05 6.337000 1 1
1956 11 06 7.619000 1 1
1956 11 07 6.971000 1 1
1956 11 08 6.179000 1 1
1956 11 09 5.484000 1 1
1956 11 10 6.179000 1 1
1956 11 11 7.619000 1 1
1956 11 12 6.337000 1 1
1956 11 13 5.715000 1 1
1956 11 14 5.946000 1 1
1956 11 15 6.574000 1 1
1956 11 16 7.052000 1 1
1956 11 17 6.574000 1 1
1956 11 18 6.732000 1 1
1956 11 19 5.946000 1 1
1956 11 20 5.484000 1 1
1956 11 21 6.023000 1 1
1956 11 22 8.795000 1 1
1956 11 23 7.700000 1 1
1956 11 24 6.258000 1 1
1956 11 25 5.638000 1 1
1956 11 26 6.971000 1 1
1956 11 27 14.350000 1 1
1956 11 28 26.190000 1 1
1956 11 29 17.900000 1 1
1956 11 30 10.027000 1 1
1956 12 01 7.538000 1 1
1956 12 02 6.653000 1 1
1956 12 03 6.100000 1 1
1956 12 04 5.792000 1 1
1956 12 05 5.792000 1 1
1956 12 06 7.376000 1 1
1956 12 07 7.700000 1 1
1956 12 08 8.540000 1 1
1956 12 09 9.220000 1 1
1956 12 10 8.204000 1 1
1956 12 11 7.538000 1 1
1956 12 12 6.495000 1 1
1956 12 13 6.100000 1 1
1956 12 14 6.258000 1 1
1956 12 15 10.300000 1 1
1956 12 16 13.450000 1 1
1956 12 17 14.080000 1 1
1956 12 18 11.110000 1 1
1956 12 19 8.036000 1 1
1956 12 20 7.376000 1 1
1956 12 21 7.214000 1 1
1956 12 22 6.732000 1 1
1956 12 23 7.295000 1 1
1956 12 24 11.560000 1 1
1956 12 25 14.530000 1 1
1956 12 26 19.700000 1 1
1956 12 27 17.100000 1 1
1956 12 28 11.110000 1 1
1956 12 29 7.784000 1 1
1956 12 30 6.890000 1 1
1956 12 31 6.653000 1 1
1957 01 01 6.732000 1 1
1957 01 02 6.416000 1 1
1957 01 03 6.179000 1 1
1957 01 04 6.023000 1 1
1957 01 05 5.946000 1 1
1957 01 06 5.946000 1 1
1957 01 07 5.792000 1 1
1957 01 08 5.182000 1 1
1957 01 09 5.256000 1 1
1957 01 10 7.133000 1 1
1957 01 11 9.754000 1 1
1957 01 12 9.135000 1 1
1957 01 13 7.376000 1 1
1957 01 14 6.574000 1 1
1957 01 15 6.416000 1 1
1957 01 16 10.300000 1 1
1957 01 17 16.100000 1 1
1957 01 18 18.700000 1 1
1957 01 19 18.900000 1 1
1957 01 20 19.500000 1 1
1957 01 21 14.910000 1 1
1957 01 22 15.350000 1 1
1957 01 23 13.360000 1 1
1957 01 24 10.300000 1 1
1957 01 25 8.795000 1 1
1957 01 26 10.660000 1 1
1957 01 27 14.440000 1 1
1957 01 28 11.650000 1 1
1957 01 29 9.135000 1 1
1957 01 30 8.288000 1 1
1957 01 31 7.619000 1 1
1957 02 01 6.971000 1 1
1957 02 02 6.653000 1 1
1957 02 03 6.337000 1 1
1957 02 04 9.390000 1 1
1957 02 05 10.660000 1 1
1957 02 06 8.540000 1 1
1957 02 07 7.214000 1 1
1957 02 08 7.952000 1 1
1957 02 09 8.540000 1 1
1957 02 10 8.456000 1 1
1957 02 11 7.784000 1 1
1957 02 12 7.295000 1 1
1957 02 13 6.653000 1 1
1957 02 14 6.337000 1 1
1957 02 15 6.100000 1 1
1957 02 16 6.258000 1 1
1957 02 17 6.258000 1 1
1957 02 18 5.792000 1 1
1957 02 19 5.407000 1 1
1957 02 20 5.946000 1 1
1957 02 21 8.372000 1 1
1957 02 22 10.750000 1 1
1957 02 23 12.370000 1 1
1957 02 24 12.460000 1 1
1957 02 25 13.360000 1 1
1957 02 26 11.920000 1 1
1957 02 27 13.720000 1 1
1957 02 28 17.200000 1 1
1957 03 01 15.240000 1 1
1957 03 02 10.480000 1 1
1957 03 03 8.036000 1 1
1957 03 04 7.214000 1 1
1957 03 05 6.971000 1 1
1957 03 06 6.811000 1 1
1957 03 07 6.890000 1 1
1957 03 08 6.971000 1 1
1957 03 09 7.457000 1 1
1957 03 10 7.133000 1 1
1957 03 11 8.036000 1 1
1957 03 12 7.457000 1 1
1957 03 13 6.971000 1 1
1957 03 14 6.811000 1 1
1957 03 15 6.890000 1 1
1957 03 16 7.952000 1 1
1957 03 17 8.456000 1 1
1957 03 18 7.376000 1 1
1957 03 19 6.574000 1 1
1957 03 20 6.416000 1 1
1957 03 21 14.440000 1 1
1957 03 22 20.740000 1 1
1957 03 23 16.300000 1 1
1957 03 24 11.290000 1 1
1957 03 25 12.280000 1 1
1957 03 26 9.050000 1 1
1957 03 27 7.784000 1 1
1957 03 28 7.052000 1 1
1957 03 29 6.732000 1 1
1957 03 30 6.337000 1 1
1957 03 31 6.574000 1 1
1957 04 01 6.495000 1 1
1957 04 02 6.495000 1 1
1957 04 03 8.456000 1 1
1957 04 04 7.538000 1 1
1957 04 05 7.376000 1 1
1957 04 06 8.036000 1 1
1957 04 07 10.390000 1 1
1957 04 08 14.260000 1 1
1957 04 09 12.640000 1 1
1957 04 10 10.118000 1 1
1957 04 11 9.845000 1 1
1957 04 12 9.305000 1 1
1957 04 13 7.700000 1 1
1957 04 14 7.457000 1 1
1957 04 15 7.700000 1 1
1957 04 16 7.619000 1 1
1957 04 17 7.133000 1 1
1957 04 18 6.495000 1 1
1957 04 19 6.416000 1 1
1957 04 20 6.495000 1 1
1957 04 21 6.416000 1 1
1957 04 22 6.337000 1 1
1957 04 23 6.179000 1 1
1957 04 24 6.023000 1 1
1957 04 25 6.023000 1 1
1957 04 26 6.416000 1 1
1957 04 27 6.179000 1 1
1957 04 28 5.946000 1 1
1957 04 29 5.946000 1 1
1957 04 30 6.100000 1 1
1957 05 01 7.052000 1 1
1957 05 02 6.574000 1 1
1957 05 03 5.869000 1 1
1957 05 04 5.869000 1 1
1957 05 05 6.337000 1 1
1957 05 06 6.416000 1 1
1957 05 07 6.258000 1 1
1957 05 08 5.869000 1 1
1957 05 09 5.792000 1 1
1957 05 10 5.792000 1 1
1957 05 11 5.869000 1 1
1957 05 12 6.258000 1 1
1957 05 13 6.023000 1 1
1957 05 14 5.946000 1 1
1957 05 15 5.946000 1 1
1957 05 16 5.869000 1 1
1957 05 17 5.792000 1 1
1957 05 18 5.715000 1 1
1957 05 19 5.561000 1 1
1957 05 20 5.407000 1 1
1957 05 21 5.256000 1 1
1957 05 22 5.182000 1 1
1957 05 23 5.108000 1 1
1957 05 24 5.034000 1 1
1957 05 25 5.034000 1 1
1957 05 26 4.960000 1 1
1957 05 27 4.886000 1 1
1957 05 28 5.869000 1 1
1957 05 29 7.784000 1 1
1957 05 30 6.732000 1 1
1957 05 31 5.561000 1 1
1957 06 01 5.256000 1 1
1957 06 02 5.182000 1 1
1957 06 03 5.108000 1 1
1957 06 04 4.960000 1 1
1957 06 05 4.886000 1 1
1957 06 06 4.886000 1 1
1957 06 07 4.886000 1 1
1957 06 08 6.337000 1 1
1957 06 09 7.376000 1 1
1957 06 10 5.946000 1 1
1957 06 11 5.256000 1 1
1957 06 12 5.182000 1 1
1957 06 13 5.108000 1 1
1957 06 14 5.034000 1 1
1957 06 15 4.960000 1 1
1957 06 16 4.886000 1 1
1957 06 17 5.034000 1 1
1957 06 18 5.561000 1 1
1957 06 19 5.561000 1 1
1957 06 20 5.638000 1 1
1957 06 21 5.561000 1 1
1957 06 22 5.715000 1 1
1957 06 23 4.886000 1 1
1957 06 24 4.738000 1 1
1957 06 25 4.738000 1 1
1957 06 26 4.738000 1 1
1957 06 27 4.738000 1 1
1957 06 28 4.664000 1 1
1957 06 29 4.664000 1 1
1957 06 30 4.738000 1 1
1957 07 01 4.738000 1 1
1957 07 02 4.738000 1 1
1957 07 03 4.812000 1 1
1957 07 04 6.023000 1 1
1957 07 05 8.710000 1 1
1957 07 06 7.214000 1 1
1957 07 07 6.971000 1 1
1957 07 08 5.484000 1 1
1957 07 09 5.034000 1 1
1957 07 10 4.886000 1 1
1957 07 11 4.812000 1 1
1957 07 12 4.664000 1 1
1957 07 13 4.590000 1 1
1957 07 14 4.448000 1 1
1957 07 15 4.590000 1 1
1957 07 16 4.664000 1 1
1957 07 17 4.738000 1 1
1957 07 18 4.886000 1 1
1957 07 19 5.034000 1 1
1957 07 20 4.960000 1 1
1957 07 21 4.590000 1 1
1957 07 22 4.448000 1 1
1957 07 23 4.448000 1 1
1957 07 24 4.448000 1 1
1957 07 25 5.034000 1 1
1957 07 26 5.407000 1 1
1957 07 27 4.886000 1 1
1957 07 28 4.519000 1 1
1957 07 29 4.377000 1 1
1957 07 30 4.306000 1 1
1957 07 31 4.306000 1 1
1957 08 01 4.164000 1 1
1957 08 02 4.306000 1 1
1957 08 03 4.306000 1 1
1957 08 04 4.306000 1 1
1957 08 05 4.235000 1 1
1957 08 06 4.164000 1 1
1957 08 07 4.164000 1 1
1957 08 08 4.093000 1 1
1957 08 09 4.022000 1 1
1957 08 10 4.022000 1 1
1957 08 11 4.093000 1 1
1957 08 12 4.093000 1 1
1957 08 13 4.022000 1 1
1957 08 14 4.093000 1 1
1957 08 15 4.235000 1 1
1957 08 16 4.377000 1 1
1957 08 17 4.960000 1 1
1957 08 18 5.946000 1 1
1957 08 19 6.337000 1 1
1957 08 20 7.376000 1 1
1957 08 21 6.258000 1 1
1957 08 22 5.108000 1 1
1957 08 23 4.664000 1 1
1957 08 24 4.448000 1 1
1957 08 25 4.306000 1 1
1957 08 26 4.164000 1 1
1957 08 27 4.164000 1 1
1957 08 28 4.093000 1 1
1957 08 29 3.951000 1 1
1957 08 30 3.880000 1 1
1957 08 31 4.306000 1 1
1957 09 01 6.890000 1 1
1957 09 02 8.036000 1 1
1957 09 03 11.650000 1 1
1957 09 04 25.510000 1 1
1957 09 05 27.660000 1 1
1957 09 06 18.200000 1 1
1957 09 07 9.572000 1 1
1957 09 08 6.495000 1 1
1957 09 09 6.023000 1 1
1957 09 10 5.715000 1 1
1957 09 11 5.407000 1 1
1957 09 12 5.256000 1 1
1957 09 13 5.715000 1 1
1957 09 14 7.133000 1 1
1957 09 15 11.200000 1 1
1957 09 16 9.663000 1 1
1957 09 17 6.574000 1 1
1957 09 18 5.869000 1 1
1957 09 19 5.561000 1 1
1957 09 20 5.330000 1 1
1957 09 21 5.484000 1 1
1957 09 22 6.495000 1 1
1957 09 23 7.052000 1 1
1957 09 24 9.135000 1 1
1957 09 25 9.220000 1 1
1957 09 26 8.120000 1 1
1957 09 27 7.376000 1 1
1957 09 28 6.100000 1 1
1957 09 29 5.715000 1 1
1957 09 30 5.561000 1 1
1957 10 01 5.484000 1 1
1957 10 02 5.792000 1 1
1957 10 03 6.100000 1 1
1957 10 04 5.330000 1 1
1957 10 05 5.638000 1 1
1957 10 06 5.715000 1 1
1957 10 07 5.561000 1 1
1957 10 08 5.407000 1 1
1957 10 09 5.182000 1 1
1957 10 10 5.108000 1 1
1957 10 11 5.484000 1 1
1957 10 12 7.376000 1 1
1957 10 13 8.880000 1 1
1957 10 14 8.456000 1 1
1957 10 15 6.811000 1 1
1957 10 16 5.638000 1 1
1957 10 17 4.886000 1 1
1957 10 18 4.664000 1 1
1957 10 19 4.377000 1 1
1957 10 20 4.306000 1 1
1957 10 21 4.377000 1 1
1957 10 22 5.034000 1 1
1957 10 23 6.416000 1 1
1957 10 24 6.495000 1 1
1957 10 25 5.182000 1 1
1957 10 26 5.108000 1 1
1957 10 27 6.732000 1 1
1957 10 28 8.965000 1 1
1957 10 29 10.750000 1 1
1957 10 30 15.240000 1 1
1957 10 31 26.020000 1 1
1957 11 01 22.260000 1 1
1957 11 02 15.350000 1 1
1957 11 03 8.880000 1 1
1957 11 04 12.010000 1 1
1957 11 05 19.000000 1 1
1957 11 06 14.910000 1 1
1957 11 07 9.754000 1 1
1957 11 08 7.619000 1 1
1957 11 09 7.376000 1 1
1957 11 10 12.910000 1 1
1957 11 11 16.600000 1 1
1957 11 12 14.800000 1 1
1957 11 13 10.570000 1 1
1957 11 14 9.050000 1 1
1957 11 15 8.456000 1 1
1957 11 16 8.540000 1 1
1957 11 17 8.120000 1 1
1957 11 18 10.480000 1 1
1957 11 19 8.710000 1 1
1957 11 20 8.456000 1 1
1957 11 21 8.540000 1 1
1957 11 22 9.220000 1 1
1957 11 23 8.204000 1 1
1957 11 24 8.036000 1 1
1957 11 25 8.204000 1 1
1957 11 26 8.456000 1 1
1957 11 27 7.133000 1 1
1957 11 28 6.495000 1 1
1957 11 29 6.179000 1 1
1957 11 30 6.100000 1 1
1957 12 01 6.023000 1 1
1957 12 02 6.337000 1 1
1957 12 03 6.258000 1 1
1957 12 04 6.574000 1 1
1957 12 05 7.376000 1 1
1957 12 06 8.795000 1 1
1957 12 07 11.110000 1 1
1957 12 08 9.936000 1 1
1957 12 09 9.305000 1 1
1957 12 10 14.620000 1 1
1957 12 11 15.130000 1 1
1957 12 12 11.290000 1 1
1957 12 13 8.456000 1 1
1957 12 14 7.619000 1 1
1957 12 15 7.952000 1 1
1957 12 16 9.572000 1 1
1957 12 17 12.730000 1 1
1957 12 18 13.810000 1 1
1957 12 19 11.560000 1 1
1957 12 20 8.540000 1 1
1957 12 21 7.214000 1 1
1957 12 22 6.811000 1 1
1957 12 23 6.732000 1 1
1957 12 24 6.416000 1 1
1957 12 25 6.416000 1 1
1957 12 26 6.258000 1 1
1957 12 27 6.495000 1 1
1957 12 28 9.754000 1 1
1957 12 29 9.845000 1 1
1957 12 30 7.214000 1 1
1957 12 31 6.023000 1 1
1958 01 01 5.792000 1 1
1958 01 02 5.869000 1 1
1958 01 03 5.484000 1 1
1958 01 04 5.256000 1 1
1958 01 05 5.034000 1 1
1958 01 06 4.960000 1 1
1958 01 07 4.886000 1 1
1958 01 08 4.812000 1 1
1958 01 09 4.738000 1 1
1958 01 10 4.664000 1 1
1958 01 11 4.590000 1 1
1958 01 12 4.664000 1 1
1958 01 13 4.960000 1 1
1958 01 14 5.256000 1 1
1958 01 15 6.416000 1 1
1958 01 16 6.890000 1 1
1958 01 17 7.214000 1 1
1958 01 18 8.710000 1 1
1958 01 19 13.990000 1 1
1958 01 20 14.170000 1 1
1958 01 21 10.027000 1 1
1958 01 22 7.868000 1 1
1958 01 23 6.416000 1 1
1958 01 24 6.416000 1 1
1958 01 25 6.811000 1 1
1958 01 26 25.000000 1 1
1958 01 27 30.410000 1 1
1958 01 28 31.920000 1 1
1958 01 29 35.300000 1 1
1958 01 30 30.410000 1 1
1958 01 31 22.020000 1 1
1958 02 01 15.350000 1 1
1958 02 02 11.020000 1 1
1958 02 03 9.845000 1 1
1958 02 04 9.305000 1 1
1958 02 05 23.150000 1 1
1958 02 06 32.080000 1 1
1958 02 07 22.760000 1 1
1958 02 08 18.700000 1 1
1958 02 09 16.300000 1 1
1958 02 10 13.810000 1 1
1958 02 11 11.560000 1 1
1958 02 12 10.027000 1 1
1958 02 13 9.220000 1 1
1958 02 14 8.880000 1 1
1958 02 15 8.288000 1 1
1958 02 16 7.700000 1 1
1958 02 17 7.457000 1 1
1958 02 18 7.214000 1 1
1958 02 19 7.619000 1 1
1958 02 20 7.700000 1 1
1958 02 21 7.133000 1 1
1958 02 22 6.890000 1 1
1958 02 23 6.732000 1 1
1958 02 24 6.811000 1 1
1958 02 25 7.214000 1 1
1958 02 26 7.214000 1 1
1958 02 27 8.710000 1 1
1958 02 28 9.845000 1 1
1958 03 01 9.572000 1 1
1958 03 02 9.305000 1 1
1958 03 03 10.027000 1 1
1958 03 04 10.118000 1 1
1958 03 05 9.572000 1 1
1958 03 06 12.010000 1 1
1958 03 07 14.350000 1 1
1958 03 08 13.810000 1 1
1958 03 09 13.720000 1 1
1958 03 10 11.920000 1 1
1958 03 11 8.965000 1 1
1958 03 12 7.700000 1 1
1958 03 13 7.214000 1 1
1958 03 14 6.811000 1 1
1958 03 15 6.653000 1 1
1958 03 16 9.050000 1 1
1958 03 17 8.710000 1 1
1958 03 18 10.570000 1 1
1958 03 19 14.170000 1 1
1958 03 20 11.200000 1 1
1958 03 21 8.036000 1 1
1958 03 22 10.750000 1 1
1958 03 23 10.300000 1 1
1958 03 24 8.456000 1 1
1958 03 25 14.710000 1 1
1958 03 26 21.160000 1 1
1958 03 27 17.300000 1 1
1958 03 28 12.190000 1 1
1958 03 29 9.220000 1 1
1958 03 30 8.288000 1 1
1958 03 31 8.036000 1 1
1958 04 01 9.572000 1 1
1958 04 02 13.540000 1 1
1958 04 03 14.710000 1 1
1958 04 04 10.660000 1 1
1958 04 05 8.540000 1 1
1958 04 06 7.868000 1 1
1958 04 07 7.538000 1 1
1958 04 08 7.376000 1 1
1958 04 09 7.133000 1 1
1958 04 10 7.133000 1 1
1958 04 11 7.295000 1 1
1958 04 12 7.133000 1 1
1958 04 13 7.214000 1 1
1958 04 14 12.370000 1 1
1958 04 15 24.760000 1 1
1958 04 16 25.510000 1 1
1958 04 17 16.700000 1 1
1958 04 18 10.930000 1 1
1958 04 19 10.300000 1 1
1958 04 20 14.800000 1 1
1958 04 21 38.780000 1 1
1958 04 22 26.700000 1 1
1958 04 23 18.000000 1 1
1958 04 24 16.600000 1 1
1958 04 25 15.020000 1 1
1958 04 26 12.820000 1 1
1958 04 27 11.020000 1 1
1958 04 28 10.300000 1 1
1958 04 29 9.663000 1 1
1958 04 30 9.220000 1 1
1958 05 01 8.965000 1 1
1958 05 02 11.110000 1 1
1958 05 03 13.180000 1 1
1958 05 04 15.680000 1 1
1958 05 05 14.260000 1 1
1958 05 06 11.560000 1 1
1958 05 07 10.390000 1 1
1958 05 08 10.480000 1 1
1958 05 09 9.481000 1 1
1958 05 10 8.795000 1 1
1958 05 11 8.456000 1 1
1958 05 12 8.288000 1 1
1958 05 13 8.795000 1 1
1958 05 14 17.000000 1 1
1958 05 15 24.640000 1 1
1958 05 16 17.100000 1 1
1958 05 17 11.920000 1 1
1958 05 18 10.390000 1 1
1958 05 19 9.135000 1 1
1958 05 20 8.880000 1 1
1958 05 21 8.625000 1 1
1958 05 22 8.880000 1 1
1958 05 23 18.100000 1 1
1958 05 24 22.500000 1 1
1958 05 25 18.900000 1 1
1958 05 26 20.180000 1 1
1958 05 27 17.600000 1 1
1958 05 28 15.790000 1 1
1958 05 29 14.800000 1 1
1958 05 30 13.180000 1 1
1958 05 31 12.190000 1 1
1958 06 01 10.930000 1 1
1958 06 02 9.845000 1 1
1958 06 03 9.390000 1 1
1958 06 04 9.135000 1 1
1958 06 05 8.880000 1 1
1958 06 06 8.710000 1 1
1958 06 07 8.456000 1 1
1958 06 08 8.204000 1 1
1958 06 09 8.204000 1 1
1958 06 10 8.036000 1 1
1958 06 11 7.868000 1 1
1958 06 12 7.784000 1 1
1958 06 13 7.700000 1 1
1958 06 14 8.036000 1 1
1958 06 15 12.100000 1 1
1958 06 16 14.710000 1 1
1958 06 17 11.830000 1 1
1958 06 18 10.840000 1 1
1958 06 19 12.820000 1 1
1958 06 20 12.640000 1 1
1958 06 21 10.840000 1 1
1958 06 22 10.930000 1 1
1958 06 23 9.936000 1 1
1958 06 24 9.481000 1 1
1958 06 25 8.456000 1 1
1958 06 26 8.204000 1 1
1958 06 27 8.036000 1 1
1958 06 28 7.868000 1 1
1958 06 29 7.700000 1 1
1958 06 30 7.538000 1 1
1958 07 01 7.457000 1 1
1958 07 02 7.376000 1 1
1958 07 03 7.214000 1 1
1958 07 04 7.214000 1 1
1958 07 05 7.133000 1 1
1958 07 06 7.052000 1 1
1958 07 07 6.971000 1 1
1958 07 08 6.971000 1 1
1958 07 09 6.890000 1 1
1958 07 10 6.890000 1 1
1958 07 11 6.971000 1 1
1958 07 12 7.619000 1 1
1958 07 13 7.619000 1 1
1958 07 14 7.133000 1 1
1958 07 15 6.890000 1 1
1958 07 16 6.971000 1 1
1958 07 17 7.133000 1 1
1958 07 18 7.952000 1 1
1958 07 19 8.204000 1 1
1958 07 20 10.209000 1 1
1958 07 21 11.290000 1 1
1958 07 22 7.619000 1 1
1958 07 23 7.052000 1 1
1958 07 24 6.732000 1 1
1958 07 25 6.732000 1 1
1958 07 26 6.653000 1 1
1958 07 27 6.574000 1 1
1958 07 28 6.416000 1 1
1958 07 29 6.337000 1 1
1958 07 30 6.258000 1 1
1958 07 31 6.258000 1 1
1958 08 01 6.100000 1 1
1958 08 02 6.100000 1 1
1958 08 03 6.100000 1 1
1958 08 04 7.133000 1 1
1958 08 05 8.710000 1 1
1958 08 06 7.868000 1 1
1958 08 07 6.495000 1 1
1958 08 08 6.337000 1 1
1958 08 09 6.258000 1 1
1958 08 10 6.100000 1 1
1958 08 11 5.946000 1 1
1958 08 12 6.100000 1 1
1958 08 13 6.100000 1 1
1958 08 14 6.023000 1 1
1958 08 15 5.792000 1 1
1958 08 16 5.638000 1 1
1958 08 17 5.561000 1 1
1958 08 18 5.484000 1 1
1958 08 19 5.407000 1 1
1958 08 20 5.407000 1 1
1958 08 21 5.330000 1 1
1958 08 22 5.330000 1 1
1958 08 23 5.407000 1 1
1958 08 24 5.561000 1 1
1958 08 25 5.330000 1 1
1958 08 26 5.330000 1 1
1958 08 27 5.330000 1 1
1958 08 28 5.182000 1 1
1958 08 29 5.108000 1 1
1958 08 30 5.256000 1 1
1958 08 31 5.108000 1 1
1958 09 01 5.946000 1 1
1958 09 02 5.946000 1 1
1958 09 03 5.638000 1 1
1958 09 04 5.484000 1 1
1958 09 05 5.330000 1 1
1958 09 06 5.256000 1 1
1958 09 07 5.256000 1 1
1958 09 08 5.869000 1 1
1958 09 09 10.750000 1 1
1958 09 10 18.200000 1 1
1958 09 11 18.500000 1 1
1958 09 12 9.663000 1 1
1958 09 13 8.204000 1 1
1958 09 14 10.118000 1 1
1958 09 15 10.840000 1 1
1958 09 16 8.965000 1 1
1958 09 17 6.971000 1 1
1958 09 18 6.574000 1 1
1958 09 19 6.495000 1 1
1958 09 20 6.258000 1 1
1958 09 21 6.023000 1 1
1958 09 22 5.869000 1 1
1958 09 23 5.715000 1 1
1958 09 24 5.638000 1 1
1958 09 25 5.869000 1 1
1958 09 26 6.574000 1 1
1958 09 27 6.574000 1 1
1958 09 28 5.561000 1 1
1958 09 29 5.484000 1 1
1958 09 30 5.407000 1 1
1958 10 01 5.256000 1 1
1958 10 02 4.960000 1 1
1958 10 03 5.034000 1 1
1958 10 04 5.946000 1 1
1958 10 05 8.625000 1 1
1958 10 06 12.280000 1 1
1958 10 07 13.990000 1 1
1958 10 08 18.300000 1 1
1958 10 09 15.130000 1 1
1958 10 10 8.456000 1 1
1958 10 11 7.133000 1 1
1958 10 12 6.732000 1 1
1958 10 13 6.574000 1 1
1958 10 14 6.495000 1 1
1958 10 15 6.495000 1 1
1958 10 16 6.574000 1 1
1958 10 17 6.971000 1 1
1958 10 18 6.811000 1 1
1958 10 19 7.952000 1 1
1958 10 20 7.052000 1 1
1958 10 21 6.495000 1 1
1958 10 22 6.416000 1 1
1958 10 23 5.792000 1 1
1958 10 24 5.715000 1 1
1958 10 25 5.869000 1 1
1958 10 26 6.179000 1 1
1958 10 27 6.653000 1 1
1958 10 28 11.830000 1 1
1958 10 29 17.200000 1 1
1958 10 30 17.400000 1 1
1958 10 31 14.260000 1 1
1958 11 01 14.620000 1 1
1958 11 02 31.920000 1 1
1958 11 03 24.400000 1 1
1958 11 04 14.350000 1 1
1958 11 05 11.200000 1 1
1958 11 06 10.300000 1 1
1958 11 07 7.868000 1 1
1958 11 08 6.890000 1 1
1958 11 09 6.811000 1 1
1958 11 10 6.653000 1 1
1958 11 11 6.653000 1 1
1958 11 12 9.135000 1 1
1958 11 13 8.965000 1 1
1958 11 14 7.952000 1 1
1958 11 15 7.133000 1 1
1958 11 16 6.416000 1 1
1958 11 17 5.946000 1 1
1958 11 18 6.100000 1 1
1958 11 19 8.288000 1 1
1958 11 20 7.052000 1 1
1958 11 21 6.574000 1 1
1958 11 22 5.946000 1 1
1958 11 23 6.179000 1 1
1958 11 24 9.663000 1 1
1958 11 25 10.570000 1 1
1958 11 26 21.160000 1 1
1958 11 27 29.260000 1 1
1958 11 28 24.400000 1 1
1958 11 29 16.600000 1 1
1958 11 30 10.118000 1 1
1958 12 01 8.456000 1 1
1958 12 02 7.700000 1 1
1958 12 03 7.133000 1 1
1958 12 04 6.890000 1 1
1958 12 05 6.653000 1 1
1958 12 06 6.258000 1 1
1958 12 07 6.179000 1 1
1958 12 08 6.653000 1 1
1958 12 09 7.784000 1 1
1958 12 10 10.570000 1 1
1958 12 11 8.795000 1 1
1958 12 12 7.295000 1 1
1958 12 13 6.811000 1 1
1958 12 14 6.653000 1 1
1958 12 15 6.258000 1 1
1958 12 16 14.080000 1 1
1958 12 17 27.020000 1 1
1958 12 18 24.280000 1 1
1958 12 19 18.500000 1 1
1958 12 20 15.900000 1 1
1958 12 21 17.600000 1 1
1958 12 22 29.740000 1 1
1958 12 23 36.700000 1 1
1958 12 24 21.660000 1 1
1958 12 25 22.890000 1 1
1958 12 26 17.800000 1 1
1958 12 27 13.450000 1 1
1958 12 28 11.740000 1 1
1958 12 29 10.930000 1 1
1958 12 30 10.209000 1 1
1958 12 31 9.663000 1 1
1959 01 01 9.220000 1 1
1959 01 02 8.880000 1 1
1959 01 03 9.135000 1 1
1959 01 04 10.027000 1 1
1959 01 05 11.560000 1 1
1959 01 06 17.400000 1 1
1959 01 07 21.420000 1 1
1959 01 08 19.500000 1 1
1959 01 09 17.300000 1 1
1959 01 10 15.130000 1 1
1959 01 11 13.810000 1 1
1959 01 12 20.180000 1 1
1959 01 13 24.880000 1 1
1959 01 14 24.760000 1 1
1959 01 15 21.420000 1 1
1959 01 16 15.350000 1 1
1959 01 17 11.740000 1 1
1959 01 18 10.660000 1 1
1959 01 19 11.110000 1 1
1959 01 20 12.550000 1 1
1959 01 21 12.640000 1 1
1959 01 22 10.480000 1 1
1959 01 23 9.481000 1 1
1959 01 24 10.027000 1 1
1959 01 25 10.660000 1 1
1959 01 26 11.920000 1 1
1959 01 27 17.600000 1 1
1959 01 28 13.540000 1 1
1959 01 29 11.650000 1 1
1959 01 30 9.845000 1 1
1959 01 31 8.120000 1 1
1959 02 01 10.027000 1 1
1959 02 02 19.300000 1 1
1959 02 03 22.380000 1 1
1959 02 04 16.900000 1 1
1959 02 05 12.640000 1 1
1959 02 06 11.830000 1 1
1959 02 07 13.270000 1 1
1959 02 08 11.290000 1 1
1959 02 09 9.572000 1 1
1959 02 10 9.050000 1 1
1959 02 11 9.220000 1 1
1959 02 12 12.280000 1 1
1959 02 13 10.480000 1 1
1959 02 14 10.118000 1 1
1959 02 15 15.240000 1 1
1959 02 16 12.370000 1 1
1959 02 17 12.370000 1 1
1959 02 18 44.300000 1 1
1959 02 19 26.700000 1 1
1959 02 20 13.990000 1 1
1959 02 21 13.180000 1 1
1959 02 22 12.640000 1 1
1959 02 23 11.920000 1 1
1959 02 24 11.920000 1 1
1959 02 25 12.100000 1 1
1959 02 26 12.460000 1 1
1959 02 27 13.000000 1 1
1959 02 28 17.900000 1 1
1959 03 01 11.740000 1 1
1959 03 02 11.650000 1 1
1959 03 03 11.560000 1 1
1959 03 04 11.200000 1 1
1959 03 05 11.110000 1 1
1959 03 06 11.200000 1 1
1959 03 07 11.380000 1 1
1959 03 08 11.740000 1 1
1959 03 09 12.730000 1 1
1959 03 10 12.910000 1 1
1959 03 11 13.900000 1 1
1959 03 12 12.460000 1 1
1959 03 13 11.020000 1 1
1959 03 14 11.020000 1 1
1959 03 15 11.110000 1 1
1959 03 16 10.930000 1 1
1959 03 17 10.209000 1 1
1959 03 18 10.209000 1 1
1959 03 19 12.730000 1 1
1959 03 20 17.400000 1 1
1959 03 21 17.200000 1 1
1959 03 22 16.100000 1 1
1959 03 23 15.130000 1 1
1959 03 24 15.460000 1 1
1959 03 25 13.810000 1 1
1959 03 26 12.370000 1 1
1959 03 27 12.100000 1 1
1959 03 28 11.560000 1 1
1959 03 29 10.750000 1 1
1959 03 30 10.570000 1 1
1959 03 31 11.830000 1 1
1959 04 01 15.570000 1 1
1959 04 02 17.200000 1 1
1959 04 03 14.440000 1 1
1959 04 04 12.190000 1 1
1959 04 05 11.920000 1 1
1959 04 06 14.620000 1 1
1959 04 07 16.100000 1 1
1959 04 08 11.200000 1 1
1959 04 09 10.027000 1 1
1959 04 10 9.481000 1 1
1959 04 11 9.305000 1 1
1959 04 12 9.481000 1 1
1959 04 13 9.305000 1 1
1959 04 14 8.795000 1 1
1959 04 15 8.625000 1 1
1959 04 16 8.456000 1 1
1959 04 17 8.204000 1 1
1959 04 18 8.120000 1 1
1959 04 19 8.036000 1 1
1959 04 20 7.952000 1 1
1959 04 21 7.868000 1 1
1959 04 22 7.868000 1 1
1959 04 23 7.784000 1 1
1959 04 24 7.619000 1 1
1959 04 25 7.619000 1 1
1959 04 26 7.784000 1 1
1959 04 27 8.036000 1 1
1959 04 28 8.540000 1 1
1959 04 29 8.456000 1 1
1959 04 30 8.288000 1 1
1959 05 01 8.036000 1 1
1959 05 02 7.538000 1 1
1959 05 03 7.376000 1 1
1959 05 04 7.295000 1 1
1959 05 05 7.457000 1 1
1959 05 06 7.952000 1 1
1959 05 07 8.456000 1 1
1959 05 08 8.120000 1 1
1959 05 09 7.295000 1 1
1959 05 10 7.133000 1 1
1959 05 11 6.971000 1 1
1959 05 12 6.890000 1 1
1959 05 13 7.376000 1 1
1959 05 14 7.619000 1 1
1959 05 15 7.952000 1 1
1959 05 16 7.214000 1 1
1959 05 17 6.890000 1 1
1959 05 18 6.971000 1 1
1959 05 19 6.890000 1 1
1959 05 20 9.754000 1 1
1959 05 21 14.080000 1 1
1959 05 22 14.260000 1 1
1959 05 23 10.930000 1 1
1959 05 24 8.120000 1 1
1959 05 25 7.784000 1 1
1959 05 26 7.376000 1 1
1959 05 27 7.295000 1 1
1959 05 28 7.133000 1 1
1959 05 29 6.971000 1 1
1959 05 30 6.890000 1 1
1959 05 31 7.052000 1 1
1959 06 01 6.811000 1 1
1959 06 02 6.811000 1 1
1959 06 03 6.811000 1 1
1959 06 04 6.732000 1 1
1959 06 05 6.653000 1 1
1959 06 06 6.574000 1 1
1959 06 07 6.495000 1 1
1959 06 08 6.416000 1 1
1959 06 09 6.337000 1 1
1959 06 10 6.337000 1 1
1959 06 11 6.258000 1 1
1959 06 12 6.258000 1 1
1959 06 13 6.179000 1 1
1959 06 14 6.100000 1 1
1959 06 15 6.100000 1 1
1959 06 16 6.023000 1 1
1959 06 17 6.023000 1 1
1959 06 18 6.023000 1 1
1959 06 19 5.946000 1 1
1959 06 20 5.869000 1 1
1959 06 21 5.792000 1 1
1959 06 22 5.792000 1 1
1959 06 23 5.715000 1 1
1959 06 24 5.638000 1 1
1959 06 25 5.638000 1 1
1959 06 26 5.638000 1 1
1959 06 27 5.638000 1 1
1959 06 28 5.638000 1 1
1959 06 29 5.638000 1 1
1959 06 30 5.715000 1 1
1959 07 01 5.792000 1 1
1959 07 02 5.792000 1 1
1959 07 03 5.792000 1 1
1959 07 04 5.638000 1 1
1959 07 05 5.715000 1 1
1959 07 06 5.715000 1 1
1959 07 07 5.715000 1 1
1959 07 08 5.638000 1 1
1959 07 09 5.638000 1 1
1959 07 10 5.638000 1 1
1959 07 11 5.561000 1 1
1959 07 12 5.484000 1 1
1959 07 13 5.407000 1 1
1959 07 14 5.256000 1 1
1959 07 15 5.256000 1 1
1959 07 16 5.108000 1 1
1959 07 17 5.108000 1 1
1959 07 18 5.182000 1 1
1959 07 19 5.256000 1 1
1959 07 20 5.256000 1 1
1959 07 21 5.182000 1 1
1959 07 22 5.108000 1 1
1959 07 23 4.960000 1 1
1959 07 24 4.960000 1 1
1959 07 25 4.960000 1 1
1959 07 26 4.960000 1 1
1959 07 27 4.886000 1 1
1959 07 28 4.886000 1 1
1959 07 29 4.886000 1 1
1959 07 30 4.812000 1 1
1959 07 31 4.812000 1 1
1959 08 01 4.960000 1 1
1959 08 02 5.034000 1 1
1959 08 03 5.182000 1 1
1959 08 04 6.574000 1 1
1959 08 05 10.390000 1 1
1959 08 06 9.754000 1 1
1959 08 07 7.295000 1 1
1959 08 08 6.179000 1 1
1959 08 09 6.023000 1 1
1959 08 10 5.638000 1 1
1959 08 11 5.330000 1 1
1959 08 12 5.330000 1 1
1959 08 13 7.295000 1 1
1959 08 14 8.120000 1 1
1959 08 15 8.710000 1 1
1959 08 16 8.965000 1 1
1959 08 17 7.214000 1 1
1959 08 18 6.811000 1 1
1959 08 19 6.811000 1 1
1959 08 20 6.732000 1 1
1959 08 21 6.811000 1 1
1959 08 22 6.258000 1 1
1959 08 23 5.715000 1 1
1959 08 24 5.256000 1 1
1959 08 25 4.960000 1 1
1959 08 26 4.960000 1 1
1959 08 27 4.960000 1 1
1959 08 28 4.886000 1 1
1959 08 29 5.034000 1 1
1959 08 30 5.330000 1 1
1959 08 31 5.561000 1 1
1959 09 01 5.561000 1 1
1959 09 02 5.182000 1 1
1959 09 03 5.034000 1 1
1959 09 04 5.182000 1 1
1959 09 05 5.715000 1 1
1959 09 06 6.811000 1 1
1959 09 07 5.715000 1 1
1959 09 08 5.330000 1 1
1959 09 09 4.960000 1 1
1959 09 10 4.738000 1 1
1959 09 11 4.664000 1 1
1959 09 12 4.738000 1 1
1959 09 13 6.100000 1 1
1959 09 14 9.754000 1 1
1959 09 15 12.010000 1 1
1959 09 16 11.020000 1 1
1959 09 17 6.732000 1 1
1959 09 18 6.495000 1 1
1959 09 19 6.258000 1 1
1959 09 20 5.715000 1 1
1959 09 21 5.108000 1 1
1959 09 22 4.960000 1 1
1959 09 23 4.738000 1 1
1959 09 24 4.812000 1 1
1959 09 25 5.407000 1 1
1959 09 26 5.869000 1 1
1959 09 27 7.457000 1 1
1959 09 28 8.204000 1 1
1959 09 29 6.179000 1 1
1959 09 30 5.256000 1 1
1959 10 01 5.034000 1 1
1959 10 02 4.886000 1 1
1959 10 03 4.738000 1 1
1959 10 04 4.812000 1 1
1959 10 05 4.886000 1 1
1959 10 06 4.960000 1 1
1959 10 07 6.100000 1 1
1959 10 08 10.660000 1 1
1959 10 09 10.840000 1 1
1959 10 10 6.971000 1 1
1959 10 11 5.715000 1 1
1959 10 12 5.792000 1 1
1959 10 13 7.295000 1 1
1959 10 14 7.700000 1 1
1959 10 15 6.337000 1 1
1959 10 16 5.330000 1 1
1959 10 17 5.256000 1 1
1959 10 18 7.619000 1 1
1959 10 19 7.538000 1 1
1959 10 20 6.179000 1 1
1959 10 21 5.561000 1 1
1959 10 22 5.330000 1 1
1959 10 23 5.407000 1 1
1959 10 24 5.182000 1 1
1959 10 25 4.960000 1 1
1959 10 26 4.664000 1 1
1959 10 27 4.519000 1 1
1959 10 28 4.448000 1 1
1959 10 29 4.519000 1 1
1959 10 30 5.330000 1 1
1959 10 31 5.108000 1 1
1959 11 01 5.182000 1 1
1959 11 02 5.108000 1 1
1959 11 03 5.034000 1 1
1959 11 04 5.407000 1 1
1959 11 05 5.108000 1 1
1959 11 06 4.812000 1 1
1959 11 07 6.495000 1 1
1959 11 08 6.971000 1 1
1959 11 09 6.732000 1 1
1959 11 10 5.484000 1 1
1959 11 11 5.108000 1 1
1959 11 12 6.971000 1 1
1959 11 13 11.020000 1 1
1959 11 14 11.020000 1 1
1959 11 15 6.890000 1 1
1959 11 16 5.946000 1 1
1959 11 17 5.407000 1 1
1959 11 18 5.034000 1 1
1959 11 19 5.561000 1 1
1959 11 20 7.052000 1 1
1959 11 21 6.416000 1 1
1959 11 22 6.179000 1 1
1959 11 23 5.792000 1 1
1959 11 24 5.715000 1 1
1959 11 25 6.023000 1 1
1959 11 26 12.370000 1 1
1959 11 27 23.540000 1 1
1959 11 28 19.100000 1 1
1959 11 29 11.650000 1 1
1959 11 30 7.214000 1 1
1959 12 01 6.179000 1 1
1959 12 02 5.638000 1 1
1959 12 03 6.179000 1 1
1959 12 04 10.570000 1 1
1959 12 05 7.784000 1 1
1959 12 06 9.754000 1 1
1959 12 07 12.640000 1 1
1959 12 08 9.481000 1 1
1959 12 09 9.305000 1 1
1959 12 10 8.880000 1 1
1959 12 11 8.120000 1 1
1959 12 12 7.784000 1 1
1959 12 13 7.538000 1 1
1959 12 14 7.538000 1 1
1959 12 15 7.700000 1 1
1959 12 16 6.732000 1 1
1959 12 17 5.407000 1 1
1959 12 18 5.330000 1 1
1959 12 19 5.561000 1 1
1959 12 20 5.715000 1 1
1959 12 21 6.337000 1 1
1959 12 22 9.845000 1 1
1959 12 23 12.820000 1 1
1959 12 24 10.118000 1 1
1959 12 25 7.784000 1 1
1959 12 26 7.457000 1 1
1959 12 27 6.971000 1 1
1959 12 28 6.416000 1 1
1959 12 29 5.715000 1 1
1959 12 30 5.484000 1 1
1959 12 31 5.561000 1 1
1960 01 01 5.792000 1 1
1960 01 02 7.052000 1 1
1960 01 03 8.288000 1 1
1960 01 04 6.179000 1 1
1960 01 05 5.715000 1 1
1960 01 06 5.561000 1 1
1960 01 07 7.133000 1 1
1960 01 08 7.619000 1 1
1960 01 09 6.495000 1 1
1960 01 10 6.023000 1 1
1960 01 11 5.715000 1 1
1960 01 12 5.946000 1 1
1960 01 13 7.700000 1 1
1960 01 14 8.880000 1 1
1960 01 15 8.120000 1 1
1960 01 16 6.416000 1 1
1960 01 17 5.869000 1 1
1960 01 18 5.869000 1 1
1960 01 19 7.052000 1 1
1960 01 20 9.845000 1 1
1960 01 21 17.900000 1 1
1960 01 22 11.380000 1 1
1960 01 23 7.952000 1 1
1960 01 24 7.214000 1 1
1960 01 25 6.890000 1 1
1960 01 26 6.890000 1 1
1960 01 27 6.258000 1 1
1960 01 28 5.561000 1 1
1960 01 29 5.330000 1 1
1960 01 30 5.330000 1 1
1960 01 31 5.256000 1 1
1960 02 01 5.330000 1 1
1960 02 02 5.715000 1 1
1960 02 03 9.220000 1 1
1960 02 04 13.810000 1 1
1960 02 05 12.640000 1 1
1960 02 06 7.295000 1 1
1960 02 07 7.952000 1 1
1960 02 08 16.300000 1 1
1960 02 09 34.150000 1 1
1960 02 10 21.020000 1 1
1960 02 11 12.010000 1 1
1960 02 12 8.372000 1 1
1960 02 13 21.900000 1 1
1960 02 14 21.660000 1 1
1960 02 15 17.500000 1 1
1960 02 16 13.360000 1 1
1960 02 17 12.730000 1 1
1960 02 18 14.080000 1 1
1960 02 19 15.900000 1 1
1960 02 20 11.560000 1 1
1960 02 21 11.740000 1 1
1960 02 22 14.440000 1 1
1960 02 23 15.130000 1 1
1960 02 24 15.350000 1 1
1960 02 25 16.700000 1 1
1960 02 26 24.400000 1 1
1960 02 27 24.400000 1 1
1960 02 28 24.280000 1 1
1960 02 29 23.800000 1 1
1960 03 01 28.940000 1 1
1960 03 02 24.880000 1 1
1960 03 03 19.700000 1 1
1960 03 04 16.400000 1 1
1960 03 05 13.900000 1 1
1960 03 06 14.260000 1 1
1960 03 07 11.920000 1 1
1960 03 08 10.118000 1 1
1960 03 09 9.845000 1 1
1960 03 10 9.220000 1 1
1960 03 11 8.795000 1 1
1960 03 12 8.795000 1 1
1960 03 13 8.795000 1 1
1960 03 14 8.710000 1 1
1960 03 15 8.880000 1 1
1960 03 16 9.135000 1 1
1960 03 17 8.456000 1 1
1960 03 18 7.868000 1 1
1960 03 19 7.700000 1 1
1960 03 20 9.050000 1 1
1960 03 21 11.380000 1 1
1960 03 22 8.710000 1 1
1960 03 23 8.625000 1 1
1960 03 24 13.540000 1 1
1960 03 25 16.100000 1 1
1960 03 26 11.560000 1 1
1960 03 27 10.300000 1 1
1960 03 28 8.456000 1 1
1960 03 29 7.538000 1 1
1960 03 30 7.214000 1 1
1960 03 31 6.971000 1 1
1960 04 01 6.890000 1 1
1960 04 02 6.653000 1 1
1960 04 03 6.574000 1 1
1960 04 04 6.495000 1 1
1960 04 05 6.416000 1 1
1960 04 06 6.337000 1 1
1960 04 07 6.258000 1 1
1960 04 08 6.100000 1 1
1960 04 09 6.100000 1 1
1960 04 10 6.416000 1 1
1960 04 11 6.971000 1 1
1960 04 12 6.653000 1 1
1960 04 13 6.416000 1 1
1960 04 14 6.258000 1 1
1960 04 15 6.179000 1 1
1960 04 16 6.100000 1 1
1960 04 17 5.946000 1 1
1960 04 18 5.792000 1 1
1960 04 19 5.792000 1 1
1960 04 20 7.133000 1 1
1960 04 21 7.295000 1 1
1960 04 22 6.495000 1 1
1960 04 23 6.023000 1 1
1960 04 24 5.792000 1 1
1960 04 25 5.715000 1 1
1960 04 26 5.638000 1 1
1960 04 27 5.484000 1 1
1960 04 28 5.561000 1 1
1960 04 29 5.638000 1 1
1960 04 30 5.638000 1 1
1960 05 01 8.204000 1 1
1960 05 02 9.481000 1 1
1960 05 03 6.811000 1 1
1960 05 04 6.337000 1 1
1960 05 05 5.792000 1 1
1960 05 06 5.561000 1 1
1960 05 07 5.407000 1 1
1960 05 08 5.330000 1 1
1960 05 09 5.330000 1 1
1960 05 10 5.484000 1 1
1960 05 11 5.638000 1 1
1960 05 12 5.638000 1 1
1960 05 13 5.715000 1 1
1960 05 14 5.869000 1 1
1960 05 15 6.100000 1 1
1960 05 16 6.023000 1 1
1960 05 17 5.715000 1 1
1960 05 18 5.484000 1 1
1960 05 19 5.407000 1 1
1960 05 20 7.295000 1 1
1960 05 21 18.300000 1 1
1960 05 22 23.410000 1 1
1960 05 23 12.370000 1 1
1960 05 24 8.965000 1 1
1960 05 25 6.971000 1 1
1960 05 26 6.416000 1 1
1960 05 27 6.023000 1 1
1960 05 28 5.946000 1 1
1960 05 29 5.792000 1 1
1960 05 30 5.715000 1 1
1960 05 31 5.792000 1 1
1960 06 01 6.971000 1 1
1960 06 02 6.732000 1 1
1960 06 03 6.100000 1 1
1960 06 04 6.100000 1 1
1960 06 05 5.869000 1 1
1960 06 06 5.792000 1 1
1960 06 07 5.561000 1 1
1960 06 08 5.330000 1 1
1960 06 09 5.256000 1 1
1960 06 10 5.182000 1 1
1960 06 11 5.108000 1 1
1960 06 12 5.034000 1 1
1960 06 13 5.182000 1 1
1960 06 14 5.256000 1 1
1960 06 15 5.256000 1 1
1960 06 16 5.108000 1 1
1960 06 17 5.108000 1 1
1960 06 18 5.182000 1 1
1960 06 19 5.330000 1 1
1960 06 20 5.330000 1 1
1960 06 21 5.108000 1 1
1960 06 22 4.960000 1 1
1960 06 23 5.561000 1 1
1960 06 24 5.792000 1 1
1960 06 25 5.869000 1 1
1960 06 26 6.179000 1 1
1960 06 27 9.572000 1 1
1960 06 28 9.050000 1 1
1960 06 29 8.036000 1 1
1960 06 30 6.179000 1 1
1960 07 01 5.561000 1 1
1960 07 02 5.256000 1 1
1960 07 03 5.034000 1 1
1960 07 04 4.960000 1 1
1960 07 05 4.886000 1 1
1960 07 06 4.812000 1 1
1960 07 07 4.738000 1 1
1960 07 08 4.738000 1 1
1960 07 09 4.664000 1 1
1960 07 10 4.738000 1 1
1960 07 11 4.812000 1 1
1960 07 12 4.886000 1 1
1960 07 13 5.256000 1 1
1960 07 14 4.960000 1 1
1960 07 15 4.812000 1 1
1960 07 16 4.664000 1 1
1960 07 17 4.664000 1 1
1960 07 18 4.590000 1 1
1960 07 19 4.519000 1 1
1960 07 20 4.664000 1 1
1960 07 21 4.960000 1 1
1960 07 22 5.034000 1 1
1960 07 23 4.886000 1 1
1960 07 24 5.182000 1 1
1960 07 25 6.653000 1 1
1960 07 26 20.040000 1 1
1960 07 27 18.200000 1 1
1960 07 28 7.538000 1 1
1960 07 29 6.495000 1 1
1960 07 30 6.495000 1 1
1960 07 31 5.330000 1 1
1960 08 01 5.108000 1 1
1960 08 02 4.960000 1 1
1960 08 03 4.960000 1 1
1960 08 04 4.886000 1 1
1960 08 05 4.812000 1 1
1960 08 06 4.738000 1 1
1960 08 07 4.664000 1 1
1960 08 08 4.590000 1 1
1960 08 09 4.519000 1 1
1960 08 10 4.519000 1 1
1960 08 11 4.448000 1 1
1960 08 12 4.448000 1 1
1960 08 13 4.448000 1 1
1960 08 14 4.448000 1 1
1960 08 15 4.590000 1 1
1960 08 16 4.664000 1 1
1960 08 17 6.416000 1 1
1960 08 18 7.133000 1 1
1960 08 19 6.890000 1 1
1960 08 20 6.732000 1 1
1960 08 21 7.619000 1 1
1960 08 22 15.350000 1 1
1960 08 23 14.260000 1 1
1960 08 24 11.740000 1 1
1960 08 25 6.811000 1 1
1960 08 26 6.337000 1 1
1960 08 27 5.946000 1 1
1960 08 28 5.792000 1 1
1960 08 29 5.561000 1 1
1960 08 30 5.330000 1 1
1960 08 31 5.108000 1 1
1960 09 01 5.182000 1 1
1960 09 02 6.337000 1 1
1960 09 03 6.495000 1 1
1960 09 04 5.561000 1 1
1960 09 05 5.256000 1 1
1960 09 06 5.034000 1 1
1960 09 07 4.812000 1 1
1960 09 08 4.590000 1 1
1960 09 09 4.590000 1 1
1960 09 10 4.664000 1 1
1960 09 11 4.812000 1 1
1960 09 12 4.886000 1 1
1960 09 13 4.886000 1 1
1960 09 14 4.738000 1 1
1960 09 15 4.590000 1 1
1960 09 16 4.519000 1 1
1960 09 17 4.377000 1 1
1960 09 18 4.235000 1 1
1960 09 19 4.164000 1 1
1960 09 20 4.164000 1 1
1960 09 21 4.093000 1 1
1960 09 22 4.022000 1 1
1960 09 23 4.022000 1 1
1960 09 24 3.951000 1 1
1960 09 25 3.880000 1 1
1960 09 26 4.377000 1 1
1960 09 27 7.052000 1 1
1960 09 28 7.700000 1 1
1960 09 29 8.795000 1 1
1960 09 30 11.380000 1 1
1960 10 01 10.118000 1 1
1960 10 02 6.971000 1 1
1960 10 03 6.416000 1 1
1960 10 04 5.946000 1 1
1960 10 05 5.182000 1 1
1960 10 06 4.886000 1 1
1960 10 07 4.738000 1 1
1960 10 08 5.561000 1 1
1960 10 09 5.792000 1 1
1960 10 10 5.638000 1 1
1960 10 11 5.484000 1 1
1960 10 12 5.407000 1 1
1960 10 13 5.256000 1 1
1960 10 14 5.182000 1 1
1960 10 15 4.960000 1 1
1960 10 16 4.812000 1 1
1960 10 17 4.590000 1 1
1960 10 18 5.034000 1 1
1960 10 19 5.484000 1 1
1960 10 20 6.495000 1 1
1960 10 21 5.715000 1 1
1960 10 22 5.638000 1 1
1960 10 23 5.869000 1 1
1960 10 24 5.638000 1 1
1960 10 25 5.561000 1 1
1960 10 26 5.792000 1 1
1960 10 27 9.050000 1 1
1960 10 28 12.910000 1 1
1960 10 29 24.040000 1 1
1960 10 30 20.600000 1 1
1960 10 31 15.570000 1 1
1960 11 01 10.118000 1 1
1960 11 02 9.050000 1 1
1960 11 03 9.754000 1 1
1960 11 04 9.481000 1 1
1960 11 05 7.538000 1 1
1960 11 06 6.732000 1 1
1960 11 07 6.732000 1 1
1960 11 08 6.653000 1 1
1960 11 09 6.653000 1 1
1960 11 10 6.337000 1 1
1960 11 11 6.732000 1 1
1960 11 12 8.288000 1 1
1960 11 13 7.619000 1 1
1960 11 14 7.295000 1 1
1960 11 15 7.214000 1 1
1960 11 16 7.376000 1 1
1960 11 17 9.050000 1 1
1960 11 18 12.100000 1 1
1960 11 19 14.170000 1 1
1960 11 20 15.350000 1 1
1960 11 21 14.910000 1 1
1960 11 22 11.920000 1 1
1960 11 23 10.660000 1 1
1960 11 24 8.372000 1 1
1960 11 25 6.495000 1 1
1960 11 26 6.416000 1 1
1960 11 27 6.258000 1 1
1960 11 28 6.100000 1 1
1960 11 29 6.258000 1 1
1960 11 30 6.337000 1 1
1960 12 01 6.179000 1 1
1960 12 02 6.100000 1 1
1960 12 03 6.100000 1 1
1960 12 04 5.946000 1 1
1960 12 05 5.869000 1 1
1960 12 06 5.792000 1 1
1960 12 07 5.638000 1 1
1960 12 08 5.638000 1 1
1960 12 09 5.561000 1 1
1960 12 10 5.484000 1 1
1960 12 11 5.330000 1 1
1960 12 12 5.407000 1 1
1960 12 13 5.638000 1 1
1960 12 14 6.100000 1 1
1960 12 15 5.869000 1 1
1960 12 16 5.946000 1 1
1960 12 17 6.023000 1 1
1960 12 18 6.574000 1 1
1960 12 19 21.540000 1 1
1960 12 20 33.390000 1 1
1960 12 21 29.900000 1 1
1960 12 22 29.100000 1 1
1960 12 23 27.180000 1 1
1960 12 24 22.140000 1 1
1960 12 25 15.460000 1 1
1960 12 26 13.270000 1 1
1960 12 27 13.720000 1 1
1960 12 28 15.350000 1 1
1960 12 29 12.820000 1 1
1960 12 30 11.560000 1 1
1960 12 31 15.570000 1 1
1961 01 01 15.570000 1 1
1961 01 02 15.240000 1 1
1961 01 03 13.450000 1 1
1961 01 04 14.710000 1 1
1961 01 05 12.730000 1 1
1961 01 06 11.290000 1 1
1961 01 07 9.305000 1 1
1961 01 08 8.965000 1 1
1961 01 09 9.135000 1 1
1961 01 10 9.845000 1 1
1961 01 11 10.209000 1 1
1961 01 12 8.965000 1 1
1961 01 13 9.305000 1 1
1961 01 14 10.750000 1 1
1961 01 15 10.300000 1 1
1961 01 16 9.305000 1 1
1961 01 17 8.540000 1 1
1961 01 18 8.540000 1 1
1961 01 19 9.754000 1 1
1961 01 20 11.650000 1 1
1961 01 21 12.460000 1 1
1961 01 22 11.110000 1 1
1961 01 23 8.456000 1 1
1961 01 24 8.120000 1 1
1961 01 25 7.538000 1 1
1961 01 26 nan nan 0
1961 01 27 nan nan 0
1961 01 28 nan nan 0
1961 01 29 nan nan 0
1961 01 30 nan nan 0
1961 01 31 nan nan 0
