year month day streamflow_m3s qual_control_by_ana qual_flag
1972 04 01 nan nan 0
1972 04 02 nan nan 0
1972 04 03 nan nan 0
1972 04 04 nan nan 0
1972 04 05 nan nan 0
1972 04 06 nan nan 0
1972 04 07 nan nan 0
1972 04 08 nan nan 0
1972 04 09 nan nan 0
1972 04 10 nan nan 0
1972 04 11 nan nan 0
1972 04 12 nan nan 0
1972 04 13 nan nan 0
1972 04 14 nan nan 0
1972 04 15 nan nan 0
1972 04 16 nan nan 0
1972 04 17 nan nan 0
1972 04 18 nan nan 0
1972 04 19 nan nan 0
1972 04 20 nan nan 0
1972 04 21 nan nan 0
1972 04 22 nan nan 0
1972 04 23 nan nan 0
1972 04 24 nan nan 0
1972 04 25 348.000000 1 1
1972 04 26 341.000000 1 1
1972 04 27 336.000000 1 1
1972 04 28 325.000000 1 1
1972 04 29 320.000000 1 1
1972 04 30 322.000000 1 1
1972 05 01 322.000000 1 1
1972 05 02 320.000000 1 1
1972 05 03 316.000000 1 1
1972 05 04 309.000000 1 1
1972 05 05 302.000000 1 1
1972 05 06 297.000000 1 1
1972 05 07 289.000000 1 1
1972 05 08 284.000000 1 1
1972 05 09 280.000000 1 1
1972 05 10 278.000000 1 1
1972 05 11 275.000000 1 1
1972 05 12 271.000000 1 1
1972 05 13 269.000000 1 1
1972 05 14 267.000000 1 1
1972 05 15 262.000000 1 1
1972 05 16 256.000000 1 1
1972 05 17 254.000000 1 1
1972 05 18 252.000000 1 1
1972 05 19 250.000000 1 1
1972 05 20 248.000000 1 1
1972 05 21 242.000000 1 1
1972 05 22 240.000000 1 1
1972 05 23 240.000000 1 1
1972 05 24 244.000000 1 1
1972 05 25 329.000000 1 1
1972 05 26 289.000000 1 1
1972 05 27 282.000000 1 1
1972 05 28 284.000000 1 1
1972 05 29 267.000000 1 1
1972 05 30 256.000000 1 1
1972 05 31 250.000000 1 1
1972 06 01 244.000000 1 1
1972 06 02 240.000000 1 1
1972 06 03 246.000000 1 1
1972 06 04 227.000000 1 1
1972 06 05 224.000000 1 1
1972 06 06 226.000000 1 1
1972 06 07 222.000000 1 1
1972 06 08 218.000000 1 1
1972 06 09 218.000000 1 1
1972 06 10 215.000000 1 1
1972 06 11 213.000000 1 1
1972 06 12 209.000000 1 1
1972 06 13 206.000000 1 1
1972 06 14 204.000000 1 1
1972 06 15 204.000000 1 1
1972 06 16 202.000000 1 1
1972 06 17 201.000000 1 1
1972 06 18 199.000000 1 1
1972 06 19 197.000000 1 1
1972 06 20 194.000000 1 1
1972 06 21 194.000000 1 1
1972 06 22 192.000000 1 1
1972 06 23 190.000000 1 1
1972 06 24 187.000000 1 1
1972 06 25 185.000000 1 1
1972 06 26 184.000000 1 1
1972 06 27 182.000000 1 1
1972 06 28 180.000000 1 1
1972 06 29 179.000000 1 1
1972 06 30 177.000000 1 1
1972 07 01 177.000000 1 1
1972 07 02 177.000000 1 1
1972 07 03 177.000000 1 1
1972 07 04 177.000000 1 1
1972 07 05 170.000000 1 1
1972 07 06 169.000000 1 1
1972 07 07 169.000000 1 1
1972 07 08 169.000000 1 1
1972 07 09 169.000000 1 1
1972 07 10 167.000000 1 1
1972 07 11 167.000000 1 1
1972 07 12 167.000000 1 1
1972 07 13 194.000000 1 1
1972 07 14 235.000000 1 1
1972 07 15 260.000000 1 1
1972 07 16 238.000000 1 1
1972 07 17 202.000000 1 1
1972 07 18 197.000000 1 1
1972 07 19 196.000000 1 1
1972 07 20 194.000000 1 1
1972 07 21 175.000000 1 1
1972 07 22 170.000000 1 1
1972 07 23 169.000000 1 1
1972 07 24 167.000000 1 1
1972 07 25 164.000000 1 1
1972 07 26 161.000000 1 1
1972 07 27 155.000000 1 1
1972 07 28 154.000000 1 1
1972 07 29 154.000000 1 1
1972 07 30 152.000000 1 1
1972 07 31 149.000000 1 1
1972 08 01 147.000000 1 1
1972 08 02 147.000000 1 1
1972 08 03 144.000000 1 1
1972 08 04 144.000000 1 1
1972 08 05 144.000000 1 1
1972 08 06 144.000000 1 1
1972 08 07 147.000000 1 1
1972 08 08 145.000000 1 1
1972 08 09 144.000000 1 1
1972 08 10 144.000000 1 1
1972 08 11 142.000000 1 1
1972 08 12 141.000000 1 1
1972 08 13 141.000000 1 1
1972 08 14 138.000000 1 1
1972 08 15 136.000000 1 1
1972 08 16 132.000000 1 1
1972 08 17 128.000000 1 1
1972 08 18 127.000000 1 1
1972 08 19 125.000000 1 1
1972 08 20 125.000000 1 1
1972 08 21 125.000000 1 1
1972 08 22 123.000000 1 1
1972 08 23 122.000000 1 1
1972 08 24 119.000000 1 1
1972 08 25 118.000000 1 1
1972 08 26 116.000000 1 1
1972 08 27 115.000000 1 1
1972 08 28 115.000000 1 1
1972 08 29 115.000000 1 1
1972 08 30 112.000000 1 1
1972 08 31 110.000000 1 1
1972 09 01 112.000000 1 1
1972 09 02 106.000000 1 1
1972 09 03 107.000000 1 1
1972 09 04 110.000000 1 1
1972 09 05 111.000000 1 1
1972 09 06 112.000000 1 1
1972 09 07 112.000000 1 1
1972 09 08 109.000000 1 1
1972 09 09 109.000000 1 1
1972 09 10 106.000000 1 1
1972 09 11 99.600000 1 1
1972 09 12 110.000000 1 1
1972 09 13 112.000000 1 1
1972 09 14 115.000000 1 1
1972 09 15 128.000000 1 1
1972 09 16 128.000000 1 1
1972 09 17 128.000000 1 1
1972 09 18 127.000000 1 1
1972 09 19 119.000000 1 1
1972 09 20 111.000000 1 1
1972 09 21 107.000000 1 1
1972 09 22 102.000000 1 1
1972 09 23 102.000000 1 1
1972 09 24 102.000000 1 1
1972 09 25 102.000000 1 1
1972 09 26 102.000000 1 1
1972 09 27 102.000000 1 1
1972 09 28 102.000000 1 1
1972 09 29 102.000000 1 1
1972 09 30 102.000000 1 1
1972 10 01 204.000000 1 1
1972 10 02 163.000000 1 1
1972 10 03 311.000000 1 1
1972 10 04 209.000000 1 1
1972 10 05 460.000000 1 1
1972 10 06 313.000000 1 1
1972 10 07 639.000000 1 1
1972 10 08 457.000000 1 1
1972 10 09 327.000000 1 1
1972 10 10 304.000000 1 1
1972 10 11 518.000000 1 1
1972 10 12 425.000000 1 1
1972 10 13 401.000000 1 1
1972 10 14 343.000000 1 1
1972 10 15 554.000000 1 1
1972 10 16 518.000000 1 1
1972 10 17 460.000000 1 1
1972 10 18 334.000000 1 1
1972 10 19 295.000000 1 1
1972 10 20 286.000000 1 1
1972 10 21 252.000000 1 1
1972 10 22 226.000000 1 1
1972 10 23 206.000000 1 1
1972 10 24 189.000000 1 1
1972 10 25 175.000000 1 1
1972 10 26 152.000000 1 1
1972 10 27 163.000000 1 1
1972 10 28 157.000000 1 1
1972 10 29 222.000000 1 1
1972 10 30 172.000000 1 1
1972 10 31 152.000000 1 1
1972 11 01 157.000000 1 1
1972 11 02 224.000000 1 1
1972 11 03 639.000000 1 1
1972 11 04 554.000000 1 1
1972 11 05 606.000000 1 1
1972 11 06 409.000000 1 1
1972 11 07 336.000000 1 1
1972 11 08 339.000000 1 1
1972 11 09 329.000000 1 1
1972 11 10 373.000000 1 1
1972 11 11 503.000000 1 1
1972 11 12 463.000000 1 1
1972 11 13 437.000000 1 1
1972 11 14 437.000000 1 1
1972 11 15 575.000000 1 1
1972 11 16 928.000000 1 1
1972 11 17 1117.000000 1 1
1972 11 18 1360.000000 1 1
1972 11 19 1270.000000 1 1
1972 11 20 1320.000000 1 1
1972 11 21 1420.000000 1 1
1972 11 22 1184.000000 1 1
1972 11 23 1300.000000 1 1
1972 11 24 1310.000000 1 1
1972 11 25 1290.000000 1 1
1972 11 26 1300.000000 1 1
1972 11 27 1072.000000 1 1
1972 11 28 1063.000000 1 1
1972 11 29 865.000000 1 1
1972 11 30 775.000000 1 1
1972 12 01 711.000000 1 1
1972 12 02 599.000000 1 1
1972 12 03 534.000000 1 1
1972 12 04 490.000000 1 1
1972 12 05 466.000000 1 1
1972 12 06 451.000000 1 1
1972 12 07 503.000000 1 1
1972 12 08 561.000000 1 1
1972 12 09 451.000000 1 1
1972 12 10 454.000000 1 1
1972 12 11 440.000000 1 1
1972 12 12 451.000000 1 1
1972 12 13 578.000000 1 1
1972 12 14 534.000000 1 1
1972 12 15 472.000000 1 1
1972 12 16 431.000000 1 1
1972 12 17 415.000000 1 1
1972 12 18 398.000000 1 1
1972 12 19 406.000000 1 1
1972 12 20 417.000000 1 1
1972 12 21 443.000000 1 1
1972 12 22 481.000000 1 1
1972 12 23 928.000000 1 1
1972 12 24 973.000000 1 1
1972 12 25 1230.000000 1 1
1972 12 26 1220.000000 1 1
1972 12 27 1235.000000 1 1
1972 12 28 1198.000000 1 1
1972 12 29 991.000000 1 1
1972 12 30 1094.000000 1 1
1972 12 31 941.000000 1 1
1973 01 01 1240.000000 1 1
1973 01 02 1148.000000 1 1
1973 01 03 1240.000000 1 1
1973 01 04 1090.000000 1 1
1973 01 05 946.000000 1 1
1973 01 06 811.000000 1 1
1973 01 07 715.000000 1 1
1973 01 08 627.000000 1 1
1973 01 09 589.000000 1 1
1973 01 10 550.000000 1 1
1973 01 11 540.000000 1 1
1973 01 12 521.000000 1 1
1973 01 13 524.000000 1 1
1973 01 14 582.000000 1 1
1973 01 15 531.000000 1 1
1973 01 16 534.000000 1 1
1973 01 17 620.000000 1 1
1973 01 18 799.000000 1 1
1973 01 19 829.000000 1 1
1973 01 20 703.000000 1 1
1973 01 21 807.000000 1 1
1973 01 22 838.000000 1 1
1973 01 23 771.000000 1 1
1973 01 24 851.000000 1 1
1973 01 25 783.000000 1 1
1973 01 26 731.000000 1 1
1973 01 27 703.000000 1 1
1973 01 28 650.000000 1 1
1973 01 29 650.000000 1 1
1973 01 30 564.000000 1 1
1973 01 31 687.000000 1 1
1973 02 01 1270.000000 1 1
1973 02 02 874.000000 1 1
1973 02 03 795.000000 1 1
1973 02 04 795.000000 1 1
1973 02 05 1054.000000 1 1
1973 02 06 973.000000 1 1
1973 02 07 783.000000 1 1
1973 02 08 878.000000 1 1
1973 02 09 799.000000 1 1
1973 02 10 747.000000 1 1
1973 02 11 727.000000 1 1
1973 02 12 627.000000 1 1
1973 02 13 703.000000 1 1
1973 02 14 711.000000 1 1
1973 02 15 833.000000 1 1
1973 02 16 1090.000000 1 1
1973 02 17 977.000000 1 1
1973 02 18 914.000000 1 1
1973 02 19 795.000000 1 1
1973 02 20 723.000000 1 1
1973 02 21 691.000000 1 1
1973 02 22 668.000000 1 1
1973 02 23 657.000000 1 1
1973 02 24 603.000000 1 1
1973 02 25 550.000000 1 1
1973 02 26 524.000000 1 1
1973 02 27 592.000000 1 1
1973 02 28 668.000000 1 1
1973 03 01 578.000000 1 1
1973 03 02 564.000000 1 1
1973 03 03 515.000000 1 1
1973 03 04 856.000000 1 1
1973 03 05 613.000000 1 1
1973 03 06 515.000000 1 1
1973 03 07 540.000000 1 1
1973 03 08 624.000000 1 1
1973 03 09 755.000000 1 1
1973 03 10 691.000000 1 1
1973 03 11 739.000000 1 1
1973 03 12 856.000000 1 1
1973 03 13 946.000000 1 1
1973 03 14 932.000000 1 1
1973 03 15 820.000000 1 1
1973 03 16 771.000000 1 1
1973 03 17 715.000000 1 1
1973 03 18 635.000000 1 1
1973 03 19 582.000000 1 1
1973 03 20 557.000000 1 1
1973 03 21 589.000000 1 1
1973 03 22 575.000000 1 1
1973 03 23 568.000000 1 1
1973 03 24 582.000000 1 1
1973 03 25 878.000000 1 1
1973 03 26 964.000000 1 1
1973 03 27 928.000000 1 1
1973 03 28 878.000000 1 1
1973 03 29 874.000000 1 1
1973 03 30 803.000000 1 1
1973 03 31 1108.000000 1 1
1973 04 01 1153.000000 1 1
1973 04 02 1370.000000 1 1
1973 04 03 1325.000000 1 1
1973 04 04 1290.000000 1 1
1973 04 05 1220.000000 1 1
1973 04 06 1126.000000 1 1
1973 04 07 1049.000000 1 1
1973 04 08 964.000000 1 1
1973 04 09 869.000000 1 1
1973 04 10 763.000000 1 1
1973 04 11 735.000000 1 1
1973 04 12 684.000000 1 1
1973 04 13 707.000000 1 1
1973 04 14 856.000000 1 1
1973 04 15 791.000000 1 1
1973 04 16 731.000000 1 1
1973 04 17 672.000000 1 1
1973 04 18 635.000000 1 1
1973 04 19 603.000000 1 1
1973 04 20 599.000000 1 1
1973 04 21 554.000000 1 1
1973 04 22 540.000000 1 1
1973 04 23 537.000000 1 1
1973 04 24 512.000000 1 1
1973 04 25 499.000000 1 1
1973 04 26 487.000000 1 1
1973 04 27 484.000000 1 1
1973 04 28 472.000000 1 1
1973 04 29 463.000000 1 1
1973 04 30 457.000000 1 1
1973 05 01 454.000000 1 1
1973 05 02 443.000000 1 1
1973 05 03 437.000000 1 1
1973 05 04 434.000000 1 1
1973 05 05 420.000000 1 1
1973 05 06 415.000000 1 1
1973 05 07 406.000000 1 1
1973 05 08 404.000000 1 1
1973 05 09 401.000000 1 1
1973 05 10 398.000000 1 1
1973 05 11 404.000000 1 1
1973 05 12 401.000000 1 1
1973 05 13 425.000000 1 1
1973 05 14 412.000000 1 1
1973 05 15 406.000000 1 1
1973 05 16 391.000000 1 1
1973 05 17 380.000000 1 1
1973 05 18 375.000000 1 1
1973 05 19 368.000000 1 1
1973 05 20 360.000000 1 1
1973 05 21 355.000000 1 1
1973 05 22 358.000000 1 1
1973 05 23 358.000000 1 1
1973 05 24 365.000000 1 1
1973 05 25 355.000000 1 1
1973 05 26 358.000000 1 1
1973 05 27 355.000000 1 1
1973 05 28 350.000000 1 1
1973 05 29 345.000000 1 1
1973 05 30 336.000000 1 1
1973 05 31 329.000000 1 1
1973 06 01 327.000000 1 1
1973 06 02 320.000000 1 1
1973 06 03 318.000000 1 1
1973 06 04 318.000000 1 1
1973 06 05 316.000000 1 1
1973 06 06 309.000000 1 1
1973 06 07 309.000000 1 1
1973 06 08 309.000000 1 1
1973 06 09 306.000000 1 1
1973 06 10 304.000000 1 1
1973 06 11 300.000000 1 1
1973 06 12 295.000000 1 1
1973 06 13 291.000000 1 1
1973 06 14 291.000000 1 1
1973 06 15 289.000000 1 1
1973 06 16 286.000000 1 1
1973 06 17 282.000000 1 1
1973 06 18 278.000000 1 1
1973 06 19 273.000000 1 1
1973 06 20 273.000000 1 1
1973 06 21 269.000000 1 1
1973 06 22 269.000000 1 1
1973 06 23 264.000000 1 1
1973 06 24 262.000000 1 1
1973 06 25 262.000000 1 1
1973 06 26 260.000000 1 1
1973 06 27 264.000000 1 1
1973 06 28 273.000000 1 1
1973 06 29 286.000000 1 1
1973 06 30 291.000000 1 1
1973 07 01 282.000000 1 1
1973 07 02 275.000000 1 1
1973 07 03 280.000000 1 1
1973 07 04 278.000000 1 1
1973 07 05 269.000000 1 1
1973 07 06 260.000000 1 1
1973 07 07 252.000000 1 1
1973 07 08 250.000000 1 1
1973 07 09 246.000000 1 1
1973 07 10 244.000000 1 1
1973 07 11 244.000000 1 1
1973 07 12 240.000000 1 1
1973 07 13 236.000000 1 1
1973 07 14 235.000000 1 1
1973 07 15 231.000000 1 1
1973 07 16 229.000000 1 1
1973 07 17 227.000000 1 1
1973 07 18 227.000000 1 1
1973 07 19 226.000000 1 1
1973 07 20 224.000000 1 1
1973 07 21 222.000000 1 1
1973 07 22 222.000000 1 1
1973 07 23 218.000000 1 1
1973 07 24 215.000000 1 1
1973 07 25 213.000000 1 1
1973 07 26 211.000000 1 1
1973 07 27 208.000000 1 1
1973 07 28 206.000000 1 1
1973 07 29 206.000000 1 1
1973 07 30 206.000000 1 1
1973 07 31 206.000000 1 1
1973 08 01 204.000000 1 1
1973 08 02 201.000000 1 1
1973 08 03 201.000000 1 1
1973 08 04 199.000000 1 1
1973 08 05 197.000000 1 1
1973 08 06 194.000000 1 1
1973 08 07 192.000000 1 1
1973 08 08 190.000000 1 1
1973 08 09 189.000000 1 1
1973 08 10 187.000000 1 1
1973 08 11 184.000000 1 1
1973 08 12 182.000000 1 1
1973 08 13 180.000000 1 1
1973 08 14 179.000000 1 1
1973 08 15 173.000000 1 1
1973 08 16 173.000000 1 1
1973 08 17 173.000000 1 1
1973 08 18 173.000000 1 1
1973 08 19 173.000000 1 1
1973 08 20 172.000000 1 1
1973 08 21 169.000000 1 1
1973 08 22 166.000000 1 1
1973 08 23 164.000000 1 1
1973 08 24 161.000000 1 1
1973 08 25 161.000000 1 1
1973 08 26 158.000000 1 1
1973 08 27 157.000000 1 1
1973 08 28 157.000000 1 1
1973 08 29 154.000000 1 1
1973 08 30 152.000000 1 1
1973 08 31 151.000000 1 1
1973 09 01 154.000000 1 1
1973 09 02 154.000000 1 1
1973 09 03 155.000000 1 1
1973 09 04 157.000000 1 1
1973 09 05 158.000000 1 1
1973 09 06 158.000000 1 1
1973 09 07 157.000000 1 1
1973 09 08 155.000000 1 1
1973 09 09 152.000000 1 1
1973 09 10 149.000000 1 1
1973 09 11 147.000000 1 1
1973 09 12 144.000000 1 1
1973 09 13 141.000000 1 1
1973 09 14 138.000000 1 1
1973 09 15 137.000000 1 1
1973 09 16 136.000000 1 1
1973 09 17 133.000000 1 1
1973 09 18 132.000000 1 1
1973 09 19 131.000000 1 1
1973 09 20 129.000000 1 1
1973 09 21 128.000000 1 1
1973 09 22 127.000000 1 1
1973 09 23 125.000000 1 1
1973 09 24 123.000000 1 1
1973 09 25 122.000000 1 1
1973 09 26 169.000000 1 1
1973 09 27 151.000000 1 1
1973 09 28 158.000000 1 1
1973 09 29 163.000000 1 1
1973 09 30 157.000000 1 1
1973 10 01 152.000000 1 1
1973 10 02 254.000000 1 1
1973 10 03 220.000000 1 1
1973 10 04 167.000000 1 1
1973 10 05 155.000000 1 1
1973 10 06 149.000000 1 1
1973 10 07 147.000000 1 1
1973 10 08 149.000000 1 1
1973 10 09 152.000000 1 1
1973 10 10 172.000000 1 1
1973 10 11 154.000000 1 1
1973 10 12 154.000000 1 1
1973 10 13 164.000000 1 1
1973 10 14 201.000000 1 1
1973 10 15 248.000000 1 1
1973 10 16 246.000000 1 1
1973 10 17 256.000000 1 1
1973 10 18 252.000000 1 1
1973 10 19 260.000000 1 1
1973 10 20 318.000000 1 1
1973 10 21 363.000000 1 1
1973 10 22 358.000000 1 1
1973 10 23 383.000000 1 1
1973 10 24 370.000000 1 1
1973 10 25 332.000000 1 1
1973 10 26 316.000000 1 1
1973 10 27 256.000000 1 1
1973 10 28 262.000000 1 1
1973 10 29 278.000000 1 1
1973 10 30 336.000000 1 1
1973 10 31 355.000000 1 1
1973 11 01 353.000000 1 1
1973 11 02 503.000000 1 1
1973 11 03 589.000000 1 1
1973 11 04 578.000000 1 1
1973 11 05 481.000000 1 1
1973 11 06 440.000000 1 1
1973 11 07 431.000000 1 1
1973 11 08 417.000000 1 1
1973 11 09 368.000000 1 1
1973 11 10 329.000000 1 1
1973 11 11 325.000000 1 1
1973 11 12 332.000000 1 1
1973 11 13 334.000000 1 1
1973 11 14 368.000000 1 1
1973 11 15 404.000000 1 1
1973 11 16 603.000000 1 1
1973 11 17 499.000000 1 1
1973 11 18 550.000000 1 1
1973 11 19 723.000000 1 1
1973 11 20 676.000000 1 1
1973 11 21 528.000000 1 1
1973 11 22 521.000000 1 1
1973 11 23 676.000000 1 1
1973 11 24 613.000000 1 1
1973 11 25 695.000000 1 1
1973 11 26 653.000000 1 1
1973 11 27 829.000000 1 1
1973 11 28 795.000000 1 1
1973 11 29 610.000000 1 1
1973 11 30 606.000000 1 1
1973 12 01 515.000000 1 1
1973 12 02 484.000000 1 1
1973 12 03 440.000000 1 1
1973 12 04 437.000000 1 1
1973 12 05 490.000000 1 1
1973 12 06 472.000000 1 1
1973 12 07 512.000000 1 1
1973 12 08 524.000000 1 1
1973 12 09 509.000000 1 1
1973 12 10 493.000000 1 1
1973 12 11 521.000000 1 1
1973 12 12 509.000000 1 1
1973 12 13 451.000000 1 1
1973 12 14 448.000000 1 1
1973 12 15 443.000000 1 1
1973 12 16 443.000000 1 1
1973 12 17 475.000000 1 1
1973 12 18 537.000000 1 1
1973 12 19 496.000000 1 1
1973 12 20 596.000000 1 1
1973 12 21 512.000000 1 1
1973 12 22 443.000000 1 1
1973 12 23 443.000000 1 1
1973 12 24 469.000000 1 1
1973 12 25 499.000000 1 1
1973 12 26 575.000000 1 1
1973 12 27 620.000000 1 1
1973 12 28 919.000000 1 1
1973 12 29 1031.000000 1 1
1973 12 30 874.000000 1 1
1973 12 31 676.000000 1 1
1974 01 01 624.000000 1 1
1974 01 02 775.000000 1 1
1974 01 03 763.000000 1 1
1974 01 04 610.000000 1 1
1974 01 05 892.000000 1 1
1974 01 06 695.000000 1 1
1974 01 07 599.000000 1 1
1974 01 08 820.000000 1 1
1974 01 09 653.000000 1 1
1974 01 10 624.000000 1 1
1974 01 11 672.000000 1 1
1974 01 12 680.000000 1 1
1974 01 13 639.000000 1 1
1974 01 14 599.000000 1 1
1974 01 15 646.000000 1 1
1974 01 16 642.000000 1 1
1974 01 17 575.000000 1 1
1974 01 18 544.000000 1 1
1974 01 19 524.000000 1 1
1974 01 20 490.000000 1 1
1974 01 21 451.000000 1 1
1974 01 22 423.000000 1 1
1974 01 23 404.000000 1 1
1974 01 24 423.000000 1 1
1974 01 25 404.000000 1 1
1974 01 26 396.000000 1 1
1974 01 27 401.000000 1 1
1974 01 28 409.000000 1 1
1974 01 29 457.000000 1 1
1974 01 30 440.000000 1 1
1974 01 31 451.000000 1 1
1974 02 01 448.000000 1 1
1974 02 02 463.000000 1 1
1974 02 03 460.000000 1 1
1974 02 04 437.000000 1 1
1974 02 05 404.000000 1 1
1974 02 06 380.000000 1 1
1974 02 07 355.000000 1 1
1974 02 08 339.000000 1 1
1974 02 09 327.000000 1 1
1974 02 10 320.000000 1 1
1974 02 11 316.000000 1 1
1974 02 12 343.000000 1 1
1974 02 13 380.000000 1 1
1974 02 14 393.000000 1 1
1974 02 15 445.000000 1 1
1974 02 16 440.000000 1 1
1974 02 17 406.000000 1 1
1974 02 18 373.000000 1 1
1974 02 19 353.000000 1 1
1974 02 20 327.000000 1 1
1974 02 21 306.000000 1 1
1974 02 22 293.000000 1 1
1974 02 23 284.000000 1 1
1974 02 24 316.000000 1 1
1974 02 25 293.000000 1 1
1974 02 26 284.000000 1 1
1974 02 27 334.000000 1 1
1974 02 28 396.000000 1 1
1974 03 01 393.000000 1 1
1974 03 02 466.000000 1 1
1974 03 03 420.000000 1 1
1974 03 04 431.000000 1 1
1974 03 05 378.000000 1 1
1974 03 06 348.000000 1 1
1974 03 07 417.000000 1 1
1974 03 08 631.000000 1 1
1974 03 09 617.000000 1 1
1974 03 10 582.000000 1 1
1974 03 11 711.000000 1 1
1974 03 12 928.000000 1 1
1974 03 13 1225.000000 1 1
1974 03 14 1230.000000 1 1
1974 03 15 1340.000000 1 1
1974 03 16 1225.000000 1 1
1974 03 17 1090.000000 1 1
1974 03 18 1189.000000 1 1
1974 03 19 1355.000000 1 1
1974 03 20 1420.000000 1 1
1974 03 21 1360.000000 1 1
1974 03 22 1365.000000 1 1
1974 03 23 1615.000000 1 1
1974 03 24 1785.000000 1 1
1974 03 25 2000.000000 1 1
1974 03 26 1900.000000 1 1
1974 03 27 1680.000000 1 1
1974 03 28 1365.000000 1 1
1974 03 29 1157.000000 1 1
1974 03 30 1148.000000 1 1
1974 03 31 1162.000000 1 1
1974 04 01 1121.000000 1 1
1974 04 02 1072.000000 1 1
1974 04 03 986.000000 1 1
1974 04 04 932.000000 1 1
1974 04 05 856.000000 1 1
1974 04 06 791.000000 1 1
1974 04 07 865.000000 1 1
1974 04 08 847.000000 1 1
1974 04 09 865.000000 1 1
1974 04 10 856.000000 1 1
1974 04 11 946.000000 1 1
1974 04 12 964.000000 1 1
1974 04 13 887.000000 1 1
1974 04 14 973.000000 1 1
1974 04 15 1166.000000 1 1
1974 04 16 1135.000000 1 1
1974 04 17 1175.000000 1 1
1974 04 18 1049.000000 1 1
1974 04 19 928.000000 1 1
1974 04 20 905.000000 1 1
1974 04 21 838.000000 1 1
1974 04 22 771.000000 1 1
1974 04 23 711.000000 1 1
1974 04 24 665.000000 1 1
1974 04 25 646.000000 1 1
1974 04 26 639.000000 1 1
1974 04 27 620.000000 1 1
1974 04 28 613.000000 1 1
1974 04 29 613.000000 1 1
1974 04 30 606.000000 1 1
1974 05 01 606.000000 1 1
1974 05 02 596.000000 1 1
1974 05 03 561.000000 1 1
1974 05 04 550.000000 1 1
1974 05 05 524.000000 1 1
1974 05 06 512.000000 1 1
1974 05 07 503.000000 1 1
1974 05 08 506.000000 1 1
1974 05 09 547.000000 1 1
1974 05 10 515.000000 1 1
1974 05 11 503.000000 1 1
1974 05 12 478.000000 1 1
1974 05 13 512.000000 1 1
1974 05 14 515.000000 1 1
1974 05 15 518.000000 1 1
1974 05 16 484.000000 1 1
1974 05 17 478.000000 1 1
1974 05 18 472.000000 1 1
1974 05 19 454.000000 1 1
1974 05 20 443.000000 1 1
1974 05 21 437.000000 1 1
1974 05 22 443.000000 1 1
1974 05 23 425.000000 1 1
1974 05 24 423.000000 1 1
1974 05 25 409.000000 1 1
1974 05 26 409.000000 1 1
1974 05 27 401.000000 1 1
1974 05 28 396.000000 1 1
1974 05 29 391.000000 1 1
1974 05 30 385.000000 1 1
1974 05 31 385.000000 1 1
1974 06 01 380.000000 1 1
1974 06 02 375.000000 1 1
1974 06 03 370.000000 1 1
1974 06 04 370.000000 1 1
1974 06 05 365.000000 1 1
1974 06 06 370.000000 1 1
1974 06 07 365.000000 1 1
1974 06 08 360.000000 1 1
1974 06 09 358.000000 1 1
1974 06 10 358.000000 1 1
1974 06 11 360.000000 1 1
1974 06 12 363.000000 1 1
1974 06 13 360.000000 1 1
1974 06 14 358.000000 1 1
1974 06 15 358.000000 1 1
1974 06 16 343.000000 1 1
1974 06 17 336.000000 1 1
1974 06 18 329.000000 1 1
1974 06 19 322.000000 1 1
1974 06 20 318.000000 1 1
1974 06 21 316.000000 1 1
1974 06 22 309.000000 1 1
1974 06 23 318.000000 1 1
1974 06 24 318.000000 1 1
1974 06 25 313.000000 1 1
1974 06 26 316.000000 1 1
1974 06 27 309.000000 1 1
1974 06 28 309.000000 1 1
1974 06 29 304.000000 1 1
1974 06 30 304.000000 1 1
1974 07 01 300.000000 1 1
1974 07 02 295.000000 1 1
1974 07 03 291.000000 1 1
1974 07 04 293.000000 1 1
1974 07 05 286.000000 1 1
1974 07 06 284.000000 1 1
1974 07 07 282.000000 1 1
1974 07 08 282.000000 1 1
1974 07 09 282.000000 1 1
1974 07 10 278.000000 1 1
1974 07 11 273.000000 1 1
1974 07 12 273.000000 1 1
1974 07 13 269.000000 1 1
1974 07 14 264.000000 1 1
1974 07 15 262.000000 1 1
1974 07 16 260.000000 1 1
1974 07 17 256.000000 1 1
1974 07 18 256.000000 1 1
1974 07 19 252.000000 1 1
1974 07 20 252.000000 1 1
1974 07 21 250.000000 1 1
1974 07 22 248.000000 1 1
1974 07 23 244.000000 1 1
1974 07 24 242.000000 1 1
1974 07 25 240.000000 1 1
1974 07 26 240.000000 1 1
1974 07 27 238.000000 1 1
1974 07 28 238.000000 1 1
1974 07 29 236.000000 1 1
1974 07 30 233.000000 1 1
1974 07 31 231.000000 1 1
1974 08 01 229.000000 1 1
1974 08 02 227.000000 1 1
1974 08 03 226.000000 1 1
1974 08 04 222.000000 1 1
1974 08 05 222.000000 1 1
1974 08 06 218.000000 1 1
1974 08 07 217.000000 1 1
1974 08 08 215.000000 1 1
1974 08 09 213.000000 1 1
1974 08 10 211.000000 1 1
1974 08 11 211.000000 1 1
1974 08 12 211.000000 1 1
1974 08 13 209.000000 1 1
1974 08 14 209.000000 1 1
1974 08 15 213.000000 1 1
1974 08 16 242.000000 1 1
1974 08 17 250.000000 1 1
1974 08 18 246.000000 1 1
1974 08 19 238.000000 1 1
1974 08 20 231.000000 1 1
1974 08 21 224.000000 1 1
1974 08 22 217.000000 1 1
1974 08 23 211.000000 1 1
1974 08 24 208.000000 1 1
1974 08 25 204.000000 1 1
1974 08 26 204.000000 1 1
1974 08 27 201.000000 1 1
1974 08 28 196.000000 1 1
1974 08 29 190.000000 1 1
1974 08 30 189.000000 1 1
1974 08 31 187.000000 1 1
1974 09 01 184.000000 1 1
1974 09 02 180.000000 1 1
1974 09 03 179.000000 1 1
1974 09 04 177.000000 1 1
1974 09 05 173.000000 1 1
1974 09 06 170.000000 1 1
1974 09 07 169.000000 1 1
1974 09 08 167.000000 1 1
1974 09 09 166.000000 1 1
1974 09 10 164.000000 1 1
1974 09 11 164.000000 1 1
1974 09 12 161.000000 1 1
1974 09 13 158.000000 1 1
1974 09 14 157.000000 1 1
1974 09 15 155.000000 1 1
1974 09 16 152.000000 1 1
1974 09 17 151.000000 1 1
1974 09 18 148.000000 1 1
1974 09 19 147.000000 1 1
1974 09 20 145.000000 1 1
1974 09 21 144.000000 1 1
1974 09 22 147.000000 1 1
1974 09 23 149.000000 1 1
1974 09 24 148.000000 1 1
1974 09 25 144.000000 1 1
1974 09 26 141.000000 1 1
1974 09 27 140.000000 1 1
1974 09 28 140.000000 1 1
1974 09 29 138.000000 1 1
1974 09 30 137.000000 1 1
1974 10 01 133.000000 1 1
1974 10 02 132.000000 1 1
1974 10 03 131.000000 1 1
1974 10 04 128.000000 1 1
1974 10 05 173.000000 1 1
1974 10 06 167.000000 1 1
1974 10 07 164.000000 1 1
1974 10 08 163.000000 1 1
1974 10 09 161.000000 1 1
1974 10 10 160.000000 1 1
1974 10 11 158.000000 1 1
1974 10 12 161.000000 1 1
1974 10 13 158.000000 1 1
1974 10 14 155.000000 1 1
1974 10 15 152.000000 1 1
1974 10 16 151.000000 1 1
1974 10 17 149.000000 1 1
1974 10 18 148.000000 1 1
1974 10 19 180.000000 1 1
1974 10 20 222.000000 1 1
1974 10 21 341.000000 1 1
1974 10 22 271.000000 1 1
1974 10 23 293.000000 1 1
1974 10 24 506.000000 1 1
1974 10 25 490.000000 1 1
1974 10 26 466.000000 1 1
1974 10 27 423.000000 1 1
1974 10 28 341.000000 1 1
1974 10 29 306.000000 1 1
1974 10 30 282.000000 1 1
1974 10 31 262.000000 1 1
1974 11 01 258.000000 1 1
1974 11 02 250.000000 1 1
1974 11 03 242.000000 1 1
1974 11 04 227.000000 1 1
1974 11 05 209.000000 1 1
1974 11 06 189.000000 1 1
1974 11 07 209.000000 1 1
1974 11 08 211.000000 1 1
1974 11 09 201.000000 1 1
1974 11 10 184.000000 1 1
1974 11 11 169.000000 1 1
1974 11 12 160.000000 1 1
1974 11 13 154.000000 1 1
1974 11 14 151.000000 1 1
1974 11 15 157.000000 1 1
1974 11 16 160.000000 1 1
1974 11 17 161.000000 1 1
1974 11 18 166.000000 1 1
1974 11 19 160.000000 1 1
1974 11 20 151.000000 1 1
1974 11 21 145.000000 1 1
1974 11 22 151.000000 1 1
1974 11 23 179.000000 1 1
1974 11 24 235.000000 1 1
1974 11 25 217.000000 1 1
1974 11 26 169.000000 1 1
1974 11 27 170.000000 1 1
1974 11 28 175.000000 1 1
1974 11 29 286.000000 1 1
1974 11 30 213.000000 1 1
1974 12 01 164.000000 1 1
1974 12 02 152.000000 1 1
1974 12 03 155.000000 1 1
1974 12 04 149.000000 1 1
1974 12 05 204.000000 1 1
1974 12 06 236.000000 1 1
1974 12 07 440.000000 1 1
1974 12 08 345.000000 1 1
1974 12 09 360.000000 1 1
1974 12 10 309.000000 1 1
1974 12 11 291.000000 1 1
1974 12 12 262.000000 1 1
1974 12 13 236.000000 1 1
1974 12 14 227.000000 1 1
1974 12 15 238.000000 1 1
1974 12 16 211.000000 1 1
1974 12 17 236.000000 1 1
1974 12 18 258.000000 1 1
1974 12 19 254.000000 1 1
1974 12 20 329.000000 1 1
1974 12 21 229.000000 1 1
1974 12 22 275.000000 1 1
1974 12 23 334.000000 1 1
1974 12 24 406.000000 1 1
1974 12 25 506.000000 1 1
1974 12 26 687.000000 1 1
1974 12 27 650.000000 1 1
1974 12 28 807.000000 1 1
1974 12 29 657.000000 1 1
1974 12 30 763.000000 1 1
1974 12 31 646.000000 1 1
1975 01 01 617.000000 1 1
1975 01 02 874.000000 1 1
1975 01 03 1216.000000 1 1
1975 01 04 1139.000000 1 1
1975 01 05 1390.000000 1 1
1975 01 06 1031.000000 1 1
1975 01 07 919.000000 1 1
1975 01 08 824.000000 1 1
1975 01 09 751.000000 1 1
1975 01 10 807.000000 1 1
1975 01 11 665.000000 1 1
1975 01 12 642.000000 1 1
1975 01 13 596.000000 1 1
1975 01 14 585.000000 1 1
1975 01 15 528.000000 1 1
1975 01 16 481.000000 1 1
1975 01 17 443.000000 1 1
1975 01 18 406.000000 1 1
1975 01 19 373.000000 1 1
1975 01 20 358.000000 1 1
1975 01 21 388.000000 1 1
1975 01 22 484.000000 1 1
1975 01 23 561.000000 1 1
1975 01 24 617.000000 1 1
1975 01 25 668.000000 1 1
1975 01 26 642.000000 1 1
1975 01 27 509.000000 1 1
1975 01 28 478.000000 1 1
1975 01 29 460.000000 1 1
1975 01 30 412.000000 1 1
1975 01 31 378.000000 1 1
1975 02 01 365.000000 1 1
1975 02 02 353.000000 1 1
1975 02 03 353.000000 1 1
1975 02 04 398.000000 1 1
1975 02 05 448.000000 1 1
1975 02 06 665.000000 1 1
1975 02 07 791.000000 1 1
1975 02 08 1148.000000 1 1
1975 02 09 1121.000000 1 1
1975 02 10 1058.000000 1 1
1975 02 11 878.000000 1 1
1975 02 12 807.000000 1 1
1975 02 13 672.000000 1 1
1975 02 14 599.000000 1 1
1975 02 15 531.000000 1 1
1975 02 16 481.000000 1 1
1975 02 17 448.000000 1 1
1975 02 18 425.000000 1 1
1975 02 19 412.000000 1 1
1975 02 20 412.000000 1 1
1975 02 21 448.000000 1 1
1975 02 22 412.000000 1 1
1975 02 23 425.000000 1 1
1975 02 24 493.000000 1 1
1975 02 25 487.000000 1 1
1975 02 26 472.000000 1 1
1975 02 27 445.000000 1 1
1975 02 28 445.000000 1 1
1975 03 01 420.000000 1 1
1975 03 02 406.000000 1 1
1975 03 03 365.000000 1 1
1975 03 04 348.000000 1 1
1975 03 05 341.000000 1 1
1975 03 06 329.000000 1 1
1975 03 07 320.000000 1 1
1975 03 08 316.000000 1 1
1975 03 09 302.000000 1 1
1975 03 10 291.000000 1 1
1975 03 11 289.000000 1 1
1975 03 12 280.000000 1 1
1975 03 13 271.000000 1 1
1975 03 14 269.000000 1 1
1975 03 15 264.000000 1 1
1975 03 16 260.000000 1 1
1975 03 17 275.000000 1 1
1975 03 18 264.000000 1 1
1975 03 19 311.000000 1 1
1975 03 20 284.000000 1 1
1975 03 21 273.000000 1 1
1975 03 22 264.000000 1 1
1975 03 23 316.000000 1 1
1975 03 24 304.000000 1 1
1975 03 25 334.000000 1 1
1975 03 26 348.000000 1 1
1975 03 27 610.000000 1 1
1975 03 28 385.000000 1 1
1975 03 29 341.000000 1 1
1975 03 30 311.000000 1 1
1975 03 31 295.000000 1 1
1975 04 01 396.000000 1 1
1975 04 02 415.000000 1 1
1975 04 03 472.000000 1 1
1975 04 04 443.000000 1 1
1975 04 05 428.000000 1 1
1975 04 06 385.000000 1 1
1975 04 07 350.000000 1 1
1975 04 08 332.000000 1 1
1975 04 09 309.000000 1 1
1975 04 10 322.000000 1 1
1975 04 11 334.000000 1 1
1975 04 12 325.000000 1 1
1975 04 13 318.000000 1 1
1975 04 14 311.000000 1 1
1975 04 15 311.000000 1 1
1975 04 16 524.000000 1 1
1975 04 17 496.000000 1 1
1975 04 18 425.000000 1 1
1975 04 19 401.000000 1 1
1975 04 20 398.000000 1 1
1975 04 21 375.000000 1 1
1975 04 22 370.000000 1 1
1975 04 23 360.000000 1 1
1975 04 24 348.000000 1 1
1975 04 25 329.000000 1 1
1975 04 26 318.000000 1 1
1975 04 27 309.000000 1 1
1975 04 28 300.000000 1 1
1975 04 29 280.000000 1 1
1975 04 30 275.000000 1 1
1975 05 01 269.000000 1 1
1975 05 02 260.000000 1 1
1975 05 03 254.000000 1 1
1975 05 04 250.000000 1 1
1975 05 05 250.000000 1 1
1975 05 06 336.000000 1 1
1975 05 07 322.000000 1 1
1975 05 08 348.000000 1 1
1975 05 09 318.000000 1 1
1975 05 10 302.000000 1 1
1975 05 11 282.000000 1 1
1975 05 12 275.000000 1 1
1975 05 13 267.000000 1 1
1975 05 14 260.000000 1 1
1975 05 15 256.000000 1 1
1975 05 16 238.000000 1 1
1975 05 17 236.000000 1 1
1975 05 18 235.000000 1 1
1975 05 19 236.000000 1 1
1975 05 20 236.000000 1 1
1975 05 21 235.000000 1 1
1975 05 22 231.000000 1 1
1975 05 23 227.000000 1 1
1975 05 24 222.000000 1 1
1975 05 25 220.000000 1 1
1975 05 26 217.000000 1 1
1975 05 27 211.000000 1 1
1975 05 28 209.000000 1 1
1975 05 29 208.000000 1 1
1975 05 30 208.000000 1 1
1975 05 31 208.000000 1 1
1975 06 01 204.000000 1 1
1975 06 02 201.000000 1 1
1975 06 03 201.000000 1 1
1975 06 04 201.000000 1 1
1975 06 05 199.000000 1 1
1975 06 06 197.000000 1 1
1975 06 07 194.000000 1 1
1975 06 08 194.000000 1 1
1975 06 09 190.000000 1 1
1975 06 10 189.000000 1 1
1975 06 11 187.000000 1 1
1975 06 12 184.000000 1 1
1975 06 13 184.000000 1 1
1975 06 14 182.000000 1 1
1975 06 15 179.000000 1 1
1975 06 16 175.000000 1 1
1975 06 17 173.000000 1 1
1975 06 18 170.000000 1 1
1975 06 19 170.000000 1 1
1975 06 20 170.000000 1 1
1975 06 21 170.000000 1 1
1975 06 22 169.000000 1 1
1975 06 23 167.000000 1 1
1975 06 24 166.000000 1 1
1975 06 25 166.000000 1 1
1975 06 26 164.000000 1 1
1975 06 27 161.000000 1 1
1975 06 28 160.000000 1 1
1975 06 29 160.000000 1 1
1975 06 30 160.000000 1 1
1975 07 01 167.000000 1 1
1975 07 02 167.000000 1 1
1975 07 03 169.000000 1 1
1975 07 04 173.000000 1 1
1975 07 05 182.000000 1 1
1975 07 06 196.000000 1 1
1975 07 07 189.000000 1 1
1975 07 08 180.000000 1 1
1975 07 09 177.000000 1 1
1975 07 10 172.000000 1 1
1975 07 11 167.000000 1 1
1975 07 12 161.000000 1 1
1975 07 13 155.000000 1 1
1975 07 14 155.000000 1 1
1975 07 15 155.000000 1 1
1975 07 16 152.000000 1 1
1975 07 17 149.000000 1 1
1975 07 18 147.000000 1 1
1975 07 19 144.000000 1 1
1975 07 20 147.000000 1 1
1975 07 21 149.000000 1 1
1975 07 22 149.000000 1 1
1975 07 23 145.000000 1 1
1975 07 24 144.000000 1 1
1975 07 25 141.000000 1 1
1975 07 26 141.000000 1 1
1975 07 27 141.000000 1 1
1975 07 28 138.000000 1 1
1975 07 29 137.000000 1 1
1975 07 30 137.000000 1 1
1975 07 31 137.000000 1 1
1975 08 01 136.000000 1 1
1975 08 02 135.000000 1 1
1975 08 03 133.000000 1 1
1975 08 04 131.000000 1 1
1975 08 05 129.000000 1 1
1975 08 06 128.000000 1 1
1975 08 07 127.000000 1 1
1975 08 08 125.000000 1 1
1975 08 09 124.000000 1 1
1975 08 10 123.000000 1 1
1975 08 11 123.000000 1 1
1975 08 12 120.000000 1 1
1975 08 13 118.000000 1 1
1975 08 14 116.000000 1 1
1975 08 15 116.000000 1 1
1975 08 16 115.000000 1 1
1975 08 17 115.000000 1 1
1975 08 18 115.000000 1 1
1975 08 19 112.000000 1 1
1975 08 20 112.000000 1 1
1975 08 21 111.000000 1 1
1975 08 22 109.000000 1 1
1975 08 23 106.000000 1 1
1975 08 24 105.000000 1 1
1975 08 25 102.000000 1 1
1975 08 26 101.000000 1 1
1975 08 27 101.000000 1 1
1975 08 28 99.600000 1 1
1975 08 29 99.600000 1 1
1975 08 30 99.600000 1 1
1975 08 31 99.600000 1 1
1975 09 01 nan nan 0
1975 09 02 nan nan 0
1975 09 03 nan nan 0
1975 09 04 nan nan 0
1975 09 05 nan nan 0
1975 09 06 nan nan 0
1975 09 07 nan nan 0
1975 09 08 nan nan 0
1975 09 09 nan nan 0
1975 09 10 nan nan 0
1975 09 11 nan nan 0
1975 09 12 nan nan 0
1975 09 13 nan nan 0
1975 09 14 nan nan 0
1975 09 15 nan nan 0
1975 09 16 nan nan 0
1975 09 17 nan nan 0
1975 09 18 82.000000 1 1
1975 09 19 80.000000 1 1
1975 09 20 80.000000 1 1
1975 09 21 80.000000 1 1
1975 09 22 80.000000 1 1
1975 09 23 80.000000 1 1
1975 09 24 80.000000 1 1
1975 09 25 80.000000 1 1
1975 09 26 80.000000 1 1
1975 09 27 80.000000 1 1
1975 09 28 81.000000 1 1
1975 09 29 84.000000 1 1
1975 09 30 86.000000 1 1
1975 10 01 88.000000 1 1
1975 10 02 89.000000 1 1
1975 10 03 90.000000 1 1
1975 10 04 91.200000 1 1
1975 10 05 91.200000 1 1
1975 10 06 89.000000 1 1
1975 10 07 88.000000 1 1
1975 10 08 91.200000 1 1
1975 10 09 114.000000 1 1
1975 10 10 107.000000 1 1
1975 10 11 109.000000 1 1
1975 10 12 246.000000 1 1
1975 10 13 220.000000 1 1
1975 10 14 189.000000 1 1
1975 10 15 182.000000 1 1
1975 10 16 149.000000 1 1
1975 10 17 141.000000 1 1
1975 10 18 137.000000 1 1
1975 10 19 169.000000 1 1
1975 10 20 170.000000 1 1
1975 10 21 235.000000 1 1
1975 10 22 179.000000 1 1
1975 10 23 151.000000 1 1
1975 10 24 152.000000 1 1
1975 10 25 142.000000 1 1
1975 10 26 141.000000 1 1
1975 10 27 158.000000 1 1
1975 10 28 161.000000 1 1
1975 10 29 157.000000 1 1
1975 10 30 144.000000 1 1
1975 10 31 132.000000 1 1
1975 11 01 128.000000 1 1
1975 11 02 127.000000 1 1
1975 11 03 211.000000 1 1
1975 11 04 173.000000 1 1
1975 11 05 256.000000 1 1
1975 11 06 293.000000 1 1
1975 11 07 512.000000 1 1
1975 11 08 378.000000 1 1
1975 11 09 291.000000 1 1
1975 11 10 236.000000 1 1
1975 11 11 293.000000 1 1
1975 11 12 345.000000 1 1
1975 11 13 309.000000 1 1
1975 11 14 273.000000 1 1
1975 11 15 260.000000 1 1
1975 11 16 280.000000 1 1
1975 11 17 341.000000 1 1
1975 11 18 355.000000 1 1
1975 11 19 610.000000 1 1
1975 11 20 512.000000 1 1
1975 11 21 378.000000 1 1
1975 11 22 360.000000 1 1
1975 11 23 322.000000 1 1
1975 11 24 271.000000 1 1
1975 11 25 309.000000 1 1
1975 11 26 448.000000 1 1
1975 11 27 412.000000 1 1
1975 11 28 451.000000 1 1
1975 11 29 478.000000 1 1
1975 11 30 481.000000 1 1
1975 12 01 469.000000 1 1
1975 12 02 412.000000 1 1
1975 12 03 368.000000 1 1
1975 12 04 291.000000 1 1
1975 12 05 260.000000 1 1
1975 12 06 236.000000 1 1
1975 12 07 224.000000 1 1
1975 12 08 208.000000 1 1
1975 12 09 194.000000 1 1
1975 12 10 248.000000 1 1
1975 12 11 235.000000 1 1
1975 12 12 217.000000 1 1
1975 12 13 211.000000 1 1
1975 12 14 244.000000 1 1
1975 12 15 355.000000 1 1
1975 12 16 345.000000 1 1
1975 12 17 309.000000 1 1
1975 12 18 512.000000 1 1
1975 12 19 358.000000 1 1
1975 12 20 304.000000 1 1
1975 12 21 260.000000 1 1
1975 12 22 250.000000 1 1
1975 12 23 336.000000 1 1
1975 12 24 258.000000 1 1
1975 12 25 457.000000 1 1
1975 12 26 905.000000 1 1
1975 12 27 763.000000 1 1
1975 12 28 620.000000 1 1
1975 12 29 561.000000 1 1
1975 12 30 534.000000 1 1
1975 12 31 484.000000 1 1
1976 01 01 406.000000 1 1
1976 01 02 425.000000 1 1
1976 01 03 515.000000 1 1
1976 01 04 451.000000 1 1
1976 01 05 550.000000 1 1
1976 01 06 550.000000 1 1
1976 01 07 540.000000 1 1
1976 01 08 434.000000 1 1
1976 01 09 417.000000 1 1
1976 01 10 398.000000 1 1
1976 01 11 393.000000 1 1
1976 01 12 378.000000 1 1
1976 01 13 363.000000 1 1
1976 01 14 353.000000 1 1
1976 01 15 341.000000 1 1
1976 01 16 341.000000 1 1
1976 01 17 289.000000 1 1
1976 01 18 269.000000 1 1
1976 01 19 256.000000 1 1
1976 01 20 238.000000 1 1
1976 01 21 229.000000 1 1
1976 01 22 217.000000 1 1
1976 01 23 289.000000 1 1
1976 01 24 278.000000 1 1
1976 01 25 235.000000 1 1
1976 01 26 222.000000 1 1
1976 01 27 231.000000 1 1
1976 01 28 248.000000 1 1
1976 01 29 240.000000 1 1
1976 01 30 248.000000 1 1
1976 01 31 267.000000 1 1
1976 02 01 267.000000 1 1
1976 02 02 297.000000 1 1
1976 02 03 304.000000 1 1
1976 02 04 311.000000 1 1
1976 02 05 350.000000 1 1
1976 02 06 345.000000 1 1
1976 02 07 353.000000 1 1
1976 02 08 370.000000 1 1
1976 02 09 417.000000 1 1
1976 02 10 420.000000 1 1
1976 02 11 385.000000 1 1
1976 02 12 355.000000 1 1
1976 02 13 332.000000 1 1
1976 02 14 300.000000 1 1
1976 02 15 278.000000 1 1
1976 02 16 260.000000 1 1
1976 02 17 267.000000 1 1
1976 02 18 329.000000 1 1
1976 02 19 327.000000 1 1
1976 02 20 273.000000 1 1
1976 02 21 260.000000 1 1
1976 02 22 256.000000 1 1
1976 02 23 256.000000 1 1
1976 02 24 401.000000 1 1
1976 02 25 443.000000 1 1
1976 02 26 653.000000 1 1
1976 02 27 448.000000 1 1
1976 02 28 512.000000 1 1
1976 02 29 665.000000 1 1
1976 03 01 620.000000 1 1
1976 03 02 883.000000 1 1
1976 03 03 892.000000 1 1
1976 03 04 824.000000 1 1
1976 03 05 509.000000 1 1
1976 03 06 457.000000 1 1
1976 03 07 417.000000 1 1
1976 03 08 358.000000 1 1
1976 03 09 332.000000 1 1
1976 03 10 313.000000 1 1
1976 03 11 311.000000 1 1
1976 03 12 345.000000 1 1
1976 03 13 443.000000 1 1
1976 03 14 365.000000 1 1
1976 03 15 353.000000 1 1
1976 03 16 385.000000 1 1
1976 03 17 404.000000 1 1
1976 03 18 383.000000 1 1
1976 03 19 355.000000 1 1
1976 03 20 363.000000 1 1
1976 03 21 353.000000 1 1
1976 03 22 336.000000 1 1
1976 03 23 375.000000 1 1
1976 03 24 396.000000 1 1
1976 03 25 396.000000 1 1
1976 03 26 388.000000 1 1
1976 03 27 463.000000 1 1
1976 03 28 401.000000 1 1
1976 03 29 401.000000 1 1
1976 03 30 423.000000 1 1
1976 03 31 487.000000 1 1
1976 04 01 445.000000 1 1
1976 04 02 398.000000 1 1
1976 04 03 370.000000 1 1
1976 04 04 345.000000 1 1
1976 04 05 318.000000 1 1
1976 04 06 293.000000 1 1
1976 04 07 282.000000 1 1
1976 04 08 271.000000 1 1
1976 04 09 260.000000 1 1
1976 04 10 282.000000 1 1
1976 04 11 293.000000 1 1
1976 04 12 278.000000 1 1
1976 04 13 339.000000 1 1
1976 04 14 365.000000 1 1
1976 04 15 334.000000 1 1
1976 04 16 280.000000 1 1
1976 04 17 260.000000 1 1
1976 04 18 252.000000 1 1
1976 04 19 242.000000 1 1
1976 04 20 235.000000 1 1
1976 04 21 227.000000 1 1
1976 04 22 226.000000 1 1
1976 04 23 222.000000 1 1
1976 04 24 218.000000 1 1
1976 04 25 218.000000 1 1
1976 04 26 242.000000 1 1
1976 04 27 226.000000 1 1
1976 04 28 224.000000 1 1
1976 04 29 215.000000 1 1
1976 04 30 211.000000 1 1
1976 05 01 211.000000 1 1
1976 05 02 209.000000 1 1
1976 05 03 209.000000 1 1
1976 05 04 208.000000 1 1
1976 05 05 208.000000 1 1
1976 05 06 204.000000 1 1
1976 05 07 201.000000 1 1
1976 05 08 197.000000 1 1
1976 05 09 197.000000 1 1
1976 05 10 194.000000 1 1
1976 05 11 194.000000 1 1
1976 05 12 190.000000 1 1
1976 05 13 187.000000 1 1
1976 05 14 184.000000 1 1
1976 05 15 182.000000 1 1
1976 05 16 237.000000 1 1
1976 05 17 197.000000 1 1
1976 05 18 217.000000 1 1
1976 05 19 197.000000 1 1
1976 05 20 187.000000 1 1
1976 05 21 204.000000 1 1
1976 05 22 201.000000 1 1
1976 05 23 197.000000 1 1
1976 05 24 199.000000 1 1
1976 05 25 192.000000 1 1
1976 05 26 185.000000 1 1
1976 05 27 179.000000 1 1
1976 05 28 175.000000 1 1
1976 05 29 172.000000 1 1
1976 05 30 190.000000 1 1
1976 05 31 196.000000 1 1
1976 06 01 185.000000 1 1
1976 06 02 180.000000 1 1
1976 06 03 172.000000 1 1
1976 06 04 169.000000 1 1
1976 06 05 167.000000 1 1
1976 06 06 164.000000 1 1
1976 06 07 161.000000 1 1
1976 06 08 155.000000 1 1
1976 06 09 154.000000 1 1
1976 06 10 152.000000 1 1
1976 06 11 152.000000 1 1
1976 06 12 151.000000 1 1
1976 06 13 151.000000 1 1
1976 06 14 147.000000 1 1
1976 06 15 141.000000 1 1
1976 06 16 141.000000 1 1
1976 06 17 140.000000 1 1
1976 06 18 138.000000 1 1
1976 06 19 137.000000 1 1
1976 06 20 135.000000 1 1
1976 06 21 133.000000 1 1
1976 06 22 133.000000 1 1
1976 06 23 133.000000 1 1
1976 06 24 132.000000 1 1
1976 06 25 128.000000 1 1
1976 06 26 127.000000 1 1
1976 06 27 125.000000 1 1
1976 06 28 125.000000 1 1
1976 06 29 125.000000 1 1
1976 06 30 125.000000 1 1
1976 07 01 123.000000 1 1
1976 07 02 148.000000 1 1
1976 07 03 157.000000 1 1
1976 07 04 201.000000 1 1
1976 07 05 161.000000 1 1
1976 07 06 152.000000 1 1
1976 07 07 149.000000 1 1
1976 07 08 142.000000 1 1
1976 07 09 138.000000 1 1
1976 07 10 137.000000 1 1
1976 07 11 132.000000 1 1
1976 07 12 127.000000 1 1
1976 07 13 124.000000 1 1
1976 07 14 120.000000 1 1
1976 07 15 120.000000 1 1
1976 07 16 118.000000 1 1
1976 07 17 116.000000 1 1
1976 07 18 114.000000 1 1
1976 07 19 114.000000 1 1
1976 07 20 112.000000 1 1
1976 07 21 111.000000 1 1
1976 07 22 110.000000 1 1
1976 07 23 109.000000 1 1
1976 07 24 109.000000 1 1
1976 07 25 111.000000 1 1
1976 07 26 112.000000 1 1
1976 07 27 112.000000 1 1
1976 07 28 112.000000 1 1
1976 07 29 111.000000 1 1
1976 07 30 109.000000 1 1
1976 07 31 106.000000 1 1
1976 08 01 105.000000 1 1
1976 08 02 105.000000 1 1
1976 08 03 105.000000 1 1
1976 08 04 102.000000 1 1
1976 08 05 102.000000 1 1
1976 08 06 102.000000 1 1
1976 08 07 102.000000 1 1
1976 08 08 102.000000 1 1
1976 08 09 101.000000 1 1
1976 08 10 99.600000 1 1
1976 08 11 99.600000 1 1
1976 08 12 98.400000 1 1
1976 08 13 97.200000 1 1
1976 08 14 94.800000 1 1
1976 08 15 94.800000 1 1
1976 08 16 94.800000 1 1
1976 08 17 92.400000 1 1
1976 08 18 92.400000 1 1
1976 08 19 92.400000 1 1
1976 08 20 99.600000 1 1
1976 08 21 102.000000 1 1
1976 08 22 99.600000 1 1
1976 08 23 99.600000 1 1
1976 08 24 97.200000 1 1
1976 08 25 94.800000 1 1
1976 08 26 92.400000 1 1
1976 08 27 90.000000 1 1
1976 08 28 90.000000 1 1
1976 08 29 88.000000 1 1
1976 08 30 86.000000 1 1
1976 08 31 85.000000 1 1
1976 09 01 84.000000 1 1
1976 09 02 84.000000 1 1
1976 09 03 82.000000 1 1
1976 09 04 82.000000 1 1
1976 09 05 82.000000 1 1
1976 09 06 81.000000 1 1
1976 09 07 81.000000 1 1
1976 09 08 80.000000 1 1
1976 09 09 82.000000 1 1
1976 09 10 82.000000 1 1
1976 09 11 83.000000 1 1
1976 09 12 96.000000 1 1
1976 09 13 94.800000 1 1
1976 09 14 102.000000 1 1
1976 09 15 123.000000 1 1
1976 09 16 209.000000 1 1
1976 09 17 166.000000 1 1
1976 09 18 185.000000 1 1
1976 09 19 157.000000 1 1
1976 09 20 149.000000 1 1
1976 09 21 149.000000 1 1
1976 09 22 172.000000 1 1
1976 09 23 211.000000 1 1
1976 09 24 192.000000 1 1
1976 09 25 196.000000 1 1
1976 09 26 220.000000 1 1
1976 09 27 231.000000 1 1
1976 09 28 388.000000 1 1
1976 09 29 327.000000 1 1
1976 09 30 201.000000 1 1
1976 10 01 182.000000 1 1
1976 10 02 167.000000 1 1
1976 10 03 147.000000 1 1
1976 10 04 135.000000 1 1
1976 10 05 128.000000 1 1
1976 10 06 166.000000 1 1
1976 10 07 157.000000 1 1
1976 10 08 160.000000 1 1
1976 10 09 164.000000 1 1
1976 10 10 166.000000 1 1
1976 10 11 169.000000 1 1
1976 10 12 167.000000 1 1
1976 10 13 157.000000 1 1
1976 10 14 144.000000 1 1
1976 10 15 137.000000 1 1
1976 10 16 125.000000 1 1
1976 10 17 118.000000 1 1
1976 10 18 110.000000 1 1
1976 10 19 106.000000 1 1
1976 10 20 102.000000 1 1
1976 10 21 109.000000 1 1
1976 10 22 115.000000 1 1
1976 10 23 147.000000 1 1
1976 10 24 158.000000 1 1
1976 10 25 190.000000 1 1
1976 10 26 236.000000 1 1
1976 10 27 227.000000 1 1
1976 10 28 209.000000 1 1
1976 10 29 199.000000 1 1
1976 10 30 192.000000 1 1
1976 10 31 182.000000 1 1
1976 11 01 164.000000 1 1
1976 11 02 149.000000 1 1
1976 11 03 160.000000 1 1
1976 11 04 179.000000 1 1
1976 11 05 496.000000 1 1
1976 11 06 534.000000 1 1
1976 11 07 534.000000 1 1
1976 11 08 316.000000 1 1
1976 11 09 293.000000 1 1
1976 11 10 238.000000 1 1
1976 11 11 227.000000 1 1
1976 11 12 213.000000 1 1
1976 11 13 289.000000 1 1
1976 11 14 269.000000 1 1
1976 11 15 295.000000 1 1
1976 11 16 534.000000 1 1
1976 11 17 457.000000 1 1
1976 11 18 363.000000 1 1
1976 11 19 650.000000 1 1
1976 11 20 613.000000 1 1
1976 11 21 676.000000 1 1
1976 11 22 1058.000000 1 1
1976 11 23 901.000000 1 1
1976 11 24 878.000000 1 1
1976 11 25 747.000000 1 1
1976 11 26 624.000000 1 1
1976 11 27 589.000000 1 1
1976 11 28 561.000000 1 1
1976 11 29 554.000000 1 1
1976 11 30 528.000000 1 1
1976 12 01 503.000000 1 1
1976 12 02 575.000000 1 1
1976 12 03 493.000000 1 1
1976 12 04 680.000000 1 1
1976 12 05 653.000000 1 1
1976 12 06 856.000000 1 1
1976 12 07 767.000000 1 1
1976 12 08 707.000000 1 1
1976 12 09 727.000000 1 1
1976 12 10 1000.000000 1 1
1976 12 11 1166.000000 1 1
1976 12 12 1385.000000 1 1
1976 12 13 1438.000000 1 1
1976 12 14 1714.000000 1 1
1976 12 15 1385.000000 1 1
1976 12 16 1255.000000 1 1
1976 12 17 1148.000000 1 1
1976 12 18 1112.000000 1 1
1976 12 19 1400.000000 1 1
1976 12 20 1420.000000 1 1
1976 12 21 1558.000000 1 1
1976 12 22 1420.000000 1 1
1976 12 23 1504.000000 1 1
1976 12 24 1660.000000 1 1
1976 12 25 2015.000000 1 1
1976 12 26 1801.000000 1 1
1976 12 27 1295.000000 1 1
1976 12 28 1144.000000 1 1
1976 12 29 1385.000000 1 1
1976 12 30 1285.000000 1 1
1976 12 31 1184.000000 1 1
1977 01 01 1207.000000 1 1
1977 01 02 1171.000000 1 1
1977 01 03 1108.000000 1 1
1977 01 04 1036.000000 1 1
1977 01 05 991.000000 1 1
1977 01 06 1157.000000 1 1
1977 01 07 1184.000000 1 1
1977 01 08 1157.000000 1 1
1977 01 09 995.000000 1 1
1977 01 10 847.000000 1 1
1977 01 11 747.000000 1 1
1977 01 12 672.000000 1 1
1977 01 13 627.000000 1 1
1977 01 14 585.000000 1 1
1977 01 15 568.000000 1 1
1977 01 16 564.000000 1 1
1977 01 17 557.000000 1 1
1977 01 18 624.000000 1 1
1977 01 19 596.000000 1 1
1977 01 20 596.000000 1 1
1977 01 21 1211.000000 1 1
1977 01 22 1216.000000 1 1
1977 01 23 1265.000000 1 1
1977 01 24 1390.000000 1 1
1977 01 25 1335.000000 1 1
1977 01 26 1415.000000 1 1
1977 01 27 1390.000000 1 1
1977 01 28 1335.000000 1 1
1977 01 29 1335.000000 1 1
1977 01 30 1624.000000 1 1
1977 01 31 1660.000000 1 1
1977 02 01 1365.000000 1 1
1977 02 02 1320.000000 1 1
1977 02 03 1230.000000 1 1
1977 02 04 1193.000000 1 1
1977 02 05 1171.000000 1 1
1977 02 06 1144.000000 1 1
1977 02 07 1013.000000 1 1
1977 02 08 919.000000 1 1
1977 02 09 807.000000 1 1
1977 02 10 747.000000 1 1
1977 02 11 691.000000 1 1
1977 02 12 650.000000 1 1
1977 02 13 627.000000 1 1
1977 02 14 599.000000 1 1
1977 02 15 582.000000 1 1
1977 02 16 550.000000 1 1
1977 02 17 528.000000 1 1
1977 02 18 518.000000 1 1
1977 02 19 506.000000 1 1
1977 02 20 490.000000 1 1
1977 02 21 478.000000 1 1
1977 02 22 469.000000 1 1
1977 02 23 457.000000 1 1
1977 02 24 463.000000 1 1
1977 02 25 448.000000 1 1
1977 02 26 440.000000 1 1
1977 02 27 431.000000 1 1
1977 02 28 420.000000 1 1
1977 03 01 409.000000 1 1
1977 03 02 401.000000 1 1
1977 03 03 398.000000 1 1
1977 03 04 388.000000 1 1
1977 03 05 378.000000 1 1
1977 03 06 373.000000 1 1
1977 03 07 363.000000 1 1
1977 03 08 355.000000 1 1
1977 03 09 348.000000 1 1
1977 03 10 341.000000 1 1
1977 03 11 341.000000 1 1
1977 03 12 334.000000 1 1
1977 03 13 332.000000 1 1
1977 03 14 327.000000 1 1
1977 03 15 327.000000 1 1
1977 03 16 322.000000 1 1
1977 03 17 316.000000 1 1
1977 03 18 329.000000 1 1
1977 03 19 341.000000 1 1
1977 03 20 322.000000 1 1
1977 03 21 343.000000 1 1
1977 03 22 434.000000 1 1
1977 03 23 425.000000 1 1
1977 03 24 420.000000 1 1
1977 03 25 440.000000 1 1
1977 03 26 396.000000 1 1
1977 03 27 383.000000 1 1
1977 03 28 360.000000 1 1
1977 03 29 345.000000 1 1
1977 03 30 339.000000 1 1
1977 03 31 348.000000 1 1
1977 04 01 451.000000 1 1
1977 04 02 506.000000 1 1
1977 04 03 578.000000 1 1
1977 04 04 557.000000 1 1
1977 04 05 512.000000 1 1
1977 04 06 469.000000 1 1
1977 04 07 451.000000 1 1
1977 04 08 445.000000 1 1
1977 04 09 751.000000 1 1
1977 04 10 687.000000 1 1
1977 04 11 469.000000 1 1
1977 04 12 425.000000 1 1
1977 04 13 409.000000 1 1
1977 04 14 385.000000 1 1
1977 04 15 355.000000 1 1
1977 04 16 345.000000 1 1
1977 04 17 336.000000 1 1
1977 04 18 329.000000 1 1
1977 04 19 348.000000 1 1
1977 04 20 393.000000 1 1
1977 04 21 398.000000 1 1
1977 04 22 653.000000 1 1
1977 04 23 767.000000 1 1
1977 04 24 603.000000 1 1
1977 04 25 391.000000 1 1
1977 04 26 368.000000 1 1
1977 04 27 353.000000 1 1
1977 04 28 336.000000 1 1
1977 04 29 325.000000 1 1
1977 04 30 316.000000 1 1
1977 05 01 313.000000 1 1
1977 05 02 309.000000 1 1
1977 05 03 313.000000 1 1
1977 05 04 309.000000 1 1
1977 05 05 304.000000 1 1
1977 05 06 295.000000 1 1
1977 05 07 293.000000 1 1
1977 05 08 289.000000 1 1
1977 05 09 286.000000 1 1
1977 05 10 282.000000 1 1
1977 05 11 280.000000 1 1
1977 05 12 278.000000 1 1
1977 05 13 271.000000 1 1
1977 05 14 269.000000 1 1
1977 05 15 260.000000 1 1
1977 05 16 260.000000 1 1
1977 05 17 316.000000 1 1
1977 05 18 320.000000 1 1
1977 05 19 332.000000 1 1
1977 05 20 300.000000 1 1
1977 05 21 286.000000 1 1
1977 05 22 282.000000 1 1
1977 05 23 271.000000 1 1
1977 05 24 264.000000 1 1
1977 05 25 262.000000 1 1
1977 05 26 260.000000 1 1
1977 05 27 256.000000 1 1
1977 05 28 250.000000 1 1
1977 05 29 250.000000 1 1
1977 05 30 248.000000 1 1
1977 05 31 246.000000 1 1
1977 06 01 244.000000 1 1
1977 06 02 248.000000 1 1
1977 06 03 254.000000 1 1
1977 06 04 254.000000 1 1
1977 06 05 260.000000 1 1
1977 06 06 260.000000 1 1
1977 06 07 254.000000 1 1
1977 06 08 250.000000 1 1
1977 06 09 246.000000 1 1
1977 06 10 242.000000 1 1
1977 06 11 240.000000 1 1
1977 06 12 238.000000 1 1
1977 06 13 235.000000 1 1
1977 06 14 233.000000 1 1
1977 06 15 229.000000 1 1
1977 06 16 227.000000 1 1
1977 06 17 224.000000 1 1
1977 06 18 222.000000 1 1
1977 06 19 218.000000 1 1
1977 06 20 215.000000 1 1
1977 06 21 213.000000 1 1
1977 06 22 209.000000 1 1
1977 06 23 208.000000 1 1
1977 06 24 208.000000 1 1
1977 06 25 208.000000 1 1
1977 06 26 208.000000 1 1
1977 06 27 204.000000 1 1
1977 06 28 201.000000 1 1
1977 06 29 201.000000 1 1
1977 06 30 196.000000 1 1
1977 07 01 194.000000 1 1
1977 07 02 194.000000 1 1
1977 07 03 192.000000 1 1
1977 07 04 187.000000 1 1
1977 07 05 187.000000 1 1
1977 07 06 185.000000 1 1
1977 07 07 184.000000 1 1
1977 07 08 182.000000 1 1
1977 07 09 180.000000 1 1
1977 07 10 180.000000 1 1
1977 07 11 177.000000 1 1
1977 07 12 177.000000 1 1
1977 07 13 175.000000 1 1
1977 07 14 173.000000 1 1
1977 07 15 173.000000 1 1
1977 07 16 170.000000 1 1
1977 07 17 170.000000 1 1
1977 07 18 167.000000 1 1
1977 07 19 166.000000 1 1
1977 07 20 166.000000 1 1
1977 07 21 164.000000 1 1
1977 07 22 161.000000 1 1
1977 07 23 158.000000 1 1
1977 07 24 158.000000 1 1
1977 07 25 155.000000 1 1
1977 07 26 155.000000 1 1
1977 07 27 154.000000 1 1
1977 07 28 152.000000 1 1
1977 07 29 149.000000 1 1
1977 07 30 149.000000 1 1
1977 07 31 148.000000 1 1
1977 08 01 147.000000 1 1
1977 08 02 145.000000 1 1
1977 08 03 144.000000 1 1
1977 08 04 142.000000 1 1
1977 08 05 141.000000 1 1
1977 08 06 140.000000 1 1
1977 08 07 138.000000 1 1
1977 08 08 138.000000 1 1
1977 08 09 137.000000 1 1
1977 08 10 136.000000 1 1
1977 08 11 135.000000 1 1
1977 08 12 133.000000 1 1
1977 08 13 133.000000 1 1
1977 08 14 132.000000 1 1
1977 08 15 131.000000 1 1
1977 08 16 128.000000 1 1
1977 08 17 127.000000 1 1
1977 08 18 127.000000 1 1
1977 08 19 125.000000 1 1
1977 08 20 124.000000 1 1
1977 08 21 123.000000 1 1
1977 08 22 123.000000 1 1
1977 08 23 122.000000 1 1
1977 08 24 120.000000 1 1
1977 08 25 120.000000 1 1
1977 08 26 120.000000 1 1
1977 08 27 120.000000 1 1
1977 08 28 120.000000 1 1
1977 08 29 120.000000 1 1
1977 08 30 120.000000 1 1
1977 08 31 120.000000 1 1
1977 09 01 119.000000 1 1
1977 09 02 118.000000 1 1
1977 09 03 116.000000 1 1
1977 09 04 115.000000 1 1
1977 09 05 122.000000 1 1
1977 09 06 120.000000 1 1
1977 09 07 133.000000 1 1
1977 09 08 128.000000 1 1
1977 09 09 125.000000 1 1
1977 09 10 123.000000 1 1
1977 09 11 122.000000 1 1
1977 09 12 118.000000 1 1
1977 09 13 115.000000 1 1
1977 09 14 112.000000 1 1
1977 09 15 110.000000 1 1
1977 09 16 107.000000 1 1
1977 09 17 105.000000 1 1
1977 09 18 102.000000 1 1
1977 09 19 101.000000 1 1
1977 09 20 101.000000 1 1
1977 09 21 103.000000 1 1
1977 09 22 154.000000 1 1
1977 09 23 135.000000 1 1
1977 09 24 141.000000 1 1
1977 09 25 136.000000 1 1
1977 09 26 137.000000 1 1
1977 09 27 135.000000 1 1
1977 09 28 129.000000 1 1
1977 09 29 127.000000 1 1
1977 09 30 122.000000 1 1
1977 10 01 116.000000 1 1
1977 10 02 184.000000 1 1
1977 10 03 128.000000 1 1
1977 10 04 260.000000 1 1
1977 10 05 227.000000 1 1
1977 10 06 252.000000 1 1
1977 10 07 373.000000 1 1
1977 10 08 325.000000 1 1
1977 10 09 264.000000 1 1
1977 10 10 233.000000 1 1
1977 10 11 220.000000 1 1
1977 10 12 190.000000 1 1
1977 10 13 163.000000 1 1
1977 10 14 147.000000 1 1
1977 10 15 137.000000 1 1
1977 10 16 132.000000 1 1
1977 10 17 124.000000 1 1
1977 10 18 119.000000 1 1
1977 10 19 116.000000 1 1
1977 10 20 111.000000 1 1
1977 10 21 109.000000 1 1
1977 10 22 109.000000 1 1
1977 10 23 119.000000 1 1
1977 10 24 122.000000 1 1
1977 10 25 115.000000 1 1
1977 10 26 112.000000 1 1
1977 10 27 110.000000 1 1
1977 10 28 114.000000 1 1
1977 10 29 170.000000 1 1
1977 10 30 201.000000 1 1
1977 10 31 199.000000 1 1
1977 11 01 240.000000 1 1
1977 11 02 201.000000 1 1
1977 11 03 192.000000 1 1
1977 11 04 196.000000 1 1
1977 11 05 192.000000 1 1
1977 11 06 182.000000 1 1
1977 11 07 180.000000 1 1
1977 11 08 233.000000 1 1
1977 11 09 220.000000 1 1
1977 11 10 211.000000 1 1
1977 11 11 169.000000 1 1
1977 11 12 170.000000 1 1
1977 11 13 172.000000 1 1
1977 11 14 180.000000 1 1
1977 11 15 173.000000 1 1
1977 11 16 166.000000 1 1
1977 11 17 145.000000 1 1
1977 11 18 160.000000 1 1
1977 11 19 179.000000 1 1
1977 11 20 220.000000 1 1
1977 11 21 327.000000 1 1
1977 11 22 385.000000 1 1
1977 11 23 353.000000 1 1
1977 11 24 343.000000 1 1
1977 11 25 320.000000 1 1
1977 11 26 391.000000 1 1
1977 11 27 370.000000 1 1
1977 11 28 329.000000 1 1
1977 11 29 460.000000 1 1
1977 11 30 606.000000 1 1
1977 12 01 824.000000 1 1
1977 12 02 1018.000000 1 1
1977 12 03 1230.000000 1 1
1977 12 04 869.000000 1 1
1977 12 05 771.000000 1 1
1977 12 06 650.000000 1 1
1977 12 07 568.000000 1 1
1977 12 08 540.000000 1 1
1977 12 09 428.000000 1 1
1977 12 10 398.000000 1 1
1977 12 11 478.000000 1 1
1977 12 12 466.000000 1 1
1977 12 13 420.000000 1 1
1977 12 14 398.000000 1 1
1977 12 15 380.000000 1 1
1977 12 16 350.000000 1 1
1977 12 17 316.000000 1 1
1977 12 18 311.000000 1 1
1977 12 19 322.000000 1 1
1977 12 20 313.000000 1 1
1977 12 21 448.000000 1 1
1977 12 22 490.000000 1 1
1977 12 23 515.000000 1 1
1977 12 24 585.000000 1 1
1977 12 25 799.000000 1 1
1977 12 26 946.000000 1 1
1977 12 27 973.000000 1 1
1977 12 28 1031.000000 1 1
1977 12 29 842.000000 1 1
1977 12 30 735.000000 1 1
1977 12 31 571.000000 1 1
1978 01 01 512.000000 1 1
1978 01 02 503.000000 1 1
1978 01 03 534.000000 1 1
1978 01 04 627.000000 1 1
1978 01 05 743.000000 1 1
1978 01 06 680.000000 1 1
1978 01 07 695.000000 1 1
1978 01 08 680.000000 1 1
1978 01 09 1130.000000 1 1
1978 01 10 1153.000000 1 1
1978 01 11 1290.000000 1 1
1978 01 12 1260.000000 1 1
1978 01 13 2745.000000 1 1
1978 01 14 2441.000000 1 1
1978 01 15 2251.000000 1 1
1978 01 16 2213.000000 1 1
1978 01 17 2274.000000 1 1
1978 01 18 1960.000000 1 1
1978 01 19 1744.000000 1 1
1978 01 20 1570.000000 1 1
1978 01 21 1395.000000 1 1
1978 01 22 1265.000000 1 1
1978 01 23 1157.000000 1 1
1978 01 24 1081.000000 1 1
1978 01 25 1000.000000 1 1
1978 01 26 892.000000 1 1
1978 01 27 731.000000 1 1
1978 01 28 639.000000 1 1
1978 01 29 592.000000 1 1
1978 01 30 557.000000 1 1
1978 01 31 537.000000 1 1
1978 02 01 524.000000 1 1
1978 02 02 506.000000 1 1
1978 02 03 484.000000 1 1
1978 02 04 472.000000 1 1
1978 02 05 454.000000 1 1
1978 02 06 437.000000 1 1
1978 02 07 478.000000 1 1
1978 02 08 490.000000 1 1
1978 02 09 475.000000 1 1
1978 02 10 454.000000 1 1
1978 02 11 472.000000 1 1
1978 02 12 472.000000 1 1
1978 02 13 518.000000 1 1
1978 02 14 503.000000 1 1
1978 02 15 509.000000 1 1
1978 02 16 531.000000 1 1
1978 02 17 582.000000 1 1
1978 02 18 751.000000 1 1
1978 02 19 807.000000 1 1
1978 02 20 735.000000 1 1
1978 02 21 735.000000 1 1
1978 02 22 803.000000 1 1
1978 02 23 842.000000 1 1
1978 02 24 982.000000 1 1
1978 02 25 892.000000 1 1
1978 02 26 892.000000 1 1
1978 02 27 887.000000 1 1
1978 02 28 851.000000 1 1
1978 03 01 807.000000 1 1
1978 03 02 795.000000 1 1
1978 03 03 779.000000 1 1
1978 03 04 887.000000 1 1
1978 03 05 1355.000000 1 1
1978 03 06 1405.000000 1 1
1978 03 07 1450.000000 1 1
1978 03 08 1432.000000 1 1
1978 03 09 1365.000000 1 1
1978 03 10 1345.000000 1 1
1978 03 11 1340.000000 1 1
1978 03 12 1235.000000 1 1
1978 03 13 1139.000000 1 1
1978 03 14 1022.000000 1 1
1978 03 15 950.000000 1 1
1978 03 16 901.000000 1 1
1978 03 17 847.000000 1 1
1978 03 18 763.000000 1 1
1978 03 19 707.000000 1 1
1978 03 20 668.000000 1 1
1978 03 21 627.000000 1 1
1978 03 22 589.000000 1 1
1978 03 23 568.000000 1 1
1978 03 24 547.000000 1 1
1978 03 25 534.000000 1 1
1978 03 26 521.000000 1 1
1978 03 27 528.000000 1 1
1978 03 28 495.000000 1 1
1978 03 29 531.000000 1 1
1978 03 30 540.000000 1 1
1978 03 31 550.000000 1 1
1978 04 01 540.000000 1 1
1978 04 02 531.000000 1 1
1978 04 03 631.000000 1 1
1978 04 04 878.000000 1 1
1978 04 05 842.000000 1 1
1978 04 06 811.000000 1 1
1978 04 07 755.000000 1 1
1978 04 08 661.000000 1 1
1978 04 09 582.000000 1 1
1978 04 10 568.000000 1 1
1978 04 11 557.000000 1 1
1978 04 12 557.000000 1 1
1978 04 13 575.000000 1 1
1978 04 14 603.000000 1 1
1978 04 15 561.000000 1 1
1978 04 16 540.000000 1 1
1978 04 17 515.000000 1 1
1978 04 18 540.000000 1 1
1978 04 19 515.000000 1 1
1978 04 20 487.000000 1 1
1978 04 21 487.000000 1 1
1978 04 22 472.000000 1 1
1978 04 23 463.000000 1 1
1978 04 24 460.000000 1 1
1978 04 25 457.000000 1 1
1978 04 26 457.000000 1 1
1978 04 27 457.000000 1 1
1978 04 28 440.000000 1 1
1978 04 29 428.000000 1 1
1978 04 30 409.000000 1 1
1978 05 01 404.000000 1 1
1978 05 02 401.000000 1 1
1978 05 03 404.000000 1 1
1978 05 04 391.000000 1 1
1978 05 05 383.000000 1 1
1978 05 06 378.000000 1 1
1978 05 07 375.000000 1 1
1978 05 08 368.000000 1 1
1978 05 09 360.000000 1 1
1978 05 10 355.000000 1 1
1978 05 11 355.000000 1 1
1978 05 12 350.000000 1 1
1978 05 13 343.000000 1 1
1978 05 14 336.000000 1 1
1978 05 15 336.000000 1 1
1978 05 16 336.000000 1 1
1978 05 17 334.000000 1 1
1978 05 18 339.000000 1 1
1978 05 19 334.000000 1 1
1978 05 20 332.000000 1 1
1978 05 21 329.000000 1 1
1978 05 22 343.000000 1 1
1978 05 23 355.000000 1 1
1978 05 24 363.000000 1 1
1978 05 25 350.000000 1 1
1978 05 26 350.000000 1 1
1978 05 27 345.000000 1 1
1978 05 28 363.000000 1 1
1978 05 29 365.000000 1 1
1978 05 30 478.000000 1 1
1978 05 31 472.000000 1 1
1978 06 01 417.000000 1 1
1978 06 02 409.000000 1 1
1978 06 03 398.000000 1 1
1978 06 04 388.000000 1 1
1978 06 05 363.000000 1 1
1978 06 06 345.000000 1 1
1978 06 07 332.000000 1 1
1978 06 08 325.000000 1 1
1978 06 09 322.000000 1 1
1978 06 10 327.000000 1 1
1978 06 11 320.000000 1 1
1978 06 12 313.000000 1 1
1978 06 13 306.000000 1 1
1978 06 14 304.000000 1 1
1978 06 15 302.000000 1 1
1978 06 16 295.000000 1 1
1978 06 17 293.000000 1 1
1978 06 18 291.000000 1 1
1978 06 19 286.000000 1 1
1978 06 20 282.000000 1 1
1978 06 21 278.000000 1 1
1978 06 22 278.000000 1 1
1978 06 23 278.000000 1 1
1978 06 24 273.000000 1 1
1978 06 25 271.000000 1 1
1978 06 26 264.000000 1 1
1978 06 27 264.000000 1 1
1978 06 28 262.000000 1 1
1978 06 29 260.000000 1 1
1978 06 30 260.000000 1 1
1978 07 01 260.000000 1 1
1978 07 02 256.000000 1 1
1978 07 03 252.000000 1 1
1978 07 04 248.000000 1 1
1978 07 05 244.000000 1 1
1978 07 06 240.000000 1 1
1978 07 07 240.000000 1 1
1978 07 08 240.000000 1 1
1978 07 09 238.000000 1 1
1978 07 10 236.000000 1 1
1978 07 11 235.000000 1 1
1978 07 12 233.000000 1 1
1978 07 13 231.000000 1 1
1978 07 14 229.000000 1 1
1978 07 15 229.000000 1 1
1978 07 16 227.000000 1 1
1978 07 17 226.000000 1 1
1978 07 18 231.000000 1 1
1978 07 19 233.000000 1 1
1978 07 20 236.000000 1 1
1978 07 21 240.000000 1 1
1978 07 22 258.000000 1 1
1978 07 23 258.000000 1 1
1978 07 24 256.000000 1 1
1978 07 25 252.000000 1 1
1978 07 26 242.000000 1 1
1978 07 27 236.000000 1 1
1978 07 28 235.000000 1 1
1978 07 29 229.000000 1 1
1978 07 30 224.000000 1 1
1978 07 31 220.000000 1 1
1978 08 01 217.000000 1 1
1978 08 02 211.000000 1 1
1978 08 03 208.000000 1 1
1978 08 04 208.000000 1 1
1978 08 05 204.000000 1 1
1978 08 06 202.000000 1 1
1978 08 07 201.000000 1 1
1978 08 08 201.000000 1 1
1978 08 09 201.000000 1 1
1978 08 10 199.000000 1 1
1978 08 11 197.000000 1 1
1978 08 12 197.000000 1 1
1978 08 13 196.000000 1 1
1978 08 14 192.000000 1 1
1978 08 15 190.000000 1 1
1978 08 16 187.000000 1 1
1978 08 17 185.000000 1 1
1978 08 18 184.000000 1 1
1978 08 19 180.000000 1 1
1978 08 20 179.000000 1 1
1978 08 21 177.000000 1 1
1978 08 22 177.000000 1 1
1978 08 23 175.000000 1 1
1978 08 24 173.000000 1 1
1978 08 25 170.000000 1 1
1978 08 26 170.000000 1 1
1978 08 27 169.000000 1 1
1978 08 28 167.000000 1 1
1978 08 29 167.000000 1 1
1978 08 30 166.000000 1 1
1978 08 31 164.000000 1 1
1978 09 01 163.000000 1 1
1978 09 02 163.000000 1 1
1978 09 03 161.000000 1 1
1978 09 04 190.000000 1 1
1978 09 05 180.000000 1 1
1978 09 06 170.000000 1 1
1978 09 07 169.000000 1 1
1978 09 08 177.000000 1 1
1978 09 09 182.000000 1 1
1978 09 10 180.000000 1 1
1978 09 11 177.000000 1 1
1978 09 12 173.000000 1 1
1978 09 13 172.000000 1 1
1978 09 14 170.000000 1 1
1978 09 15 167.000000 1 1
1978 09 16 163.000000 1 1
1978 09 17 158.000000 1 1
1978 09 18 169.000000 1 1
1978 09 19 155.000000 1 1
1978 09 20 152.000000 1 1
1978 09 21 149.000000 1 1
1978 09 22 148.000000 1 1
1978 09 23 147.000000 1 1
1978 09 24 142.000000 1 1
1978 09 25 138.000000 1 1
1978 09 26 137.000000 1 1
1978 09 27 136.000000 1 1
1978 09 28 136.000000 1 1
1978 09 29 133.000000 1 1
1978 09 30 131.000000 1 1
1978 10 01 122.000000 1 1
1978 10 02 122.000000 1 1
1978 10 03 121.000000 1 1
1978 10 04 119.000000 1 1
1978 10 05 117.000000 1 1
1978 10 06 117.000000 1 1
1978 10 07 114.000000 1 1
1978 10 08 113.000000 1 1
1978 10 09 112.000000 1 1
1978 10 10 117.000000 1 1
1978 10 11 123.000000 1 1
1978 10 12 130.000000 1 1
1978 10 13 153.000000 1 1
1978 10 14 170.000000 1 1
1978 10 15 207.000000 1 1
1978 10 16 257.000000 1 1
1978 10 17 317.000000 1 1
1978 10 18 326.000000 1 1
1978 10 19 300.000000 1 1
1978 10 20 275.000000 1 1
1978 10 21 256.000000 1 1
1978 10 22 230.000000 1 1
1978 10 23 207.000000 1 1
1978 10 24 189.000000 1 1
1978 10 25 184.000000 1 1
1978 10 26 184.000000 1 1
1978 10 27 182.000000 1 1
1978 10 28 164.000000 1 1
1978 10 29 178.000000 1 1
1978 10 30 173.000000 1 1
1978 10 31 163.000000 1 1
1978 11 01 187.000000 1 1
1978 11 02 202.000000 1 1
1978 11 03 218.000000 1 1
1978 11 04 227.000000 1 1
1978 11 05 213.000000 1 1
1978 11 06 199.000000 1 1
1978 11 07 184.000000 1 1
1978 11 08 184.000000 1 1
1978 11 09 180.000000 1 1
1978 11 10 177.000000 1 1
1978 11 11 172.000000 1 1
1978 11 12 370.000000 1 1
1978 11 13 396.000000 1 1
1978 11 14 345.000000 1 1
1978 11 15 291.000000 1 1
1978 11 16 256.000000 1 1
1978 11 17 437.000000 1 1
1978 11 18 370.000000 1 1
1978 11 19 341.000000 1 1
1978 11 20 304.000000 1 1
1978 11 21 271.000000 1 1
1978 11 22 250.000000 1 1
1978 11 23 233.000000 1 1
1978 11 24 295.000000 1 1
1978 11 25 297.000000 1 1
1978 11 26 771.000000 1 1
1978 11 27 883.000000 1 1
1978 11 28 1255.000000 1 1
1978 11 29 1031.000000 1 1
1978 11 30 613.000000 1 1
1978 12 01 460.000000 1 1
1978 12 02 423.000000 1 1
1978 12 03 373.000000 1 1
1978 12 04 396.000000 1 1
1978 12 05 378.000000 1 1
1978 12 06 346.000000 1 1
1978 12 07 345.000000 1 1
1978 12 08 383.000000 1 1
1978 12 09 433.000000 1 1
1978 12 10 519.000000 1 1
1978 12 11 611.000000 1 1
1978 12 12 908.000000 1 1
1978 12 13 1433.000000 1 1
1978 12 14 1449.000000 1 1
1978 12 15 1919.000000 1 1
1978 12 16 1699.000000 1 1
1978 12 17 1810.000000 1 1
1978 12 18 1654.000000 1 1
1978 12 19 1833.000000 1 1
1978 12 20 1655.000000 1 1
1978 12 21 1407.000000 1 1
1978 12 22 1827.000000 1 1
1978 12 23 1308.000000 1 1
1978 12 24 1254.000000 1 1
1978 12 25 1189.000000 1 1
1978 12 26 1117.000000 1 1
1978 12 27 955.000000 1 1
1978 12 28 867.000000 1 1
1978 12 29 826.000000 1 1
1978 12 30 936.000000 1 1
1978 12 31 887.000000 1 1
1979 01 01 1135.000000 1 1
1979 01 02 1130.000000 1 1
1979 01 03 1004.000000 1 1
1979 01 04 968.000000 1 1
1979 01 05 880.000000 1 1
1979 01 06 1040.000000 1 1
1979 01 07 1340.000000 1 1
1979 01 08 1624.000000 1 1
1979 01 09 1642.000000 1 1
1979 01 10 1564.000000 1 1
1979 01 11 1345.000000 1 1
1979 01 12 1315.000000 1 1
1979 01 13 1504.000000 1 1
1979 01 14 1696.000000 1 1
1979 01 15 2243.000000 1 1
1979 01 16 1913.000000 1 1
1979 01 17 1534.000000 1 1
1979 01 18 1415.000000 1 1
1979 01 19 1468.000000 1 1
1979 01 20 1594.000000 1 1
1979 01 21 2023.000000 1 1
1979 01 22 1976.000000 1 1
1979 01 23 1732.000000 1 1
1979 01 24 1486.000000 1 1
1979 01 25 1438.000000 1 1
1979 01 26 1330.000000 1 1
1979 01 27 1678.000000 1 1
1979 01 28 3188.000000 1 1
1979 01 29 2730.000000 1 1
1979 01 30 2494.000000 1 1
1979 01 31 2312.000000 1 1
1979 02 01 2144.000000 1 1
1979 02 02 2114.000000 1 1
1979 02 03 2707.000000 1 1
1979 02 04 2745.000000 1 1
1979 02 05 2933.000000 1 1
1979 02 06 3015.000000 1 1
1979 02 07 2951.000000 1 1
1979 02 08 2654.000000 1 1
1979 02 09 2585.000000 1 1
1979 02 10 2479.000000 1 1
1979 02 11 2334.000000 1 1
1979 02 12 2046.000000 1 1
1979 02 13 2000.000000 1 1
1979 02 14 1600.000000 1 1
1979 02 15 1370.000000 1 1
1979 02 16 1275.000000 1 1
1979 02 17 1280.000000 1 1
1979 02 18 1360.000000 1 1
1979 02 19 1822.000000 1 1
1979 02 20 1801.000000 1 1
1979 02 21 1899.000000 1 1
1979 02 22 1794.000000 1 1
1979 02 23 1720.000000 1 1
1979 02 24 1654.000000 1 1
1979 02 25 1528.000000 1 1
1979 02 26 1415.000000 1 1
1979 02 27 1310.000000 1 1
1979 02 28 1202.000000 1 1
1979 03 01 1108.000000 1 1
1979 03 02 1022.000000 1 1
1979 03 03 941.000000 1 1
1979 03 04 923.000000 1 1
1979 03 05 901.000000 1 1
1979 03 06 860.000000 1 1
1979 03 07 896.000000 1 1
1979 03 08 910.000000 1 1
1979 03 09 901.000000 1 1
1979 03 10 901.000000 1 1
1979 03 11 887.000000 1 1
1979 03 12 874.000000 1 1
1979 03 13 865.000000 1 1
1979 03 14 973.000000 1 1
1979 03 15 973.000000 1 1
1979 03 16 1067.000000 1 1
1979 03 17 1099.000000 1 1
1979 03 18 1112.000000 1 1
1979 03 19 1139.000000 1 1
1979 03 20 1432.000000 1 1
1979 03 21 1193.000000 1 1
1979 03 22 1099.000000 1 1
1979 03 23 1031.000000 1 1
1979 03 24 982.000000 1 1
1979 03 25 914.000000 1 1
1979 03 26 874.000000 1 1
1979 03 27 847.000000 1 1
1979 03 28 807.000000 1 1
1979 03 29 767.000000 1 1
1979 03 30 751.000000 1 1
1979 03 31 731.000000 1 1
1979 04 01 735.000000 1 1
1979 04 02 829.000000 1 1
1979 04 03 829.000000 1 1
1979 04 04 842.000000 1 1
1979 04 05 1184.000000 1 1
1979 04 06 1126.000000 1 1
1979 04 07 968.000000 1 1
1979 04 08 865.000000 1 1
1979 04 09 791.000000 1 1
1979 04 10 743.000000 1 1
1979 04 11 707.000000 1 1
1979 04 12 680.000000 1 1
1979 04 13 661.000000 1 1
1979 04 14 650.000000 1 1
1979 04 15 639.000000 1 1
1979 04 16 620.000000 1 1
1979 04 17 603.000000 1 1
1979 04 18 582.000000 1 1
1979 04 19 564.000000 1 1
1979 04 20 550.000000 1 1
1979 04 21 540.000000 1 1
1979 04 22 534.000000 1 1
1979 04 23 531.000000 1 1
1979 04 24 528.000000 1 1
1979 04 25 524.000000 1 1
1979 04 26 521.000000 1 1
1979 04 27 518.000000 1 1
1979 04 28 557.000000 1 1
1979 04 29 589.000000 1 1
1979 04 30 550.000000 1 1
1979 05 01 568.000000 1 1
1979 05 02 531.000000 1 1
1979 05 03 518.000000 1 1
1979 05 04 nan nan 0
1979 05 05 nan nan 0
1979 05 06 nan nan 0
1979 05 07 nan nan 0
1979 05 08 nan nan 0
1979 05 09 nan nan 0
1979 05 10 nan nan 0
1979 05 11 nan nan 0
1979 05 12 nan nan 0
1979 05 13 nan nan 0
1979 05 14 nan nan 0
1979 05 15 nan nan 0
1979 05 16 nan nan 0
1979 05 17 nan nan 0
1979 05 18 nan nan 0
1979 05 19 nan nan 0
1979 05 20 nan nan 0
1979 05 21 nan nan 0
1979 05 22 nan nan 0
1979 05 23 nan nan 0
1979 05 24 nan nan 0
1979 05 25 nan nan 0
1979 05 26 nan nan 0
1979 05 27 nan nan 0
1979 05 28 nan nan 0
1979 05 29 nan nan 0
1979 05 30 nan nan 0
1979 05 31 nan nan 0
1979 06 01 nan nan nan
1979 06 02 nan nan nan
1979 06 03 nan nan nan
1979 06 04 nan nan nan
1979 06 05 nan nan nan
1979 06 06 nan nan nan
1979 06 07 nan nan nan
1979 06 08 nan nan nan
1979 06 09 nan nan nan
1979 06 10 nan nan nan
1979 06 11 nan nan nan
1979 06 12 nan nan nan
1979 06 13 nan nan nan
1979 06 14 nan nan nan
1979 06 15 nan nan nan
1979 06 16 nan nan nan
1979 06 17 nan nan nan
1979 06 18 nan nan nan
1979 06 19 nan nan nan
1979 06 20 nan nan nan
1979 06 21 nan nan nan
1979 06 22 nan nan nan
1979 06 23 nan nan nan
1979 06 24 nan nan nan
1979 06 25 nan nan nan
1979 06 26 nan nan nan
1979 06 27 nan nan nan
1979 06 28 nan nan nan
1979 06 29 nan nan nan
1979 06 30 nan nan nan
1979 07 01 nan nan 0
1979 07 02 nan nan 0
1979 07 03 nan nan 0
1979 07 04 nan nan 0
1979 07 05 nan nan 0
1979 07 06 nan nan 0
1979 07 07 nan nan 0
1979 07 08 nan nan 0
1979 07 09 nan nan 0
1979 07 10 nan nan 0
1979 07 11 nan nan 0
1979 07 12 nan nan 0
1979 07 13 nan nan 0
1979 07 14 nan nan 0
1979 07 15 nan nan 0
1979 07 16 nan nan 0
1979 07 17 nan nan 0
1979 07 18 nan nan 0
1979 07 19 nan nan 0
1979 07 20 nan nan 0
1979 07 21 nan nan 0
1979 07 22 nan nan 0
1979 07 23 nan nan 0
1979 07 24 nan nan 0
1979 07 25 280.000000 1 1
1979 07 26 278.000000 1 1
1979 07 27 273.000000 1 1
1979 07 28 269.000000 1 1
1979 07 29 264.000000 1 1
1979 07 30 260.000000 1 1
1979 07 31 256.000000 1 1
1979 08 01 250.000000 1 1
1979 08 02 248.000000 1 1
1979 08 03 246.000000 1 1
1979 08 04 244.000000 1 1
1979 08 05 242.000000 1 1
1979 08 06 242.000000 1 1
1979 08 07 240.000000 1 1
1979 08 08 240.000000 1 1
1979 08 09 236.000000 1 1
1979 08 10 235.000000 1 1
1979 08 11 233.000000 1 1
1979 08 12 233.000000 1 1
1979 08 13 233.000000 1 1
1979 08 14 231.000000 1 1
1979 08 15 227.000000 1 1
1979 08 16 226.000000 1 1
1979 08 17 224.000000 1 1
1979 08 18 222.000000 1 1
1979 08 19 229.000000 1 1
1979 08 20 282.000000 1 1
1979 08 21 260.000000 1 1
1979 08 22 256.000000 1 1
1979 08 23 248.000000 1 1
1979 08 24 242.000000 1 1
1979 08 25 235.000000 1 1
1979 08 26 226.000000 1 1
1979 08 27 220.000000 1 1
1979 08 28 218.000000 1 1
1979 08 29 217.000000 1 1
1979 08 30 215.000000 1 1
1979 08 31 213.000000 1 1
1979 09 01 213.000000 1 1
1979 09 02 213.000000 1 1
1979 09 03 211.000000 1 1
1979 09 04 211.000000 1 1
1979 09 05 211.000000 1 1
1979 09 06 208.000000 1 1
1979 09 07 206.000000 1 1
1979 09 08 202.000000 1 1
1979 09 09 199.000000 1 1
1979 09 10 196.000000 1 1
1979 09 11 194.000000 1 1
1979 09 12 196.000000 1 1
1979 09 13 194.000000 1 1
1979 09 14 194.000000 1 1
1979 09 15 194.000000 1 1
1979 09 16 192.000000 1 1
1979 09 17 194.000000 1 1
1979 09 18 260.000000 1 1
1979 09 19 350.000000 1 1
1979 09 20 289.000000 1 1
1979 09 21 278.000000 1 1
1979 09 22 250.000000 1 1
1979 09 23 518.000000 1 1
1979 09 24 388.000000 1 1
1979 09 25 306.000000 1 1
1979 09 26 280.000000 1 1
1979 09 27 264.000000 1 1
1979 09 28 256.000000 1 1
1979 09 29 252.000000 1 1
1979 09 30 238.000000 1 1
1979 10 01 208.000000 1 1
1979 10 02 197.000000 1 1
1979 10 03 192.000000 1 1
1979 10 04 187.000000 1 1
1979 10 05 184.000000 1 1
1979 10 06 179.000000 1 1
1979 10 07 173.000000 1 1
1979 10 08 170.000000 1 1
1979 10 09 199.000000 1 1
1979 10 10 196.000000 1 1
1979 10 11 197.000000 1 1
1979 10 12 213.000000 1 1
1979 10 13 217.000000 1 1
1979 10 14 246.000000 1 1
1979 10 15 240.000000 1 1
1979 10 16 231.000000 1 1
1979 10 17 231.000000 1 1
1979 10 18 226.000000 1 1
1979 10 19 218.000000 1 1
1979 10 20 208.000000 1 1
1979 10 21 206.000000 1 1
1979 10 22 199.000000 1 1
1979 10 23 189.000000 1 1
1979 10 24 182.000000 1 1
1979 10 25 173.000000 1 1
1979 10 26 170.000000 1 1
1979 10 27 166.000000 1 1
1979 10 28 163.000000 1 1
1979 10 29 160.000000 1 1
1979 10 30 155.000000 1 1
1979 10 31 143.000000 1 1
1979 11 01 149.000000 1 1
1979 11 02 262.000000 1 1
1979 11 03 557.000000 1 1
1979 11 04 506.000000 1 1
1979 11 05 431.000000 1 1
1979 11 06 487.000000 1 1
1979 11 07 404.000000 1 1
1979 11 08 343.000000 1 1
1979 11 09 440.000000 1 1
1979 11 10 385.000000 1 1
1979 11 11 420.000000 1 1
1979 11 12 388.000000 1 1
1979 11 13 353.000000 1 1
1979 11 14 300.000000 1 1
1979 11 15 289.000000 1 1
1979 11 16 282.000000 1 1
1979 11 17 273.000000 1 1
1979 11 18 269.000000 1 1
1979 11 19 262.000000 1 1
1979 11 20 258.000000 1 1
1979 11 21 256.000000 1 1
1979 11 22 282.000000 1 1
1979 11 23 306.000000 1 1
1979 11 24 320.000000 1 1
1979 11 25 368.000000 1 1
1979 11 26 380.000000 1 1
1979 11 27 401.000000 1 1
1979 11 28 350.000000 1 1
1979 11 29 300.000000 1 1
1979 11 30 273.000000 1 1
1979 12 01 267.000000 1 1
1979 12 02 264.000000 1 1
1979 12 03 260.000000 1 1
1979 12 04 273.000000 1 1
1979 12 05 275.000000 1 1
1979 12 06 271.000000 1 1
1979 12 07 295.000000 1 1
1979 12 08 297.000000 1 1
1979 12 09 291.000000 1 1
1979 12 10 289.000000 1 1
1979 12 11 289.000000 1 1
1979 12 12 284.000000 1 1
1979 12 13 291.000000 1 1
1979 12 14 358.000000 1 1
1979 12 15 334.000000 1 1
1979 12 16 293.000000 1 1
1979 12 17 280.000000 1 1
1979 12 18 273.000000 1 1
1979 12 19 291.000000 1 1
1979 12 20 415.000000 1 1
1979 12 21 316.000000 1 1
1979 12 22 401.000000 1 1
1979 12 23 440.000000 1 1
1979 12 24 534.000000 1 1
1979 12 25 959.000000 1 1
1979 12 26 820.000000 1 1
1979 12 27 815.000000 1 1
1979 12 28 919.000000 1 1
1979 12 29 955.000000 1 1
1979 12 30 824.000000 1 1
1979 12 31 937.000000 1 1
1980 01 01 1018.000000 1 1
1980 01 02 1099.000000 1 1
1980 01 03 1099.000000 1 1
1980 01 04 959.000000 1 1
1980 01 05 775.000000 1 1
1980 01 06 646.000000 1 1
1980 01 07 578.000000 1 1
1980 01 08 521.000000 1 1
1980 01 09 540.000000 1 1
1980 01 10 596.000000 1 1
1980 01 11 676.000000 1 1
1980 01 12 820.000000 1 1
1980 01 13 1157.000000 1 1
1980 01 14 1534.000000 1 1
1980 01 15 2068.000000 1 1
1980 01 16 1843.000000 1 1
1980 01 17 2114.000000 1 1
1980 01 18 3006.000000 1 1
1980 01 19 2722.000000 1 1
1980 01 20 2403.000000 1 1
1980 01 21 2068.000000 1 1
1980 01 22 1732.000000 1 1
1980 01 23 2160.000000 1 1
1980 01 24 1654.000000 1 1
1980 01 25 1504.000000 1 1
1980 01 26 2053.000000 1 1
1980 01 27 1864.000000 1 1
1980 01 28 1558.000000 1 1
1980 01 29 1588.000000 1 1
1980 01 30 1220.000000 1 1
1980 01 31 1340.000000 1 1
1980 02 01 1365.000000 1 1
1980 02 02 1684.000000 1 1
1980 02 03 1666.000000 1 1
1980 02 04 1696.000000 1 1
1980 02 05 2106.000000 1 1
1980 02 06 1787.000000 1 1
1980 02 07 1666.000000 1 1
1980 02 08 1420.000000 1 1
1980 02 09 1198.000000 1 1
1980 02 10 1081.000000 1 1
1980 02 11 1058.000000 1 1
1980 02 12 982.000000 1 1
1980 02 13 946.000000 1 1
1980 02 14 1036.000000 1 1
1980 02 15 1260.000000 1 1
1980 02 16 1365.000000 1 1
1980 02 17 1474.000000 1 1
1980 02 18 2540.000000 1 1
1980 02 19 3852.000000 1 1
1980 02 20 2951.000000 1 1
1980 02 21 2707.000000 1 1
1980 02 22 2319.000000 1 1
1980 02 23 1976.000000 1 1
1980 02 24 1594.000000 1 1
1980 02 25 1390.000000 1 1
1980 02 26 1175.000000 1 1
1980 02 27 1139.000000 1 1
1980 02 28 1139.000000 1 1
1980 02 29 1027.000000 1 1
1980 03 01 1144.000000 1 1
1980 03 02 1098.000000 1 1
1980 03 03 1067.000000 1 1
1980 03 04 1010.000000 1 1
1980 03 05 928.000000 1 1
1980 03 06 887.000000 1 1
1980 03 07 864.000000 1 1
1980 03 08 841.000000 1 1
1980 03 09 795.000000 1 1
1980 03 10 782.000000 1 1
1980 03 11 765.000000 1 1
1980 03 12 743.000000 1 1
1980 03 13 721.000000 1 1
1980 03 14 721.000000 1 1
1980 03 15 822.000000 1 1
1980 03 16 1015.000000 1 1
1980 03 17 968.000000 1 1
1980 03 18 891.000000 1 1
1980 03 19 859.000000 1 1
1980 03 20 790.000000 1 1
1980 03 21 730.000000 1 1
1980 03 22 693.000000 1 1
1980 03 23 661.000000 1 1
1980 03 24 640.000000 1 1
1980 03 25 629.000000 1 1
1980 03 26 618.000000 1 1
1980 03 27 611.000000 1 1
1980 03 28 603.000000 1 1
1980 03 29 596.000000 1 1
1980 03 30 614.000000 1 1
1980 03 31 607.000000 1 1
1980 04 01 524.000000 1 1
1980 04 02 534.000000 1 1
1980 04 03 528.000000 1 1
1980 04 04 531.000000 1 1
1980 04 05 767.000000 1 1
1980 04 06 847.000000 1 1
1980 04 07 820.000000 1 1
1980 04 08 1022.000000 1 1
1980 04 09 829.000000 1 1
1980 04 10 824.000000 1 1
1980 04 11 1009.000000 1 1
1980 04 12 910.000000 1 1
1980 04 13 865.000000 1 1
1980 04 14 847.000000 1 1
1980 04 15 869.000000 1 1
1980 04 16 946.000000 1 1
1980 04 17 892.000000 1 1
1980 04 18 807.000000 1 1
1980 04 19 763.000000 1 1
1980 04 20 727.000000 1 1
1980 04 21 672.000000 1 1
1980 04 22 631.000000 1 1
1980 04 23 606.000000 1 1
1980 04 24 585.000000 1 1
1980 04 25 561.000000 1 1
1980 04 26 544.000000 1 1
1980 04 27 534.000000 1 1
1980 04 28 528.000000 1 1
1980 04 29 521.000000 1 1
1980 04 30 518.000000 1 1
1980 05 01 534.000000 1 1
1980 05 02 528.000000 1 1
1980 05 03 534.000000 1 1
1980 05 04 534.000000 1 1
1980 05 05 524.000000 1 1
1980 05 06 509.000000 1 1
1980 05 07 499.000000 1 1
1980 05 08 490.000000 1 1
1980 05 09 481.000000 1 1
1980 05 10 472.000000 1 1
1980 05 11 463.000000 1 1
1980 05 12 454.000000 1 1
1980 05 13 445.000000 1 1
1980 05 14 440.000000 1 1
1980 05 15 434.000000 1 1
1980 05 16 428.000000 1 1
1980 05 17 423.000000 1 1
1980 05 18 417.000000 1 1
1980 05 19 412.000000 1 1
1980 05 20 406.000000 1 1
1980 05 21 404.000000 1 1
1980 05 22 398.000000 1 1
1980 05 23 406.000000 1 1
1980 05 24 401.000000 1 1
1980 05 25 393.000000 1 1
1980 05 26 388.000000 1 1
1980 05 27 380.000000 1 1
1980 05 28 375.000000 1 1
1980 05 29 368.000000 1 1
1980 05 30 363.000000 1 1
1980 05 31 358.000000 1 1
1980 06 01 406.000000 1 1
1980 06 02 402.000000 1 1
1980 06 03 400.000000 1 1
1980 06 04 397.000000 1 1
1980 06 05 392.000000 1 1
1980 06 06 386.000000 1 1
1980 06 07 382.000000 1 1
1980 06 08 378.000000 1 1
1980 06 09 378.000000 1 1
1980 06 10 378.000000 1 1
1980 06 11 376.000000 1 1
1980 06 12 376.000000 1 1
1980 06 13 374.000000 1 1
1980 06 14 370.000000 1 1
1980 06 15 368.000000 1 1
1980 06 16 366.000000 1 1
1980 06 17 363.000000 1 1
1980 06 18 360.000000 1 1
1980 06 19 358.000000 1 1
1980 06 20 355.000000 1 1
1980 06 21 352.000000 1 1
1980 06 22 350.000000 1 1
1980 06 23 347.000000 1 1
1980 06 24 345.000000 1 1
1980 06 25 341.000000 1 1
1980 06 26 360.000000 1 1
1980 06 27 441.000000 1 1
1980 06 28 431.000000 1 1
1980 06 29 423.000000 1 1
1980 06 30 414.000000 1 1
1980 07 01 345.000000 1 1
1980 07 02 332.000000 1 1
1980 07 03 318.000000 1 1
1980 07 04 306.000000 1 1
1980 07 05 300.000000 1 1
1980 07 06 295.000000 1 1
1980 07 07 293.000000 1 1
1980 07 08 289.000000 1 1
1980 07 09 286.000000 1 1
1980 07 10 284.000000 1 1
1980 07 11 280.000000 1 1
1980 07 12 278.000000 1 1
1980 07 13 275.000000 1 1
1980 07 14 273.000000 1 1
1980 07 15 271.000000 1 1
1980 07 16 267.000000 1 1
1980 07 17 264.000000 1 1
1980 07 18 262.000000 1 1
1980 07 19 260.000000 1 1
1980 07 20 258.000000 1 1
1980 07 21 256.000000 1 1
1980 07 22 254.000000 1 1
1980 07 23 250.000000 1 1
1980 07 24 248.000000 1 1
1980 07 25 246.000000 1 1
1980 07 26 244.000000 1 1
1980 07 27 242.000000 1 1
1980 07 28 238.000000 1 1
1980 07 29 238.000000 1 1
1980 07 30 236.000000 1 1
1980 07 31 235.000000 1 1
1980 08 01 233.000000 1 1
1980 08 02 233.000000 1 1
1980 08 03 229.000000 1 1
1980 08 04 229.000000 1 1
1980 08 05 227.000000 1 1
1980 08 06 226.000000 1 1
1980 08 07 226.000000 1 1
1980 08 08 224.000000 1 1
1980 08 09 222.000000 1 1
1980 08 10 218.000000 1 1
1980 08 11 215.000000 1 1
1980 08 12 215.000000 1 1
1980 08 13 215.000000 1 1
1980 08 14 218.000000 1 1
1980 08 15 224.000000 1 1
1980 08 16 222.000000 1 1
1980 08 17 220.000000 1 1
1980 08 18 218.000000 1 1
1980 08 19 215.000000 1 1
1980 08 20 209.000000 1 1
1980 08 21 206.000000 1 1
1980 08 22 202.000000 1 1
1980 08 23 197.000000 1 1
1980 08 24 194.000000 1 1
1980 08 25 192.000000 1 1
1980 08 26 190.000000 1 1
1980 08 27 189.000000 1 1
1980 08 28 185.000000 1 1
1980 08 29 184.000000 1 1
1980 08 30 184.000000 1 1
1980 08 31 182.000000 1 1
1980 09 01 200.000000 1 1
1980 09 02 198.000000 1 1
1980 09 03 197.000000 1 1
1980 09 04 197.000000 1 1
1980 09 05 195.000000 1 1
1980 09 06 195.000000 1 1
1980 09 07 195.000000 1 1
1980 09 08 193.000000 1 1
1980 09 09 190.000000 1 1
1980 09 10 189.000000 1 1
1980 09 11 189.000000 1 1
1980 09 12 187.000000 1 1
1980 09 13 187.000000 1 1
1980 09 14 186.000000 1 1
1980 09 15 186.000000 1 1
1980 09 16 184.000000 1 1
1980 09 17 184.000000 1 1
1980 09 18 186.000000 1 1
1980 09 19 190.000000 1 1
1980 09 20 208.000000 1 1
1980 09 21 208.000000 1 1
1980 09 22 209.000000 1 1
1980 09 23 216.000000 1 1
1980 09 24 217.000000 1 1
1980 09 25 213.000000 1 1
1980 09 26 211.000000 1 1
1980 09 27 209.000000 1 1
1980 09 28 213.000000 1 1
1980 09 29 234.000000 1 1
1980 09 30 230.000000 1 1
1980 10 01 123.000000 1 1
1980 10 02 194.000000 1 1
1980 10 03 187.000000 1 1
1980 10 04 182.000000 1 1
1980 10 05 179.000000 1 1
1980 10 06 172.000000 1 1
1980 10 07 167.000000 1 1
1980 10 08 161.000000 1 1
1980 10 09 209.000000 1 1
1980 10 10 184.000000 1 1
1980 10 11 175.000000 1 1
1980 10 12 226.000000 1 1
1980 10 13 320.000000 1 1
1980 10 14 258.000000 1 1
1980 10 15 248.000000 1 1
1980 10 16 220.000000 1 1
1980 10 17 206.000000 1 1
1980 10 18 201.000000 1 1
1980 10 19 189.000000 1 1
1980 10 20 177.000000 1 1
1980 10 21 167.000000 1 1
1980 10 22 157.000000 1 1
1980 10 23 154.000000 1 1
1980 10 24 152.000000 1 1
1980 10 25 147.000000 1 1
1980 10 26 142.000000 1 1
1980 10 27 140.000000 1 1
1980 10 28 138.000000 1 1
1980 10 29 136.000000 1 1
1980 10 30 132.000000 1 1
1980 10 31 131.000000 1 1
1980 11 01 132.000000 1 1
1980 11 02 209.000000 1 1
1980 11 03 184.000000 1 1
1980 11 04 180.000000 1 1
1980 11 05 163.000000 1 1
1980 11 06 148.000000 1 1
1980 11 07 144.000000 1 1
1980 11 08 256.000000 1 1
1980 11 09 329.000000 1 1
1980 11 10 603.000000 1 1
1980 11 11 642.000000 1 1
1980 11 12 624.000000 1 1
1980 11 13 613.000000 1 1
1980 11 14 472.000000 1 1
1980 11 15 404.000000 1 1
1980 11 16 363.000000 1 1
1980 11 17 341.000000 1 1
1980 11 18 327.000000 1 1
1980 11 19 286.000000 1 1
1980 11 20 391.000000 1 1
1980 11 21 355.000000 1 1
1980 11 22 322.000000 1 1
1980 11 23 437.000000 1 1
1980 11 24 524.000000 1 1
1980 11 25 537.000000 1 1
1980 11 26 613.000000 1 1
1980 11 27 469.000000 1 1
1980 11 28 393.000000 1 1
1980 11 29 375.000000 1 1
1980 11 30 417.000000 1 1
1980 12 01 700.000000 1 1
1980 12 02 1018.000000 1 1
1980 12 03 1041.000000 1 1
1980 12 04 911.000000 1 1
1980 12 05 827.000000 1 1
1980 12 06 754.000000 1 1
1980 12 07 781.000000 1 1
1980 12 08 697.000000 1 1
1980 12 09 686.000000 1 1
1980 12 10 735.000000 1 1
1980 12 11 689.000000 1 1
1980 12 12 655.000000 1 1
1980 12 13 789.000000 1 1
1980 12 14 869.000000 1 1
1980 12 15 853.000000 1 1
1980 12 16 686.000000 1 1
1980 12 17 842.000000 1 1
1980 12 18 850.000000 1 1
1980 12 19 789.000000 1 1
1980 12 20 697.000000 1 1
1980 12 21 614.000000 1 1
1980 12 22 540.000000 1 1
1980 12 23 509.000000 1 1
1980 12 24 489.000000 1 1
1980 12 25 456.000000 1 1
1980 12 26 456.000000 1 1
1980 12 27 422.000000 1 1
1980 12 28 430.000000 1 1
1980 12 29 451.000000 1 1
1980 12 30 693.000000 1 1
1980 12 31 762.000000 1 1
1981 01 01 847.000000 1 1
1981 01 02 807.000000 1 1
1981 01 03 1067.000000 1 1
1981 01 04 1280.000000 1 1
1981 01 05 1360.000000 1 1
1981 01 06 1355.000000 1 1
1981 01 07 1260.000000 1 1
1981 01 08 1153.000000 1 1
1981 01 09 932.000000 1 1
1981 01 10 759.000000 1 1
1981 01 11 799.000000 1 1
1981 01 12 1492.000000 1 1
1981 01 13 1265.000000 1 1
1981 01 14 1360.000000 1 1
1981 01 15 1666.000000 1 1
1981 01 16 3397.000000 1 1
1981 01 17 2198.000000 1 1
1981 01 18 1726.000000 1 1
1981 01 19 1648.000000 1 1
1981 01 20 1588.000000 1 1
1981 01 21 1420.000000 1 1
1981 01 22 1385.000000 1 1
1981 01 23 1245.000000 1 1
1981 01 24 1280.000000 1 1
1981 01 25 1189.000000 1 1
1981 01 26 1255.000000 1 1
1981 01 27 1285.000000 1 1
1981 01 28 1171.000000 1 1
1981 01 29 1148.000000 1 1
1981 01 30 1049.000000 1 1
1981 01 31 928.000000 1 1
1981 02 01 901.000000 1 1
1981 02 02 856.000000 1 1
1981 02 03 795.000000 1 1
1981 02 04 755.000000 1 1
1981 02 05 743.000000 1 1
1981 02 06 715.000000 1 1
1981 02 07 665.000000 1 1
1981 02 08 624.000000 1 1
1981 02 09 603.000000 1 1
1981 02 10 610.000000 1 1
1981 02 11 613.000000 1 1
1981 02 12 767.000000 1 1
1981 02 13 731.000000 1 1
1981 02 14 767.000000 1 1
1981 02 15 747.000000 1 1
1981 02 16 687.000000 1 1
1981 02 17 627.000000 1 1
1981 02 18 575.000000 1 1
1981 02 19 540.000000 1 1
1981 02 20 521.000000 1 1
1981 02 21 506.000000 1 1
1981 02 22 496.000000 1 1
1981 02 23 484.000000 1 1
1981 02 24 472.000000 1 1
1981 02 25 463.000000 1 1
1981 02 26 454.000000 1 1
1981 02 27 445.000000 1 1
1981 02 28 440.000000 1 1
1981 03 01 434.000000 1 1
1981 03 02 425.000000 1 1
1981 03 03 417.000000 1 1
1981 03 04 412.000000 1 1
1981 03 05 404.000000 1 1
1981 03 06 406.000000 1 1
1981 03 07 417.000000 1 1
1981 03 08 425.000000 1 1
1981 03 09 528.000000 1 1
1981 03 10 575.000000 1 1
1981 03 11 534.000000 1 1
1981 03 12 503.000000 1 1
1981 03 13 478.000000 1 1
1981 03 14 466.000000 1 1
1981 03 15 451.000000 1 1
1981 03 16 423.000000 1 1
1981 03 17 412.000000 1 1
1981 03 18 440.000000 1 1
1981 03 19 437.000000 1 1
1981 03 20 627.000000 1 1
1981 03 21 568.000000 1 1
1981 03 22 653.000000 1 1
1981 03 23 627.000000 1 1
1981 03 24 646.000000 1 1
1981 03 25 610.000000 1 1
1981 03 26 582.000000 1 1
1981 03 27 684.000000 1 1
1981 03 28 787.000000 1 1
1981 03 29 1000.000000 1 1
1981 03 30 1099.000000 1 1
1981 03 31 1076.000000 1 1
1981 04 01 1049.000000 1 1
1981 04 02 941.000000 1 1
1981 04 03 869.000000 1 1
1981 04 04 851.000000 1 1
1981 04 05 787.000000 1 1
1981 04 06 767.000000 1 1
1981 04 07 711.000000 1 1
1981 04 08 665.000000 1 1
1981 04 09 613.000000 1 1
1981 04 10 575.000000 1 1
1981 04 11 544.000000 1 1
1981 04 12 531.000000 1 1
1981 04 13 515.000000 1 1
1981 04 14 499.000000 1 1
1981 04 15 484.000000 1 1
1981 04 16 475.000000 1 1
1981 04 17 469.000000 1 1
1981 04 18 463.000000 1 1
1981 04 19 457.000000 1 1
1981 04 20 451.000000 1 1
1981 04 21 445.000000 1 1
1981 04 22 437.000000 1 1
1981 04 23 428.000000 1 1
1981 04 24 420.000000 1 1
1981 04 25 415.000000 1 1
1981 04 26 409.000000 1 1
1981 04 27 404.000000 1 1
1981 04 28 401.000000 1 1
1981 04 29 440.000000 1 1
1981 04 30 481.000000 1 1
1981 05 01 460.000000 1 1
1981 05 02 484.000000 1 1
1981 05 03 484.000000 1 1
1981 05 04 454.000000 1 1
1981 05 05 440.000000 1 1
1981 05 06 425.000000 1 1
1981 05 07 409.000000 1 1
1981 05 08 396.000000 1 1
1981 05 09 385.000000 1 1
1981 05 10 380.000000 1 1
1981 05 11 375.000000 1 1
1981 05 12 370.000000 1 1
1981 05 13 365.000000 1 1
1981 05 14 360.000000 1 1
1981 05 15 355.000000 1 1
1981 05 16 350.000000 1 1
1981 05 17 348.000000 1 1
1981 05 18 345.000000 1 1
1981 05 19 341.000000 1 1
1981 05 20 336.000000 1 1
1981 05 21 334.000000 1 1
1981 05 22 332.000000 1 1
1981 05 23 329.000000 1 1
1981 05 24 327.000000 1 1
1981 05 25 325.000000 1 1
1981 05 26 322.000000 1 1
1981 05 27 318.000000 1 1
1981 05 28 316.000000 1 1
1981 05 29 316.000000 1 1
1981 05 30 329.000000 1 1
1981 05 31 322.000000 1 1
1981 06 01 320.000000 1 1
1981 06 02 318.000000 1 1
1981 06 03 316.000000 1 1
1981 06 04 311.000000 1 1
1981 06 05 309.000000 1 1
1981 06 06 304.000000 1 1
1981 06 07 385.000000 1 1
1981 06 08 420.000000 1 1
1981 06 09 398.000000 1 1
1981 06 10 380.000000 1 1
1981 06 11 363.000000 1 1
1981 06 12 350.000000 1 1
1981 06 13 329.000000 1 1
1981 06 14 316.000000 1 1
1981 06 15 309.000000 1 1
1981 06 16 304.000000 1 1
1981 06 17 300.000000 1 1
1981 06 18 297.000000 1 1
1981 06 19 295.000000 1 1
1981 06 20 293.000000 1 1
1981 06 21 291.000000 1 1
1981 06 22 289.000000 1 1
1981 06 23 286.000000 1 1
1981 06 24 284.000000 1 1
1981 06 25 280.000000 1 1
1981 06 26 275.000000 1 1
1981 06 27 273.000000 1 1
1981 06 28 271.000000 1 1
1981 06 29 269.000000 1 1
1981 06 30 267.000000 1 1
1981 07 01 264.000000 1 1
1981 07 02 262.000000 1 1
1981 07 03 260.000000 1 1
1981 07 04 258.000000 1 1
1981 07 05 269.000000 1 1
1981 07 06 258.000000 1 1
1981 07 07 254.000000 1 1
1981 07 08 250.000000 1 1
1981 07 09 252.000000 1 1
1981 07 10 254.000000 1 1
1981 07 11 252.000000 1 1
1981 07 12 250.000000 1 1
1981 07 13 248.000000 1 1
1981 07 14 248.000000 1 1
1981 07 15 246.000000 1 1
1981 07 16 242.000000 1 1
1981 07 17 240.000000 1 1
1981 07 18 238.000000 1 1
1981 07 19 235.000000 1 1
1981 07 20 231.000000 1 1
1981 07 21 227.000000 1 1
1981 07 22 226.000000 1 1
1981 07 23 224.000000 1 1
1981 07 24 222.000000 1 1
1981 07 25 220.000000 1 1
1981 07 26 220.000000 1 1
1981 07 27 218.000000 1 1
1981 07 28 217.000000 1 1
1981 07 29 215.000000 1 1
1981 07 30 213.000000 1 1
1981 07 31 211.000000 1 1
1981 08 01 211.000000 1 1
1981 08 02 209.000000 1 1
1981 08 03 208.000000 1 1
1981 08 04 206.000000 1 1
1981 08 05 204.000000 1 1
1981 08 06 202.000000 1 1
1981 08 07 201.000000 1 1
1981 08 08 199.000000 1 1
1981 08 09 197.000000 1 1
1981 08 10 196.000000 1 1
1981 08 11 194.000000 1 1
1981 08 12 192.000000 1 1
1981 08 13 190.000000 1 1
1981 08 14 190.000000 1 1
1981 08 15 187.000000 1 1
1981 08 16 185.000000 1 1
1981 08 17 185.000000 1 1
1981 08 18 204.000000 1 1
1981 08 19 201.000000 1 1
1981 08 20 197.000000 1 1
1981 08 21 194.000000 1 1
1981 08 22 192.000000 1 1
1981 08 23 190.000000 1 1
1981 08 24 187.000000 1 1
1981 08 25 185.000000 1 1
1981 08 26 182.000000 1 1
1981 08 27 242.000000 1 1
1981 08 28 412.000000 1 1
1981 08 29 568.000000 1 1
1981 08 30 795.000000 1 1
1981 08 31 1166.000000 1 1
