year month day streamflow_m3s qual_control_by_ana qual_flag
1977 04 01 nan nan 0
1977 04 02 nan nan 0
1977 04 03 nan nan 0
1977 04 04 nan nan 0
1977 04 05 nan nan 0
1977 04 06 nan nan 0
1977 04 07 nan nan 0
1977 04 08 nan nan 0
1977 04 09 nan nan 0
1977 04 10 nan nan 0
1977 04 11 nan nan 0
1977 04 12 nan nan 0
1977 04 13 nan nan 0
1977 04 14 nan nan 0
1977 04 15 nan nan 0
1977 04 16 nan nan 0
1977 04 17 11.950000 1 1
1977 04 18 12.200000 1 1
1977 04 19 12.450000 1 1
1977 04 20 17.360000 1 1
1977 04 21 21.050000 1 1
1977 04 22 19.320000 1 1
1977 04 23 27.620000 1 1
1977 04 24 16.800000 1 1
1977 04 25 16.020000 1 1
1977 04 26 14.460000 1 1
1977 04 27 14.460000 1 1
1977 04 28 14.200000 1 1
1977 04 29 13.200000 1 1
1977 04 30 13.200000 1 1
1977 05 01 12.200000 1 1
1977 05 02 12.200000 1 1
1977 05 03 13.950000 1 1
1977 05 04 13.200000 1 1
1977 05 05 12.200000 1 1
1977 05 06 12.200000 1 1
1977 05 07 11.700000 1 1
1977 05 08 11.252000 1 1
1977 05 09 11.252000 1 1
1977 05 10 11.700000 1 1
1977 05 11 11.700000 1 1
1977 05 12 11.950000 1 1
1977 05 13 11.476000 1 1
1977 05 14 11.700000 1 1
1977 05 15 11.950000 1 1
1977 05 16 11.700000 1 1
1977 05 17 11.950000 1 1
1977 05 18 11.950000 1 1
1977 05 19 11.700000 1 1
1977 05 20 11.700000 1 1
1977 05 21 11.476000 1 1
1977 05 22 11.950000 1 1
1977 05 23 11.950000 1 1
1977 05 24 11.476000 1 1
1977 05 25 11.252000 1 1
1977 05 26 11.252000 1 1
1977 05 27 11.252000 1 1
1977 05 28 11.476000 1 1
1977 05 29 9.908000 1 1
1977 05 30 9.908000 1 1
1977 05 31 11.028000 1 1
1977 06 01 9.684000 1 1
1977 06 02 9.684000 1 1
1977 06 03 10.132000 1 1
1977 06 04 10.804000 1 1
1977 06 05 11.028000 1 1
1977 06 06 10.580000 1 1
1977 06 07 11.700000 1 1
1977 06 08 11.476000 1 1
1977 06 09 9.460000 1 1
1977 06 10 8.833000 1 1
1977 06 11 9.460000 1 1
1977 06 12 9.460000 1 1
1977 06 13 9.908000 1 1
1977 06 14 10.132000 1 1
1977 06 15 10.132000 1 1
1977 06 16 10.356000 1 1
1977 06 17 10.356000 1 1
1977 06 18 10.132000 1 1
1977 06 19 10.356000 1 1
1977 06 20 10.132000 1 1
1977 06 21 10.132000 1 1
1977 06 22 9.908000 1 1
1977 06 23 9.684000 1 1
1977 06 24 9.908000 1 1
1977 06 25 9.908000 1 1
1977 06 26 9.908000 1 1
1977 06 27 9.908000 1 1
1977 06 28 9.908000 1 1
1977 06 29 9.908000 1 1
1977 06 30 9.908000 1 1
1977 07 01 9.684000 1 1
1977 07 02 9.460000 1 1
1977 07 03 9.460000 1 1
1977 07 04 9.251000 1 1
1977 07 05 9.460000 1 1
1977 07 06 9.251000 1 1
1977 07 07 9.251000 1 1
1977 07 08 9.251000 1 1
1977 07 09 9.251000 1 1
1977 07 10 9.251000 1 1
1977 07 11 9.251000 1 1
1977 07 12 8.833000 1 1
1977 07 13 7.788000 1 1
1977 07 14 7.997000 1 1
1977 07 15 7.997000 1 1
1977 07 16 7.997000 1 1
1977 07 17 7.997000 1 1
1977 07 18 7.579000 1 1
1977 07 19 7.370000 1 1
1977 07 20 7.579000 1 1
1977 07 21 7.370000 1 1
1977 07 22 8.206000 1 1
1977 07 23 7.997000 1 1
1977 07 24 7.579000 1 1
1977 07 25 7.370000 1 1
1977 07 26 7.579000 1 1
1977 07 27 7.579000 1 1
1977 07 28 7.579000 1 1
1977 07 29 7.579000 1 1
1977 07 30 7.579000 1 1
1977 07 31 7.370000 1 1
1977 08 01 7.370000 1 1
1977 08 02 7.579000 1 1
1977 08 03 7.579000 1 1
1977 08 04 7.579000 1 1
1977 08 05 7.370000 1 1
1977 08 06 7.788000 1 1
1977 08 07 8.206000 1 1
1977 08 08 8.624000 1 1
1977 08 09 8.206000 1 1
1977 08 10 8.624000 1 1
1977 08 11 8.624000 1 1
1977 08 12 8.206000 1 1
1977 08 13 7.788000 1 1
1977 08 14 7.183000 1 1
1977 08 15 6.435000 1 1
1977 08 16 7.997000 1 1
1977 08 17 7.579000 1 1
1977 08 18 6.809000 1 1
1977 08 19 7.579000 1 1
1977 08 20 7.183000 1 1
1977 08 21 7.579000 1 1
1977 08 22 7.788000 1 1
1977 08 23 7.579000 1 1
1977 08 24 7.370000 1 1
1977 08 25 7.788000 1 1
1977 08 26 7.579000 1 1
1977 08 27 7.370000 1 1
1977 08 28 7.183000 1 1
1977 08 29 7.370000 1 1
1977 08 30 7.579000 1 1
1977 08 31 7.370000 1 1
1977 09 01 8.206000 1 1
1977 09 02 9.460000 1 1
1977 09 03 10.356000 1 1
1977 09 04 11.950000 1 1
1977 09 05 14.200000 1 1
1977 09 06 13.450000 1 1
1977 09 07 11.476000 1 1
1977 09 08 10.132000 1 1
1977 09 09 9.251000 1 1
1977 09 10 8.624000 1 1
1977 09 11 7.788000 1 1
1977 09 12 7.579000 1 1
1977 09 13 7.370000 1 1
1977 09 14 7.370000 1 1
1977 09 15 7.370000 1 1
1977 09 16 7.370000 1 1
1977 09 17 7.370000 1 1
1977 09 18 7.997000 1 1
1977 09 19 9.684000 1 1
1977 09 20 12.200000 1 1
1977 09 21 13.700000 1 1
1977 09 22 11.950000 1 1
1977 09 23 12.450000 1 1
1977 09 24 13.950000 1 1
1977 09 25 15.500000 1 1
1977 09 26 16.540000 1 1
1977 09 27 14.460000 1 1
1977 09 28 13.700000 1 1
1977 09 29 11.950000 1 1
1977 09 30 11.252000 1 1
1977 10 01 11.476000 1 1
1977 10 02 9.684000 1 1
1977 10 03 9.042000 1 1
1977 10 04 8.833000 1 1
1977 10 05 8.415000 1 1
1977 10 06 9.460000 1 1
1977 10 07 9.251000 1 1
1977 10 08 9.251000 1 1
1977 10 09 9.684000 1 1
1977 10 10 9.460000 1 1
1977 10 11 9.460000 1 1
1977 10 12 9.251000 1 1
1977 10 13 8.833000 1 1
1977 10 14 8.624000 1 1
1977 10 15 8.624000 1 1
1977 10 16 9.460000 1 1
1977 10 17 9.460000 1 1
1977 10 18 8.833000 1 1
1977 10 19 7.370000 1 1
1977 10 20 11.700000 1 1
1977 10 21 11.252000 1 1
1977 10 22 9.460000 1 1
1977 10 23 9.460000 1 1
1977 10 24 7.997000 1 1
1977 10 25 7.788000 1 1
1977 10 26 6.809000 1 1
1977 10 27 13.450000 1 1
1977 10 28 12.950000 1 1
1977 10 29 11.950000 1 1
1977 10 30 11.252000 1 1
1977 10 31 11.476000 1 1
1977 11 01 9.908000 1 1
1977 11 02 8.206000 1 1
1977 11 03 8.415000 1 1
1977 11 04 13.950000 1 1
1977 11 05 18.200000 1 1
1977 11 06 15.240000 1 1
1977 11 07 13.950000 1 1
1977 11 08 13.950000 1 1
1977 11 09 11.950000 1 1
1977 11 10 11.252000 1 1
1977 11 11 10.580000 1 1
1977 11 12 11.028000 1 1
1977 11 13 12.700000 1 1
1977 11 14 10.356000 1 1
1977 11 15 10.356000 1 1
1977 11 16 14.200000 1 1
1977 11 17 21.050000 1 1
1977 11 18 18.760000 1 1
1977 11 19 17.640000 1 1
1977 11 20 23.460000 1 1
1977 11 21 21.340000 1 1
1977 11 22 21.340000 1 1
1977 11 23 19.600000 1 1
1977 11 24 18.200000 1 1
1977 11 25 15.500000 1 1
1977 11 26 30.940000 1 1
1977 11 27 20.760000 1 1
1977 11 28 20.470000 1 1
1977 11 29 17.920000 1 1
1977 11 30 52.790000 1 1
1977 12 01 68.830000 1 1
1977 12 02 62.800000 1 1
1977 12 03 26.980000 1 1
1977 12 04 29.580000 1 1
1977 12 05 28.580000 1 1
1977 12 06 21.050000 1 1
1977 12 07 17.920000 1 1
1977 12 08 18.200000 1 1
1977 12 09 30.600000 1 1
1977 12 10 50.680000 1 1
1977 12 11 32.660000 1 1
1977 12 12 38.860000 1 1
1977 12 13 36.640000 1 1
1977 12 14 34.460000 1 1
1977 12 15 25.380000 1 1
1977 12 16 20.470000 1 1
1977 12 17 18.200000 1 1
1977 12 18 17.360000 1 1
1977 12 19 16.020000 1 1
1977 12 20 18.760000 1 1
1977 12 21 41.160000 1 1
1977 12 22 39.230000 1 1
1977 12 23 33.020000 1 1
1977 12 24 30.940000 1 1
1977 12 25 27.620000 1 1
1977 12 26 23.460000 1 1
1977 12 27 20.180000 1 1
1977 12 28 19.890000 1 1
1977 12 29 17.640000 1 1
1977 12 30 16.280000 1 1
1977 12 31 15.500000 1 1
1978 01 01 14.980000 1 1
1978 01 02 13.950000 1 1
1978 01 03 14.460000 1 1
1978 01 04 15.500000 1 1
1978 01 05 16.020000 1 1
1978 01 06 19.600000 1 1
1978 01 07 23.780000 1 1
1978 01 08 21.050000 1 1
1978 01 09 16.800000 1 1
1978 01 10 16.540000 1 1
1978 01 11 20.760000 1 1
1978 01 12 30.940000 1 1
1978 01 13 106.500000 1 1
1978 01 14 87.880000 1 1
1978 01 15 115.400000 1 1
1978 01 16 215.800000 1 1
1978 01 17 177.400000 1 1
1978 01 18 103.880000 1 1
1978 01 19 45.450000 1 1
1978 01 20 34.460000 1 1
1978 01 21 28.260000 1 1
1978 01 22 24.740000 1 1
1978 01 23 22.820000 1 1
1978 01 24 21.340000 1 1
1978 01 25 19.600000 1 1
1978 01 26 19.320000 1 1
1978 01 27 18.480000 1 1
1978 01 28 18.200000 1 1
1978 01 29 17.640000 1 1
1978 01 30 16.800000 1 1
1978 01 31 16.280000 1 1
1978 02 01 15.500000 1 1
1978 02 02 14.460000 1 1
1978 02 03 14.200000 1 1
1978 02 04 14.460000 1 1
1978 02 05 14.200000 1 1
1978 02 06 14.460000 1 1
1978 02 07 30.600000 1 1
1978 02 08 19.320000 1 1
1978 02 09 18.480000 1 1
1978 02 10 16.280000 1 1
1978 02 11 17.360000 1 1
1978 02 12 16.800000 1 1
1978 02 13 19.040000 1 1
1978 02 14 22.820000 1 1
1978 02 15 27.300000 1 1
1978 02 16 23.140000 1 1
1978 02 17 35.540000 1 1
1978 02 18 39.990000 1 1
1978 02 19 39.600000 1 1
1978 02 20 29.580000 1 1
1978 02 21 23.460000 1 1
1978 02 22 36.270000 1 1
1978 02 23 36.640000 1 1
1978 02 24 35.900000 1 1
1978 02 25 30.600000 1 1
1978 02 26 26.660000 1 1
1978 02 27 23.140000 1 1
1978 02 28 19.890000 1 1
1978 03 01 18.760000 1 1
1978 03 02 19.040000 1 1
1978 03 03 16.540000 1 1
1978 03 04 17.080000 1 1
1978 03 05 25.060000 1 1
1978 03 06 43.500000 1 1
1978 03 07 43.110000 1 1
1978 03 08 43.500000 1 1
1978 03 09 26.340000 1 1
1978 03 10 22.210000 1 1
1978 03 11 20.470000 1 1
1978 03 12 19.320000 1 1
1978 03 13 17.920000 1 1
1978 03 14 17.080000 1 1
1978 03 15 16.540000 1 1
1978 03 16 16.280000 1 1
1978 03 17 15.760000 1 1
1978 03 18 15.240000 1 1
1978 03 19 15.240000 1 1
1978 03 20 14.720000 1 1
1978 03 21 14.460000 1 1
1978 03 22 13.450000 1 1
1978 03 23 13.200000 1 1
1978 03 24 13.700000 1 1
1978 03 25 17.360000 1 1
1978 03 26 15.500000 1 1
1978 03 27 14.980000 1 1
1978 03 28 15.760000 1 1
1978 03 29 20.470000 1 1
1978 03 30 25.380000 1 1
1978 03 31 31.280000 1 1
1978 04 01 21.050000 1 1
1978 04 02 16.540000 1 1
1978 04 03 15.500000 1 1
1978 04 04 15.760000 1 1
1978 04 05 14.200000 1 1
1978 04 06 14.720000 1 1
1978 04 07 12.950000 1 1
1978 04 08 12.700000 1 1
1978 04 09 12.700000 1 1
1978 04 10 12.450000 1 1
1978 04 11 14.720000 1 1
1978 04 12 16.020000 1 1
1978 04 13 14.200000 1 1
1978 04 14 13.950000 1 1
1978 04 15 13.200000 1 1
1978 04 16 12.450000 1 1
1978 04 17 21.050000 1 1
1978 04 18 18.200000 1 1
1978 04 19 14.720000 1 1
1978 04 20 14.200000 1 1
1978 04 21 13.450000 1 1
1978 04 22 13.200000 1 1
1978 04 23 13.200000 1 1
1978 04 24 13.450000 1 1
1978 04 25 13.450000 1 1
1978 04 26 11.950000 1 1
1978 04 27 11.950000 1 1
1978 04 28 11.476000 1 1
1978 04 29 11.476000 1 1
1978 04 30 11.700000 1 1
1978 05 01 12.450000 1 1
1978 05 02 11.028000 1 1
1978 05 03 11.700000 1 1
1978 05 04 11.700000 1 1
1978 05 05 11.476000 1 1
1978 05 06 11.950000 1 1
1978 05 07 11.700000 1 1
1978 05 08 11.476000 1 1
1978 05 09 11.028000 1 1
1978 05 10 11.476000 1 1
1978 05 11 11.476000 1 1
1978 05 12 11.028000 1 1
1978 05 13 10.132000 1 1
1978 05 14 11.028000 1 1
1978 05 15 10.804000 1 1
1978 05 16 10.804000 1 1
1978 05 17 10.804000 1 1
1978 05 18 12.700000 1 1
1978 05 19 15.500000 1 1
1978 05 20 12.700000 1 1
1978 05 21 12.200000 1 1
1978 05 22 16.800000 1 1
1978 05 23 16.020000 1 1
1978 05 24 14.720000 1 1
1978 05 25 12.700000 1 1
1978 05 26 12.700000 1 1
1978 05 27 11.950000 1 1
1978 05 28 14.460000 1 1
1978 05 29 16.540000 1 1
1978 05 30 17.080000 1 1
1978 05 31 17.920000 1 1
1978 06 01 16.280000 1 1
1978 06 02 13.950000 1 1
1978 06 03 13.200000 1 1
1978 06 04 12.450000 1 1
1978 06 05 11.950000 1 1
1978 06 06 11.476000 1 1
1978 06 07 11.252000 1 1
1978 06 08 11.028000 1 1
1978 06 09 11.028000 1 1
1978 06 10 11.252000 1 1
1978 06 11 10.580000 1 1
1978 06 12 9.684000 1 1
1978 06 13 9.042000 1 1
1978 06 14 9.251000 1 1
1978 06 15 9.684000 1 1
1978 06 16 9.042000 1 1
1978 06 17 9.042000 1 1
1978 06 18 9.460000 1 1
1978 06 19 9.460000 1 1
1978 06 20 9.684000 1 1
1978 06 21 9.908000 1 1
1978 06 22 8.624000 1 1
1978 06 23 9.460000 1 1
1978 06 24 9.908000 1 1
1978 06 25 9.251000 1 1
1978 06 26 8.833000 1 1
1978 06 27 9.460000 1 1
1978 06 28 9.251000 1 1
1978 06 29 8.624000 1 1
1978 06 30 7.788000 1 1
1978 07 01 8.624000 1 1
1978 07 02 9.251000 1 1
1978 07 03 9.251000 1 1
1978 07 04 10.804000 1 1
1978 07 05 8.833000 1 1
1978 07 06 7.997000 1 1
1978 07 07 8.206000 1 1
1978 07 08 8.624000 1 1
1978 07 09 8.415000 1 1
1978 07 10 7.579000 1 1
1978 07 11 7.788000 1 1
1978 07 12 7.997000 1 1
1978 07 13 7.370000 1 1
1978 07 14 7.370000 1 1
1978 07 15 8.206000 1 1
1978 07 16 9.908000 1 1
1978 07 17 11.476000 1 1
1978 07 18 12.700000 1 1
1978 07 19 14.980000 1 1
1978 07 20 14.200000 1 1
1978 07 21 12.450000 1 1
1978 07 22 13.450000 1 1
1978 07 23 13.200000 1 1
1978 07 24 11.252000 1 1
1978 07 25 10.804000 1 1
1978 07 26 12.200000 1 1
1978 07 27 11.028000 1 1
1978 07 28 11.028000 1 1
1978 07 29 11.252000 1 1
1978 07 30 10.804000 1 1
1978 07 31 9.908000 1 1
1978 08 01 10.132000 1 1
1978 08 02 10.356000 1 1
1978 08 03 9.908000 1 1
1978 08 04 9.684000 1 1
1978 08 05 9.684000 1 1
1978 08 06 9.684000 1 1
1978 08 07 9.460000 1 1
1978 08 08 9.251000 1 1
1978 08 09 9.684000 1 1
1978 08 10 9.908000 1 1
1978 08 11 9.460000 1 1
1978 08 12 9.251000 1 1
1978 08 13 9.460000 1 1
1978 08 14 9.042000 1 1
1978 08 15 9.251000 1 1
1978 08 16 11.028000 1 1
1978 08 17 9.908000 1 1
1978 08 18 10.132000 1 1
1978 08 19 10.132000 1 1
1978 08 20 9.908000 1 1
1978 08 21 9.251000 1 1
1978 08 22 8.833000 1 1
1978 08 23 9.042000 1 1
1978 08 24 8.624000 1 1
1978 08 25 8.624000 1 1
1978 08 26 8.624000 1 1
1978 08 27 8.206000 1 1
1978 08 28 7.788000 1 1
1978 08 29 8.624000 1 1
1978 08 30 8.206000 1 1
1978 08 31 7.579000 1 1
1978 09 01 8.624000 1 1
1978 09 02 11.028000 1 1
1978 09 03 11.950000 1 1
1978 09 04 11.252000 1 1
1978 09 05 11.252000 1 1
1978 09 06 10.804000 1 1
1978 09 07 10.580000 1 1
1978 09 08 10.580000 1 1
1978 09 09 11.950000 1 1
1978 09 10 9.684000 1 1
1978 09 11 9.684000 1 1
1978 09 12 9.684000 1 1
1978 09 13 9.908000 1 1
1978 09 14 9.908000 1 1
1978 09 15 9.684000 1 1
1978 09 16 8.833000 1 1
1978 09 17 8.833000 1 1
1978 09 18 10.132000 1 1
1978 09 19 9.042000 1 1
1978 09 20 8.833000 1 1
1978 09 21 8.833000 1 1
1978 09 22 8.415000 1 1
1978 09 23 8.833000 1 1
1978 09 24 9.042000 1 1
1978 09 25 8.415000 1 1
1978 09 26 7.997000 1 1
1978 09 27 7.579000 1 1
1978 09 28 7.579000 1 1
1978 09 29 7.579000 1 1
1978 09 30 7.579000 1 1
1978 10 01 7.579000 1 1
1978 10 02 7.579000 1 1
1978 10 03 7.579000 1 1
1978 10 04 7.183000 1 1
1978 10 05 7.370000 1 1
1978 10 06 7.183000 1 1
1978 10 07 7.183000 1 1
1978 10 08 6.996000 1 1
1978 10 09 6.435000 1 1
1978 10 10 6.061000 1 1
1978 10 11 11.028000 1 1
1978 10 12 21.050000 1 1
1978 10 13 15.240000 1 1
1978 10 14 11.028000 1 1
1978 10 15 17.080000 1 1
1978 10 16 13.450000 1 1
1978 10 17 12.450000 1 1
1978 10 18 18.760000 1 1
1978 10 19 16.280000 1 1
1978 10 20 16.280000 1 1
1978 10 21 15.500000 1 1
1978 10 22 12.450000 1 1
1978 10 23 11.476000 1 1
1978 10 24 10.132000 1 1
1978 10 25 8.833000 1 1
1978 10 26 8.833000 1 1
1978 10 27 8.624000 1 1
1978 10 28 8.206000 1 1
1978 10 29 10.580000 1 1
1978 10 30 11.476000 1 1
1978 10 31 10.804000 1 1
1978 11 01 33.380000 1 1
1978 11 02 26.660000 1 1
1978 11 03 17.920000 1 1
1978 11 04 13.700000 1 1
1978 11 05 14.460000 1 1
1978 11 06 15.500000 1 1
1978 11 07 14.200000 1 1
1978 11 08 13.450000 1 1
1978 11 09 11.950000 1 1
1978 11 10 10.580000 1 1
1978 11 11 10.580000 1 1
1978 11 12 17.080000 1 1
1978 11 13 29.580000 1 1
1978 11 14 26.980000 1 1
1978 11 15 18.200000 1 1
1978 11 16 13.950000 1 1
1978 11 17 12.950000 1 1
1978 11 18 12.450000 1 1
1978 11 19 11.028000 1 1
1978 11 20 11.028000 1 1
1978 11 21 11.028000 1 1
1978 11 22 17.080000 1 1
1978 11 23 30.260000 1 1
1978 11 24 46.620000 1 1
1978 11 25 26.660000 1 1
1978 11 26 17.640000 1 1
1978 11 27 16.280000 1 1
1978 11 28 90.460000 1 1
1978 11 29 72.590000 1 1
1978 11 30 63.250000 1 1
1978 12 01 41.160000 1 1
1978 12 02 23.140000 1 1
1978 12 03 22.820000 1 1
1978 12 04 19.320000 1 1
1978 12 05 17.360000 1 1
1978 12 06 15.240000 1 1
1978 12 07 14.200000 1 1
1978 12 08 17.080000 1 1
1978 12 09 27.620000 1 1
1978 12 10 29.580000 1 1
1978 12 11 32.660000 1 1
1978 12 12 26.660000 1 1
1978 12 13 21.050000 1 1
1978 12 14 19.600000 1 1
1978 12 15 18.480000 1 1
1978 12 16 34.100000 1 1
1978 12 17 154.800000 1 1
1978 12 18 76.400000 1 1
1978 12 19 35.180000 1 1
1978 12 20 28.580000 1 1
1978 12 21 37.010000 1 1
1978 12 22 52.360000 1 1
1978 12 23 62.350000 1 1
1978 12 24 72.590000 1 1
1978 12 25 59.240000 1 1
1978 12 26 28.260000 1 1
1978 12 27 24.100000 1 1
1978 12 28 24.100000 1 1
1978 12 29 38.860000 1 1
1978 12 30 69.300000 1 1
1978 12 31 85.840000 1 1
1979 01 01 88.900000 1 1
1979 01 02 64.600000 1 1
1979 01 03 61.900000 1 1
1979 01 04 71.180000 1 1
1979 01 05 62.350000 1 1
1979 01 06 49.450000 1 1
1979 01 07 33.740000 1 1
1979 01 08 29.920000 1 1
1979 01 09 27.300000 1 1
1979 01 10 23.780000 1 1
1979 01 11 21.630000 1 1
1979 01 12 20.760000 1 1
1979 01 13 19.600000 1 1
1979 01 14 19.320000 1 1
1979 01 15 18.760000 1 1
1979 01 16 18.480000 1 1
1979 01 17 16.540000 1 1
1979 01 18 16.800000 1 1
1979 01 19 16.540000 1 1
1979 01 20 26.660000 1 1
1979 01 21 30.940000 1 1
1979 01 22 49.450000 1 1
1979 01 23 41.940000 1 1
1979 01 24 33.740000 1 1
1979 01 25 25.380000 1 1
1979 01 26 90.980000 1 1
1979 01 27 147.800000 1 1
1979 01 28 105.000000 1 1
1979 01 29 78.320000 1 1
1979 01 30 49.040000 1 1
1979 01 31 53.220000 1 1
1979 02 01 134.000000 1 1
1979 02 02 132.800000 1 1
1979 02 03 125.000000 1 1
1979 02 04 80.800000 1 1
1979 02 05 89.940000 1 1
1979 02 06 89.420000 1 1
1979 02 07 97.810000 1 1
1979 02 08 78.800000 1 1
1979 02 09 63.700000 1 1
1979 02 10 53.650000 1 1
1979 02 11 45.450000 1 1
1979 02 12 40.380000 1 1
1979 02 13 45.450000 1 1
1979 02 14 71.180000 1 1
1979 02 15 155.500000 1 1
1979 02 16 185.000000 1 1
1979 02 17 75.920000 1 1
1979 02 18 54.510000 1 1
1979 02 19 85.330000 1 1
1979 02 20 134.000000 1 1
1979 02 21 115.400000 1 1
1979 02 22 118.400000 1 1
1979 02 23 110.600000 1 1
1979 02 24 74.480000 1 1
1979 02 25 45.060000 1 1
1979 02 26 40.770000 1 1
1979 02 27 40.380000 1 1
1979 02 28 37.380000 1 1
1979 03 01 34.820000 1 1
1979 03 02 34.100000 1 1
1979 03 03 38.860000 1 1
1979 03 04 37.750000 1 1
1979 03 05 35.540000 1 1
1979 03 06 38.860000 1 1
1979 03 07 38.860000 1 1
1979 03 08 38.490000 1 1
1979 03 09 39.600000 1 1
1979 03 10 42.330000 1 1
1979 03 11 43.110000 1 1
1979 03 12 44.280000 1 1
1979 03 13 37.380000 1 1
1979 03 14 47.400000 1 1
1979 03 15 39.600000 1 1
1979 03 16 35.540000 1 1
1979 03 17 34.100000 1 1
1979 03 18 31.280000 1 1
1979 03 19 29.920000 1 1
1979 03 20 33.740000 1 1
1979 03 21 33.020000 1 1
1979 03 22 28.260000 1 1
1979 03 23 26.020000 1 1
1979 03 24 23.780000 1 1
1979 03 25 32.300000 1 1
1979 03 26 31.960000 1 1
1979 03 27 27.620000 1 1
1979 03 28 24.740000 1 1
1979 03 29 24.740000 1 1
1979 03 30 23.460000 1 1
1979 03 31 22.210000 1 1
1979 04 01 21.630000 1 1
1979 04 02 22.210000 1 1
1979 04 03 22.210000 1 1
1979 04 04 26.020000 1 1
1979 04 05 23.460000 1 1
1979 04 06 22.820000 1 1
1979 04 07 22.820000 1 1
1979 04 08 22.820000 1 1
1979 04 09 21.050000 1 1
1979 04 10 20.470000 1 1
1979 04 11 22.210000 1 1
1979 04 12 20.760000 1 1
1979 04 13 20.180000 1 1
1979 04 14 20.180000 1 1
1979 04 15 20.180000 1 1
1979 04 16 20.180000 1 1
1979 04 17 20.470000 1 1
1979 04 18 20.180000 1 1
1979 04 19 20.760000 1 1
1979 04 20 21.340000 1 1
1979 04 21 21.050000 1 1
1979 04 22 20.760000 1 1
1979 04 23 19.600000 1 1
1979 04 24 18.760000 1 1
1979 04 25 18.480000 1 1
1979 04 26 17.920000 1 1
1979 04 27 17.080000 1 1
1979 04 28 18.480000 1 1
1979 04 29 17.080000 1 1
1979 04 30 26.980000 1 1
1979 05 01 25.380000 1 1
1979 05 02 23.140000 1 1
1979 05 03 19.320000 1 1
1979 05 04 18.480000 1 1
1979 05 05 22.210000 1 1
1979 05 06 18.480000 1 1
1979 05 07 18.480000 1 1
1979 05 08 18.200000 1 1
1979 05 09 18.200000 1 1
1979 05 10 18.200000 1 1
1979 05 11 18.480000 1 1
1979 05 12 30.260000 1 1
1979 05 13 19.320000 1 1
1979 05 14 18.200000 1 1
1979 05 15 18.200000 1 1
1979 05 16 19.040000 1 1
1979 05 17 18.200000 1 1
1979 05 18 18.200000 1 1
1979 05 19 17.640000 1 1
1979 05 20 17.640000 1 1
1979 05 21 17.080000 1 1
1979 05 22 17.360000 1 1
1979 05 23 17.080000 1 1
1979 05 24 16.800000 1 1
1979 05 25 16.800000 1 1
1979 05 26 16.280000 1 1
1979 05 27 16.280000 1 1
1979 05 28 16.280000 1 1
1979 05 29 17.920000 1 1
1979 05 30 30.260000 1 1
1979 05 31 30.600000 1 1
1979 06 01 21.050000 1 1
1979 06 02 18.760000 1 1
1979 06 03 18.480000 1 1
1979 06 04 18.200000 1 1
1979 06 05 17.360000 1 1
1979 06 06 17.080000 1 1
1979 06 07 16.800000 1 1
1979 06 08 16.540000 1 1
1979 06 09 16.020000 1 1
1979 06 10 16.280000 1 1
1979 06 11 16.020000 1 1
1979 06 12 15.760000 1 1
1979 06 13 16.540000 1 1
1979 06 14 16.540000 1 1
1979 06 15 15.240000 1 1
1979 06 16 15.500000 1 1
1979 06 17 15.760000 1 1
1979 06 18 16.280000 1 1
1979 06 19 14.720000 1 1
1979 06 20 15.760000 1 1
1979 06 21 15.760000 1 1
1979 06 22 14.980000 1 1
1979 06 23 15.760000 1 1
1979 06 24 16.020000 1 1
1979 06 25 16.020000 1 1
1979 06 26 16.020000 1 1
1979 06 27 16.020000 1 1
1979 06 28 16.020000 1 1
1979 06 29 15.760000 1 1
1979 06 30 15.240000 1 1
1979 07 01 14.980000 1 1
1979 07 02 14.720000 1 1
1979 07 03 14.980000 1 1
1979 07 04 15.760000 1 1
1979 07 05 15.500000 1 1
1979 07 06 15.240000 1 1
1979 07 07 15.500000 1 1
1979 07 08 15.760000 1 1
1979 07 09 15.500000 1 1
1979 07 10 14.980000 1 1
1979 07 11 15.240000 1 1
1979 07 12 14.980000 1 1
1979 07 13 15.240000 1 1
1979 07 14 15.240000 1 1
1979 07 15 14.460000 1 1
1979 07 16 14.460000 1 1
1979 07 17 14.460000 1 1
1979 07 18 14.460000 1 1
1979 07 19 14.460000 1 1
1979 07 20 21.340000 1 1
1979 07 21 25.700000 1 1
1979 07 22 20.470000 1 1
1979 07 23 16.540000 1 1
1979 07 24 16.020000 1 1
1979 07 25 15.760000 1 1
1979 07 26 15.240000 1 1
1979 07 27 15.760000 1 1
1979 07 28 15.500000 1 1
1979 07 29 14.720000 1 1
1979 07 30 14.720000 1 1
1979 07 31 14.460000 1 1
1979 08 01 14.460000 1 1
1979 08 02 14.460000 1 1
1979 08 03 14.200000 1 1
1979 08 04 14.200000 1 1
1979 08 05 14.460000 1 1
1979 08 06 14.200000 1 1
1979 08 07 14.460000 1 1
1979 08 08 13.700000 1 1
1979 08 09 13.700000 1 1
1979 08 10 13.450000 1 1
1979 08 11 12.950000 1 1
1979 08 12 12.950000 1 1
1979 08 13 12.950000 1 1
1979 08 14 12.950000 1 1
1979 08 15 13.200000 1 1
1979 08 16 14.460000 1 1
1979 08 17 14.720000 1 1
1979 08 18 14.200000 1 1
1979 08 19 16.280000 1 1
1979 08 20 15.240000 1 1
1979 08 21 16.020000 1 1
1979 08 22 18.760000 1 1
1979 08 23 16.800000 1 1
1979 08 24 16.020000 1 1
1979 08 25 14.460000 1 1
1979 08 26 14.200000 1 1
1979 08 27 16.280000 1 1
1979 08 28 17.360000 1 1
1979 08 29 15.760000 1 1
1979 08 30 14.980000 1 1
1979 08 31 14.460000 1 1
1979 09 01 13.200000 1 1
1979 09 02 12.450000 1 1
1979 09 03 13.200000 1 1
1979 09 04 14.720000 1 1
1979 09 05 17.360000 1 1
1979 09 06 16.280000 1 1
1979 09 07 14.200000 1 1
1979 09 08 13.950000 1 1
1979 09 09 13.450000 1 1
1979 09 10 12.450000 1 1
1979 09 11 13.450000 1 1
1979 09 12 13.700000 1 1
1979 09 13 13.200000 1 1
1979 09 14 13.200000 1 1
1979 09 15 18.480000 1 1
1979 09 16 23.140000 1 1
1979 09 17 19.320000 1 1
1979 09 18 20.470000 1 1
1979 09 19 19.890000 1 1
1979 09 20 17.080000 1 1
1979 09 21 16.540000 1 1
1979 09 22 15.760000 1 1
1979 09 23 15.500000 1 1
1979 09 24 14.720000 1 1
1979 09 25 13.950000 1 1
1979 09 26 13.450000 1 1
1979 09 27 13.200000 1 1
1979 09 28 12.950000 1 1
1979 09 29 12.450000 1 1
1979 09 30 12.200000 1 1
1979 10 01 11.950000 1 1
1979 10 02 11.476000 1 1
1979 10 03 26.980000 1 1
1979 10 04 19.600000 1 1
1979 10 05 17.640000 1 1
1979 10 06 14.720000 1 1
1979 10 07 14.200000 1 1
1979 10 08 14.460000 1 1
1979 10 09 14.460000 1 1
1979 10 10 13.700000 1 1
1979 10 11 12.950000 1 1
1979 10 12 12.450000 1 1
1979 10 13 11.700000 1 1
1979 10 14 12.950000 1 1
1979 10 15 19.600000 1 1
1979 10 16 20.180000 1 1
1979 10 17 17.360000 1 1
1979 10 18 14.200000 1 1
1979 10 19 12.950000 1 1
1979 10 20 12.450000 1 1
1979 10 21 11.950000 1 1
1979 10 22 11.700000 1 1
1979 10 23 11.476000 1 1
1979 10 24 11.252000 1 1
1979 10 25 11.252000 1 1
1979 10 26 11.028000 1 1
1979 10 27 11.252000 1 1
1979 10 28 13.700000 1 1
1979 10 29 17.640000 1 1
1979 10 30 18.760000 1 1
1979 10 31 22.210000 1 1
1979 11 01 38.490000 1 1
1979 11 02 44.280000 1 1
1979 11 03 24.740000 1 1
1979 11 04 19.600000 1 1
1979 11 05 17.080000 1 1
1979 11 06 15.500000 1 1
1979 11 07 14.460000 1 1
1979 11 08 12.950000 1 1
1979 11 09 19.600000 1 1
1979 11 10 26.340000 1 1
1979 11 11 35.900000 1 1
1979 11 12 24.420000 1 1
1979 11 13 16.800000 1 1
1979 11 14 16.280000 1 1
1979 11 15 14.720000 1 1
1979 11 16 13.200000 1 1
1979 11 17 13.700000 1 1
1979 11 18 13.450000 1 1
1979 11 19 12.200000 1 1
1979 11 20 25.060000 1 1
1979 11 21 22.210000 1 1
1979 11 22 17.640000 1 1
1979 11 23 15.240000 1 1
1979 11 24 18.480000 1 1
1979 11 25 26.660000 1 1
1979 11 26 39.990000 1 1
1979 11 27 38.860000 1 1
1979 11 28 26.020000 1 1
1979 11 29 18.480000 1 1
1979 11 30 16.020000 1 1
1979 12 01 15.500000 1 1
1979 12 02 16.540000 1 1
1979 12 03 27.300000 1 1
1979 12 04 48.220000 1 1
1979 12 05 44.280000 1 1
1979 12 06 25.380000 1 1
1979 12 07 21.050000 1 1
1979 12 08 17.920000 1 1
1979 12 09 17.080000 1 1
1979 12 10 16.540000 1 1
1979 12 11 16.280000 1 1
1979 12 12 41.940000 1 1
1979 12 13 35.900000 1 1
1979 12 14 24.740000 1 1
1979 12 15 19.600000 1 1
1979 12 16 16.800000 1 1
1979 12 17 16.020000 1 1
1979 12 18 19.040000 1 1
1979 12 19 25.060000 1 1
1979 12 20 34.100000 1 1
1979 12 21 43.500000 1 1
1979 12 22 55.800000 1 1
1979 12 23 149.000000 1 1
1979 12 24 235.000000 1 1
1979 12 25 209.500000 1 1
1979 12 26 86.350000 1 1
1979 12 27 73.530000 1 1
1979 12 28 53.650000 1 1
1979 12 29 42.330000 1 1
1979 12 30 35.180000 1 1
1979 12 31 31.280000 1 1
1980 01 01 28.260000 1 1
1980 01 02 53.650000 1 1
1980 01 03 45.450000 1 1
1980 01 04 34.460000 1 1
1980 01 05 26.980000 1 1
1980 01 06 24.740000 1 1
1980 01 07 23.780000 1 1
1980 01 08 22.500000 1 1
1980 01 09 22.210000 1 1
1980 01 10 22.500000 1 1
1980 01 11 24.100000 1 1
1980 01 12 31.280000 1 1
1980 01 13 61.450000 1 1
1980 01 14 47.810000 1 1
1980 01 15 45.840000 1 1
1980 01 16 34.460000 1 1
1980 01 17 61.000000 1 1
1980 01 18 98.870000 1 1
1980 01 19 104.440000 1 1
1980 01 20 81.800000 1 1
1980 01 21 45.060000 1 1
1980 01 22 76.400000 1 1
1980 01 23 92.540000 1 1
1980 01 24 84.820000 1 1
1980 01 25 54.510000 1 1
1980 01 26 49.450000 1 1
1980 01 27 45.060000 1 1
1980 01 28 43.500000 1 1
1980 01 29 44.670000 1 1
1980 01 30 37.750000 1 1
1980 01 31 31.620000 1 1
1980 02 01 29.240000 1 1
1980 02 02 99.960000 1 1
1980 02 03 64.600000 1 1
1980 02 04 43.890000 1 1
1980 02 05 33.020000 1 1
1980 02 06 29.240000 1 1
1980 02 07 27.620000 1 1
1980 02 08 26.340000 1 1
1980 02 09 24.740000 1 1
1980 02 10 23.780000 1 1
1980 02 11 23.780000 1 1
1980 02 12 23.460000 1 1
1980 02 13 22.500000 1 1
1980 02 14 23.460000 1 1
1980 02 15 22.820000 1 1
1980 02 16 22.820000 1 1
1980 02 17 27.940000 1 1
1980 02 18 27.300000 1 1
1980 02 19 25.060000 1 1
1980 02 20 25.380000 1 1
1980 02 21 28.260000 1 1
1980 02 22 28.260000 1 1
1980 02 23 28.260000 1 1
1980 02 24 24.420000 1 1
1980 02 25 22.500000 1 1
1980 02 26 21.630000 1 1
1980 02 27 20.760000 1 1
1980 02 28 19.890000 1 1
1980 02 29 19.320000 1 1
1980 03 01 19.040000 1 1
1980 03 02 18.480000 1 1
1980 03 03 18.480000 1 1
1980 03 04 18.200000 1 1
1980 03 05 17.920000 1 1
1980 03 06 17.640000 1 1
1980 03 07 17.360000 1 1
1980 03 08 17.080000 1 1
1980 03 09 17.080000 1 1
1980 03 10 16.800000 1 1
1980 03 11 17.360000 1 1
1980 03 12 22.210000 1 1
1980 03 13 24.740000 1 1
1980 03 14 26.020000 1 1
1980 03 15 25.380000 1 1
1980 03 16 30.260000 1 1
1980 03 17 26.980000 1 1
1980 03 18 19.890000 1 1
1980 03 19 19.040000 1 1
1980 03 20 18.200000 1 1
1980 03 21 16.800000 1 1
1980 03 22 16.800000 1 1
1980 03 23 16.280000 1 1
1980 03 24 15.760000 1 1
1980 03 25 16.280000 1 1
1980 03 26 15.760000 1 1
1980 03 27 14.980000 1 1
1980 03 28 15.760000 1 1
1980 03 29 15.500000 1 1
1980 03 30 14.980000 1 1
1980 03 31 15.240000 1 1
1980 04 01 14.980000 1 1
1980 04 02 16.020000 1 1
1980 04 03 19.890000 1 1
1980 04 04 20.470000 1 1
1980 04 05 21.630000 1 1
1980 04 06 35.540000 1 1
1980 04 07 37.750000 1 1
1980 04 08 27.620000 1 1
1980 04 09 35.540000 1 1
1980 04 10 32.300000 1 1
1980 04 11 29.920000 1 1
1980 04 12 26.980000 1 1
1980 04 13 23.460000 1 1
1980 04 14 26.660000 1 1
1980 04 15 26.020000 1 1
1980 04 16 21.630000 1 1
1980 04 17 20.760000 1 1
1980 04 18 20.470000 1 1
1980 04 19 19.890000 1 1
1980 04 20 19.320000 1 1
1980 04 21 18.760000 1 1
1980 04 22 18.200000 1 1
1980 04 23 17.640000 1 1
1980 04 24 17.080000 1 1
1980 04 25 16.800000 1 1
1980 04 26 16.540000 1 1
1980 04 27 16.800000 1 1
1980 04 28 17.080000 1 1
1980 04 29 16.020000 1 1
1980 04 30 15.760000 1 1
1980 05 01 14.460000 1 1
1980 05 02 14.980000 1 1
1980 05 03 16.020000 1 1
1980 05 04 16.020000 1 1
1980 05 05 15.760000 1 1
1980 05 06 15.500000 1 1
1980 05 07 14.720000 1 1
1980 05 08 14.980000 1 1
1980 05 09 14.980000 1 1
1980 05 10 14.980000 1 1
1980 05 11 14.980000 1 1
1980 05 12 15.240000 1 1
1980 05 13 15.240000 1 1
1980 05 14 14.720000 1 1
1980 05 15 14.720000 1 1
1980 05 16 14.720000 1 1
1980 05 17 14.720000 1 1
1980 05 18 14.720000 1 1
1980 05 19 14.720000 1 1
1980 05 20 14.460000 1 1
1980 05 21 14.200000 1 1
1980 05 22 13.950000 1 1
1980 05 23 13.950000 1 1
1980 05 24 13.950000 1 1
1980 05 25 13.950000 1 1
1980 05 26 13.700000 1 1
1980 05 27 13.950000 1 1
1980 05 28 13.950000 1 1
1980 05 29 13.450000 1 1
1980 05 30 13.450000 1 1
1980 05 31 13.700000 1 1
1980 06 01 13.700000 1 1
1980 06 02 13.450000 1 1
1980 06 03 13.700000 1 1
1980 06 04 13.950000 1 1
1980 06 05 13.200000 1 1
1980 06 06 12.950000 1 1
1980 06 07 13.450000 1 1
1980 06 08 13.200000 1 1
1980 06 09 13.200000 1 1
1980 06 10 13.450000 1 1
1980 06 11 13.700000 1 1
1980 06 12 13.450000 1 1
1980 06 13 13.200000 1 1
1980 06 14 13.200000 1 1
1980 06 15 13.200000 1 1
1980 06 16 12.950000 1 1
1980 06 17 12.700000 1 1
1980 06 18 12.700000 1 1
1980 06 19 12.450000 1 1
1980 06 20 12.200000 1 1
1980 06 21 12.200000 1 1
1980 06 22 13.200000 1 1
1980 06 23 13.200000 1 1
1980 06 24 14.460000 1 1
1980 06 25 12.700000 1 1
1980 06 26 21.340000 1 1
1980 06 27 24.420000 1 1
1980 06 28 19.320000 1 1
1980 06 29 15.760000 1 1
1980 06 30 14.200000 1 1
1980 07 01 13.950000 1 1
1980 07 02 13.700000 1 1
1980 07 03 13.450000 1 1
1980 07 04 13.450000 1 1
1980 07 05 13.450000 1 1
1980 07 06 13.450000 1 1
1980 07 07 12.700000 1 1
1980 07 08 12.700000 1 1
1980 07 09 12.450000 1 1
1980 07 10 12.200000 1 1
1980 07 11 12.450000 1 1
1980 07 12 12.450000 1 1
1980 07 13 12.200000 1 1
1980 07 14 12.200000 1 1
1980 07 15 11.950000 1 1
1980 07 16 11.950000 1 1
1980 07 17 11.950000 1 1
1980 07 18 11.700000 1 1
1980 07 19 11.700000 1 1
1980 07 20 12.200000 1 1
1980 07 21 11.700000 1 1
1980 07 22 11.700000 1 1
1980 07 23 11.700000 1 1
1980 07 24 11.700000 1 1
1980 07 25 11.476000 1 1
1980 07 26 11.476000 1 1
1980 07 27 11.700000 1 1
1980 07 28 11.700000 1 1
1980 07 29 11.476000 1 1
1980 07 30 11.476000 1 1
1980 07 31 11.476000 1 1
1980 08 01 11.476000 1 1
1980 08 02 11.700000 1 1
1980 08 03 11.700000 1 1
1980 08 04 11.700000 1 1
1980 08 05 11.700000 1 1
1980 08 06 11.700000 1 1
1980 08 07 11.476000 1 1
1980 08 08 11.252000 1 1
1980 08 09 10.804000 1 1
1980 08 10 10.804000 1 1
1980 08 11 11.028000 1 1
1980 08 12 11.028000 1 1
1980 08 13 10.804000 1 1
1980 08 14 11.028000 1 1
1980 08 15 11.028000 1 1
1980 08 16 11.028000 1 1
1980 08 17 10.804000 1 1
1980 08 18 11.950000 1 1
1980 08 19 11.476000 1 1
1980 08 20 11.252000 1 1
1980 08 21 10.804000 1 1
1980 08 22 10.804000 1 1
1980 08 23 10.580000 1 1
1980 08 24 10.356000 1 1
1980 08 25 10.580000 1 1
1980 08 26 11.950000 1 1
1980 08 27 13.700000 1 1
1980 08 28 13.700000 1 1
1980 08 29 11.700000 1 1
1980 08 30 11.252000 1 1
1980 08 31 10.356000 1 1
1980 09 01 10.356000 1 1
1980 09 02 10.356000 1 1
1980 09 03 10.356000 1 1
1980 09 04 10.356000 1 1
1980 09 05 10.356000 1 1
1980 09 06 10.580000 1 1
1980 09 07 10.580000 1 1
1980 09 08 10.356000 1 1
1980 09 09 10.356000 1 1
1980 09 10 10.804000 1 1
1980 09 11 10.356000 1 1
1980 09 12 10.356000 1 1
1980 09 13 10.804000 1 1
1980 09 14 10.804000 1 1
1980 09 15 10.356000 1 1
1980 09 16 10.132000 1 1
1980 09 17 10.132000 1 1
1980 09 18 10.804000 1 1
1980 09 19 13.700000 1 1
1980 09 20 12.450000 1 1
1980 09 21 11.252000 1 1
1980 09 22 11.950000 1 1
1980 09 23 11.476000 1 1
1980 09 24 11.252000 1 1
1980 09 25 10.804000 1 1
1980 09 26 10.804000 1 1
1980 09 27 10.580000 1 1
1980 09 28 10.356000 1 1
1980 09 29 10.356000 1 1
1980 09 30 10.356000 1 1
1980 10 01 9.684000 1 1
1980 10 02 9.460000 1 1
1980 10 03 9.460000 1 1
1980 10 04 9.251000 1 1
1980 10 05 9.042000 1 1
1980 10 06 9.042000 1 1
1980 10 07 9.251000 1 1
1980 10 08 9.460000 1 1
1980 10 09 9.908000 1 1
1980 10 10 10.356000 1 1
1980 10 11 11.028000 1 1
1980 10 12 17.360000 1 1
1980 10 13 24.740000 1 1
1980 10 14 23.140000 1 1
1980 10 15 14.980000 1 1
1980 10 16 13.450000 1 1
1980 10 17 11.476000 1 1
1980 10 18 10.580000 1 1
1980 10 19 10.356000 1 1
1980 10 20 10.132000 1 1
1980 10 21 9.908000 1 1
1980 10 22 9.908000 1 1
1980 10 23 9.460000 1 1
1980 10 24 9.251000 1 1
1980 10 25 9.251000 1 1
1980 10 26 9.251000 1 1
1980 10 27 10.132000 1 1
1980 10 28 9.460000 1 1
1980 10 29 9.251000 1 1
1980 10 30 8.833000 1 1
1980 10 31 9.042000 1 1
1980 11 01 9.042000 1 1
1980 11 02 9.251000 1 1
1980 11 03 9.251000 1 1
1980 11 04 9.251000 1 1
1980 11 05 9.042000 1 1
1980 11 06 9.042000 1 1
1980 11 07 8.833000 1 1
1980 11 08 9.684000 1 1
1980 11 09 13.450000 1 1
1980 11 10 13.450000 1 1
1980 11 11 25.700000 1 1
1980 11 12 33.740000 1 1
1980 11 13 26.980000 1 1
1980 11 14 21.340000 1 1
1980 11 15 15.760000 1 1
1980 11 16 13.200000 1 1
1980 11 17 13.450000 1 1
1980 11 18 13.700000 1 1
1980 11 19 13.950000 1 1
1980 11 20 26.020000 1 1
1980 11 21 21.920000 1 1
1980 11 22 16.540000 1 1
1980 11 23 13.950000 1 1
1980 11 24 17.360000 1 1
1980 11 25 16.800000 1 1
1980 11 26 16.540000 1 1
1980 11 27 16.280000 1 1
1980 11 28 14.200000 1 1
1980 11 29 12.450000 1 1
1980 11 30 15.500000 1 1
1980 12 01 55.370000 1 1
1980 12 02 70.710000 1 1
1980 12 03 111.800000 1 1
1980 12 04 70.240000 1 1
1980 12 05 45.840000 1 1
1980 12 06 36.640000 1 1
1980 12 07 45.060000 1 1
1980 12 08 33.380000 1 1
1980 12 09 29.240000 1 1
1980 12 10 25.700000 1 1
1980 12 11 28.900000 1 1
1980 12 12 33.740000 1 1
1980 12 13 94.100000 1 1
1980 12 14 91.500000 1 1
1980 12 15 69.300000 1 1
1980 12 16 45.450000 1 1
1980 12 17 34.460000 1 1
1980 12 18 26.020000 1 1
1980 12 19 21.920000 1 1
1980 12 20 21.050000 1 1
1980 12 21 19.600000 1 1
1980 12 22 19.040000 1 1
1980 12 23 19.040000 1 1
1980 12 24 18.200000 1 1
1980 12 25 19.040000 1 1
1980 12 26 21.920000 1 1
1980 12 27 33.740000 1 1
1980 12 28 21.340000 1 1
1980 12 29 23.140000 1 1
1980 12 30 83.300000 1 1
1980 12 31 74.480000 1 1
1981 01 01 52.790000 1 1
1981 01 02 49.450000 1 1
1981 01 03 36.640000 1 1
1981 01 04 30.260000 1 1
1981 01 05 24.740000 1 1
1981 01 06 22.210000 1 1
1981 01 07 21.050000 1 1
1981 01 08 19.890000 1 1
1981 01 09 23.460000 1 1
1981 01 10 48.630000 1 1
1981 01 11 57.090000 1 1
1981 01 12 65.070000 1 1
1981 01 13 56.660000 1 1
1981 01 14 41.550000 1 1
1981 01 15 34.100000 1 1
1981 01 16 31.960000 1 1
1981 01 17 29.580000 1 1
1981 01 18 43.890000 1 1
1981 01 19 32.300000 1 1
1981 01 20 26.340000 1 1
1981 01 21 23.460000 1 1
1981 01 22 67.890000 1 1
1981 01 23 60.550000 1 1
1981 01 24 47.810000 1 1
1981 01 25 87.370000 1 1
1981 01 26 75.440000 1 1
1981 01 27 69.300000 1 1
1981 01 28 53.220000 1 1
1981 01 29 33.020000 1 1
1981 01 30 29.240000 1 1
1981 01 31 26.340000 1 1
1981 02 01 26.340000 1 1
1981 02 02 26.340000 1 1
1981 02 03 22.820000 1 1
1981 02 04 22.820000 1 1
1981 02 05 25.060000 1 1
1981 02 06 28.900000 1 1
1981 02 07 30.600000 1 1
1981 02 08 29.580000 1 1
1981 02 09 26.020000 1 1
1981 02 10 25.380000 1 1
1981 02 11 28.900000 1 1
1981 02 12 26.020000 1 1
1981 02 13 21.630000 1 1
1981 02 14 20.470000 1 1
1981 02 15 19.890000 1 1
1981 02 16 19.040000 1 1
1981 02 17 18.480000 1 1
1981 02 18 18.480000 1 1
1981 02 19 17.360000 1 1
1981 02 20 16.800000 1 1
1981 02 21 17.920000 1 1
1981 02 22 17.360000 1 1
1981 02 23 16.800000 1 1
1981 02 24 17.920000 1 1
1981 02 25 16.800000 1 1
1981 02 26 16.280000 1 1
1981 02 27 16.020000 1 1
1981 02 28 14.980000 1 1
1981 03 01 14.720000 1 1
1981 03 02 13.950000 1 1
1981 03 03 12.700000 1 1
1981 03 04 12.950000 1 1
1981 03 05 18.200000 1 1
1981 03 06 28.900000 1 1
1981 03 07 37.010000 1 1
1981 03 08 35.540000 1 1
1981 03 09 35.540000 1 1
1981 03 10 42.720000 1 1
1981 03 11 26.660000 1 1
1981 03 12 22.820000 1 1
1981 03 13 20.470000 1 1
1981 03 14 17.920000 1 1
1981 03 15 17.640000 1 1
1981 03 16 17.640000 1 1
1981 03 17 17.640000 1 1
1981 03 18 26.340000 1 1
1981 03 19 25.380000 1 1
1981 03 20 22.210000 1 1
1981 03 21 20.760000 1 1
1981 03 22 19.320000 1 1
1981 03 23 18.200000 1 1
1981 03 24 17.920000 1 1
1981 03 25 17.640000 1 1
1981 03 26 16.800000 1 1
1981 03 27 18.200000 1 1
1981 03 28 23.140000 1 1
1981 03 29 21.630000 1 1
1981 03 30 21.920000 1 1
1981 03 31 22.210000 1 1
1981 04 01 20.180000 1 1
1981 04 02 17.640000 1 1
1981 04 03 17.080000 1 1
1981 04 04 16.020000 1 1
1981 04 05 16.020000 1 1
1981 04 06 16.020000 1 1
1981 04 07 15.760000 1 1
1981 04 08 15.500000 1 1
1981 04 09 15.240000 1 1
1981 04 10 15.240000 1 1
1981 04 11 14.980000 1 1
1981 04 12 14.720000 1 1
1981 04 13 14.200000 1 1
1981 04 14 14.200000 1 1
1981 04 15 14.460000 1 1
1981 04 16 14.720000 1 1
1981 04 17 14.460000 1 1
1981 04 18 14.460000 1 1
1981 04 19 14.460000 1 1
1981 04 20 14.460000 1 1
1981 04 21 13.950000 1 1
1981 04 22 12.700000 1 1
1981 04 23 13.950000 1 1
1981 04 24 13.700000 1 1
1981 04 25 13.450000 1 1
1981 04 26 13.200000 1 1
1981 04 27 12.950000 1 1
1981 04 28 14.460000 1 1
1981 04 29 19.320000 1 1
1981 04 30 24.740000 1 1
1981 05 01 23.140000 1 1
1981 05 02 21.050000 1 1
1981 05 03 15.500000 1 1
1981 05 04 16.540000 1 1
1981 05 05 16.800000 1 1
1981 05 06 14.460000 1 1
1981 05 07 14.200000 1 1
1981 05 08 13.950000 1 1
1981 05 09 13.450000 1 1
1981 05 10 13.200000 1 1
1981 05 11 12.950000 1 1
1981 05 12 12.950000 1 1
1981 05 13 12.700000 1 1
1981 05 14 12.700000 1 1
1981 05 15 13.200000 1 1
1981 05 16 13.200000 1 1
1981 05 17 12.950000 1 1
1981 05 18 12.950000 1 1
1981 05 19 12.950000 1 1
1981 05 20 12.700000 1 1
1981 05 21 12.450000 1 1
1981 05 22 12.450000 1 1
1981 05 23 12.450000 1 1
1981 05 24 12.450000 1 1
1981 05 25 12.700000 1 1
1981 05 26 14.200000 1 1
1981 05 27 13.200000 1 1
1981 05 28 12.950000 1 1
1981 05 29 16.020000 1 1
1981 05 30 14.720000 1 1
1981 05 31 14.200000 1 1
1981 06 01 13.950000 1 1
1981 06 02 13.450000 1 1
1981 06 03 12.950000 1 1
1981 06 04 12.950000 1 1
1981 06 05 12.950000 1 1
1981 06 06 13.700000 1 1
1981 06 07 13.450000 1 1
1981 06 08 13.200000 1 1
1981 06 09 13.200000 1 1
1981 06 10 13.200000 1 1
1981 06 11 13.200000 1 1
1981 06 12 13.950000 1 1
1981 06 13 14.460000 1 1
1981 06 14 14.460000 1 1
1981 06 15 14.720000 1 1
1981 06 16 14.200000 1 1
1981 06 17 14.200000 1 1
1981 06 18 14.200000 1 1
1981 06 19 15.760000 1 1
1981 06 20 15.240000 1 1
1981 06 21 14.460000 1 1
1981 06 22 14.460000 1 1
1981 06 23 13.950000 1 1
1981 06 24 13.450000 1 1
1981 06 25 13.450000 1 1
1981 06 26 12.950000 1 1
1981 06 27 12.700000 1 1
1981 06 28 12.700000 1 1
1981 06 29 12.700000 1 1
1981 06 30 12.450000 1 1
1981 07 01 11.700000 1 1
1981 07 02 11.700000 1 1
1981 07 03 11.474000 1 1
1981 07 04 11.474000 1 1
1981 07 05 11.248000 1 1
1981 07 06 11.248000 1 1
1981 07 07 11.474000 1 1
1981 07 08 11.474000 1 1
1981 07 09 11.474000 1 1
1981 07 10 11.248000 1 1
1981 07 11 11.248000 1 1
1981 07 12 11.248000 1 1
1981 07 13 11.022000 1 1
1981 07 14 11.022000 1 1
1981 07 15 10.796000 1 1
1981 07 16 10.796000 1 1
1981 07 17 10.796000 1 1
1981 07 18 10.796000 1 1
1981 07 19 10.570000 1 1
1981 07 20 10.570000 1 1
1981 07 21 10.344000 1 1
1981 07 22 10.344000 1 1
1981 07 23 10.344000 1 1
1981 07 24 10.570000 1 1
1981 07 25 10.570000 1 1
1981 07 26 10.570000 1 1
1981 07 27 10.570000 1 1
1981 07 28 10.570000 1 1
1981 07 29 10.570000 1 1
1981 07 30 10.570000 1 1
1981 07 31 10.570000 1 1
1981 08 01 10.570000 1 1
1981 08 02 10.570000 1 1
1981 08 03 10.570000 1 1
1981 08 04 10.344000 1 1
1981 08 05 10.118000 1 1
1981 08 06 10.118000 1 1
1981 08 07 9.892000 1 1
1981 08 08 9.892000 1 1
1981 08 09 9.892000 1 1
1981 08 10 9.892000 1 1
1981 08 11 10.344000 1 1
1981 08 12 10.344000 1 1
1981 08 13 10.344000 1 1
1981 08 14 10.118000 1 1
1981 08 15 10.118000 1 1
1981 08 16 9.892000 1 1
1981 08 17 9.892000 1 1
1981 08 18 17.360000 1 1
1981 08 19 18.760000 1 1
1981 08 20 14.720000 1 1
1981 08 21 12.950000 1 1
1981 08 22 11.700000 1 1
1981 08 23 11.022000 1 1
1981 08 24 11.022000 1 1
1981 08 25 10.796000 1 1
1981 08 26 10.796000 1 1
1981 08 27 10.570000 1 1
1981 08 28 10.344000 1 1
1981 08 29 10.344000 1 1
1981 08 30 10.344000 1 1
1981 08 31 10.344000 1 1
1981 09 01 10.570000 1 1
1981 09 02 10.570000 1 1
1981 09 03 10.570000 1 1
1981 09 04 10.570000 1 1
1981 09 05 10.344000 1 1
1981 09 06 10.344000 1 1
1981 09 07 10.118000 1 1
1981 09 08 10.118000 1 1
1981 09 09 10.118000 1 1
1981 09 10 9.892000 1 1
1981 09 11 9.666000 1 1
1981 09 12 9.666000 1 1
1981 09 13 9.440000 1 1
1981 09 14 9.666000 1 1
1981 09 15 9.666000 1 1
1981 09 16 9.666000 1 1
1981 09 17 9.233000 1 1
1981 09 18 9.440000 1 1
1981 09 19 9.233000 1 1
1981 09 20 9.233000 1 1
1981 09 21 9.233000 1 1
1981 09 22 9.440000 1 1
1981 09 23 9.440000 1 1
1981 09 24 9.233000 1 1
1981 09 25 9.233000 1 1
1981 09 26 9.666000 1 1
1981 09 27 9.666000 1 1
1981 09 28 10.344000 1 1
1981 09 29 10.344000 1 1
1981 09 30 12.950000 1 1
1981 10 01 10.570000 1 1
1981 10 02 9.892000 1 1
1981 10 03 9.440000 1 1
1981 10 04 9.233000 1 1
1981 10 05 15.240000 1 1
1981 10 06 15.240000 1 1
1981 10 07 14.200000 1 1
1981 10 08 11.950000 1 1
1981 10 09 10.796000 1 1
1981 10 10 10.570000 1 1
1981 10 11 10.570000 1 1
1981 10 12 11.474000 1 1
1981 10 13 11.474000 1 1
1981 10 14 11.474000 1 1
1981 10 15 12.450000 1 1
1981 10 16 13.200000 1 1
1981 10 17 12.700000 1 1
1981 10 18 12.200000 1 1
1981 10 19 12.200000 1 1
1981 10 20 16.020000 1 1
1981 10 21 21.050000 1 1
1981 10 22 16.280000 1 1
1981 10 23 14.200000 1 1
1981 10 24 13.700000 1 1
1981 10 25 13.450000 1 1
1981 10 26 12.950000 1 1
1981 10 27 18.200000 1 1
1981 10 28 19.890000 1 1
1981 10 29 16.280000 1 1
1981 10 30 16.020000 1 1
1981 10 31 16.800000 1 1
1981 11 01 16.800000 1 1
1981 11 02 15.500000 1 1
1981 11 03 14.720000 1 1
1981 11 04 15.240000 1 1
1981 11 05 18.200000 1 1
1981 11 06 14.980000 1 1
1981 11 07 13.200000 1 1
1981 11 08 42.330000 1 1
1981 11 09 32.660000 1 1
1981 11 10 29.580000 1 1
1981 11 11 29.580000 1 1
1981 11 12 33.020000 1 1
1981 11 13 29.920000 1 1
1981 11 14 28.580000 1 1
1981 11 15 30.260000 1 1
1981 11 16 26.020000 1 1
1981 11 17 24.740000 1 1
1981 11 18 21.050000 1 1
1981 11 19 21.050000 1 1
1981 11 20 38.490000 1 1
1981 11 21 55.800000 1 1
1981 11 22 37.380000 1 1
1981 11 23 24.740000 1 1
1981 11 24 21.340000 1 1
1981 11 25 19.320000 1 1
1981 11 26 25.700000 1 1
1981 11 27 26.980000 1 1
1981 11 28 23.460000 1 1
1981 11 29 19.320000 1 1
1981 11 30 17.920000 1 1
1981 12 01 17.640000 1 1
1981 12 02 20.180000 1 1
1981 12 03 25.700000 1 1
1981 12 04 31.280000 1 1
1981 12 05 22.820000 1 1
1981 12 06 20.760000 1 1
1981 12 07 23.140000 1 1
1981 12 08 41.160000 1 1
1981 12 09 43.890000 1 1
1981 12 10 52.790000 1 1
1981 12 11 48.220000 1 1
1981 12 12 50.680000 1 1
1981 12 13 40.770000 1 1
1981 12 14 84.820000 1 1
1981 12 15 30.940000 1 1
1981 12 16 35.540000 1 1
1981 12 17 148.400000 1 1
1981 12 18 77.360000 1 1
1981 12 19 60.550000 1 1
1981 12 20 37.010000 1 1
1981 12 21 29.240000 1 1
1981 12 22 26.020000 1 1
1981 12 23 22.820000 1 1
1981 12 24 21.630000 1 1
1981 12 25 21.630000 1 1
1981 12 26 21.050000 1 1
1981 12 27 21.050000 1 1
1981 12 28 21.050000 1 1
1981 12 29 21.340000 1 1
1981 12 30 21.050000 1 1
1981 12 31 20.180000 1 1
1982 01 01 17.920000 1 1
1982 01 02 37.380000 1 1
1982 01 03 99.400000 1 1
1982 01 04 82.300000 1 1
1982 01 05 77.360000 1 1
1982 01 06 47.010000 1 1
1982 01 07 43.500000 1 1
1982 01 08 33.380000 1 1
1982 01 09 29.580000 1 1
1982 01 10 29.920000 1 1
1982 01 11 41.940000 1 1
1982 01 12 84.310000 1 1
1982 01 13 103.320000 1 1
1982 01 14 68.830000 1 1
1982 01 15 52.790000 1 1
1982 01 16 52.360000 1 1
1982 01 17 58.810000 1 1
1982 01 18 29.920000 1 1
1982 01 19 26.980000 1 1
1982 01 20 25.380000 1 1
1982 01 21 32.660000 1 1
1982 01 22 30.600000 1 1
1982 01 23 29.920000 1 1
1982 01 24 40.380000 1 1
1982 01 25 46.230000 1 1
1982 01 26 41.550000 1 1
1982 01 27 37.380000 1 1
1982 01 28 31.620000 1 1
1982 01 29 30.600000 1 1
1982 01 30 30.600000 1 1
1982 01 31 27.940000 1 1
1982 02 01 25.380000 1 1
1982 02 02 26.020000 1 1
1982 02 03 28.580000 1 1
1982 02 04 26.980000 1 1
1982 02 05 23.780000 1 1
1982 02 06 29.580000 1 1
1982 02 07 28.900000 1 1
1982 02 08 22.820000 1 1
1982 02 09 21.050000 1 1
1982 02 10 20.470000 1 1
1982 02 11 19.890000 1 1
1982 02 12 18.760000 1 1
1982 02 13 18.200000 1 1
1982 02 14 18.480000 1 1
1982 02 15 17.640000 1 1
1982 02 16 17.080000 1 1
1982 02 17 16.800000 1 1
1982 02 18 16.800000 1 1
1982 02 19 16.800000 1 1
1982 02 20 16.800000 1 1
1982 02 21 16.800000 1 1
1982 02 22 19.600000 1 1
1982 02 23 17.360000 1 1
1982 02 24 16.800000 1 1
1982 02 25 25.380000 1 1
1982 02 26 26.020000 1 1
1982 02 27 22.820000 1 1
1982 02 28 40.380000 1 1
1982 03 01 36.640000 1 1
1982 03 02 38.490000 1 1
1982 03 03 27.620000 1 1
1982 03 04 28.900000 1 1
1982 03 05 19.890000 1 1
1982 03 06 21.050000 1 1
1982 03 07 27.620000 1 1
1982 03 08 44.280000 1 1
1982 03 09 62.350000 1 1
1982 03 10 70.710000 1 1
1982 03 11 60.100000 1 1
1982 03 12 46.620000 1 1
1982 03 13 46.230000 1 1
1982 03 14 45.840000 1 1
1982 03 15 49.860000 1 1
1982 03 16 43.890000 1 1
1982 03 17 36.270000 1 1
1982 03 18 31.620000 1 1
1982 03 19 111.200000 1 1
1982 03 20 48.630000 1 1
1982 03 21 47.010000 1 1
1982 03 22 43.110000 1 1
1982 03 23 33.020000 1 1
1982 03 24 30.940000 1 1
1982 03 25 33.740000 1 1
1982 03 26 30.260000 1 1
1982 03 27 26.660000 1 1
1982 03 28 110.000000 1 1
1982 03 29 90.460000 1 1
1982 03 30 114.800000 1 1
1982 03 31 126.200000 1 1
1982 04 01 68.360000 1 1
1982 04 02 58.810000 1 1
1982 04 03 38.490000 1 1
1982 04 04 45.060000 1 1
1982 04 05 48.630000 1 1
1982 04 06 32.300000 1 1
1982 04 07 30.940000 1 1
1982 04 08 28.580000 1 1
1982 04 09 27.300000 1 1
1982 04 10 25.700000 1 1
1982 04 11 25.380000 1 1
1982 04 12 25.060000 1 1
1982 04 13 24.420000 1 1
1982 04 14 24.420000 1 1
1982 04 15 25.700000 1 1
1982 04 16 27.620000 1 1
1982 04 17 24.420000 1 1
1982 04 18 23.460000 1 1
1982 04 19 22.820000 1 1
1982 04 20 22.820000 1 1
1982 04 21 22.820000 1 1
1982 04 22 22.500000 1 1
1982 04 23 21.630000 1 1
1982 04 24 21.630000 1 1
1982 04 25 21.340000 1 1
1982 04 26 21.340000 1 1
1982 04 27 20.470000 1 1
1982 04 28 20.470000 1 1
1982 04 29 20.760000 1 1
1982 04 30 20.760000 1 1
1982 05 01 26.020000 1 1
1982 05 02 20.470000 1 1
1982 05 03 21.630000 1 1
1982 05 04 20.760000 1 1
1982 05 05 19.890000 1 1
1982 05 06 19.040000 1 1
1982 05 07 19.040000 1 1
1982 05 08 19.040000 1 1
1982 05 09 18.480000 1 1
1982 05 10 18.480000 1 1
1982 05 11 18.480000 1 1
1982 05 12 18.480000 1 1
1982 05 13 18.480000 1 1
1982 05 14 18.480000 1 1
1982 05 15 18.480000 1 1
1982 05 16 18.200000 1 1
1982 05 17 17.920000 1 1
1982 05 18 17.920000 1 1
1982 05 19 17.360000 1 1
1982 05 20 17.640000 1 1
1982 05 21 17.640000 1 1
1982 05 22 17.640000 1 1
1982 05 23 17.640000 1 1
1982 05 24 17.920000 1 1
1982 05 25 17.920000 1 1
1982 05 26 19.320000 1 1
1982 05 27 20.180000 1 1
1982 05 28 17.360000 1 1
1982 05 29 17.920000 1 1
1982 05 30 17.920000 1 1
1982 05 31 17.920000 1 1
1982 06 01 17.360000 1 1
1982 06 02 16.800000 1 1
1982 06 03 17.640000 1 1
1982 06 04 17.360000 1 1
1982 06 05 17.080000 1 1
1982 06 06 18.480000 1 1
1982 06 07 16.800000 1 1
1982 06 08 17.640000 1 1
1982 06 09 17.640000 1 1
1982 06 10 17.080000 1 1
1982 06 11 16.280000 1 1
1982 06 12 16.800000 1 1
1982 06 13 16.540000 1 1
1982 06 14 16.540000 1 1
1982 06 15 16.280000 1 1
1982 06 16 16.280000 1 1
1982 06 17 15.760000 1 1
1982 06 18 15.500000 1 1
1982 06 19 16.020000 1 1
1982 06 20 16.020000 1 1
1982 06 21 15.760000 1 1
1982 06 22 15.760000 1 1
1982 06 23 15.500000 1 1
1982 06 24 15.500000 1 1
1982 06 25 15.500000 1 1
1982 06 26 15.500000 1 1
1982 06 27 15.760000 1 1
1982 06 28 15.760000 1 1
1982 06 29 15.500000 1 1
1982 06 30 15.240000 1 1
1982 07 01 15.240000 1 1
1982 07 02 15.240000 1 1
1982 07 03 14.720000 1 1
1982 07 04 14.720000 1 1
1982 07 05 14.720000 1 1
1982 07 06 14.460000 1 1
1982 07 07 14.460000 1 1
1982 07 08 14.200000 1 1
1982 07 09 14.200000 1 1
1982 07 10 14.200000 1 1
1982 07 11 14.460000 1 1
1982 07 12 14.460000 1 1
1982 07 13 14.460000 1 1
1982 07 14 14.460000 1 1
1982 07 15 14.460000 1 1
1982 07 16 14.460000 1 1
1982 07 17 14.460000 1 1
1982 07 18 14.460000 1 1
1982 07 19 15.240000 1 1
1982 07 20 15.240000 1 1
1982 07 21 14.980000 1 1
1982 07 22 14.720000 1 1
1982 07 23 14.200000 1 1
1982 07 24 14.200000 1 1
1982 07 25 14.200000 1 1
1982 07 26 14.200000 1 1
1982 07 27 13.950000 1 1
1982 07 28 13.950000 1 1
1982 07 29 13.950000 1 1
1982 07 30 15.240000 1 1
1982 07 31 15.760000 1 1
1982 08 01 14.980000 1 1
1982 08 02 14.720000 1 1
1982 08 03 14.200000 1 1
1982 08 04 13.700000 1 1
1982 08 05 14.200000 1 1
1982 08 06 14.200000 1 1
1982 08 07 13.950000 1 1
1982 08 08 13.700000 1 1
1982 08 09 13.700000 1 1
1982 08 10 13.700000 1 1
1982 08 11 13.700000 1 1
1982 08 12 13.700000 1 1
1982 08 13 13.950000 1 1
1982 08 14 13.950000 1 1
1982 08 15 13.950000 1 1
1982 08 16 13.950000 1 1
1982 08 17 13.700000 1 1
1982 08 18 13.700000 1 1
1982 08 19 13.950000 1 1
1982 08 20 13.950000 1 1
1982 08 21 13.700000 1 1
1982 08 22 12.950000 1 1
1982 08 23 12.950000 1 1
1982 08 24 12.700000 1 1
1982 08 25 12.700000 1 1
1982 08 26 12.700000 1 1
1982 08 27 12.200000 1 1
1982 08 28 12.200000 1 1
1982 08 29 12.200000 1 1
1982 08 30 12.700000 1 1
1982 08 31 13.450000 1 1
1982 09 01 13.950000 1 1
1982 09 02 14.980000 1 1
1982 09 03 14.720000 1 1
1982 09 04 13.950000 1 1
1982 09 05 12.450000 1 1
1982 09 06 12.200000 1 1
1982 09 07 12.200000 1 1
1982 09 08 11.700000 1 1
1982 09 09 11.950000 1 1
1982 09 10 11.700000 1 1
1982 09 11 11.700000 1 1
1982 09 12 11.700000 1 1
1982 09 13 10.796000 1 1
1982 09 14 10.344000 1 1
1982 09 15 11.022000 1 1
1982 09 16 10.796000 1 1
1982 09 17 11.022000 1 1
1982 09 18 11.700000 1 1
1982 09 19 11.700000 1 1
1982 09 20 10.570000 1 1
1982 09 21 10.344000 1 1
1982 09 22 11.700000 1 1
1982 09 23 12.450000 1 1
1982 09 24 13.200000 1 1
1982 09 25 12.950000 1 1
1982 09 26 11.700000 1 1
1982 09 27 11.950000 1 1
1982 09 28 11.950000 1 1
1982 09 29 11.950000 1 1
1982 09 30 11.700000 1 1
1982 10 01 11.700000 1 1
1982 10 02 11.950000 1 1
1982 10 03 13.450000 1 1
1982 10 04 15.760000 1 1
1982 10 05 14.460000 1 1
1982 10 06 12.450000 1 1
1982 10 07 13.200000 1 1
1982 10 08 15.500000 1 1
1982 10 09 18.200000 1 1
1982 10 10 17.920000 1 1
1982 10 11 28.580000 1 1
1982 10 12 30.600000 1 1
1982 10 13 33.740000 1 1
1982 10 14 26.340000 1 1
1982 10 15 33.380000 1 1
1982 10 16 18.200000 1 1
1982 10 17 16.280000 1 1
1982 10 18 15.240000 1 1
1982 10 19 13.950000 1 1
1982 10 20 13.200000 1 1
1982 10 21 13.200000 1 1
1982 10 22 12.700000 1 1
1982 10 23 12.700000 1 1
1982 10 24 12.700000 1 1
1982 10 25 12.200000 1 1
1982 10 26 12.700000 1 1
1982 10 27 13.450000 1 1
1982 10 28 26.020000 1 1
1982 10 29 80.300000 1 1
1982 10 30 49.860000 1 1
1982 10 31 44.670000 1 1
1982 11 01 40.380000 1 1
1982 11 02 27.940000 1 1
1982 11 03 18.760000 1 1
1982 11 04 14.980000 1 1
1982 11 05 14.200000 1 1
1982 11 06 13.950000 1 1
1982 11 07 13.200000 1 1
1982 11 08 12.450000 1 1
1982 11 09 24.100000 1 1
1982 11 10 21.050000 1 1
1982 11 11 16.280000 1 1
1982 11 12 16.020000 1 1
1982 11 13 14.200000 1 1
1982 11 14 14.460000 1 1
1982 11 15 29.240000 1 1
1982 11 16 23.780000 1 1
1982 11 17 34.100000 1 1
1982 11 18 44.670000 1 1
1982 11 19 21.340000 1 1
1982 11 20 20.470000 1 1
1982 11 21 18.200000 1 1
1982 11 22 17.080000 1 1
1982 11 23 16.280000 1 1
1982 11 24 15.760000 1 1
1982 11 25 17.640000 1 1
1982 11 26 31.960000 1 1
1982 11 27 24.100000 1 1
1982 11 28 23.140000 1 1
1982 11 29 22.210000 1 1
1982 11 30 17.360000 1 1
1982 12 01 17.360000 1 1
1982 12 02 28.260000 1 1
1982 12 03 38.120000 1 1
1982 12 04 45.450000 1 1
1982 12 05 32.300000 1 1
1982 12 06 26.340000 1 1
1982 12 07 27.940000 1 1
1982 12 08 26.340000 1 1
1982 12 09 24.420000 1 1
1982 12 10 22.820000 1 1
1982 12 11 21.340000 1 1
1982 12 12 19.890000 1 1
1982 12 13 18.760000 1 1
1982 12 14 19.040000 1 1
1982 12 15 19.040000 1 1
1982 12 16 28.900000 1 1
1982 12 17 32.660000 1 1
1982 12 18 66.480000 1 1
1982 12 19 54.940000 1 1
1982 12 20 43.500000 1 1
1982 12 21 60.100000 1 1
1982 12 22 70.240000 1 1
1982 12 23 51.500000 1 1
1982 12 24 95.160000 1 1
1982 12 25 101.080000 1 1
1982 12 26 93.580000 1 1
1982 12 27 79.800000 1 1
1982 12 28 60.100000 1 1
1982 12 29 88.390000 1 1
1982 12 30 132.800000 1 1
1982 12 31 107.500000 1 1
1983 01 01 80.800000 1 1
1983 01 02 131.600000 1 1
1983 01 03 136.400000 1 1
1983 01 04 156.200000 1 1
1983 01 05 108.000000 1 1
1983 01 06 93.580000 1 1
1983 01 07 94.100000 1 1
1983 01 08 83.800000 1 1
1983 01 09 88.900000 1 1
1983 01 10 74.000000 1 1
1983 01 11 74.000000 1 1
1983 01 12 143.000000 1 1
1983 01 13 212.300000 1 1
1983 01 14 185.000000 1 1
1983 01 15 113.000000 1 1
1983 01 16 74.000000 1 1
1983 01 17 83.300000 1 1
1983 01 18 55.800000 1 1
1983 01 19 47.400000 1 1
1983 01 20 54.940000 1 1
1983 01 21 101.080000 1 1
1983 01 22 nan nan 0
1983 01 23 nan nan 0
1983 01 24 nan nan 0
1983 01 25 nan nan 0
1983 01 26 nan nan 0
1983 01 27 nan nan 0
1983 01 28 nan nan 0
1983 01 29 nan nan 0
1983 01 30 nan nan 0
1983 01 31 nan nan 0
1983 02 01 nan nan 0
1983 02 02 34.100000 1 1
1983 02 03 44.280000 1 1
1983 02 04 40.380000 1 1
1983 02 05 35.900000 1 1
1983 02 06 55.370000 1 1
1983 02 07 72.590000 1 1
1983 02 08 58.810000 1 1
1983 02 09 51.930000 1 1
1983 02 10 73.060000 1 1
1983 02 11 49.450000 1 1
1983 02 12 45.450000 1 1
1983 02 13 92.540000 1 1
1983 02 14 174.400000 1 1
1983 02 15 149.600000 1 1
1983 02 16 138.800000 1 1
1983 02 17 61.900000 1 1
1983 02 18 48.630000 1 1
1983 02 19 44.280000 1 1
1983 02 20 39.230000 1 1
1983 02 21 37.380000 1 1
1983 02 22 35.900000 1 1
1983 02 23 35.180000 1 1
1983 02 24 33.380000 1 1
1983 02 25 32.300000 1 1
1983 02 26 32.300000 1 1
1983 02 27 57.950000 1 1
1983 02 28 120.800000 1 1
1983 03 01 71.180000 1 1
1983 03 02 71.650000 1 1
1983 03 03 57.090000 1 1
1983 03 04 40.380000 1 1
1983 03 05 44.280000 1 1
1983 03 06 51.930000 1 1
1983 03 07 75.920000 1 1
1983 03 08 63.250000 1 1
1983 03 09 51.500000 1 1
1983 03 10 41.550000 1 1
1983 03 11 37.750000 1 1
1983 03 12 35.180000 1 1
1983 03 13 36.640000 1 1
1983 03 14 36.640000 1 1
1983 03 15 36.640000 1 1
1983 03 16 36.640000 1 1
1983 03 17 35.180000 1 1
1983 03 18 45.450000 1 1
1983 03 19 43.500000 1 1
1983 03 20 61.000000 1 1
1983 03 21 159.600000 1 1
1983 03 22 133.400000 1 1
1983 03 23 82.800000 1 1
1983 03 24 53.650000 1 1
1983 03 25 46.620000 1 1
1983 03 26 43.110000 1 1
1983 03 27 46.620000 1 1
1983 03 28 45.450000 1 1
1983 03 29 50.680000 1 1
1983 03 30 44.280000 1 1
1983 03 31 41.160000 1 1
