year month day streamflow_m3s qual_control_by_ana qual_flag
1971 01 01 nan nan nan
1971 01 02 nan nan nan
1971 01 03 nan nan nan
1971 01 04 nan nan nan
1971 01 05 nan nan nan
1971 01 06 nan nan nan
1971 01 07 nan nan nan
1971 01 08 nan nan nan
1971 01 09 nan nan nan
1971 01 10 nan nan nan
1971 01 11 nan nan nan
1971 01 12 nan nan nan
1971 01 13 nan nan nan
1971 01 14 nan nan nan
1971 01 15 44.813000 0 0
1971 01 16 40.501000 0 0
1971 01 17 38.830000 0 0
1971 01 18 40.501000 0 0
1971 01 19 50.236000 0 0
1971 01 20 52.103000 0 0
1971 01 21 48.398000 0 0
1971 01 22 44.813000 0 0
1971 01 23 43.065000 0 0
1971 01 24 42.203000 0 0
1971 01 25 37.189000 0 0
1971 01 26 35.579000 0 0
1971 01 27 34.000000 0 0
1971 01 28 32.453000 0 0
1971 01 29 33.223000 0 0
1971 01 30 30.937000 0 0
1971 01 31 29.452000 0 0
1971 02 01 nan nan nan
1971 02 02 nan nan nan
1971 02 03 nan nan nan
1971 02 04 nan nan nan
1971 02 05 nan nan nan
1971 02 06 nan nan nan
1971 02 07 nan nan nan
1971 02 08 nan nan nan
1971 02 09 nan nan nan
1971 02 10 nan nan nan
1971 02 11 nan nan nan
1971 02 12 nan nan nan
1971 02 13 nan nan nan
1971 02 14 nan nan nan
1971 02 15 nan nan nan
1971 02 16 nan nan nan
1971 02 17 nan nan nan
1971 02 18 nan nan nan
1971 02 19 nan nan nan
1971 02 20 nan nan nan
1971 02 21 nan nan nan
1971 02 22 nan nan nan
1971 02 23 nan nan nan
1971 02 24 nan nan nan
1971 02 25 nan nan nan
1971 02 26 nan nan nan
1971 02 27 nan nan nan
1971 02 28 nan nan nan
1971 03 01 nan nan nan
1971 03 02 nan nan nan
1971 03 03 nan nan nan
1971 03 04 nan nan nan
1971 03 05 nan nan nan
1971 03 06 nan nan nan
1971 03 07 nan nan nan
1971 03 08 nan nan nan
1971 03 09 nan nan nan
1971 03 10 nan nan nan
1971 03 11 nan nan nan
1971 03 12 nan nan nan
1971 03 13 nan nan nan
1971 03 14 nan nan nan
1971 03 15 nan nan nan
1971 03 16 nan nan nan
1971 03 17 nan nan nan
1971 03 18 nan nan nan
1971 03 19 nan nan nan
1971 03 20 nan nan nan
1971 03 21 nan nan nan
1971 03 22 nan nan nan
1971 03 23 nan nan nan
1971 03 24 nan nan nan
1971 03 25 nan nan nan
1971 03 26 nan nan nan
1971 03 27 nan nan nan
1971 03 28 nan nan nan
1971 03 29 nan nan nan
1971 03 30 nan nan nan
1971 03 31 nan nan nan
1971 04 01 38.830000 0 0
1971 04 02 39.661000 0 0
1971 04 03 39.661000 0 0
1971 04 04 40.501000 0 0
1971 04 05 38.830000 0 0
1971 04 06 37.189000 0 0
1971 04 07 37.189000 0 0
1971 04 08 35.579000 0 0
1971 04 09 35.579000 0 0
1971 04 10 38.005000 0 0
1971 04 11 39.661000 0 0
1971 04 12 41.348000 0 0
1971 04 13 41.348000 0 0
1971 04 14 38.830000 0 0
1971 04 15 37.189000 0 0
1971 04 16 37.189000 0 0
1971 04 17 36.380000 0 0
1971 04 18 36.380000 0 0
1971 04 19 33.223000 0 0
1971 04 20 31.691000 0 0
1971 04 21 32.453000 0 0
1971 04 22 32.453000 0 0
1971 04 23 33.223000 0 0
1971 04 24 33.223000 0 0
1971 04 25 31.691000 0 0
1971 04 26 30.937000 0 0
1971 04 27 28.722000 0 0
1971 04 28 27.286000 0 0
1971 04 29 27.286000 0 0
1971 04 30 27.286000 0 0
1971 05 01 25.881000 0 0
1971 05 02 25.191000 0 0
1971 05 03 25.881000 0 0
1971 05 04 25.881000 0 0
1971 05 05 25.191000 0 0
1971 05 06 24.509000 0 0
1971 05 07 25.191000 0 0
1971 05 08 24.509000 0 0
1971 05 09 23.836000 0 0
1971 05 10 24.509000 0 0
1971 05 11 23.836000 0 0
1971 05 12 23.836000 0 0
1971 05 13 23.170000 0 0
1971 05 14 22.513000 0 0
1971 05 15 22.513000 0 0
1971 05 16 23.170000 0 0
1971 05 17 21.864000 0 0
1971 05 18 22.513000 0 0
1971 05 19 23.170000 0 0
1971 05 20 22.513000 0 0
1971 05 21 21.864000 0 0
1971 05 22 22.513000 0 0
1971 05 23 23.170000 0 0
1971 05 24 23.170000 0 0
1971 05 25 22.513000 0 0
1971 05 26 21.864000 0 0
1971 05 27 21.864000 0 0
1971 05 28 21.864000 0 0
1971 05 29 22.513000 0 0
1971 05 30 21.864000 0 0
1971 05 31 21.864000 0 0
1971 06 01 21.223000 0 0
1971 06 02 21.864000 0 0
1971 06 03 21.223000 0 0
1971 06 04 21.864000 0 0
1971 06 05 21.864000 0 0
1971 06 06 21.223000 0 0
1971 06 07 21.223000 0 0
1971 06 08 19.350000 0 0
1971 06 09 18.144000 0 0
1971 06 10 17.553000 0 0
1971 06 11 18.144000 0 0
1971 06 12 23.836000 0 0
1971 06 13 34.000000 0 0
1971 06 14 37.189000 0 0
1971 06 15 36.380000 0 0
1971 06 16 35.579000 0 0
1971 06 17 34.786000 0 0
1971 06 18 37.189000 0 0
1971 06 19 39.661000 0 0
1971 06 20 41.348000 0 0
1971 06 21 39.661000 0 0
1971 06 22 40.501000 0 0
1971 06 23 41.348000 0 0
1971 06 24 38.005000 0 0
1971 06 25 32.453000 0 0
1971 06 26 28.000000 0 0
1971 06 27 25.191000 0 0
1971 06 28 23.836000 0 0
1971 06 29 23.170000 0 0
1971 06 30 21.864000 0 0
1971 07 01 22.513000 0 0
1971 07 02 23.170000 0 0
1971 07 03 23.836000 0 0
1971 07 04 23.170000 0 0
1971 07 05 23.836000 0 0
1971 07 06 23.170000 0 0
1971 07 07 21.864000 0 0
1971 07 08 23.170000 0 0
1971 07 09 23.170000 0 0
1971 07 10 22.513000 0 0
1971 07 11 22.513000 0 0
1971 07 12 20.590000 0 0
1971 07 13 19.350000 0 0
1971 07 14 18.743000 0 0
1971 07 15 19.350000 0 0
1971 07 16 18.144000 0 0
1971 07 17 17.553000 0 0
1971 07 18 16.971000 0 0
1971 07 19 16.971000 0 0
1971 07 20 16.398000 0 0
1971 07 21 15.833000 0 0
1971 07 22 15.277000 0 0
1971 07 23 15.277000 0 0
1971 07 24 15.277000 0 0
1971 07 25 15.277000 0 0
1971 07 26 16.398000 0 0
1971 07 27 17.553000 0 0
1971 07 28 18.743000 0 0
1971 07 29 20.590000 0 0
1971 07 30 22.513000 0 0
1971 07 31 25.191000 0 0
1971 08 01 26.579000 0 0
1971 08 02 28.722000 0 0
1971 08 03 29.452000 0 0
1971 08 04 24.509000 0 0
1971 08 05 21.864000 0 0
1971 08 06 20.590000 0 0
1971 08 07 19.966000 0 0
1971 08 08 19.350000 0 0
1971 08 09 19.350000 0 0
1971 08 10 16.971000 0 0
1971 08 11 15.277000 0 0
1971 08 12 15.277000 0 0
1971 08 13 15.833000 0 0
1971 08 14 15.833000 0 0
1971 08 15 15.277000 0 0
1971 08 16 16.398000 0 0
1971 08 17 16.398000 0 0
1971 08 18 15.833000 0 0
1971 08 19 15.833000 0 0
1971 08 20 16.398000 0 0
1971 08 21 15.277000 0 0
1971 08 22 15.833000 0 0
1971 08 23 16.398000 0 0
1971 08 24 16.398000 0 0
1971 08 25 14.191000 0 0
1971 08 26 13.661000 0 0
1971 08 27 16.971000 0 0
1971 08 28 13.140000 0 0
1971 08 29 14.191000 0 0
1971 08 30 14.730000 0 0
1971 08 31 13.661000 0 0
1971 09 01 14.191000 0 0
1971 09 02 13.661000 0 0
1971 09 03 13.140000 0 0
1971 09 04 12.627000 0 0
1971 09 05 13.661000 0 0
1971 09 06 12.627000 0 0
1971 09 07 12.627000 0 0
1971 09 08 13.140000 0 0
1971 09 09 18.743000 0 0
1971 09 10 23.836000 0 0
1971 09 11 29.452000 0 0
1971 09 12 30.191000 0 0
1971 09 13 28.000000 0 0
1971 09 14 25.881000 0 0
1971 09 15 25.881000 0 0
1971 09 16 24.509000 0 0
1971 09 17 24.509000 0 0
1971 09 18 23.170000 0 0
1971 09 19 18.743000 0 0
1971 09 20 17.553000 0 0
1971 09 21 16.971000 0 0
1971 09 22 15.833000 0 0
1971 09 23 15.833000 0 0
1971 09 24 15.833000 0 0
1971 09 25 15.833000 0 0
1971 09 26 15.833000 0 0
1971 09 27 16.398000 0 0
1971 09 28 15.833000 0 0
1971 09 29 15.277000 0 0
1971 09 30 15.277000 0 0
1971 10 01 36.380000 0 0
1971 10 02 38.005000 0 0
1971 10 03 38.830000 0 0
1971 10 04 38.005000 0 0
1971 10 05 34.000000 0 0
1971 10 06 21.864000 0 0
1971 10 07 35.579000 0 0
1971 10 08 45.698000 0 0
1971 10 09 48.398000 0 0
1971 10 10 47.491000 0 0
1971 10 11 44.813000 0 0
1971 10 12 43.935000 0 0
1971 10 13 43.065000 0 0
1971 10 14 41.348000 0 0
1971 10 15 40.501000 0 0
1971 10 16 39.661000 0 0
1971 10 17 36.380000 0 0
1971 10 18 31.691000 0 0
1971 10 19 28.722000 0 0
1971 10 20 27.286000 0 0
1971 10 21 25.191000 0 0
1971 10 22 25.191000 0 0
1971 10 23 23.836000 0 0
1971 10 24 23.170000 0 0
1971 10 25 23.170000 0 0
1971 10 26 23.836000 0 0
1971 10 27 24.509000 0 0
1971 10 28 32.453000 0 0
1971 10 29 43.065000 0 0
1971 10 30 34.000000 0 0
1971 10 31 30.191000 0 0
1971 11 01 31.691000 0 0
1971 11 02 34.000000 0 0
1971 11 03 38.830000 0 0
1971 11 04 47.491000 0 0
1971 11 05 54.959000 0 0
1971 11 06 54.000000 0 0
1971 11 07 51.166000 0 0
1971 11 08 43.935000 0 0
1971 11 09 34.786000 0 0
1971 11 10 31.691000 0 0
1971 11 11 30.191000 0 0
1971 11 12 31.691000 0 0
1971 11 13 31.691000 0 0
1971 11 14 30.191000 0 0
1971 11 15 27.286000 0 0
1971 11 16 25.881000 0 0
1971 11 17 23.170000 0 0
1971 11 18 23.170000 0 0
1971 11 19 23.170000 0 0
1971 11 20 22.513000 0 0
1971 11 21 27.286000 0 0
1971 11 22 26.579000 0 0
1971 11 23 26.579000 0 0
1971 11 24 25.881000 0 0
1971 11 25 25.881000 0 0
1971 11 26 29.452000 0 0
1971 11 27 30.937000 0 0
1971 11 28 35.579000 0 0
1971 11 29 38.005000 0 0
1971 11 30 36.380000 0 0
1971 12 01 42.203000 0 0
1971 12 02 43.935000 0 0
1971 12 03 45.698000 0 0
1971 12 04 63.923000 0 0
1971 12 05 95.495000 0 0
1971 12 06 94.273000 0 0
1971 12 07 82.438000 0 0
1971 12 08 109.379000 0 0
1971 12 09 119.988000 0 0
1971 12 10 117.295000 0 0
1971 12 11 90.650000 0 0
1971 12 12 90.650000 0 0
1971 12 13 89.456000 0 0
1971 12 14 89.456000 0 0
1971 12 15 93.059000 0 0
1971 12 16 94.273000 0 0
1971 12 17 96.723000 0 0
1971 12 18 96.723000 0 0
1971 12 19 97.958000 0 0
1971 12 20 96.723000 0 0
1971 12 21 100.449000 0 0
1971 12 22 114.630000 0 0
1971 12 23 152.836000 0 0
1971 12 24 180.922000 0 0
1971 12 25 187.441000 0 0
1971 12 26 184.169000 0 0
1971 12 27 277.251000 0 0
1971 12 28 256.191000 0 0
1971 12 29 228.647000 0 0
1971 12 30 204.178000 0 0
1971 12 31 212.778000 0 0
1972 01 01 204.178000 0 0
1972 01 02 197.409000 0 0
1972 01 03 174.503000 0 0
1972 01 04 157.374000 0 0
1972 01 05 149.843000 0 0
1972 01 06 141.019000 0 0
1972 01 07 139.572000 0 0
1972 01 08 141.019000 0 0
1972 01 09 143.935000 0 0
1972 01 10 169.755000 0 0
1972 01 11 182.542000 0 0
1972 01 12 172.914000 0 0
1972 01 13 141.019000 0 0
1972 01 14 121.344000 0 0
1972 01 15 115.959000 0 0
1972 01 16 110.682000 0 0
1972 01 17 102.966000 0 0
1972 01 18 101.704000 0 0
1972 01 19 102.966000 0 0
1972 01 20 102.966000 0 0
1972 01 21 102.966000 0 0
1972 01 22 113.307000 0 0
1972 01 23 136.695000 0 0
1972 01 24 155.855000 0 0
1972 01 25 161.969000 0 0
1972 01 26 194.061000 0 0
1972 01 27 214.517000 0 0
1972 01 28 200.781000 0 0
1972 01 29 195.732000 0 0
1972 01 30 195.732000 0 0
1972 01 31 197.409000 0 0
1972 02 01 197.409000 0 0
1972 02 02 184.169000 0 0
1972 02 03 184.169000 0 0
1972 02 04 190.739000 0 0
1972 02 05 189.087000 0 0
1972 02 06 194.061000 0 0
1972 02 07 200.781000 0 0
1972 02 08 197.409000 0 0
1972 02 09 190.739000 0 0
1972 02 10 187.441000 0 0
1972 02 11 184.169000 0 0
1972 02 12 194.061000 0 0
1972 02 13 197.409000 0 0
1972 02 14 200.781000 0 0
1972 02 15 194.061000 0 0
1972 02 16 192.397000 0 0
1972 02 17 187.441000 0 0
1972 02 18 184.169000 0 0
1972 02 19 180.922000 0 0
1972 02 20 174.503000 0 0
1972 02 21 180.922000 0 0
1972 02 22 184.169000 0 0
1972 02 23 190.739000 0 0
1972 02 24 200.781000 0 0
1972 02 25 204.178000 0 0
1972 02 26 219.770000 0 0
1972 02 27 221.533000 0 0
1972 02 28 273.368000 0 0
1972 02 29 263.765000 0 0
1972 03 01 235.859000 0 0
1972 03 02 239.501000 0 0
1972 03 03 235.859000 0 0
1972 03 04 218.013000 0 0
1972 03 05 205.885000 0 0
1972 03 06 190.739000 0 0
1972 03 07 177.700000 0 0
1972 03 08 174.503000 0 0
1972 03 09 180.922000 0 0
1972 03 10 184.169000 0 0
1972 03 11 190.739000 0 0
1972 03 12 192.397000 0 0
1972 03 13 194.061000 0 0
1972 03 14 194.061000 0 0
1972 03 15 190.739000 0 0
1972 03 16 202.476000 0 0
1972 03 17 200.781000 0 0
1972 03 18 197.409000 0 0
1972 03 19 189.087000 0 0
1972 03 20 184.169000 0 0
1972 03 21 180.922000 0 0
1972 03 22 177.700000 0 0
1972 03 23 171.331000 0 0
1972 03 24 174.503000 0 0
1972 03 25 180.922000 0 0
1972 03 26 190.739000 0 0
1972 03 27 209.320000 0 0
1972 03 28 211.046000 0 0
1972 03 29 204.178000 0 0
1972 03 30 187.441000 0 0
1972 03 31 176.098000 0 0
1972 04 01 165.064000 0 0
1972 04 02 155.855000 0 0
1972 04 03 141.019000 0 0
1972 04 04 149.843000 0 0
1972 04 05 152.836000 0 0
1972 04 06 157.374000 0 0
1972 04 07 161.969000 0 0
1972 04 08 161.969000 0 0
1972 04 09 155.855000 0 0
1972 04 10 149.843000 0 0
1972 04 11 145.402000 0 0
1972 04 12 141.019000 0 0
1972 04 13 138.130000 0 0
1972 04 14 136.695000 0 0
1972 04 15 136.695000 0 0
1972 04 16 135.267000 0 0
1972 04 17 132.430000 0 0
1972 04 18 131.021000 0 0
1972 04 19 124.076000 0 0
1972 04 20 121.344000 0 0
1972 04 21 117.295000 0 0
1972 04 22 114.630000 0 0
1972 04 23 110.682000 0 0
1972 04 24 108.083000 0 0
1972 04 25 104.235000 0 0
1972 04 26 102.966000 0 0
1972 04 27 97.958000 0 0
1972 04 28 93.059000 0 0
1972 04 29 88.269000 0 0
1972 04 30 85.916000 0 0
1972 05 01 83.590000 0 0
1972 05 02 82.438000 0 0
1972 05 03 81.292000 0 0
1972 05 04 80.154000 0 0
1972 05 05 79.022000 0 0
1972 05 06 79.022000 0 0
1972 05 07 79.022000 0 0
1972 05 08 77.898000 0 0
1972 05 09 77.898000 0 0
1972 05 10 77.898000 0 0
1972 05 11 76.780000 0 0
1972 05 12 76.780000 0 0
1972 05 13 76.780000 0 0
1972 05 14 75.670000 0 0
1972 05 15 75.670000 0 0
1972 05 16 75.670000 0 0
1972 05 17 75.670000 0 0
1972 05 18 75.670000 0 0
1972 05 19 75.670000 0 0
1972 05 20 75.670000 0 0
1972 05 21 74.567000 0 0
1972 05 22 74.567000 0 0
1972 05 23 74.567000 0 0
1972 05 24 75.670000 0 0
1972 05 25 79.022000 0 0
1972 05 26 93.059000 0 0
1972 05 27 97.958000 0 0
1972 05 28 97.958000 0 0
1972 05 29 88.269000 0 0
1972 05 30 80.154000 0 0
1972 05 31 74.567000 0 0
1972 06 01 72.381000 0 0
1972 06 02 71.299000 0 0
1972 06 03 71.299000 0 0
1972 06 04 70.224000 0 0
1972 06 05 69.156000 0 0
1972 06 06 68.095000 0 0
1972 06 07 65.995000 0 0
1972 06 08 65.995000 0 0
1972 06 09 65.995000 0 0
1972 06 10 63.923000 0 0
1972 06 11 63.923000 0 0
1972 06 12 62.898000 0 0
1972 06 13 62.898000 0 0
1972 06 14 61.880000 0 0
1972 06 15 61.880000 0 0
1972 06 16 60.870000 0 0
1972 06 17 60.870000 0 0
1972 06 18 61.880000 0 0
1972 06 19 62.898000 0 0
1972 06 20 61.880000 0 0
1972 06 21 61.880000 0 0
1972 06 22 61.880000 0 0
1972 06 23 60.870000 0 0
1972 06 24 59.867000 0 0
1972 06 25 57.882000 0 0
1972 06 26 56.900000 0 0
1972 06 27 55.926000 0 0
1972 06 28 55.926000 0 0
1972 06 29 54.959000 0 0
1972 06 30 54.000000 0 0
1972 07 01 54.000000 0 0
1972 07 02 53.048000 0 0
1972 07 03 52.103000 0 0
1972 07 04 54.000000 0 0
1972 07 05 54.000000 0 0
1972 07 06 54.959000 0 0
1972 07 07 55.926000 0 0
1972 07 08 58.871000 0 0
1972 07 09 60.870000 0 0
1972 07 10 67.041000 0 0
1972 07 11 70.224000 0 0
1972 07 12 77.898000 0 0
1972 07 13 85.916000 0 0
1972 07 14 87.089000 0 0
1972 07 15 85.916000 0 0
1972 07 16 85.916000 0 0
1972 07 17 83.590000 0 0
1972 07 18 83.590000 0 0
1972 07 19 82.438000 0 0
1972 07 20 81.292000 0 0
1972 07 21 79.022000 0 0
1972 07 22 79.022000 0 0
1972 07 23 74.567000 0 0
1972 07 24 68.095000 0 0
1972 07 25 63.923000 0 0
1972 07 26 61.880000 0 0
1972 07 27 57.882000 0 0
1972 07 28 48.398000 0 0
1972 07 29 47.491000 0 0
1972 07 30 46.591000 0 0
1972 07 31 46.591000 0 0
1972 08 01 47.491000 0 0
1972 08 02 46.591000 0 0
1972 08 03 44.813000 0 0
1972 08 04 50.236000 0 0
1972 08 05 59.867000 0 0
1972 08 06 68.095000 0 0
1972 08 07 68.095000 0 0
1972 08 08 63.923000 0 0
1972 08 09 63.923000 0 0
1972 08 10 61.880000 0 0
1972 08 11 54.000000 0 0
1972 08 12 52.103000 0 0
1972 08 13 52.103000 0 0
1972 08 14 50.236000 0 0
1972 08 15 49.313000 0 0
1972 08 16 46.591000 0 0
1972 08 17 44.813000 0 0
1972 08 18 45.698000 0 0
1972 08 19 45.698000 0 0
1972 08 20 46.591000 0 0
1972 08 21 44.813000 0 0
1972 08 22 43.065000 0 0
1972 08 23 41.348000 0 0
1972 08 24 38.005000 0 0
1972 08 25 36.380000 0 0
1972 08 26 35.579000 0 0
1972 08 27 34.786000 0 0
1972 08 28 34.786000 0 0
1972 08 29 34.000000 0 0
1972 08 30 34.000000 0 0
1972 08 31 33.223000 0 0
1972 09 01 33.223000 0 0
1972 09 02 34.786000 0 0
1972 09 03 35.579000 0 0
1972 09 04 37.189000 0 0
1972 09 05 38.005000 0 0
1972 09 06 39.661000 0 0
1972 09 07 43.935000 0 0
1972 09 08 44.813000 0 0
1972 09 09 44.813000 0 0
1972 09 10 44.813000 0 0
1972 09 11 43.065000 0 0
1972 09 12 41.348000 0 0
1972 09 13 39.661000 0 0
1972 09 14 38.005000 0 0
1972 09 15 36.380000 0 0
1972 09 16 34.000000 0 0
1972 09 17 33.223000 0 0
1972 09 18 31.691000 0 0
1972 09 19 33.223000 0 0
1972 09 20 34.786000 0 0
1972 09 21 34.000000 0 0
1972 09 22 34.786000 0 0
1972 09 23 34.786000 0 0
1972 09 24 35.579000 0 0
1972 09 25 36.380000 0 0
1972 09 26 38.005000 0 0
1972 09 27 38.005000 0 0
1972 09 28 40.501000 0 0
1972 09 29 43.065000 0 0
1972 09 30 43.065000 0 0
1972 10 01 43.935000 0 0
1972 10 02 45.698000 0 0
1972 10 03 52.103000 0 0
1972 10 04 55.926000 0 0
1972 10 05 61.880000 0 0
1972 10 06 69.156000 0 0
1972 10 07 74.567000 0 0
1972 10 08 82.438000 0 0
1972 10 09 83.590000 0 0
1972 10 10 84.750000 0 0
1972 10 11 88.269000 0 0
1972 10 12 88.269000 0 0
1972 10 13 82.438000 0 0
1972 10 14 74.567000 0 0
1972 10 15 79.022000 0 0
1972 10 16 76.780000 0 0
1972 10 17 71.299000 0 0
1972 10 18 65.995000 0 0
1972 10 19 62.898000 0 0
1972 10 20 55.926000 0 0
1972 10 21 53.048000 0 0
1972 10 22 50.236000 0 0
1972 10 23 47.491000 0 0
1972 10 24 43.935000 0 0
1972 10 25 43.065000 0 0
1972 10 26 40.501000 0 0
1972 10 27 39.661000 0 0
1972 10 28 39.661000 0 0
1972 10 29 38.005000 0 0
1972 10 30 38.005000 0 0
1972 10 31 36.380000 0 0
1972 11 01 41.348000 0 0
1972 11 02 44.813000 0 0
1972 11 03 51.166000 0 0
1972 11 04 105.511000 0 0
1972 11 05 110.682000 0 0
1972 11 06 108.083000 0 0
1972 11 07 106.794000 0 0
1972 11 08 100.449000 0 0
1972 11 09 90.650000 0 0
1972 11 10 88.269000 0 0
1972 11 11 79.022000 0 0
1972 11 12 65.995000 0 0
1972 11 13 63.923000 0 0
1972 11 14 83.590000 0 0
1972 11 15 135.267000 0 0
1972 11 16 135.267000 0 0
1972 11 17 125.451000 0 0
1972 11 18 118.638000 0 0
1972 11 19 105.511000 0 0
1972 11 20 108.083000 0 0
1972 11 21 108.083000 0 0
1972 11 22 108.083000 0 0
1972 11 23 111.991000 0 0
1972 11 24 135.267000 0 0
1972 11 25 148.356000 0 0
1972 11 26 149.843000 0 0
1972 11 27 146.876000 0 0
1972 11 28 146.876000 0 0
1972 11 29 142.474000 0 0
1972 11 30 138.130000 0 0
1972 12 01 135.267000 0 0
1972 12 02 126.834000 0 0
1972 12 03 110.682000 0 0
1972 12 04 109.379000 0 0
1972 12 05 105.511000 0 0
1972 12 06 97.958000 0 0
1972 12 07 95.495000 0 0
1972 12 08 93.059000 0 0
1972 12 09 90.650000 0 0
1972 12 10 88.269000 0 0
1972 12 11 97.958000 0 0
1972 12 12 97.958000 0 0
1972 12 13 95.495000 0 0
1972 12 14 90.650000 0 0
1972 12 15 85.916000 0 0
1972 12 16 85.916000 0 0
1972 12 17 84.750000 0 0
1972 12 18 83.590000 0 0
1972 12 19 83.590000 0 0
1972 12 20 83.590000 0 0
1972 12 21 85.916000 0 0
1972 12 22 88.269000 0 0
1972 12 23 95.495000 0 0
1972 12 24 113.307000 0 0
1972 12 25 113.307000 0 0
1972 12 26 115.959000 0 0
1972 12 27 118.638000 0 0
1972 12 28 125.451000 0 0
1972 12 29 197.409000 0 0
1972 12 30 202.476000 0 0
1972 12 31 200.781000 0 0
1973 01 01 195.732000 0 0
1973 01 02 176.098000 0 0
1973 01 03 168.185000 0 0
1973 01 04 158.899000 0 0
1973 01 05 142.474000 0 0
1973 01 06 133.845000 0 0
1973 01 07 109.379000 0 0
1973 01 08 102.966000 0 0
1973 01 09 101.704000 0 0
1973 01 10 102.966000 0 0
1973 01 11 109.379000 0 0
1973 01 12 105.511000 0 0
1973 01 13 105.511000 0 0
1973 01 14 106.794000 0 0
1973 01 15 108.083000 0 0
1973 01 16 110.682000 0 0
1973 01 17 117.295000 0 0
1973 01 18 133.845000 0 0
1973 01 19 135.267000 0 0
1973 01 20 138.130000 0 0
1973 01 21 124.076000 0 0
1973 01 22 122.706000 0 0
1973 01 23 136.695000 0 0
1973 01 24 133.845000 0 0
1973 01 25 129.619000 0 0
1973 01 26 122.706000 0 0
1973 01 27 122.706000 0 0
1973 01 28 124.076000 0 0
1973 01 29 128.223000 0 0
1973 01 30 135.267000 0 0
1973 01 31 139.572000 0 0
1973 02 01 141.019000 0 0
1973 02 02 139.572000 0 0
1973 02 03 125.451000 0 0
1973 02 04 119.988000 0 0
1973 02 05 125.451000 0 0
1973 02 06 125.451000 0 0
1973 02 07 121.344000 0 0
1973 02 08 117.295000 0 0
1973 02 09 113.307000 0 0
1973 02 10 108.083000 0 0
1973 02 11 108.083000 0 0
1973 02 12 114.630000 0 0
1973 02 13 126.834000 0 0
1973 02 14 131.021000 0 0
1973 02 15 133.845000 0 0
1973 02 16 136.695000 0 0
1973 02 17 141.019000 0 0
1973 02 18 129.619000 0 0
1973 02 19 121.344000 0 0
1973 02 20 111.991000 0 0
1973 02 21 109.379000 0 0
1973 02 22 108.083000 0 0
1973 02 23 106.794000 0 0
1973 02 24 105.511000 0 0
1973 02 25 105.511000 0 0
1973 02 26 104.235000 0 0
1973 02 27 100.449000 0 0
1973 02 28 95.495000 0 0
1973 03 01 96.723000 0 0
1973 03 02 95.495000 0 0
1973 03 03 94.273000 0 0
1973 03 04 94.273000 0 0
1973 03 05 93.059000 0 0
1973 03 06 90.650000 0 0
1973 03 07 91.851000 0 0
1973 03 08 91.851000 0 0
1973 03 09 93.059000 0 0
1973 03 10 93.059000 0 0
1973 03 11 117.295000 0 0
1973 03 12 148.356000 0 0
1973 03 13 143.935000 0 0
1973 03 14 135.267000 0 0
1973 03 15 105.511000 0 0
1973 03 16 101.704000 0 0
1973 03 17 97.958000 0 0
1973 03 18 95.495000 0 0
1973 03 19 96.723000 0 0
1973 03 20 110.682000 0 0
1973 03 21 105.511000 0 0
1973 03 22 100.449000 0 0
1973 03 23 97.958000 0 0
1973 03 24 106.794000 0 0
1973 03 25 110.682000 0 0
1973 03 26 118.638000 0 0
1973 03 27 109.379000 0 0
1973 03 28 105.511000 0 0
1973 03 29 118.638000 0 0
1973 03 30 133.845000 0 0
1973 03 31 143.935000 0 0
1973 04 01 151.336000 0 0
1973 04 02 151.336000 0 0
1973 04 03 163.513000 0 0
1973 04 04 168.185000 0 0
1973 04 05 172.914000 0 0
1973 04 06 155.855000 0 0
1973 04 07 142.474000 0 0
1973 04 08 136.695000 0 0
1973 04 09 143.935000 0 0
1973 04 10 151.336000 0 0
1973 04 11 163.513000 0 0
1973 04 12 176.098000 0 0
1973 04 13 216.262000 0 0
1973 04 14 212.778000 0 0
1973 04 15 197.409000 0 0
1973 04 16 176.098000 0 0
1973 04 17 155.855000 0 0
1973 04 18 138.130000 0 0
1973 04 19 135.267000 0 0
1973 04 20 129.619000 0 0
1973 04 21 135.267000 0 0
1973 04 22 145.402000 0 0
1973 04 23 151.336000 0 0
1973 04 24 146.876000 0 0
1973 04 25 139.572000 0 0
1973 04 26 135.267000 0 0
1973 04 27 131.021000 0 0
1973 04 28 119.988000 0 0
1973 04 29 113.307000 0 0
1973 04 30 108.083000 0 0
1973 05 01 106.794000 0 0
1973 05 02 106.794000 0 0
1973 05 03 108.083000 0 0
1973 05 04 110.682000 0 0
1973 05 05 109.379000 0 0
1973 05 06 108.083000 0 0
1973 05 07 108.083000 0 0
1973 05 08 106.794000 0 0
1973 05 09 104.235000 0 0
1973 05 10 104.235000 0 0
1973 05 11 99.200000 0 0
1973 05 12 99.200000 0 0
1973 05 13 97.958000 0 0
1973 05 14 96.723000 0 0
1973 05 15 95.495000 0 0
1973 05 16 91.851000 0 0
1973 05 17 89.456000 0 0
1973 05 18 87.089000 0 0
1973 05 19 84.750000 0 0
1973 05 20 84.750000 0 0
1973 05 21 85.916000 0 0
1973 05 22 87.089000 0 0
1973 05 23 88.269000 0 0
1973 05 24 88.269000 0 0
1973 05 25 88.269000 0 0
1973 05 26 85.916000 0 0
1973 05 27 84.750000 0 0
1973 05 28 83.590000 0 0
1973 05 29 81.292000 0 0
1973 05 30 80.154000 0 0
1973 05 31 79.022000 0 0
1973 06 01 79.022000 0 0
1973 06 02 76.780000 0 0
1973 06 03 76.780000 0 0
1973 06 04 75.670000 0 0
1973 06 05 73.470000 0 0
1973 06 06 73.470000 0 0
1973 06 07 72.381000 0 0
1973 06 08 71.299000 0 0
1973 06 09 69.156000 0 0
1973 06 10 69.156000 0 0
1973 06 11 68.095000 0 0
1973 06 12 67.041000 0 0
1973 06 13 67.041000 0 0
1973 06 14 67.041000 0 0
1973 06 15 65.995000 0 0
1973 06 16 65.995000 0 0
1973 06 17 67.041000 0 0
1973 06 18 65.995000 0 0
1973 06 19 65.995000 0 0
1973 06 20 65.995000 0 0
1973 06 21 64.955000 0 0
1973 06 22 65.995000 0 0
1973 06 23 64.955000 0 0
1973 06 24 63.923000 0 0
1973 06 25 63.923000 0 0
1973 06 26 64.955000 0 0
1973 06 27 65.995000 0 0
1973 06 28 70.224000 0 0
1973 06 29 84.750000 0 0
1973 06 30 84.750000 0 0
1973 07 01 83.590000 0 0
1973 07 02 83.590000 0 0
1973 07 03 81.292000 0 0
1973 07 04 80.154000 0 0
1973 07 05 75.670000 0 0
1973 07 06 74.567000 0 0
1973 07 07 72.381000 0 0
1973 07 08 70.224000 0 0
1973 07 09 64.955000 0 0
1973 07 10 61.880000 0 0
1973 07 11 60.870000 0 0
1973 07 12 57.882000 0 0
1973 07 13 54.959000 0 0
1973 07 14 54.000000 0 0
1973 07 15 52.103000 0 0
1973 07 16 52.103000 0 0
1973 07 17 53.048000 0 0
1973 07 18 52.103000 0 0
1973 07 19 52.103000 0 0
1973 07 20 52.103000 0 0
1973 07 21 51.166000 0 0
1973 07 22 51.166000 0 0
1973 07 23 51.166000 0 0
1973 07 24 50.236000 0 0
1973 07 25 50.236000 0 0
1973 07 26 49.313000 0 0
1973 07 27 49.313000 0 0
1973 07 28 48.398000 0 0
1973 07 29 47.491000 0 0
1973 07 30 47.491000 0 0
1973 07 31 45.698000 0 0
1973 08 01 50.236000 0 0
1973 08 02 49.313000 0 0
1973 08 03 48.398000 0 0
1973 08 04 48.398000 0 0
1973 08 05 47.491000 0 0
1973 08 06 47.491000 0 0
1973 08 07 47.491000 0 0
1973 08 08 48.398000 0 0
1973 08 09 47.491000 0 0
1973 08 10 47.491000 0 0
1973 08 11 46.591000 0 0
1973 08 12 47.491000 0 0
1973 08 13 48.398000 0 0
1973 08 14 47.491000 0 0
1973 08 15 46.591000 0 0
1973 08 16 46.591000 0 0
1973 08 17 45.698000 0 0
1973 08 18 45.698000 0 0
1973 08 19 45.698000 0 0
1973 08 20 44.813000 0 0
1973 08 21 43.935000 0 0
1973 08 22 42.203000 0 0
1973 08 23 42.203000 0 0
1973 08 24 41.348000 0 0
1973 08 25 40.501000 0 0
1973 08 26 40.501000 0 0
1973 08 27 39.661000 0 0
1973 08 28 38.830000 0 0
1973 08 29 37.189000 0 0
1973 08 30 36.380000 0 0
1973 08 31 35.579000 0 0
1973 09 01 35.579000 0 0
1973 09 02 37.189000 0 0
1973 09 03 38.830000 0 0
1973 09 04 38.830000 0 0
1973 09 05 38.830000 0 0
1973 09 06 38.005000 0 0
1973 09 07 39.661000 0 0
1973 09 08 40.501000 0 0
1973 09 09 39.661000 0 0
1973 09 10 40.501000 0 0
1973 09 11 39.661000 0 0
1973 09 12 39.661000 0 0
1973 09 13 40.501000 0 0
1973 09 14 40.501000 0 0
1973 09 15 41.348000 0 0
1973 09 16 39.661000 0 0
1973 09 17 38.830000 0 0
1973 09 18 38.005000 0 0
1973 09 19 36.380000 0 0
1973 09 20 35.579000 0 0
1973 09 21 33.223000 0 0
1973 09 22 32.453000 0 0
1973 09 23 31.691000 0 0
1973 09 24 31.691000 0 0
1973 09 25 30.937000 0 0
1973 09 26 31.691000 0 0
1973 09 27 32.453000 0 0
1973 09 28 33.223000 0 0
1973 09 29 33.223000 0 0
1973 09 30 34.000000 0 0
1973 10 01 32.453000 0 0
1973 10 02 30.937000 0 0
1973 10 03 29.452000 0 0
1973 10 04 28.722000 0 0
1973 10 05 27.286000 0 0
1973 10 06 27.286000 0 0
1973 10 07 28.000000 0 0
1973 10 08 28.000000 0 0
1973 10 09 29.452000 0 0
1973 10 10 34.000000 0 0
1973 10 11 38.005000 0 0
1973 10 12 44.813000 0 0
1973 10 13 49.313000 0 0
1973 10 14 57.882000 0 0
1973 10 15 57.882000 0 0
1973 10 16 54.959000 0 0
1973 10 17 48.398000 0 0
1973 10 18 44.813000 0 0
1973 10 19 39.661000 0 0
1973 10 20 37.189000 0 0
1973 10 21 38.830000 0 0
1973 10 22 43.065000 0 0
1973 10 23 43.065000 0 0
1973 10 24 43.935000 0 0
1973 10 25 44.813000 0 0
1973 10 26 45.698000 0 0
1973 10 27 50.236000 0 0
1973 10 28 64.955000 0 0
1973 10 29 63.923000 0 0
1973 10 30 62.898000 0 0
1973 10 31 60.870000 0 0
1973 11 01 61.880000 0 0
1973 11 02 74.567000 0 0
1973 11 03 85.916000 0 0
1973 11 04 83.590000 0 0
1973 11 05 81.292000 0 0
1973 11 06 72.381000 0 0
1973 11 07 57.882000 0 0
1973 11 08 46.591000 0 0
1973 11 09 44.813000 0 0
1973 11 10 45.698000 0 0
1973 11 11 49.313000 0 0
1973 11 12 53.048000 0 0
1973 11 13 54.000000 0 0
1973 11 14 54.000000 0 0
1973 11 15 58.871000 0 0
1973 11 16 69.156000 0 0
1973 11 17 75.670000 0 0
1973 11 18 81.292000 0 0
1973 11 19 88.269000 0 0
1973 11 20 105.511000 0 0
1973 11 21 105.511000 0 0
1973 11 22 104.235000 0 0
1973 11 23 102.966000 0 0
1973 11 24 101.704000 0 0
1973 11 25 95.495000 0 0
1973 11 26 84.750000 0 0
1973 11 27 82.438000 0 0
1973 11 28 74.567000 0 0
1973 11 29 65.995000 0 0
1973 11 30 64.955000 0 0
1973 12 01 64.955000 0 0
1973 12 02 70.224000 0 0
1973 12 03 76.780000 0 0
1973 12 04 84.750000 0 0
1973 12 05 100.449000 0 0
1973 12 06 110.682000 0 0
1973 12 07 118.638000 0 0
1973 12 08 117.295000 0 0
1973 12 09 117.295000 0 0
1973 12 10 117.295000 0 0
1973 12 11 115.959000 0 0
1973 12 12 113.307000 0 0
1973 12 13 113.307000 0 0
1973 12 14 110.682000 0 0
1973 12 15 109.379000 0 0
1973 12 16 108.083000 0 0
1973 12 17 106.794000 0 0
1973 12 18 105.511000 0 0
1973 12 19 105.511000 0 0
1973 12 20 111.991000 0 0
1973 12 21 119.988000 0 0
1973 12 22 138.130000 0 0
1973 12 23 146.876000 0 0
1973 12 24 237.677000 0 0
1973 12 25 263.765000 0 0
1973 12 26 197.409000 0 0
1973 12 27 194.061000 0 0
1973 12 28 199.091000 0 0
1973 12 29 202.476000 0 0
1973 12 30 211.046000 0 0
1973 12 31 209.320000 0 0
1974 01 01 211.046000 0 0
1974 01 02 241.331000 0 0
1974 01 03 256.191000 0 0
1974 01 04 281.157000 0 0
1974 01 05 267.588000 0 0
1974 01 06 232.241000 0 0
1974 01 07 234.047000 0 0
1974 01 08 235.859000 0 0
1974 01 09 235.859000 0 0
1974 01 10 235.859000 0 0
1974 01 11 228.647000 0 0
1974 01 12 184.169000 0 0
1974 01 13 182.542000 0 0
1974 01 14 197.409000 0 0
1974 01 15 209.320000 0 0
1974 01 16 221.533000 0 0
1974 01 17 223.302000 0 0
1974 01 18 211.046000 0 0
1974 01 19 190.739000 0 0
1974 01 20 176.098000 0 0
1974 01 21 169.755000 0 0
1974 01 22 165.064000 0 0
1974 01 23 154.342000 0 0
1974 01 24 146.876000 0 0
1974 01 25 141.019000 0 0
1974 01 26 136.695000 0 0
1974 01 27 135.267000 0 0
1974 01 28 135.267000 0 0
1974 01 29 163.513000 0 0
1974 01 30 166.622000 0 0
1974 01 31 151.336000 0 0
1974 02 01 148.356000 0 0
1974 02 02 148.356000 0 0
1974 02 03 148.356000 0 0
1974 02 04 146.876000 0 0
1974 02 05 143.935000 0 0
1974 02 06 136.695000 0 0
1974 02 07 135.267000 0 0
1974 02 08 133.845000 0 0
1974 02 09 132.430000 0 0
1974 02 10 131.021000 0 0
1974 02 11 128.223000 0 0
1974 02 12 126.834000 0 0
1974 02 13 122.706000 0 0
1974 02 14 121.344000 0 0
1974 02 15 119.988000 0 0
1974 02 16 117.295000 0 0
1974 02 17 114.630000 0 0
1974 02 18 114.630000 0 0
1974 02 19 110.682000 0 0
1974 02 20 110.682000 0 0
1974 02 21 108.083000 0 0
1974 02 22 106.794000 0 0
1974 02 23 104.235000 0 0
1974 02 24 102.966000 0 0
1974 02 25 95.495000 0 0
1974 02 26 91.851000 0 0
1974 02 27 90.650000 0 0
1974 02 28 90.650000 0 0
1974 03 01 90.650000 0 0
1974 03 02 90.650000 0 0
1974 03 03 89.456000 0 0
1974 03 04 90.650000 0 0
1974 03 05 93.059000 0 0
1974 03 06 99.200000 0 0
1974 03 07 105.511000 0 0
1974 03 08 109.379000 0 0
1974 03 09 111.991000 0 0
1974 03 10 113.307000 0 0
1974 03 11 129.619000 0 0
1974 03 12 141.019000 0 0
1974 03 13 161.969000 0 0
1974 03 14 176.098000 0 0
1974 03 15 166.622000 0 0
1974 03 16 160.431000 0 0
1974 03 17 166.622000 0 0
1974 03 18 171.331000 0 0
1974 03 19 218.013000 0 0
1974 03 20 235.859000 0 0
1974 03 21 250.573000 0 0
1974 03 22 281.157000 0 0
1974 03 23 283.120000 0 0
1974 03 24 309.166000 0 0
1974 03 25 293.020000 0 0
1974 03 26 258.076000 0 0
1974 03 27 218.013000 0 0
1974 03 28 211.046000 0 0
1974 03 29 194.061000 0 0
1974 03 30 182.542000 0 0
1974 03 31 169.755000 0 0
1974 04 01 165.064000 0 0
1974 04 02 160.431000 0 0
1974 04 03 161.969000 0 0
1974 04 04 160.431000 0 0
1974 04 05 158.899000 0 0
1974 04 06 151.336000 0 0
1974 04 07 151.336000 0 0
1974 04 08 149.843000 0 0
1974 04 09 145.402000 0 0
1974 04 10 146.876000 0 0
1974 04 11 146.876000 0 0
1974 04 12 143.935000 0 0
1974 04 13 141.019000 0 0
1974 04 14 138.130000 0 0
1974 04 15 136.695000 0 0
1974 04 16 136.695000 0 0
1974 04 17 133.845000 0 0
1974 04 18 133.845000 0 0
1974 04 19 135.267000 0 0
1974 04 20 138.130000 0 0
1974 04 21 145.402000 0 0
1974 04 22 149.843000 0 0
1974 04 23 155.855000 0 0
1974 04 24 157.374000 0 0
1974 04 25 146.876000 0 0
1974 04 26 129.619000 0 0
1974 04 27 124.076000 0 0
1974 04 28 122.706000 0 0
1974 04 29 122.706000 0 0
1974 04 30 119.988000 0 0
1974 05 01 117.295000 0 0
1974 05 02 121.344000 0 0
1974 05 03 124.076000 0 0
1974 05 04 125.451000 0 0
1974 05 05 128.223000 0 0
1974 05 06 126.834000 0 0
1974 05 07 124.076000 0 0
1974 05 08 117.295000 0 0
1974 05 09 110.682000 0 0
1974 05 10 104.235000 0 0
1974 05 11 96.723000 0 0
1974 05 12 95.495000 0 0
1974 05 13 95.495000 0 0
1974 05 14 94.273000 0 0
1974 05 15 93.059000 0 0
1974 05 16 93.059000 0 0
1974 05 17 94.273000 0 0
1974 05 18 91.851000 0 0
1974 05 19 91.851000 0 0
1974 05 20 90.650000 0 0
1974 05 21 89.456000 0 0
1974 05 22 88.269000 0 0
1974 05 23 87.089000 0 0
1974 05 24 85.916000 0 0
1974 05 25 87.089000 0 0
1974 05 26 84.750000 0 0
1974 05 27 83.590000 0 0
1974 05 28 81.292000 0 0
1974 05 29 79.022000 0 0
1974 05 30 76.780000 0 0
1974 05 31 76.780000 0 0
1974 06 01 73.470000 0 0
1974 06 02 72.381000 0 0
1974 06 03 71.299000 0 0
1974 06 04 76.780000 0 0
1974 06 05 84.750000 0 0
1974 06 06 85.916000 0 0
1974 06 07 84.750000 0 0
1974 06 08 83.590000 0 0
1974 06 09 81.292000 0 0
1974 06 10 75.670000 0 0
1974 06 11 74.567000 0 0
1974 06 12 74.567000 0 0
1974 06 13 73.470000 0 0
1974 06 14 73.470000 0 0
1974 06 15 73.470000 0 0
1974 06 16 73.470000 0 0
1974 06 17 73.470000 0 0
1974 06 18 72.381000 0 0
1974 06 19 73.470000 0 0
1974 06 20 72.381000 0 0
1974 06 21 74.567000 0 0
1974 06 22 75.670000 0 0
1974 06 23 74.567000 0 0
1974 06 24 73.470000 0 0
1974 06 25 72.381000 0 0
1974 06 26 72.381000 0 0
1974 06 27 71.299000 0 0
1974 06 28 71.299000 0 0
1974 06 29 71.299000 0 0
1974 06 30 70.224000 0 0
1974 07 01 70.224000 0 0
1974 07 02 70.224000 0 0
1974 07 03 69.156000 0 0
1974 07 04 68.095000 0 0
1974 07 05 68.095000 0 0
1974 07 06 67.041000 0 0
1974 07 07 65.995000 0 0
1974 07 08 64.955000 0 0
1974 07 09 63.923000 0 0
1974 07 10 61.880000 0 0
1974 07 11 61.880000 0 0
1974 07 12 59.867000 0 0
1974 07 13 58.871000 0 0
1974 07 14 58.871000 0 0
1974 07 15 57.882000 0 0
1974 07 16 56.900000 0 0
1974 07 17 55.926000 0 0
1974 07 18 55.926000 0 0
1974 07 19 54.959000 0 0
1974 07 20 54.000000 0 0
1974 07 21 53.048000 0 0
1974 07 22 52.103000 0 0
1974 07 23 51.166000 0 0
1974 07 24 51.166000 0 0
1974 07 25 51.166000 0 0
1974 07 26 51.166000 0 0
1974 07 27 51.166000 0 0
1974 07 28 50.236000 0 0
1974 07 29 50.236000 0 0
1974 07 30 48.398000 0 0
1974 07 31 46.591000 0 0
1974 08 01 45.698000 0 0
1974 08 02 45.698000 0 0
1974 08 03 44.813000 0 0
1974 08 04 44.813000 0 0
1974 08 05 43.935000 0 0
1974 08 06 44.813000 0 0
1974 08 07 43.935000 0 0
1974 08 08 43.935000 0 0
1974 08 09 44.813000 0 0
1974 08 10 44.813000 0 0
1974 08 11 44.813000 0 0
1974 08 12 45.698000 0 0
1974 08 13 44.813000 0 0
1974 08 14 43.935000 0 0
1974 08 15 43.065000 0 0
1974 08 16 43.065000 0 0
1974 08 17 43.935000 0 0
1974 08 18 43.065000 0 0
1974 08 19 43.065000 0 0
1974 08 20 43.065000 0 0
1974 08 21 43.065000 0 0
1974 08 22 43.065000 0 0
1974 08 23 42.203000 0 0
1974 08 24 40.501000 0 0
1974 08 25 40.501000 0 0
1974 08 26 38.830000 0 0
1974 08 27 38.830000 0 0
1974 08 28 38.005000 0 0
1974 08 29 37.189000 0 0
1974 08 30 37.189000 0 0
1974 08 31 36.380000 0 0
1974 09 01 35.579000 0 0
1974 09 02 36.380000 0 0
1974 09 03 35.579000 0 0
1974 09 04 34.786000 0 0
1974 09 05 35.579000 0 0
1974 09 06 35.579000 0 0
1974 09 07 34.786000 0 0
1974 09 08 34.786000 0 0
1974 09 09 34.000000 0 0
1974 09 10 34.000000 0 0
1974 09 11 34.000000 0 0
1974 09 12 34.000000 0 0
1974 09 13 34.000000 0 0
1974 09 14 34.000000 0 0
1974 09 15 34.000000 0 0
1974 09 16 33.223000 0 0
1974 09 17 33.223000 0 0
1974 09 18 34.000000 0 0
1974 09 19 33.223000 0 0
1974 09 20 33.223000 0 0
1974 09 21 34.000000 0 0
1974 09 22 34.000000 0 0
1974 09 23 33.223000 0 0
1974 09 24 34.000000 0 0
1974 09 25 34.786000 0 0
1974 09 26 34.000000 0 0
1974 09 27 34.000000 0 0
1974 09 28 34.786000 0 0
1974 09 29 34.786000 0 0
1974 09 30 34.786000 0 0
1974 10 01 34.786000 0 0
1974 10 02 34.786000 0 0
1974 10 03 35.579000 0 0
1974 10 04 36.380000 0 0
1974 10 05 36.380000 0 0
1974 10 06 36.380000 0 0
1974 10 07 36.380000 0 0
1974 10 08 35.579000 0 0
1974 10 09 34.786000 0 0
1974 10 10 32.453000 0 0
1974 10 11 30.937000 0 0
1974 10 12 30.937000 0 0
1974 10 13 30.191000 0 0
1974 10 14 29.452000 0 0
1974 10 15 28.000000 0 0
1974 10 16 27.286000 0 0
1974 10 17 26.579000 0 0
1974 10 18 26.579000 0 0
1974 10 19 27.286000 0 0
1974 10 20 26.579000 0 0
1974 10 21 25.881000 0 0
1974 10 22 26.579000 0 0
1974 10 23 27.286000 0 0
1974 10 24 28.722000 0 0
1974 10 25 28.722000 0 0
1974 10 26 30.191000 0 0
1974 10 27 34.786000 0 0
1974 10 28 43.065000 0 0
1974 10 29 50.236000 0 0
1974 10 30 55.926000 0 0
1974 10 31 54.959000 0 0
1974 11 01 54.959000 0 0
1974 11 02 53.048000 0 0
1974 11 03 52.103000 0 0
1974 11 04 44.813000 0 0
1974 11 05 35.579000 0 0
1974 11 06 33.223000 0 0
1974 11 07 30.937000 0 0
1974 11 08 30.937000 0 0
1974 11 09 33.223000 0 0
1974 11 10 32.453000 0 0
1974 11 11 33.223000 0 0
1974 11 12 30.937000 0 0
1974 11 13 30.937000 0 0
1974 11 14 35.579000 0 0
1974 11 15 33.223000 0 0
1974 11 16 30.937000 0 0
1974 11 17 29.452000 0 0
1974 11 18 28.000000 0 0
1974 11 19 27.286000 0 0
1974 11 20 27.286000 0 0
1974 11 21 28.000000 0 0
1974 11 22 28.722000 0 0
1974 11 23 28.000000 0 0
1974 11 24 29.452000 0 0
1974 11 25 31.691000 0 0
1974 11 26 34.000000 0 0
1974 11 27 36.380000 0 0
1974 11 28 40.501000 0 0
1974 11 29 43.065000 0 0
1974 11 30 42.203000 0 0
1974 12 01 42.203000 0 0
1974 12 02 43.935000 0 0
1974 12 03 44.813000 0 0
1974 12 04 44.813000 0 0
1974 12 05 45.698000 0 0
1974 12 06 46.591000 0 0
1974 12 07 47.491000 0 0
1974 12 08 49.313000 0 0
1974 12 09 51.166000 0 0
1974 12 10 54.000000 0 0
1974 12 11 55.926000 0 0
1974 12 12 56.900000 0 0
1974 12 13 57.882000 0 0
1974 12 14 60.870000 0 0
1974 12 15 59.867000 0 0
1974 12 16 60.870000 0 0
1974 12 17 61.880000 0 0
1974 12 18 64.955000 0 0
1974 12 19 70.224000 0 0
1974 12 20 72.381000 0 0
1974 12 21 75.670000 0 0
1974 12 22 81.292000 0 0
1974 12 23 85.916000 0 0
1974 12 24 88.269000 0 0
1974 12 25 95.495000 0 0
1974 12 26 99.200000 0 0
1974 12 27 114.630000 0 0
1974 12 28 135.267000 0 0
1974 12 29 146.876000 0 0
1974 12 30 149.843000 0 0
1974 12 31 151.336000 0 0
1975 01 01 155.855000 0 0
1975 01 02 161.969000 0 0
1975 01 03 160.431000 0 0
1975 01 04 163.513000 0 0
1975 01 05 163.513000 0 0
1975 01 06 160.431000 0 0
1975 01 07 154.342000 0 0
1975 01 08 146.876000 0 0
1975 01 09 133.845000 0 0
1975 01 10 125.451000 0 0
1975 01 11 124.076000 0 0
1975 01 12 119.988000 0 0
1975 01 13 119.988000 0 0
1975 01 14 117.295000 0 0
1975 01 15 115.959000 0 0
1975 01 16 115.959000 0 0
1975 01 17 117.295000 0 0
1975 01 18 118.638000 0 0
1975 01 19 118.638000 0 0
1975 01 20 118.638000 0 0
1975 01 21 117.295000 0 0
1975 01 22 115.959000 0 0
1975 01 23 113.307000 0 0
1975 01 24 109.379000 0 0
1975 01 25 106.794000 0 0
1975 01 26 97.958000 0 0
1975 01 27 93.059000 0 0
1975 01 28 87.089000 0 0
1975 01 29 84.750000 0 0
1975 01 30 85.916000 0 0
1975 01 31 87.089000 0 0
1975 02 01 87.089000 0 0
1975 02 02 85.916000 0 0
1975 02 03 87.089000 0 0
1975 02 04 88.269000 0 0
1975 02 05 89.456000 0 0
1975 02 06 90.650000 0 0
1975 02 07 90.650000 0 0
1975 02 08 93.059000 0 0
1975 02 09 94.273000 0 0
1975 02 10 97.958000 0 0
1975 02 11 100.449000 0 0
1975 02 12 97.958000 0 0
1975 02 13 97.958000 0 0
1975 02 14 95.495000 0 0
1975 02 15 102.966000 0 0
1975 02 16 114.630000 0 0
1975 02 17 122.706000 0 0
1975 02 18 128.223000 0 0
1975 02 19 133.845000 0 0
1975 02 20 138.130000 0 0
1975 02 21 141.019000 0 0
1975 02 22 151.336000 0 0
1975 02 23 160.431000 0 0
1975 02 24 165.064000 0 0
1975 02 25 161.969000 0 0
1975 02 26 158.899000 0 0
1975 02 27 151.336000 0 0
1975 02 28 139.572000 0 0
1975 03 01 138.130000 0 0
1975 03 02 143.935000 0 0
1975 03 03 143.935000 0 0
1975 03 04 139.572000 0 0
1975 03 05 133.845000 0 0
1975 03 06 118.638000 0 0
1975 03 07 110.682000 0 0
1975 03 08 106.794000 0 0
1975 03 09 104.235000 0 0
1975 03 10 100.449000 0 0
1975 03 11 96.723000 0 0
1975 03 12 96.723000 0 0
1975 03 13 97.958000 0 0
1975 03 14 96.723000 0 0
1975 03 15 96.723000 0 0
1975 03 16 96.723000 0 0
1975 03 17 96.723000 0 0
1975 03 18 95.495000 0 0
1975 03 19 95.495000 0 0
1975 03 20 96.723000 0 0
1975 03 21 96.723000 0 0
1975 03 22 95.495000 0 0
1975 03 23 94.273000 0 0
1975 03 24 93.059000 0 0
1975 03 25 93.059000 0 0
1975 03 26 94.273000 0 0
1975 03 27 93.059000 0 0
1975 03 28 94.273000 0 0
1975 03 29 94.273000 0 0
1975 03 30 95.495000 0 0
1975 03 31 96.723000 0 0
1975 04 01 96.723000 0 0
1975 04 02 101.704000 0 0
1975 04 03 104.235000 0 0
1975 04 04 106.794000 0 0
1975 04 05 109.379000 0 0
1975 04 06 110.682000 0 0
1975 04 07 110.682000 0 0
1975 04 08 109.379000 0 0
1975 04 09 108.083000 0 0
1975 04 10 108.083000 0 0
1975 04 11 105.511000 0 0
1975 04 12 104.235000 0 0
1975 04 13 101.704000 0 0
1975 04 14 101.704000 0 0
1975 04 15 97.958000 0 0
1975 04 16 97.958000 0 0
1975 04 17 94.273000 0 0
1975 04 18 87.089000 0 0
1975 04 19 85.916000 0 0
1975 04 20 84.750000 0 0
1975 04 21 83.590000 0 0
1975 04 22 83.590000 0 0
1975 04 23 81.292000 0 0
1975 04 24 79.022000 0 0
1975 04 25 77.898000 0 0
1975 04 26 74.567000 0 0
1975 04 27 73.470000 0 0
1975 04 28 73.470000 0 0
1975 04 29 72.381000 0 0
1975 04 30 70.224000 0 0
1975 05 01 71.299000 0 0
1975 05 02 73.470000 0 0
1975 05 03 74.567000 0 0
1975 05 04 73.470000 0 0
1975 05 05 72.381000 0 0
1975 05 06 71.299000 0 0
1975 05 07 71.299000 0 0
1975 05 08 69.156000 0 0
1975 05 09 68.095000 0 0
1975 05 10 68.095000 0 0
1975 05 11 67.041000 0 0
1975 05 12 64.955000 0 0
1975 05 13 62.898000 0 0
1975 05 14 60.870000 0 0
1975 05 15 58.871000 0 0
1975 05 16 57.882000 0 0
1975 05 17 57.882000 0 0
1975 05 18 56.900000 0 0
1975 05 19 56.900000 0 0
1975 05 20 54.959000 0 0
1975 05 21 54.959000 0 0
1975 05 22 54.000000 0 0
1975 05 23 53.048000 0 0
1975 05 24 51.166000 0 0
1975 05 25 49.313000 0 0
1975 05 26 48.398000 0 0
1975 05 27 47.491000 0 0
1975 05 28 44.813000 0 0
1975 05 29 43.935000 0 0
1975 05 30 43.935000 0 0
1975 05 31 43.065000 0 0
1975 06 01 43.935000 0 0
1975 06 02 43.065000 0 0
1975 06 03 42.203000 0 0
1975 06 04 42.203000 0 0
1975 06 05 43.065000 0 0
1975 06 06 42.203000 0 0
1975 06 07 42.203000 0 0
1975 06 08 42.203000 0 0
1975 06 09 41.348000 0 0
1975 06 10 41.348000 0 0
1975 06 11 42.203000 0 0
1975 06 12 41.348000 0 0
1975 06 13 41.348000 0 0
1975 06 14 41.348000 0 0
1975 06 15 42.203000 0 0
1975 06 16 42.203000 0 0
1975 06 17 41.348000 0 0
1975 06 18 41.348000 0 0
1975 06 19 40.501000 0 0
1975 06 20 41.348000 0 0
1975 06 21 41.348000 0 0
1975 06 22 42.203000 0 0
1975 06 23 41.348000 0 0
1975 06 24 41.348000 0 0
1975 06 25 40.501000 0 0
1975 06 26 40.501000 0 0
1975 06 27 40.501000 0 0
1975 06 28 40.501000 0 0
1975 06 29 39.661000 0 0
1975 06 30 38.830000 0 0
1975 07 01 38.830000 0 0
1975 07 02 39.661000 0 0
1975 07 03 39.661000 0 0
1975 07 04 40.501000 0 0
1975 07 05 39.661000 0 0
1975 07 06 39.661000 0 0
1975 07 07 39.661000 0 0
1975 07 08 39.661000 0 0
1975 07 09 38.830000 0 0
1975 07 10 39.661000 0 0
1975 07 11 38.830000 0 0
1975 07 12 38.830000 0 0
1975 07 13 38.830000 0 0
1975 07 14 38.005000 0 0
1975 07 15 38.005000 0 0
1975 07 16 38.005000 0 0
1975 07 17 38.005000 0 0
1975 07 18 37.189000 0 0
1975 07 19 37.189000 0 0
1975 07 20 36.380000 0 0
1975 07 21 36.380000 0 0
1975 07 22 36.380000 0 0
1975 07 23 35.579000 0 0
1975 07 24 34.786000 0 0
1975 07 25 33.223000 0 0
1975 07 26 32.453000 0 0
1975 07 27 31.691000 0 0
1975 07 28 30.937000 0 0
1975 07 29 30.937000 0 0
1975 07 30 30.191000 0 0
1975 07 31 30.191000 0 0
1975 08 01 30.191000 0 0
1975 08 02 29.452000 0 0
1975 08 03 30.191000 0 0
1975 08 04 30.191000 0 0
1975 08 05 30.937000 0 0
1975 08 06 30.937000 0 0
1975 08 07 30.937000 0 0
1975 08 08 30.937000 0 0
1975 08 09 31.691000 0 0
1975 08 10 31.691000 0 0
1975 08 11 30.937000 0 0
1975 08 12 30.937000 0 0
1975 08 13 30.937000 0 0
1975 08 14 30.191000 0 0
1975 08 15 30.191000 0 0
1975 08 16 30.191000 0 0
1975 08 17 29.452000 0 0
1975 08 18 29.452000 0 0
1975 08 19 29.452000 0 0
1975 08 20 28.722000 0 0
1975 08 21 28.000000 0 0
1975 08 22 28.000000 0 0
1975 08 23 27.286000 0 0
1975 08 24 27.286000 0 0
1975 08 25 26.579000 0 0
1975 08 26 26.579000 0 0
1975 08 27 26.579000 0 0
1975 08 28 26.579000 0 0
1975 08 29 25.881000 0 0
1975 08 30 25.881000 0 0
1975 08 31 25.191000 0 0
1975 09 01 25.191000 0 0
1975 09 02 25.191000 0 0
1975 09 03 24.509000 0 0
1975 09 04 24.509000 0 0
1975 09 05 24.509000 0 0
1975 09 06 25.191000 0 0
1975 09 07 25.191000 0 0
1975 09 08 24.509000 0 0
1975 09 09 24.509000 0 0
1975 09 10 24.509000 0 0
1975 09 11 23.836000 0 0
1975 09 12 23.836000 0 0
1975 09 13 23.836000 0 0
1975 09 14 23.170000 0 0
1975 09 15 23.170000 0 0
1975 09 16 23.170000 0 0
1975 09 17 23.170000 0 0
1975 09 18 22.513000 0 0
1975 09 19 22.513000 0 0
1975 09 20 22.513000 0 0
1975 09 21 21.864000 0 0
1975 09 22 21.864000 0 0
1975 09 23 21.864000 0 0
1975 09 24 21.223000 0 0
1975 09 25 21.223000 0 0
1975 09 26 21.223000 0 0
1975 09 27 20.590000 0 0
1975 09 28 20.590000 0 0
1975 09 29 21.223000 0 0
1975 09 30 21.864000 0 0
1975 10 01 21.223000 0 0
1975 10 02 19.966000 0 0
1975 10 03 20.590000 0 0
1975 10 04 21.864000 0 0
1975 10 05 22.513000 0 0
1975 10 06 23.170000 0 0
1975 10 07 23.170000 0 0
1975 10 08 24.509000 0 0
1975 10 09 25.191000 0 0
1975 10 10 25.881000 0 0
1975 10 11 27.286000 0 0
1975 10 12 28.722000 0 0
1975 10 13 29.452000 0 0
1975 10 14 30.191000 0 0
1975 10 15 30.191000 0 0
1975 10 16 32.453000 0 0
1975 10 17 33.223000 0 0
1975 10 18 33.223000 0 0
1975 10 19 33.223000 0 0
1975 10 20 33.223000 0 0
1975 10 21 32.453000 0 0
1975 10 22 31.691000 0 0
1975 10 23 31.691000 0 0
1975 10 24 30.937000 0 0
1975 10 25 30.937000 0 0
1975 10 26 30.937000 0 0
1975 10 27 30.937000 0 0
1975 10 28 31.691000 0 0
1975 10 29 30.937000 0 0
1975 10 30 30.191000 0 0
1975 10 31 29.452000 0 0
1975 11 01 30.191000 0 0
1975 11 02 30.937000 0 0
1975 11 03 30.937000 0 0
1975 11 04 32.453000 0 0
1975 11 05 34.786000 0 0
1975 11 06 34.786000 0 0
1975 11 07 35.579000 0 0
1975 11 08 36.380000 0 0
1975 11 09 37.189000 0 0
1975 11 10 37.189000 0 0
1975 11 11 40.501000 0 0
1975 11 12 43.065000 0 0
1975 11 13 44.813000 0 0
1975 11 14 54.959000 0 0
1975 11 15 62.898000 0 0
1975 11 16 69.156000 0 0
1975 11 17 71.299000 0 0
1975 11 18 75.670000 0 0
1975 11 19 80.154000 0 0
1975 11 20 84.750000 0 0
1975 11 21 87.089000 0 0
1975 11 22 88.269000 0 0
1975 11 23 89.456000 0 0
1975 11 24 104.235000 0 0
1975 11 25 121.344000 0 0
1975 11 26 128.223000 0 0
1975 11 27 136.695000 0 0
1975 11 28 145.402000 0 0
1975 11 29 142.474000 0 0
1975 11 30 136.695000 0 0
1975 12 01 132.430000 0 0
1975 12 02 129.619000 0 0
1975 12 03 126.834000 0 0
1975 12 04 125.451000 0 0
1975 12 05 124.076000 0 0
1975 12 06 122.706000 0 0
1975 12 07 121.344000 0 0
1975 12 08 122.706000 0 0
1975 12 09 124.076000 0 0
1975 12 10 122.706000 0 0
1975 12 11 119.988000 0 0
1975 12 12 97.958000 0 0
1975 12 13 81.292000 0 0
1975 12 14 80.154000 0 0
1975 12 15 81.292000 0 0
1975 12 16 81.292000 0 0
1975 12 17 81.292000 0 0
1975 12 18 83.590000 0 0
1975 12 19 84.750000 0 0
1975 12 20 88.269000 0 0
1975 12 21 75.670000 0 0
1975 12 22 68.095000 0 0
1975 12 23 63.923000 0 0
1975 12 24 71.299000 0 0
1975 12 25 81.292000 0 0
1975 12 26 131.021000 0 0
1975 12 27 119.988000 0 0
1975 12 28 102.966000 0 0
1975 12 29 85.916000 0 0
1975 12 30 81.292000 0 0
1975 12 31 77.898000 0 0
1976 01 01 79.022000 0 0
1976 01 02 77.898000 0 0
1976 01 03 80.154000 0 0
1976 01 04 83.590000 0 0
1976 01 05 89.456000 0 0
1976 01 06 91.851000 0 0
1976 01 07 90.650000 0 0
1976 01 08 89.456000 0 0
1976 01 09 88.269000 0 0
1976 01 10 87.089000 0 0
1976 01 11 83.590000 0 0
1976 01 12 80.154000 0 0
1976 01 13 79.022000 0 0
1976 01 14 77.898000 0 0
1976 01 15 76.780000 0 0
1976 01 16 74.567000 0 0
1976 01 17 73.470000 0 0
1976 01 18 73.470000 0 0
1976 01 19 72.381000 0 0
1976 01 20 71.299000 0 0
1976 01 21 71.299000 0 0
1976 01 22 70.224000 0 0
1976 01 23 69.156000 0 0
1976 01 24 68.095000 0 0
1976 01 25 67.041000 0 0
1976 01 26 65.995000 0 0
1976 01 27 63.923000 0 0
1976 01 28 65.995000 0 0
1976 01 29 68.095000 0 0
1976 01 30 70.224000 0 0
1976 01 31 72.381000 0 0
1976 02 01 76.780000 0 0
1976 02 02 85.916000 0 0
1976 02 03 131.021000 0 0
1976 02 04 182.542000 0 0
1976 02 05 185.802000 0 0
1976 02 06 187.441000 0 0
1976 02 07 187.441000 0 0
1976 02 08 185.802000 0 0
1976 02 09 184.169000 0 0
1976 02 10 185.802000 0 0
1976 02 11 185.802000 0 0
1976 02 12 184.169000 0 0
1976 02 13 182.542000 0 0
1976 02 14 179.308000 0 0
1976 02 15 176.098000 0 0
1976 02 16 176.098000 0 0
1976 02 17 172.914000 0 0
1976 02 18 171.331000 0 0
1976 02 19 169.755000 0 0
1976 02 20 168.185000 0 0
1976 02 21 163.513000 0 0
1976 02 22 166.622000 0 0
1976 02 23 169.755000 0 0
1976 02 24 171.331000 0 0
1976 02 25 171.331000 0 0
1976 02 26 168.185000 0 0
1976 02 27 163.513000 0 0
1976 02 28 157.374000 0 0
1976 02 29 152.836000 0 0
1976 03 01 nan nan nan
1976 03 02 nan nan nan
1976 03 03 nan nan nan
1976 03 04 nan nan nan
1976 03 05 nan nan nan
1976 03 06 142.474000 0 0
1976 03 07 133.845000 0 0
1976 03 08 125.451000 0 0
1976 03 09 122.706000 0 0
1976 03 10 125.451000 0 0
1976 03 11 131.021000 0 0
1976 03 12 132.430000 0 0
1976 03 13 132.430000 0 0
1976 03 14 138.130000 0 0
1976 03 15 139.572000 0 0
1976 03 16 142.474000 0 0
1976 03 17 143.935000 0 0
1976 03 18 148.356000 0 0
1976 03 19 151.336000 0 0
1976 03 20 151.336000 0 0
1976 03 21 152.836000 0 0
1976 03 22 155.855000 0 0
1976 03 23 163.513000 0 0
1976 03 24 166.622000 0 0
1976 03 25 169.755000 0 0
1976 03 26 174.503000 0 0
1976 03 27 176.098000 0 0
1976 03 28 177.700000 0 0
1976 03 29 176.098000 0 0
1976 03 30 172.914000 0 0
1976 03 31 169.755000 0 0
1976 04 01 163.513000 0 0
1976 04 02 160.431000 0 0
1976 04 03 152.836000 0 0
1976 04 04 145.402000 0 0
1976 04 05 135.267000 0 0
1976 04 06 125.451000 0 0
1976 04 07 131.021000 0 0
1976 04 08 146.876000 0 0
1976 04 09 158.899000 0 0
1976 04 10 172.914000 0 0
1976 04 11 187.441000 0 0
1976 04 12 209.320000 0 0
1976 04 13 234.047000 0 0
1976 04 14 232.241000 0 0
1976 04 15 225.078000 0 0
1976 04 16 218.013000 0 0
1976 04 17 214.517000 0 0
1976 04 18 205.885000 0 0
1976 04 19 199.091000 0 0
1976 04 20 187.441000 0 0
1976 04 21 166.622000 0 0
1976 04 22 149.843000 0 0
1976 04 23 138.130000 0 0
1976 04 24 129.619000 0 0
1976 04 25 122.706000 0 0
1976 04 26 118.638000 0 0
1976 04 27 115.959000 0 0
1976 04 28 111.991000 0 0
1976 04 29 109.379000 0 0
1976 04 30 108.083000 0 0
1976 05 01 106.794000 0 0
1976 05 02 105.511000 0 0
1976 05 03 105.511000 0 0
1976 05 04 104.235000 0 0
1976 05 05 102.966000 0 0
1976 05 06 102.966000 0 0
1976 05 07 102.966000 0 0
1976 05 08 101.704000 0 0
1976 05 09 99.200000 0 0
1976 05 10 97.958000 0 0
1976 05 11 96.723000 0 0
1976 05 12 95.495000 0 0
1976 05 13 95.495000 0 0
1976 05 14 94.273000 0 0
1976 05 15 94.273000 0 0
1976 05 16 93.059000 0 0
1976 05 17 94.273000 0 0
1976 05 18 95.495000 0 0
1976 05 19 95.495000 0 0
1976 05 20 96.723000 0 0
1976 05 21 96.723000 0 0
1976 05 22 97.958000 0 0
1976 05 23 97.958000 0 0
1976 05 24 99.200000 0 0
1976 05 25 97.958000 0 0
1976 05 26 96.723000 0 0
1976 05 27 97.958000 0 0
1976 05 28 99.200000 0 0
1976 05 29 100.449000 0 0
1976 05 30 100.449000 0 0
1976 05 31 102.966000 0 0
1976 06 01 101.704000 0 0
1976 06 02 100.449000 0 0
1976 06 03 100.449000 0 0
1976 06 04 99.200000 0 0
1976 06 05 99.200000 0 0
1976 06 06 97.958000 0 0
1976 06 07 96.723000 0 0
1976 06 08 95.495000 0 0
1976 06 09 95.495000 0 0
1976 06 10 94.273000 0 0
1976 06 11 93.059000 0 0
1976 06 12 91.851000 0 0
1976 06 13 88.269000 0 0
1976 06 14 85.916000 0 0
1976 06 15 84.750000 0 0
1976 06 16 82.438000 0 0
1976 06 17 80.154000 0 0
1976 06 18 79.022000 0 0
1976 06 19 79.022000 0 0
1976 06 20 77.898000 0 0
1976 06 21 77.898000 0 0
1976 06 22 76.780000 0 0
1976 06 23 75.670000 0 0
1976 06 24 75.670000 0 0
1976 06 25 74.567000 0 0
1976 06 26 74.567000 0 0
1976 06 27 74.567000 0 0
1976 06 28 73.470000 0 0
1976 06 29 71.299000 0 0
1976 06 30 68.095000 0 0
1976 07 01 67.041000 0 0
1976 07 02 70.224000 0 0
1976 07 03 73.470000 0 0
1976 07 04 77.898000 0 0
1976 07 05 81.292000 0 0
1976 07 06 80.154000 0 0
1976 07 07 79.022000 0 0
1976 07 08 79.022000 0 0
1976 07 09 76.780000 0 0
1976 07 10 76.780000 0 0
1976 07 11 74.567000 0 0
1976 07 12 74.567000 0 0
1976 07 13 73.470000 0 0
1976 07 14 72.381000 0 0
1976 07 15 71.299000 0 0
1976 07 16 70.224000 0 0
1976 07 17 69.156000 0 0
1976 07 18 69.156000 0 0
1976 07 19 67.041000 0 0
1976 07 20 65.995000 0 0
1976 07 21 65.995000 0 0
1976 07 22 64.955000 0 0
1976 07 23 63.923000 0 0
1976 07 24 63.923000 0 0
1976 07 25 62.898000 0 0
1976 07 26 61.880000 0 0
1976 07 27 61.880000 0 0
1976 07 28 58.871000 0 0
1976 07 29 57.882000 0 0
1976 07 30 56.900000 0 0
1976 07 31 56.900000 0 0
1976 08 01 56.900000 0 0
1976 08 02 56.900000 0 0
1976 08 03 55.926000 0 0
1976 08 04 54.959000 0 0
1976 08 05 55.926000 0 0
1976 08 06 58.871000 0 0
1976 08 07 59.867000 0 0
1976 08 08 60.870000 0 0
1976 08 09 62.898000 0 0
1976 08 10 63.923000 0 0
1976 08 11 64.955000 0 0
1976 08 12 64.955000 0 0
1976 08 13 65.995000 0 0
1976 08 14 64.955000 0 0
1976 08 15 62.898000 0 0
1976 08 16 62.898000 0 0
1976 08 17 61.880000 0 0
1976 08 18 60.870000 0 0
1976 08 19 59.867000 0 0
1976 08 20 58.871000 0 0
1976 08 21 58.871000 0 0
1976 08 22 57.882000 0 0
1976 08 23 57.882000 0 0
1976 08 24 56.900000 0 0
1976 08 25 55.926000 0 0
1976 08 26 55.926000 0 0
1976 08 27 55.926000 0 0
1976 08 28 54.959000 0 0
1976 08 29 54.959000 0 0
1976 08 30 54.000000 0 0
1976 08 31 54.000000 0 0
1976 09 01 54.000000 0 0
1976 09 02 54.000000 0 0
1976 09 03 53.048000 0 0
1976 09 04 54.000000 0 0
1976 09 05 54.959000 0 0
1976 09 06 55.926000 0 0
1976 09 07 55.926000 0 0
1976 09 08 56.900000 0 0
1976 09 09 55.926000 0 0
1976 09 10 54.000000 0 0
1976 09 11 53.048000 0 0
1976 09 12 53.048000 0 0
1976 09 13 53.048000 0 0
1976 09 14 106.794000 0 0
1976 09 15 115.959000 0 0
1976 09 16 165.064000 0 0
1976 09 17 163.513000 0 0
1976 09 18 157.374000 0 0
1976 09 19 138.130000 0 0
1976 09 20 122.706000 0 0
1976 09 21 106.794000 0 0
1976 09 22 97.958000 0 0
1976 09 23 97.958000 0 0
1976 09 24 100.449000 0 0
1976 09 25 96.723000 0 0
1976 09 26 91.851000 0 0
1976 09 27 96.723000 0 0
1976 09 28 101.704000 0 0
1976 09 29 102.966000 0 0
1976 09 30 100.449000 0 0
1976 10 01 99.200000 0 0
1976 10 02 95.495000 0 0
1976 10 03 90.650000 0 0
1976 10 04 81.292000 0 0
1976 10 05 77.898000 0 0
1976 10 06 74.567000 0 0
1976 10 07 73.470000 0 0
1976 10 08 75.670000 0 0
1976 10 09 84.750000 0 0
1976 10 10 84.750000 0 0
1976 10 11 79.022000 0 0
1976 10 12 75.670000 0 0
1976 10 13 74.567000 0 0
1976 10 14 72.381000 0 0
1976 10 15 70.224000 0 0
1976 10 16 68.095000 0 0
1976 10 17 65.995000 0 0
1976 10 18 67.041000 0 0
1976 10 19 68.095000 0 0
1976 10 20 67.041000 0 0
1976 10 21 70.224000 0 0
1976 10 22 71.299000 0 0
1976 10 23 70.224000 0 0
1976 10 24 70.224000 0 0
1976 10 25 151.336000 0 0
1976 10 26 165.064000 0 0
1976 10 27 142.474000 0 0
1976 10 28 133.845000 0 0
1976 10 29 122.706000 0 0
1976 10 30 118.638000 0 0
1976 10 31 117.295000 0 0
1976 11 01 117.295000 0 0
1976 11 02 113.307000 0 0
1976 11 03 109.379000 0 0
1976 11 04 105.511000 0 0
1976 11 05 99.200000 0 0
1976 11 06 93.059000 0 0
1976 11 07 95.495000 0 0
1976 11 08 97.958000 0 0
1976 11 09 96.723000 0 0
1976 11 10 97.958000 0 0
1976 11 11 100.449000 0 0
1976 11 12 105.511000 0 0
1976 11 13 110.682000 0 0
1976 11 14 110.682000 0 0
1976 11 15 110.682000 0 0
1976 11 16 119.988000 0 0
1976 11 17 117.295000 0 0
1976 11 18 114.630000 0 0
1976 11 19 114.630000 0 0
1976 11 20 146.876000 0 0
1976 11 21 142.474000 0 0
1976 11 22 139.572000 0 0
1976 11 23 136.695000 0 0
1976 11 24 126.834000 0 0
1976 11 25 105.511000 0 0
1976 11 26 100.449000 0 0
1976 11 27 102.966000 0 0
1976 11 28 124.076000 0 0
1976 11 29 124.076000 0 0
1976 11 30 121.344000 0 0
1976 12 01 118.638000 0 0
1976 12 02 121.344000 0 0
1976 12 03 132.430000 0 0
1976 12 04 124.076000 0 0
1976 12 05 117.295000 0 0
1976 12 06 115.959000 0 0
1976 12 07 119.988000 0 0
1976 12 08 115.959000 0 0
1976 12 09 114.630000 0 0
1976 12 10 109.379000 0 0
1976 12 11 106.794000 0 0
1976 12 12 108.083000 0 0
1976 12 13 105.511000 0 0
1976 12 14 105.511000 0 0
1976 12 15 105.511000 0 0
1976 12 16 106.794000 0 0
1976 12 17 111.991000 0 0
1976 12 18 125.451000 0 0
1976 12 19 131.021000 0 0
1976 12 20 136.695000 0 0
1976 12 21 135.267000 0 0
1976 12 22 139.572000 0 0
1976 12 23 157.374000 0 0
1976 12 24 190.739000 0 0
1976 12 25 211.046000 0 0
1976 12 26 214.517000 0 0
1976 12 27 204.178000 0 0
1976 12 28 204.178000 0 0
1976 12 29 218.013000 0 0
1976 12 30 245.010000 0 0
1976 12 31 234.047000 0 0
1977 01 01 232.241000 0 0
1977 01 02 218.013000 0 0
1977 01 03 209.320000 0 0
1977 01 04 187.441000 0 0
1977 01 05 192.397000 0 0
1977 01 06 195.732000 0 0
1977 01 07 207.599000 0 0
1977 01 08 218.013000 0 0
1977 01 09 232.241000 0 0
1977 01 10 241.331000 0 0
1977 01 11 235.859000 0 0
1977 01 12 187.441000 0 0
1977 01 13 176.098000 0 0
1977 01 14 152.836000 0 0
1977 01 15 139.572000 0 0
1977 01 16 139.572000 0 0
1977 01 17 145.402000 0 0
1977 01 18 151.336000 0 0
1977 01 19 163.513000 0 0
1977 01 20 176.098000 0 0
1977 01 21 209.320000 0 0
1977 01 22 228.647000 0 0
1977 01 23 228.647000 0 0
1977 01 24 263.765000 0 0
1977 01 25 259.966000 0 0
1977 01 26 228.647000 0 0
1977 01 27 226.859000 0 0
1977 01 28 223.302000 0 0
1977 01 29 223.302000 0 0
1977 01 30 245.010000 0 0
1977 01 31 259.966000 0 0
1977 02 01 285.088000 0 0
1977 02 02 293.020000 0 0
1977 02 03 309.166000 0 0
1977 02 04 307.127000 0 0
1977 02 05 287.062000 0 0
1977 02 06 261.863000 0 0
1977 02 07 209.320000 0 0
1977 02 08 199.091000 0 0
1977 02 09 187.441000 0 0
1977 02 10 169.755000 0 0
1977 02 11 165.064000 0 0
1977 02 12 161.969000 0 0
1977 02 13 161.969000 0 0
1977 02 14 158.899000 0 0
1977 02 15 157.374000 0 0
1977 02 16 154.342000 0 0
1977 02 17 151.336000 0 0
1977 02 18 146.876000 0 0
1977 02 19 139.572000 0 0
1977 02 20 142.474000 0 0
1977 02 21 143.935000 0 0
1977 02 22 142.474000 0 0
1977 02 23 139.572000 0 0
1977 02 24 136.695000 0 0
1977 02 25 132.430000 0 0
1977 02 26 133.845000 0 0
1977 02 27 135.267000 0 0
1977 02 28 132.430000 0 0
1977 03 01 131.021000 0 0
1977 03 02 129.619000 0 0
1977 03 03 128.223000 0 0
1977 03 04 125.451000 0 0
1977 03 05 124.076000 0 0
1977 03 06 125.451000 0 0
1977 03 07 128.223000 0 0
1977 03 08 129.619000 0 0
1977 03 09 131.021000 0 0
1977 03 10 135.267000 0 0
1977 03 11 139.572000 0 0
1977 03 12 138.130000 0 0
1977 03 13 138.130000 0 0
1977 03 14 135.267000 0 0
1977 03 15 135.267000 0 0
1977 03 16 131.021000 0 0
1977 03 17 128.223000 0 0
1977 03 18 126.834000 0 0
1977 03 19 124.076000 0 0
1977 03 20 122.706000 0 0
1977 03 21 121.344000 0 0
1977 03 22 125.451000 0 0
1977 03 23 126.834000 0 0
1977 03 24 125.451000 0 0
1977 03 25 125.451000 0 0
1977 03 26 122.706000 0 0
1977 03 27 124.076000 0 0
1977 03 28 126.834000 0 0
1977 03 29 129.619000 0 0
1977 03 30 132.430000 0 0
1977 03 31 135.267000 0 0
1977 04 01 133.845000 0 0
1977 04 02 132.430000 0 0
1977 04 03 132.430000 0 0
1977 04 04 135.267000 0 0
1977 04 05 139.572000 0 0
1977 04 06 143.935000 0 0
1977 04 07 148.356000 0 0
1977 04 08 148.356000 0 0
1977 04 09 151.336000 0 0
1977 04 10 149.843000 0 0
1977 04 11 151.336000 0 0
1977 04 12 142.474000 0 0
1977 04 13 132.430000 0 0
1977 04 14 124.076000 0 0
1977 04 15 121.344000 0 0
1977 04 16 118.638000 0 0
1977 04 17 114.630000 0 0
1977 04 18 113.307000 0 0
1977 04 19 110.682000 0 0
1977 04 20 110.682000 0 0
1977 04 21 106.794000 0 0
1977 04 22 106.794000 0 0
1977 04 23 104.235000 0 0
1977 04 24 99.200000 0 0
1977 04 25 97.958000 0 0
1977 04 26 95.495000 0 0
1977 04 27 94.273000 0 0
1977 04 28 93.059000 0 0
1977 04 29 90.650000 0 0
1977 04 30 87.089000 0 0
1977 05 01 84.750000 0 0
1977 05 02 81.292000 0 0
1977 05 03 79.022000 0 0
1977 05 04 77.898000 0 0
1977 05 05 76.780000 0 0
1977 05 06 74.567000 0 0
1977 05 07 76.780000 0 0
1977 05 08 76.780000 0 0
1977 05 09 77.898000 0 0
1977 05 10 77.898000 0 0
1977 05 11 77.898000 0 0
1977 05 12 79.022000 0 0
1977 05 13 81.292000 0 0
1977 05 14 81.292000 0 0
1977 05 15 82.438000 0 0
1977 05 16 81.292000 0 0
1977 05 17 81.292000 0 0
1977 05 18 81.292000 0 0
1977 05 19 82.438000 0 0
1977 05 20 81.292000 0 0
1977 05 21 80.154000 0 0
1977 05 22 79.022000 0 0
1977 05 23 79.022000 0 0
1977 05 24 75.670000 0 0
1977 05 25 69.156000 0 0
1977 05 26 65.995000 0 0
1977 05 27 65.995000 0 0
1977 05 28 65.995000 0 0
1977 05 29 64.955000 0 0
1977 05 30 63.923000 0 0
1977 05 31 62.898000 0 0
1977 06 01 62.898000 0 0
1977 06 02 63.923000 0 0
1977 06 03 63.923000 0 0
1977 06 04 63.923000 0 0
1977 06 05 61.880000 0 0
1977 06 06 62.898000 0 0
1977 06 07 61.880000 0 0
1977 06 08 61.880000 0 0
1977 06 09 60.870000 0 0
1977 06 10 59.867000 0 0
1977 06 11 58.871000 0 0
1977 06 12 57.882000 0 0
1977 06 13 58.871000 0 0
1977 06 14 57.882000 0 0
1977 06 15 59.867000 0 0
1977 06 16 61.880000 0 0
1977 06 17 61.880000 0 0
1977 06 18 60.870000 0 0
1977 06 19 60.870000 0 0
1977 06 20 60.870000 0 0
1977 06 21 58.871000 0 0
1977 06 22 58.871000 0 0
1977 06 23 58.871000 0 0
1977 06 24 57.882000 0 0
1977 06 25 56.900000 0 0
1977 06 26 55.926000 0 0
1977 06 27 55.926000 0 0
1977 06 28 54.959000 0 0
1977 06 29 54.959000 0 0
1977 06 30 54.000000 0 0
1977 07 01 54.000000 0 0
1977 07 02 54.000000 0 0
1977 07 03 54.000000 0 0
1977 07 04 54.000000 0 0
1977 07 05 54.000000 0 0
1977 07 06 53.048000 0 0
1977 07 07 54.000000 0 0
1977 07 08 53.048000 0 0
1977 07 09 52.103000 0 0
1977 07 10 52.103000 0 0
1977 07 11 52.103000 0 0
1977 07 12 52.103000 0 0
1977 07 13 52.103000 0 0
1977 07 14 51.166000 0 0
1977 07 15 51.166000 0 0
1977 07 16 50.236000 0 0
1977 07 17 51.166000 0 0
1977 07 18 50.236000 0 0
1977 07 19 50.236000 0 0
1977 07 20 49.313000 0 0
1977 07 21 49.313000 0 0
1977 07 22 49.313000 0 0
1977 07 23 48.398000 0 0
1977 07 24 48.398000 0 0
1977 07 25 47.491000 0 0
1977 07 26 47.491000 0 0
1977 07 27 46.591000 0 0
1977 07 28 45.698000 0 0
1977 07 29 44.813000 0 0
1977 07 30 43.935000 0 0
1977 07 31 43.065000 0 0
1977 08 01 43.065000 0 0
1977 08 02 43.935000 0 0
1977 08 03 43.065000 0 0
1977 08 04 42.203000 0 0
1977 08 05 42.203000 0 0
1977 08 06 41.348000 0 0
1977 08 07 41.348000 0 0
1977 08 08 42.203000 0 0
1977 08 09 42.203000 0 0
1977 08 10 41.348000 0 0
1977 08 11 41.348000 0 0
1977 08 12 40.501000 0 0
1977 08 13 40.501000 0 0
1977 08 14 39.661000 0 0
1977 08 15 39.661000 0 0
1977 08 16 38.830000 0 0
1977 08 17 38.830000 0 0
1977 08 18 37.189000 0 0
1977 08 19 36.380000 0 0
1977 08 20 36.380000 0 0
1977 08 21 35.579000 0 0
1977 08 22 35.579000 0 0
1977 08 23 34.786000 0 0
1977 08 24 34.000000 0 0
1977 08 25 33.223000 0 0
1977 08 26 33.223000 0 0
1977 08 27 32.453000 0 0
1977 08 28 35.579000 0 0
1977 08 29 36.380000 0 0
1977 08 30 39.661000 0 0
1977 08 31 42.203000 0 0
1977 09 01 43.065000 0 0
1977 09 02 43.935000 0 0
1977 09 03 43.065000 0 0
1977 09 04 43.065000 0 0
1977 09 05 43.935000 0 0
1977 09 06 45.698000 0 0
1977 09 07 46.591000 0 0
1977 09 08 45.698000 0 0
1977 09 09 43.935000 0 0
1977 09 10 40.501000 0 0
1977 09 11 37.189000 0 0
1977 09 12 44.813000 0 0
1977 09 13 43.065000 0 0
1977 09 14 43.065000 0 0
1977 09 15 42.203000 0 0
1977 09 16 40.501000 0 0
1977 09 17 38.005000 0 0
1977 09 18 36.380000 0 0
1977 09 19 35.579000 0 0
1977 09 20 36.380000 0 0
1977 09 21 38.005000 0 0
1977 09 22 39.661000 0 0
1977 09 23 43.935000 0 0
1977 09 24 45.698000 0 0
1977 09 25 48.398000 0 0
1977 09 26 52.103000 0 0
1977 09 27 53.048000 0 0
1977 09 28 52.103000 0 0
1977 09 29 50.236000 0 0
1977 09 30 48.398000 0 0
1977 10 01 48.398000 0 0
1977 10 02 57.882000 0 0
1977 10 03 70.224000 0 0
1977 10 04 68.095000 0 0
1977 10 05 83.590000 0 0
1977 10 06 87.089000 0 0
1977 10 07 76.780000 0 0
1977 10 08 72.381000 0 0
1977 10 09 69.156000 0 0
1977 10 10 54.959000 0 0
1977 10 11 43.065000 0 0
1977 10 12 39.661000 0 0
1977 10 13 37.189000 0 0
1977 10 14 37.189000 0 0
1977 10 15 38.830000 0 0
1977 10 16 39.661000 0 0
1977 10 17 39.661000 0 0
1977 10 18 38.830000 0 0
1977 10 19 38.005000 0 0
1977 10 20 38.005000 0 0
1977 10 21 37.189000 0 0
1977 10 22 36.380000 0 0
1977 10 23 36.380000 0 0
1977 10 24 38.005000 0 0
1977 10 25 37.189000 0 0
1977 10 26 37.189000 0 0
1977 10 27 35.579000 0 0
1977 10 28 36.380000 0 0
1977 10 29 43.935000 0 0
1977 10 30 62.898000 0 0
1977 10 31 64.955000 0 0
1977 11 01 63.923000 0 0
1977 11 02 64.955000 0 0
1977 11 03 62.898000 0 0
1977 11 04 63.923000 0 0
1977 11 05 62.898000 0 0
1977 11 06 61.880000 0 0
1977 11 07 59.867000 0 0
1977 11 08 60.870000 0 0
1977 11 09 62.898000 0 0
1977 11 10 64.955000 0 0
1977 11 11 65.995000 0 0
1977 11 12 64.955000 0 0
1977 11 13 63.923000 0 0
1977 11 14 64.955000 0 0
1977 11 15 67.041000 0 0
1977 11 16 68.095000 0 0
1977 11 17 68.095000 0 0
1977 11 18 67.041000 0 0
1977 11 19 65.995000 0 0
1977 11 20 64.955000 0 0
1977 11 21 63.923000 0 0
1977 11 22 63.923000 0 0
1977 11 23 65.995000 0 0
1977 11 24 63.923000 0 0
1977 11 25 63.923000 0 0
1977 11 26 62.898000 0 0
1977 11 27 61.880000 0 0
1977 11 28 63.923000 0 0
1977 11 29 61.880000 0 0
1977 11 30 60.870000 0 0
1977 12 01 63.923000 0 0
1977 12 02 83.590000 0 0
1977 12 03 118.638000 0 0
1977 12 04 135.267000 0 0
1977 12 05 135.267000 0 0
1977 12 06 126.834000 0 0
1977 12 07 124.076000 0 0
1977 12 08 122.706000 0 0
1977 12 09 124.076000 0 0
1977 12 10 125.451000 0 0
1977 12 11 124.076000 0 0
1977 12 12 122.706000 0 0
1977 12 13 119.988000 0 0
1977 12 14 118.638000 0 0
1977 12 15 115.959000 0 0
1977 12 16 117.295000 0 0
1977 12 17 122.706000 0 0
1977 12 18 124.076000 0 0
1977 12 19 122.706000 0 0
1977 12 20 124.076000 0 0
1977 12 21 122.706000 0 0
1977 12 22 121.344000 0 0
1977 12 23 124.076000 0 0
1977 12 24 125.451000 0 0
1977 12 25 124.076000 0 0
1977 12 26 125.451000 0 0
1977 12 27 126.834000 0 0
1977 12 28 126.834000 0 0
1977 12 29 124.076000 0 0
1977 12 30 126.834000 0 0
1977 12 31 126.834000 0 0
1978 01 01 126.834000 0 0
1978 01 02 131.021000 0 0
1978 01 03 166.622000 0 0
1978 01 04 168.185000 0 0
1978 01 05 171.331000 0 0
1978 01 06 177.700000 0 0
1978 01 07 199.091000 0 0
1978 01 08 185.802000 0 0
1978 01 09 169.755000 0 0
1978 01 10 151.336000 0 0
1978 01 11 149.843000 0 0
1978 01 12 157.374000 0 0
1978 01 13 166.622000 0 0
1978 01 14 273.368000 0 0
1978 01 15 279.201000 0 0
1978 01 16 285.088000 0 0
1978 01 17 279.201000 0 0
1978 01 18 261.863000 0 0
1978 01 19 248.713000 0 0
1978 01 20 228.647000 0 0
1978 01 21 195.732000 0 0
1978 01 22 180.922000 0 0
1978 01 23 169.755000 0 0
1978 01 24 172.914000 0 0
1978 01 25 174.503000 0 0
1978 01 26 169.755000 0 0
1978 01 27 169.755000 0 0
1978 01 28 172.914000 0 0
1978 01 29 172.914000 0 0
1978 01 30 166.622000 0 0
1978 01 31 163.513000 0 0
1978 02 01 165.064000 0 0
1978 02 02 161.969000 0 0
1978 02 03 160.431000 0 0
1978 02 04 157.374000 0 0
1978 02 05 155.855000 0 0
1978 02 06 154.342000 0 0
1978 02 07 152.836000 0 0
1978 02 08 152.836000 0 0
1978 02 09 151.336000 0 0
1978 02 10 149.843000 0 0
1978 02 11 146.876000 0 0
1978 02 12 145.402000 0 0
1978 02 13 142.474000 0 0
1978 02 14 139.572000 0 0
1978 02 15 138.130000 0 0
1978 02 16 133.845000 0 0
1978 02 17 125.451000 0 0
1978 02 18 124.076000 0 0
1978 02 19 126.834000 0 0
1978 02 20 124.076000 0 0
1978 02 21 122.706000 0 0
1978 02 22 124.076000 0 0
1978 02 23 125.451000 0 0
1978 02 24 126.834000 0 0
1978 02 25 129.619000 0 0
1978 02 26 132.430000 0 0
1978 02 27 131.021000 0 0
1978 02 28 126.834000 0 0
1978 03 01 129.619000 0 0
1978 03 02 135.267000 0 0
1978 03 03 133.845000 0 0
1978 03 04 131.021000 0 0
1978 03 05 132.430000 0 0
1978 03 06 133.845000 0 0
1978 03 07 136.695000 0 0
1978 03 08 141.019000 0 0
1978 03 09 141.019000 0 0
1978 03 10 139.572000 0 0
1978 03 11 135.267000 0 0
1978 03 12 124.076000 0 0
1978 03 13 110.682000 0 0
1978 03 14 90.650000 0 0
1978 03 15 87.089000 0 0
1978 03 16 83.590000 0 0
1978 03 17 81.292000 0 0
1978 03 18 77.898000 0 0
1978 03 19 74.567000 0 0
1978 03 20 71.299000 0 0
1978 03 21 70.224000 0 0
1978 03 22 65.995000 0 0
1978 03 23 63.923000 0 0
1978 03 24 72.381000 0 0
1978 03 25 71.299000 0 0
1978 03 26 71.299000 0 0
1978 03 27 73.470000 0 0
1978 03 28 73.470000 0 0
1978 03 29 72.381000 0 0
1978 03 30 71.299000 0 0
1978 03 31 72.381000 0 0
1978 04 01 72.381000 0 0
1978 04 02 71.299000 0 0
1978 04 03 72.381000 0 0
1978 04 04 73.470000 0 0
1978 04 05 74.567000 0 0
1978 04 06 73.470000 0 0
1978 04 07 72.381000 0 0
1978 04 08 71.299000 0 0
1978 04 09 71.299000 0 0
1978 04 10 71.299000 0 0
1978 04 11 70.224000 0 0
1978 04 12 70.224000 0 0
1978 04 13 69.156000 0 0
1978 04 14 67.041000 0 0
1978 04 15 67.041000 0 0
1978 04 16 65.995000 0 0
1978 04 17 63.923000 0 0
1978 04 18 62.898000 0 0
1978 04 19 62.898000 0 0
1978 04 20 61.880000 0 0
1978 04 21 60.870000 0 0
1978 04 22 59.867000 0 0
1978 04 23 58.871000 0 0
1978 04 24 57.882000 0 0
1978 04 25 55.926000 0 0
1978 04 26 56.900000 0 0
1978 04 27 55.926000 0 0
1978 04 28 55.926000 0 0
1978 04 29 54.959000 0 0
1978 04 30 54.000000 0 0
1978 05 01 54.959000 0 0
1978 05 02 54.000000 0 0
1978 05 03 54.000000 0 0
1978 05 04 54.000000 0 0
1978 05 05 54.000000 0 0
1978 05 06 53.048000 0 0
1978 05 07 52.103000 0 0
1978 05 08 51.166000 0 0
1978 05 09 51.166000 0 0
1978 05 10 50.236000 0 0
1978 05 11 52.103000 0 0
1978 05 12 53.048000 0 0
1978 05 13 53.048000 0 0
1978 05 14 56.900000 0 0
1978 05 15 59.867000 0 0
1978 05 16 62.898000 0 0
1978 05 17 65.995000 0 0
1978 05 18 69.156000 0 0
1978 05 19 73.470000 0 0
1978 05 20 75.670000 0 0
1978 05 21 72.381000 0 0
1978 05 22 70.224000 0 0
1978 05 23 68.095000 0 0
1978 05 24 67.041000 0 0
1978 05 25 63.923000 0 0
1978 05 26 61.880000 0 0
1978 05 27 57.882000 0 0
1978 05 28 60.870000 0 0
1978 05 29 62.898000 0 0
1978 05 30 62.898000 0 0
1978 05 31 62.898000 0 0
1978 06 01 62.898000 0 0
1978 06 02 63.923000 0 0
1978 06 03 62.898000 0 0
1978 06 04 62.898000 0 0
1978 06 05 62.898000 0 0
1978 06 06 61.880000 0 0
1978 06 07 59.867000 0 0
1978 06 08 60.870000 0 0
1978 06 09 64.955000 0 0
1978 06 10 63.923000 0 0
1978 06 11 61.880000 0 0
1978 06 12 60.870000 0 0
1978 06 13 58.871000 0 0
1978 06 14 56.900000 0 0
1978 06 15 54.959000 0 0
1978 06 16 55.926000 0 0
1978 06 17 54.959000 0 0
1978 06 18 53.048000 0 0
1978 06 19 51.166000 0 0
1978 06 20 49.313000 0 0
1978 06 21 48.398000 0 0
1978 06 22 48.398000 0 0
1978 06 23 48.398000 0 0
1978 06 24 47.491000 0 0
1978 06 25 47.491000 0 0
1978 06 26 46.591000 0 0
1978 06 27 46.591000 0 0
1978 06 28 46.591000 0 0
1978 06 29 45.698000 0 0
1978 06 30 44.813000 0 0
1978 07 01 43.935000 0 0
1978 07 02 43.065000 0 0
1978 07 03 43.065000 0 0
1978 07 04 43.935000 0 0
1978 07 05 44.813000 0 0
1978 07 06 45.698000 0 0
1978 07 07 47.491000 0 0
1978 07 08 48.398000 0 0
1978 07 09 48.398000 0 0
1978 07 10 48.398000 0 0
1978 07 11 46.591000 0 0
1978 07 12 45.698000 0 0
1978 07 13 45.698000 0 0
1978 07 14 44.813000 0 0
1978 07 15 44.813000 0 0
1978 07 16 45.698000 0 0
1978 07 17 47.491000 0 0
1978 07 18 50.236000 0 0
1978 07 19 53.048000 0 0
1978 07 20 53.048000 0 0
1978 07 21 52.103000 0 0
1978 07 22 51.166000 0 0
1978 07 23 49.313000 0 0
1978 07 24 48.398000 0 0
1978 07 25 48.398000 0 0
1978 07 26 47.491000 0 0
1978 07 27 46.591000 0 0
1978 07 28 46.591000 0 0
1978 07 29 44.813000 0 0
1978 07 30 44.813000 0 0
1978 07 31 43.065000 0 0
1978 08 01 43.065000 0 0
1978 08 02 42.203000 0 0
1978 08 03 42.203000 0 0
1978 08 04 43.065000 0 0
1978 08 05 42.203000 0 0
1978 08 06 41.348000 0 0
1978 08 07 41.348000 0 0
1978 08 08 41.348000 0 0
1978 08 09 41.348000 0 0
1978 08 10 41.348000 0 0
1978 08 11 40.501000 0 0
1978 08 12 41.348000 0 0
1978 08 13 40.501000 0 0
1978 08 14 40.501000 0 0
1978 08 15 40.501000 0 0
1978 08 16 40.501000 0 0
1978 08 17 41.348000 0 0
1978 08 18 40.501000 0 0
1978 08 19 39.661000 0 0
1978 08 20 39.661000 0 0
1978 08 21 39.661000 0 0
1978 08 22 39.661000 0 0
1978 08 23 39.661000 0 0
1978 08 24 38.830000 0 0
1978 08 25 39.661000 0 0
1978 08 26 38.830000 0 0
1978 08 27 38.005000 0 0
1978 08 28 37.189000 0 0
1978 08 29 38.005000 0 0
1978 08 30 36.380000 0 0
1978 08 31 36.380000 0 0
1978 09 01 36.380000 0 0
1978 09 02 35.579000 0 0
1978 09 03 35.579000 0 0
1978 09 04 34.786000 0 0
1978 09 05 34.000000 0 0
1978 09 06 33.223000 0 0
1978 09 07 32.453000 0 0
1978 09 08 31.691000 0 0
1978 09 09 30.937000 0 0
1978 09 10 30.937000 0 0
1978 09 11 30.191000 0 0
1978 09 12 30.191000 0 0
1978 09 13 30.937000 0 0
1978 09 14 30.191000 0 0
1978 09 15 30.191000 0 0
1978 09 16 30.191000 0 0
1978 09 17 29.452000 0 0
1978 09 18 29.452000 0 0
1978 09 19 28.000000 0 0
1978 09 20 28.000000 0 0
1978 09 21 26.579000 0 0
1978 09 22 25.881000 0 0
1978 09 23 25.191000 0 0
1978 09 24 23.836000 0 0
1978 09 25 23.170000 0 0
1978 09 26 22.513000 0 0
1978 09 27 22.513000 0 0
1978 09 28 23.170000 0 0
1978 09 29 22.513000 0 0
1978 09 30 22.513000 0 0
1978 10 01 22.513000 0 0
1978 10 02 23.170000 0 0
1978 10 03 23.836000 0 0
1978 10 04 26.579000 0 0
1978 10 05 26.579000 0 0
1978 10 06 27.286000 0 0
1978 10 07 29.452000 0 0
1978 10 08 34.786000 0 0
1978 10 09 40.501000 0 0
1978 10 10 52.103000 0 0
1978 10 11 56.900000 0 0
1978 10 12 61.880000 0 0
1978 10 13 59.867000 0 0
1978 10 14 57.882000 0 0
1978 10 15 54.000000 0 0
1978 10 16 54.000000 0 0
1978 10 17 52.103000 0 0
1978 10 18 49.313000 0 0
1978 10 19 48.398000 0 0
1978 10 20 46.591000 0 0
1978 10 21 44.813000 0 0
1978 10 22 44.813000 0 0
1978 10 23 43.065000 0 0
1978 10 24 40.501000 0 0
1978 10 25 38.005000 0 0
1978 10 26 34.786000 0 0
1978 10 27 32.453000 0 0
1978 10 28 30.937000 0 0
1978 10 29 29.452000 0 0
1978 10 30 28.722000 0 0
1978 10 31 30.937000 0 0
1978 11 01 61.880000 0 0
1978 11 02 87.089000 0 0
1978 11 03 95.495000 0 0
1978 11 04 105.511000 0 0
1978 11 05 129.619000 0 0
1978 11 06 138.130000 0 0
1978 11 07 129.619000 0 0
1978 11 08 108.083000 0 0
1978 11 09 82.438000 0 0
1978 11 10 49.313000 0 0
1978 11 11 53.048000 0 0
1978 11 12 62.898000 0 0
1978 11 13 73.470000 0 0
1978 11 14 69.156000 0 0
1978 11 15 54.959000 0 0
1978 11 16 54.959000 0 0
1978 11 17 59.867000 0 0
1978 11 18 61.880000 0 0
1978 11 19 65.995000 0 0
1978 11 20 70.224000 0 0
1978 11 21 64.955000 0 0
1978 11 22 65.995000 0 0
1978 11 23 69.156000 0 0
1978 11 24 69.156000 0 0
1978 11 25 64.955000 0 0
1978 11 26 64.955000 0 0
1978 11 27 63.923000 0 0
1978 11 28 64.955000 0 0
1978 11 29 67.041000 0 0
1978 11 30 64.955000 0 0
1978 12 01 62.898000 0 0
1978 12 02 65.995000 0 0
1978 12 03 68.095000 0 0
1978 12 04 70.224000 0 0
1978 12 05 67.041000 0 0
1978 12 06 70.224000 0 0
1978 12 07 75.670000 0 0
1978 12 08 85.916000 0 0
1978 12 09 105.511000 0 0
1978 12 10 128.223000 0 0
1978 12 11 146.876000 0 0
1978 12 12 165.064000 0 0
1978 12 13 148.356000 0 0
1978 12 14 149.843000 0 0
1978 12 15 151.336000 0 0
1978 12 16 151.336000 0 0
1978 12 17 154.342000 0 0
1978 12 18 157.374000 0 0
1978 12 19 160.431000 0 0
1978 12 20 157.374000 0 0
1978 12 21 155.855000 0 0
1978 12 22 152.836000 0 0
1978 12 23 149.843000 0 0
1978 12 24 154.342000 0 0
1978 12 25 157.374000 0 0
1978 12 26 160.431000 0 0
1978 12 27 160.431000 0 0
1978 12 28 157.374000 0 0
1978 12 29 154.342000 0 0
1978 12 30 149.843000 0 0
1978 12 31 146.876000 0 0
1979 01 01 154.342000 0 0
1979 01 02 158.899000 0 0
1979 01 03 161.969000 0 0
1979 01 04 163.513000 0 0
1979 01 05 160.431000 0 0
1979 01 06 165.064000 0 0
1979 01 07 165.064000 0 0
1979 01 08 168.185000 0 0
1979 01 09 171.331000 0 0
1979 01 10 174.503000 0 0
1979 01 11 177.700000 0 0
1979 01 12 172.914000 0 0
1979 01 13 168.185000 0 0
1979 01 14 165.064000 0 0
1979 01 15 157.374000 0 0
1979 01 16 154.342000 0 0
1979 01 17 152.836000 0 0
1979 01 18 155.855000 0 0
1979 01 19 157.374000 0 0
1979 01 20 157.374000 0 0
1979 01 21 158.899000 0 0
1979 01 22 161.969000 0 0
1979 01 23 166.622000 0 0
1979 01 24 172.914000 0 0
1979 01 25 176.098000 0 0
1979 01 26 180.922000 0 0
1979 01 27 184.169000 0 0
1979 01 28 187.441000 0 0
1979 01 29 192.397000 0 0
1979 01 30 197.409000 0 0
1979 01 31 190.739000 0 0
1979 02 01 187.441000 0 0
1979 02 02 185.802000 0 0
1979 02 03 182.542000 0 0
1979 02 04 177.700000 0 0
1979 02 05 169.755000 0 0
1979 02 06 168.185000 0 0
1979 02 07 165.064000 0 0
1979 02 08 161.969000 0 0
1979 02 09 166.622000 0 0
1979 02 10 177.700000 0 0
1979 02 11 182.542000 0 0
1979 02 12 185.802000 0 0
1979 02 13 202.476000 0 0
1979 02 14 205.885000 0 0
1979 02 15 212.778000 0 0
1979 02 16 218.013000 0 0
1979 02 17 265.674000 0 0
1979 02 18 259.966000 0 0
1979 02 19 237.677000 0 0
1979 02 20 234.047000 0 0
1979 02 21 235.859000 0 0
1979 02 22 234.047000 0 0
1979 02 23 232.241000 0 0
1979 02 24 232.241000 0 0
1979 02 25 225.078000 0 0
1979 02 26 225.078000 0 0
1979 02 27 223.302000 0 0
1979 02 28 219.770000 0 0
1979 03 01 214.517000 0 0
1979 03 02 211.046000 0 0
1979 03 03 204.178000 0 0
1979 03 04 202.476000 0 0
1979 03 05 199.091000 0 0
1979 03 06 195.732000 0 0
1979 03 07 187.441000 0 0
1979 03 08 180.922000 0 0
1979 03 09 169.755000 0 0
1979 03 10 163.513000 0 0
1979 03 11 154.342000 0 0
1979 03 12 155.855000 0 0
1979 03 13 157.374000 0 0
1979 03 14 157.374000 0 0
1979 03 15 163.513000 0 0
1979 03 16 165.064000 0 0
1979 03 17 161.969000 0 0
1979 03 18 158.899000 0 0
1979 03 19 154.342000 0 0
1979 03 20 146.876000 0 0
1979 03 21 141.019000 0 0
1979 03 22 135.267000 0 0
1979 03 23 131.021000 0 0
1979 03 24 126.834000 0 0
1979 03 25 124.076000 0 0
1979 03 26 122.706000 0 0
1979 03 27 125.451000 0 0
1979 03 28 133.845000 0 0
1979 03 29 132.430000 0 0
1979 03 30 132.430000 0 0
1979 03 31 131.021000 0 0
1979 04 01 129.619000 0 0
1979 04 02 128.223000 0 0
1979 04 03 129.619000 0 0
1979 04 04 126.834000 0 0
1979 04 05 125.451000 0 0
1979 04 06 121.344000 0 0
1979 04 07 119.988000 0 0
1979 04 08 117.295000 0 0
1979 04 09 114.630000 0 0
1979 04 10 113.307000 0 0
1979 04 11 109.379000 0 0
1979 04 12 118.638000 0 0
1979 04 13 115.959000 0 0
1979 04 14 114.630000 0 0
1979 04 15 111.991000 0 0
1979 04 16 110.682000 0 0
1979 04 17 110.682000 0 0
1979 04 18 110.682000 0 0
1979 04 19 109.379000 0 0
1979 04 20 109.379000 0 0
1979 04 21 108.083000 0 0
1979 04 22 106.794000 0 0
1979 04 23 106.794000 0 0
1979 04 24 105.511000 0 0
1979 04 25 102.966000 0 0
1979 04 26 101.704000 0 0
1979 04 27 100.449000 0 0
1979 04 28 97.958000 0 0
1979 04 29 99.200000 0 0
1979 04 30 96.723000 0 0
1979 05 01 101.704000 0 0
1979 05 02 101.704000 0 0
1979 05 03 101.704000 0 0
1979 05 04 104.235000 0 0
1979 05 05 101.704000 0 0
1979 05 06 97.958000 0 0
1979 05 07 95.495000 0 0
1979 05 08 94.273000 0 0
1979 05 09 94.273000 0 0
1979 05 10 93.059000 0 0
1979 05 11 93.059000 0 0
1979 05 12 90.650000 0 0
1979 05 13 84.750000 0 0
1979 05 14 84.750000 0 0
1979 05 15 81.292000 0 0
1979 05 16 80.154000 0 0
1979 05 17 79.022000 0 0
1979 05 18 77.898000 0 0
1979 05 19 76.780000 0 0
1979 05 20 74.567000 0 0
1979 05 21 72.381000 0 0
1979 05 22 71.299000 0 0
1979 05 23 70.224000 0 0
1979 05 24 67.041000 0 0
1979 05 25 63.923000 0 0
1979 05 26 61.880000 0 0
1979 05 27 61.880000 0 0
1979 05 28 64.955000 0 0
1979 05 29 73.470000 0 0
1979 05 30 73.470000 0 0
1979 05 31 70.224000 0 0
1979 06 01 67.041000 0 0
1979 06 02 67.041000 0 0
1979 06 03 65.995000 0 0
1979 06 04 71.299000 0 0
1979 06 05 72.381000 0 0
1979 06 06 72.381000 0 0
1979 06 07 72.381000 0 0
1979 06 08 72.381000 0 0
1979 06 09 71.299000 0 0
1979 06 10 70.224000 0 0
1979 06 11 68.095000 0 0
1979 06 12 67.041000 0 0
1979 06 13 67.041000 0 0
1979 06 14 65.995000 0 0
1979 06 15 65.995000 0 0
1979 06 16 64.955000 0 0
1979 06 17 63.923000 0 0
1979 06 18 63.923000 0 0
1979 06 19 63.923000 0 0
1979 06 20 62.898000 0 0
1979 06 21 61.880000 0 0
1979 06 22 60.870000 0 0
1979 06 23 59.867000 0 0
1979 06 24 59.867000 0 0
1979 06 25 58.871000 0 0
1979 06 26 58.871000 0 0
1979 06 27 59.867000 0 0
1979 06 28 58.871000 0 0
1979 06 29 59.867000 0 0
1979 06 30 58.871000 0 0
1979 07 01 57.882000 0 0
1979 07 02 57.882000 0 0
1979 07 03 56.900000 0 0
1979 07 04 57.882000 0 0
1979 07 05 56.900000 0 0
1979 07 06 55.926000 0 0
1979 07 07 55.926000 0 0
1979 07 08 54.959000 0 0
1979 07 09 55.926000 0 0
1979 07 10 54.959000 0 0
1979 07 11 54.000000 0 0
1979 07 12 54.000000 0 0
1979 07 13 54.959000 0 0
1979 07 14 54.000000 0 0
1979 07 15 54.000000 0 0
1979 07 16 53.048000 0 0
1979 07 17 52.103000 0 0
1979 07 18 53.048000 0 0
1979 07 19 54.000000 0 0
1979 07 20 55.926000 0 0
1979 07 21 55.926000 0 0
1979 07 22 54.959000 0 0
1979 07 23 54.959000 0 0
1979 07 24 54.000000 0 0
1979 07 25 53.048000 0 0
1979 07 26 53.048000 0 0
1979 07 27 52.103000 0 0
1979 07 28 52.103000 0 0
1979 07 29 53.048000 0 0
1979 07 30 52.103000 0 0
1979 07 31 52.103000 0 0
1979 08 01 51.166000 0 0
1979 08 02 50.236000 0 0
1979 08 03 50.236000 0 0
1979 08 04 49.313000 0 0
1979 08 05 48.398000 0 0
1979 08 06 47.491000 0 0
1979 08 07 47.491000 0 0
1979 08 08 46.591000 0 0
1979 08 09 45.698000 0 0
1979 08 10 45.698000 0 0
1979 08 11 44.813000 0 0
1979 08 12 44.813000 0 0
1979 08 13 43.935000 0 0
1979 08 14 43.065000 0 0
1979 08 15 42.203000 0 0
1979 08 16 41.348000 0 0
1979 08 17 42.203000 0 0
1979 08 18 43.935000 0 0
1979 08 19 44.813000 0 0
1979 08 20 44.813000 0 0
1979 08 21 43.935000 0 0
1979 08 22 43.065000 0 0
1979 08 23 43.935000 0 0
1979 08 24 43.065000 0 0
1979 08 25 42.203000 0 0
1979 08 26 43.065000 0 0
1979 08 27 43.065000 0 0
1979 08 28 43.935000 0 0
1979 08 29 44.813000 0 0
1979 08 30 44.813000 0 0
1979 08 31 43.935000 0 0
1979 09 01 43.065000 0 0
1979 09 02 38.005000 0 0
1979 09 03 44.813000 0 0
1979 09 04 46.591000 0 0
1979 09 05 49.313000 0 0
1979 09 06 45.698000 0 0
1979 09 07 44.813000 0 0
1979 09 08 44.813000 0 0
1979 09 09 44.813000 0 0
1979 09 10 43.065000 0 0
1979 09 11 42.203000 0 0
1979 09 12 42.203000 0 0
1979 09 13 43.065000 0 0
1979 09 14 43.065000 0 0
1979 09 15 43.935000 0 0
1979 09 16 44.813000 0 0
1979 09 17 45.698000 0 0
1979 09 18 48.398000 0 0
1979 09 19 48.398000 0 0
1979 09 20 46.591000 0 0
1979 09 21 47.491000 0 0
1979 09 22 47.491000 0 0
1979 09 23 49.313000 0 0
1979 09 24 47.491000 0 0
1979 09 25 47.491000 0 0
1979 09 26 45.698000 0 0
1979 09 27 45.698000 0 0
1979 09 28 46.591000 0 0
1979 09 29 46.591000 0 0
1979 09 30 45.698000 0 0
1979 10 01 44.813000 0 0
1979 10 02 45.698000 0 0
1979 10 03 48.398000 0 0
1979 10 04 49.313000 0 0
1979 10 05 48.398000 0 0
1979 10 06 48.398000 0 0
1979 10 07 47.491000 0 0
1979 10 08 46.591000 0 0
1979 10 09 45.698000 0 0
1979 10 10 45.698000 0 0
1979 10 11 44.813000 0 0
1979 10 12 43.935000 0 0
1979 10 13 44.813000 0 0
1979 10 14 46.591000 0 0
1979 10 15 50.236000 0 0
1979 10 16 49.313000 0 0
1979 10 17 48.398000 0 0
1979 10 18 46.591000 0 0
1979 10 19 45.698000 0 0
1979 10 20 44.813000 0 0
1979 10 21 45.698000 0 0
1979 10 22 44.813000 0 0
1979 10 23 43.935000 0 0
1979 10 24 43.065000 0 0
1979 10 25 42.203000 0 0
1979 10 26 43.065000 0 0
1979 10 27 43.065000 0 0
1979 10 28 42.203000 0 0
1979 10 29 41.348000 0 0
1979 10 30 42.203000 0 0
1979 10 31 43.935000 0 0
1979 11 01 47.491000 0 0
1979 11 02 52.103000 0 0
1979 11 03 59.867000 0 0
1979 11 04 67.041000 0 0
1979 11 05 74.567000 0 0
1979 11 06 74.567000 0 0
1979 11 07 72.381000 0 0
1979 11 08 70.224000 0 0
1979 11 09 70.224000 0 0
1979 11 10 68.095000 0 0
1979 11 11 65.995000 0 0
1979 11 12 61.880000 0 0
1979 11 13 56.900000 0 0
1979 11 14 52.103000 0 0
1979 11 15 56.900000 0 0
1979 11 16 57.882000 0 0
1979 11 17 56.900000 0 0
1979 11 18 56.900000 0 0
1979 11 19 54.959000 0 0
1979 11 20 53.048000 0 0
1979 11 21 53.048000 0 0
1979 11 22 52.103000 0 0
1979 11 23 54.000000 0 0
1979 11 24 54.000000 0 0
1979 11 25 53.048000 0 0
1979 11 26 52.103000 0 0
1979 11 27 53.048000 0 0
1979 11 28 52.103000 0 0
1979 11 29 51.166000 0 0
1979 11 30 51.166000 0 0
1979 12 01 50.236000 0 0
1979 12 02 49.313000 0 0
1979 12 03 47.491000 0 0
1979 12 04 46.591000 0 0
1979 12 05 47.491000 0 0
1979 12 06 49.313000 0 0
1979 12 07 49.313000 0 0
1979 12 08 49.313000 0 0
1979 12 09 48.398000 0 0
1979 12 10 49.313000 0 0
1979 12 11 50.236000 0 0
1979 12 12 51.166000 0 0
1979 12 13 52.103000 0 0
1979 12 14 53.048000 0 0
1979 12 15 54.000000 0 0
1979 12 16 54.959000 0 0
1979 12 17 56.900000 0 0
1979 12 18 58.871000 0 0
1979 12 19 61.880000 0 0
1979 12 20 63.923000 0 0
1979 12 21 73.470000 0 0
1979 12 22 85.916000 0 0
1979 12 23 96.723000 0 0
1979 12 24 104.235000 0 0
1979 12 25 114.630000 0 0
1979 12 26 124.076000 0 0
1979 12 27 139.572000 0 0
1979 12 28 158.899000 0 0
1979 12 29 nan nan nan
1979 12 30 nan nan nan
1979 12 31 nan nan nan
1980 01 01 163.513000 0 0
1980 01 02 158.899000 0 0
1980 01 03 151.336000 0 0
1980 01 04 152.836000 0 0
1980 01 05 154.342000 0 0
1980 01 06 157.374000 0 0
1980 01 07 155.855000 0 0
1980 01 08 152.836000 0 0
1980 01 09 152.836000 0 0
1980 01 10 152.836000 0 0
1980 01 11 151.336000 0 0
1980 01 12 152.836000 0 0
1980 01 13 154.342000 0 0
1980 01 14 151.336000 0 0
1980 01 15 149.843000 0 0
1980 01 16 148.356000 0 0
1980 01 17 149.843000 0 0
1980 01 18 155.855000 0 0
1980 01 19 161.969000 0 0
1980 01 20 166.622000 0 0
1980 01 21 176.098000 0 0
1980 01 22 184.169000 0 0
1980 01 23 192.397000 0 0
1980 01 24 199.091000 0 0
1980 01 25 197.409000 0 0
1980 01 26 195.732000 0 0
1980 01 27 197.409000 0 0
1980 01 28 199.091000 0 0
1980 01 29 195.732000 0 0
1980 01 30 190.739000 0 0
1980 01 31 185.802000 0 0
1980 02 01 184.169000 0 0
1980 02 02 185.802000 0 0
1980 02 03 184.169000 0 0
1980 02 04 184.169000 0 0
1980 02 05 187.441000 0 0
1980 02 06 184.169000 0 0
1980 02 07 182.542000 0 0
1980 02 08 184.169000 0 0
1980 02 09 184.169000 0 0
1980 02 10 182.542000 0 0
1980 02 11 177.700000 0 0
1980 02 12 176.098000 0 0
1980 02 13 174.503000 0 0
1980 02 14 174.503000 0 0
1980 02 15 177.700000 0 0
1980 02 16 179.308000 0 0
1980 02 17 182.542000 0 0
1980 02 18 189.087000 0 0
1980 02 19 197.409000 0 0
1980 02 20 199.091000 0 0
1980 02 21 199.091000 0 0
1980 02 22 195.732000 0 0
1980 02 23 197.409000 0 0
1980 02 24 202.476000 0 0
1980 02 25 211.046000 0 0
1980 02 26 214.517000 0 0
1980 02 27 211.046000 0 0
1980 02 28 205.885000 0 0
1980 02 29 202.476000 0 0
1980 03 01 195.732000 0 0
1980 03 02 189.087000 0 0
1980 03 03 185.802000 0 0
1980 03 04 184.169000 0 0
1980 03 05 180.922000 0 0
1980 03 06 179.308000 0 0
1980 03 07 174.503000 0 0
1980 03 08 174.503000 0 0
1980 03 09 171.331000 0 0
1980 03 10 172.914000 0 0
1980 03 11 177.700000 0 0
1980 03 12 182.542000 0 0
1980 03 13 185.802000 0 0
1980 03 14 192.397000 0 0
1980 03 15 190.739000 0 0
1980 03 16 194.061000 0 0
1980 03 17 200.781000 0 0
1980 03 18 197.409000 0 0
1980 03 19 195.732000 0 0
1980 03 20 190.739000 0 0
1980 03 21 182.542000 0 0
1980 03 22 180.922000 0 0
1980 03 23 179.308000 0 0
1980 03 24 174.503000 0 0
1980 03 25 172.914000 0 0
1980 03 26 171.331000 0 0
1980 03 27 168.185000 0 0
1980 03 28 168.185000 0 0
1980 03 29 163.513000 0 0
1980 03 30 154.342000 0 0
1980 03 31 146.876000 0 0
1980 04 01 138.130000 0 0
1980 04 02 136.695000 0 0
1980 04 03 135.267000 0 0
1980 04 04 138.130000 0 0
1980 04 05 143.935000 0 0
1980 04 06 148.356000 0 0
1980 04 07 151.336000 0 0
1980 04 08 155.855000 0 0
1980 04 09 160.431000 0 0
1980 04 10 168.185000 0 0
1980 04 11 174.503000 0 0
1980 04 12 184.169000 0 0
1980 04 13 189.087000 0 0
1980 04 14 197.409000 0 0
1980 04 15 205.885000 0 0
1980 04 16 211.046000 0 0
1980 04 17 204.178000 0 0
1980 04 18 195.732000 0 0
1980 04 19 192.397000 0 0
1980 04 20 185.802000 0 0
1980 04 21 171.331000 0 0
1980 04 22 158.899000 0 0
1980 04 23 149.843000 0 0
1980 04 24 142.474000 0 0
1980 04 25 139.572000 0 0
1980 04 26 132.430000 0 0
1980 04 27 129.619000 0 0
1980 04 28 128.223000 0 0
1980 04 29 125.451000 0 0
1980 04 30 126.834000 0 0
1980 05 01 124.076000 0 0
1980 05 02 124.076000 0 0
1980 05 03 125.451000 0 0
1980 05 04 124.076000 0 0
1980 05 05 122.706000 0 0
1980 05 06 121.344000 0 0
1980 05 07 119.988000 0 0
1980 05 08 118.638000 0 0
1980 05 09 117.295000 0 0
1980 05 10 114.630000 0 0
1980 05 11 110.682000 0 0
1980 05 12 109.379000 0 0
1980 05 13 106.794000 0 0
1980 05 14 106.794000 0 0
1980 05 15 105.511000 0 0
1980 05 16 104.235000 0 0
1980 05 17 102.966000 0 0
1980 05 18 101.704000 0 0
1980 05 19 100.449000 0 0
1980 05 20 99.200000 0 0
1980 05 21 95.495000 0 0
1980 05 22 94.273000 0 0
1980 05 23 94.273000 0 0
1980 05 24 93.059000 0 0
1980 05 25 91.851000 0 0
1980 05 26 89.456000 0 0
1980 05 27 88.269000 0 0
1980 05 28 85.916000 0 0
1980 05 29 85.916000 0 0
1980 05 30 83.590000 0 0
1980 05 31 83.590000 0 0
1980 06 01 82.438000 0 0
1980 06 02 81.292000 0 0
1980 06 03 80.154000 0 0
1980 06 04 80.154000 0 0
1980 06 05 79.022000 0 0
1980 06 06 77.898000 0 0
1980 06 07 77.898000 0 0
1980 06 08 79.022000 0 0
1980 06 09 77.898000 0 0
1980 06 10 75.670000 0 0
1980 06 11 73.470000 0 0
1980 06 12 72.381000 0 0
1980 06 13 71.299000 0 0
1980 06 14 71.299000 0 0
1980 06 15 70.224000 0 0
1980 06 16 69.156000 0 0
1980 06 17 70.224000 0 0
1980 06 18 68.095000 0 0
1980 06 19 67.041000 0 0
1980 06 20 65.995000 0 0
1980 06 21 64.955000 0 0
1980 06 22 63.923000 0 0
1980 06 23 63.923000 0 0
1980 06 24 62.898000 0 0
1980 06 25 67.041000 0 0
1980 06 26 125.451000 0 0
1980 06 27 128.223000 0 0
1980 06 28 121.344000 0 0
1980 06 29 113.307000 0 0
1980 06 30 106.794000 0 0
1980 07 01 99.200000 0 0
1980 07 02 95.495000 0 0
1980 07 03 94.273000 0 0
1980 07 04 91.851000 0 0
1980 07 05 90.650000 0 0
1980 07 06 88.269000 0 0
1980 07 07 87.089000 0 0
1980 07 08 84.750000 0 0
1980 07 09 84.750000 0 0
1980 07 10 82.438000 0 0
1980 07 11 82.438000 0 0
1980 07 12 81.292000 0 0
1980 07 13 80.154000 0 0
1980 07 14 79.022000 0 0
1980 07 15 79.022000 0 0
1980 07 16 76.780000 0 0
1980 07 17 76.780000 0 0
1980 07 18 74.567000 0 0
1980 07 19 71.299000 0 0
1980 07 20 69.156000 0 0
1980 07 21 67.041000 0 0
1980 07 22 62.898000 0 0
1980 07 23 57.882000 0 0
1980 07 24 56.900000 0 0
1980 07 25 55.926000 0 0
1980 07 26 55.926000 0 0
1980 07 27 54.959000 0 0
1980 07 28 54.959000 0 0
1980 07 29 54.000000 0 0
1980 07 30 54.000000 0 0
1980 07 31 53.048000 0 0
1980 08 01 54.000000 0 0
1980 08 02 53.048000 0 0
1980 08 03 52.103000 0 0
1980 08 04 52.103000 0 0
1980 08 05 51.166000 0 0
1980 08 06 51.166000 0 0
1980 08 07 50.236000 0 0
1980 08 08 51.166000 0 0
1980 08 09 50.236000 0 0
1980 08 10 51.166000 0 0
1980 08 11 52.103000 0 0
1980 08 12 53.048000 0 0
1980 08 13 54.959000 0 0
1980 08 14 55.926000 0 0
1980 08 15 54.000000 0 0
1980 08 16 54.000000 0 0
1980 08 17 53.048000 0 0
1980 08 18 53.048000 0 0
1980 08 19 53.048000 0 0
1980 08 20 52.103000 0 0
1980 08 21 51.166000 0 0
1980 08 22 50.236000 0 0
1980 08 23 50.236000 0 0
1980 08 24 49.313000 0 0
1980 08 25 49.313000 0 0
1980 08 26 48.398000 0 0
1980 08 27 48.398000 0 0
1980 08 28 48.398000 0 0
1980 08 29 47.491000 0 0
1980 08 30 46.591000 0 0
1980 08 31 44.813000 0 0
1980 09 01 44.813000 0 0
1980 09 02 43.935000 0 0
1980 09 03 43.065000 0 0
1980 09 04 42.203000 0 0
1980 09 05 43.065000 0 0
1980 09 06 41.348000 0 0
1980 09 07 40.501000 0 0
1980 09 08 39.661000 0 0
1980 09 09 38.830000 0 0
1980 09 10 40.501000 0 0
1980 09 11 40.501000 0 0
1980 09 12 38.830000 0 0
1980 09 13 38.005000 0 0
1980 09 14 38.830000 0 0
1980 09 15 41.348000 0 0
1980 09 16 42.203000 0 0
1980 09 17 43.065000 0 0
1980 09 18 44.813000 0 0
1980 09 19 47.491000 0 0
1980 09 20 48.398000 0 0
1980 09 21 45.698000 0 0
1980 09 22 44.813000 0 0
1980 09 23 43.065000 0 0
1980 09 24 43.065000 0 0
1980 09 25 42.203000 0 0
1980 09 26 40.501000 0 0
1980 09 27 40.501000 0 0
1980 09 28 39.661000 0 0
1980 09 29 38.830000 0 0
1980 09 30 38.005000 0 0
1980 10 01 37.189000 0 0
1980 10 02 36.380000 0 0
1980 10 03 36.380000 0 0
1980 10 04 35.579000 0 0
1980 10 05 35.579000 0 0
1980 10 06 36.380000 0 0
1980 10 07 38.005000 0 0
1980 10 08 40.501000 0 0
1980 10 09 42.203000 0 0
1980 10 10 44.813000 0 0
1980 10 11 44.813000 0 0
1980 10 12 43.935000 0 0
1980 10 13 43.065000 0 0
1980 10 14 39.661000 0 0
1980 10 15 38.005000 0 0
1980 10 16 36.380000 0 0
1980 10 17 35.579000 0 0
1980 10 18 34.786000 0 0
1980 10 19 34.786000 0 0
1980 10 20 34.000000 0 0
1980 10 21 34.786000 0 0
1980 10 22 34.000000 0 0
1980 10 23 32.453000 0 0
1980 10 24 29.452000 0 0
1980 10 25 27.286000 0 0
1980 10 26 25.191000 0 0
1980 10 27 22.513000 0 0
1980 10 28 21.223000 0 0
1980 10 29 19.350000 0 0
1980 10 30 24.509000 0 0
1980 10 31 36.380000 0 0
1980 11 01 36.380000 0 0
1980 11 02 34.786000 0 0
1980 11 03 34.786000 0 0
1980 11 04 33.223000 0 0
1980 11 05 31.691000 0 0
1980 11 06 31.691000 0 0
1980 11 07 35.579000 0 0
1980 11 08 40.501000 0 0
1980 11 09 44.813000 0 0
1980 11 10 90.650000 0 0
1980 11 11 125.451000 0 0
1980 11 12 125.451000 0 0
1980 11 13 114.630000 0 0
1980 11 14 106.794000 0 0
1980 11 15 105.511000 0 0
1980 11 16 106.794000 0 0
1980 11 17 108.083000 0 0
1980 11 18 111.991000 0 0
1980 11 19 119.988000 0 0
1980 11 20 121.344000 0 0
1980 11 21 121.344000 0 0
1980 11 22 119.988000 0 0
1980 11 23 118.638000 0 0
1980 11 24 118.638000 0 0
1980 11 25 1487.415000 0 0
1980 11 26 1507.695000 0 0
1980 11 27 1483.373000 0 0
1980 11 28 110.682000 0 0
1980 11 29 109.379000 0 0
1980 11 30 141.019000 0 0
1980 12 01 165.064000 0 0
1980 12 02 281.157000 0 0
1980 12 03 258.076000 0 0
1980 12 04 307.127000 0 0
1980 12 05 254.312000 0 0
1980 12 06 239.501000 0 0
1980 12 07 218.013000 0 0
1980 12 08 200.781000 0 0
1980 12 09 194.061000 0 0
1980 12 10 184.169000 0 0
1980 12 11 168.185000 0 0
1980 12 12 177.700000 0 0
1980 12 13 176.098000 0 0
1980 12 14 172.914000 0 0
1980 12 15 169.755000 0 0
1980 12 16 168.185000 0 0
1980 12 17 166.622000 0 0
1980 12 18 nan nan nan
1980 12 19 nan nan nan
1980 12 20 nan nan nan
1980 12 21 nan nan nan
1980 12 22 nan nan nan
1980 12 23 nan nan nan
1980 12 24 nan nan nan
1980 12 25 nan nan nan
1980 12 26 nan nan nan
1980 12 27 nan nan nan
1980 12 28 nan nan nan
1980 12 29 nan nan nan
1980 12 30 nan nan nan
1980 12 31 nan nan nan
1981 01 01 168.185000 0 0
1981 01 02 172.914000 0 0
1981 01 03 184.169000 0 0
1981 01 04 221.533000 0 0
1981 01 05 235.859000 0 0
1981 01 06 311.211000 0 0
1981 01 07 325.689000 0 0
1981 01 08 297.021000 0 0
1981 01 09 293.020000 0 0
1981 01 10 297.021000 0 0
1981 01 11 295.017000 0 0
1981 01 12 291.028000 0 0
1981 01 13 285.088000 0 0
1981 01 14 279.201000 0 0
1981 01 15 271.435000 0 0
1981 01 16 265.674000 0 0
1981 01 17 275.306000 0 0
1981 01 18 287.062000 0 0
1981 01 19 293.020000 0 0
1981 01 20 293.020000 0 0
1981 01 21 275.306000 0 0
1981 01 22 263.765000 0 0
1981 01 23 258.076000 0 0
1981 01 24 246.858000 0 0
1981 01 25 237.677000 0 0
1981 01 26 234.047000 0 0
1981 01 27 230.441000 0 0
1981 01 28 223.302000 0 0
1981 01 29 218.013000 0 0
1981 01 30 207.599000 0 0
1981 01 31 197.409000 0 0
1981 02 01 192.397000 0 0
1981 02 02 185.802000 0 0
1981 02 03 185.802000 0 0
1981 02 04 182.542000 0 0
1981 02 05 182.542000 0 0
1981 02 06 180.922000 0 0
1981 02 07 179.308000 0 0
1981 02 08 174.503000 0 0
1981 02 09 169.755000 0 0
1981 02 10 168.185000 0 0
1981 02 11 166.622000 0 0
1981 02 12 163.513000 0 0
1981 02 13 160.431000 0 0
1981 02 14 158.899000 0 0
1981 02 15 155.855000 0 0
1981 02 16 152.836000 0 0
1981 02 17 148.356000 0 0
1981 02 18 142.474000 0 0
1981 02 19 136.695000 0 0
1981 02 20 136.695000 0 0
1981 02 21 133.845000 0 0
1981 02 22 131.021000 0 0
1981 02 23 128.223000 0 0
1981 02 24 125.451000 0 0
1981 02 25 124.076000 0 0
1981 02 26 122.706000 0 0
1981 02 27 121.344000 0 0
1981 02 28 118.638000 0 0
1981 03 01 117.295000 0 0
1981 03 02 115.959000 0 0
1981 03 03 114.630000 0 0
1981 03 04 111.991000 0 0
1981 03 05 110.682000 0 0
1981 03 06 109.379000 0 0
1981 03 07 106.794000 0 0
1981 03 08 106.794000 0 0
1981 03 09 104.235000 0 0
1981 03 10 101.704000 0 0
1981 03 11 99.200000 0 0
1981 03 12 97.958000 0 0
1981 03 13 95.495000 0 0
1981 03 14 94.273000 0 0
1981 03 15 96.723000 0 0
1981 03 16 97.958000 0 0
1981 03 17 101.704000 0 0
1981 03 18 110.682000 0 0
1981 03 19 115.959000 0 0
1981 03 20 121.344000 0 0
1981 03 21 121.344000 0 0
1981 03 22 118.638000 0 0
1981 03 23 117.295000 0 0
1981 03 24 114.630000 0 0
1981 03 25 111.991000 0 0
1981 03 26 109.379000 0 0
1981 03 27 110.682000 0 0
1981 03 28 111.991000 0 0
1981 03 29 113.307000 0 0
1981 03 30 113.307000 0 0
1981 03 31 110.682000 0 0
1981 04 01 110.682000 0 0
1981 04 02 110.682000 0 0
1981 04 03 109.379000 0 0
1981 04 04 108.083000 0 0
1981 04 05 109.379000 0 0
1981 04 06 110.682000 0 0
1981 04 07 108.083000 0 0
1981 04 08 106.794000 0 0
1981 04 09 108.083000 0 0
1981 04 10 105.511000 0 0
1981 04 11 102.966000 0 0
1981 04 12 101.704000 0 0
1981 04 13 101.704000 0 0
1981 04 14 100.449000 0 0
1981 04 15 97.958000 0 0
1981 04 16 99.200000 0 0
1981 04 17 97.958000 0 0
1981 04 18 95.495000 0 0
1981 04 19 93.059000 0 0
1981 04 20 90.650000 0 0
1981 04 21 88.269000 0 0
1981 04 22 84.750000 0 0
1981 04 23 82.438000 0 0
1981 04 24 80.154000 0 0
1981 04 25 79.022000 0 0
1981 04 26 77.898000 0 0
1981 04 27 75.670000 0 0
1981 04 28 74.567000 0 0
1981 04 29 73.470000 0 0
1981 04 30 71.299000 0 0
1981 05 01 71.299000 0 0
1981 05 02 70.224000 0 0
1981 05 03 69.156000 0 0
1981 05 04 69.156000 0 0
1981 05 05 68.095000 0 0
1981 05 06 67.041000 0 0
1981 05 07 65.995000 0 0
1981 05 08 65.995000 0 0
1981 05 09 64.955000 0 0
1981 05 10 62.898000 0 0
1981 05 11 61.880000 0 0
1981 05 12 60.870000 0 0
1981 05 13 61.880000 0 0
1981 05 14 60.870000 0 0
1981 05 15 61.880000 0 0
1981 05 16 61.880000 0 0
1981 05 17 60.870000 0 0
1981 05 18 59.867000 0 0
1981 05 19 58.871000 0 0
1981 05 20 57.882000 0 0
1981 05 21 58.871000 0 0
1981 05 22 58.871000 0 0
1981 05 23 57.882000 0 0
1981 05 24 56.900000 0 0
1981 05 25 55.926000 0 0
1981 05 26 55.926000 0 0
1981 05 27 54.959000 0 0
1981 05 28 54.959000 0 0
1981 05 29 54.000000 0 0
1981 05 30 54.000000 0 0
1981 05 31 54.000000 0 0
1981 06 01 54.000000 0 0
1981 06 02 54.000000 0 0
1981 06 03 55.926000 0 0
1981 06 04 57.882000 0 0
1981 06 05 56.900000 0 0
1981 06 06 56.900000 0 0
1981 06 07 55.926000 0 0
1981 06 08 55.926000 0 0
1981 06 09 56.900000 0 0
1981 06 10 55.926000 0 0
1981 06 11 54.959000 0 0
1981 06 12 54.959000 0 0
1981 06 13 54.959000 0 0
1981 06 14 55.926000 0 0
1981 06 15 55.926000 0 0
1981 06 16 54.959000 0 0
1981 06 17 54.000000 0 0
1981 06 18 54.000000 0 0
1981 06 19 54.959000 0 0
1981 06 20 54.959000 0 0
1981 06 21 54.959000 0 0
1981 06 22 54.000000 0 0
1981 06 23 53.048000 0 0
1981 06 24 53.048000 0 0
1981 06 25 54.000000 0 0
1981 06 26 53.048000 0 0
1981 06 27 52.103000 0 0
1981 06 28 51.166000 0 0
1981 06 29 51.166000 0 0
1981 06 30 50.236000 0 0
1981 07 01 50.236000 0 0
1981 07 02 49.313000 0 0
1981 07 03 48.398000 0 0
1981 07 04 49.313000 0 0
1981 07 05 48.398000 0 0
1981 07 06 46.591000 0 0
1981 07 07 46.591000 0 0
1981 07 08 45.698000 0 0
1981 07 09 44.813000 0 0
1981 07 10 44.813000 0 0
1981 07 11 44.813000 0 0
1981 07 12 43.935000 0 0
1981 07 13 43.065000 0 0
1981 07 14 43.065000 0 0
1981 07 15 42.203000 0 0
1981 07 16 41.348000 0 0
1981 07 17 41.348000 0 0
1981 07 18 40.501000 0 0
1981 07 19 39.661000 0 0
1981 07 20 38.005000 0 0
1981 07 21 38.005000 0 0
1981 07 22 37.189000 0 0
1981 07 23 37.189000 0 0
1981 07 24 35.579000 0 0
1981 07 25 36.380000 0 0
1981 07 26 35.579000 0 0
1981 07 27 35.579000 0 0
1981 07 28 34.786000 0 0
1981 07 29 34.786000 0 0
1981 07 30 35.579000 0 0
1981 07 31 34.000000 0 0
1981 08 01 34.000000 0 0
1981 08 02 34.000000 0 0
1981 08 03 nan nan nan
1981 08 04 nan nan nan
1981 08 05 nan nan nan
1981 08 06 nan nan nan
1981 08 07 nan nan nan
1981 08 08 nan nan nan
1981 08 09 nan nan nan
1981 08 10 nan nan nan
1981 08 11 nan nan nan
1981 08 12 nan nan nan
1981 08 13 nan nan nan
1981 08 14 nan nan nan
1981 08 15 nan nan nan
1981 08 16 nan nan nan
1981 08 17 nan nan nan
1981 08 18 nan nan nan
1981 08 19 nan nan nan
1981 08 20 nan nan nan
1981 08 21 nan nan nan
1981 08 22 nan nan nan
1981 08 23 nan nan nan
1981 08 24 nan nan nan
1981 08 25 nan nan nan
1981 08 26 nan nan nan
1981 08 27 nan nan nan
1981 08 28 nan nan nan
1981 08 29 nan nan nan
1981 08 30 nan nan nan
1981 08 31 nan nan nan
