year month day streamflow_m3s qual_control_by_ana qual_flag
2009 01 01 89.970000 0 0
2009 01 02 111.420000 0 0
2009 01 03 109.310000 0 0
2009 01 04 119.370000 0 0
2009 01 05 154.450000 0 0
2009 01 06 125.440000 0 0
2009 01 07 95.530000 0 0
2009 01 08 67.580000 0 0
2009 01 09 51.930000 0 0
2009 01 10 44.720000 0 0
2009 01 11 88.770000 0 0
2009 01 12 51.850000 0 0
2009 01 13 40.000000 0 0
2009 01 14 36.050000 0 0
2009 01 15 51.430000 0 0
2009 01 16 76.870000 0 0
2009 01 17 74.080000 0 0
2009 01 18 129.200000 0 0
2009 01 19 111.250000 0 0
2009 01 20 83.670000 0 0
2009 01 21 153.240000 0 0
2009 01 22 118.090000 0 0
2009 01 23 81.580000 0 0
2009 01 24 66.810000 0 0
2009 01 25 56.160000 0 0
2009 01 26 52.410000 0 0
2009 01 27 86.210000 0 0
2009 01 28 119.660000 0 0
2009 01 29 110.740000 0 0
2009 01 30 136.890000 0 0
2009 01 31 183.530000 0 0
2009 02 01 174.650000 0 0
2009 02 02 143.320000 0 0
2009 02 03 107.730000 0 0
2009 02 04 106.810000 0 0
2009 02 05 137.290000 0 0
2009 02 06 128.200000 0 0
2009 02 07 101.590000 0 0
2009 02 08 85.450000 0 0
2009 02 09 83.650000 0 0
2009 02 10 107.380000 0 0
2009 02 11 138.700000 0 0
2009 02 12 150.830000 0 0
2009 02 13 128.470000 0 0
2009 02 14 122.950000 0 0
2009 02 15 151.490000 0 0
2009 02 16 200.210000 0 0
2009 02 17 206.220000 0 0
2009 02 18 157.180000 0 0
2009 02 19 122.520000 0 0
2009 02 20 104.440000 0 0
2009 02 21 85.230000 0 0
2009 02 22 67.860000 0 0
2009 02 23 62.720000 0 0
2009 02 24 68.990000 0 0
2009 02 25 113.370000 0 0
2009 02 26 112.680000 0 0
2009 02 27 106.470000 0 0
2009 02 28 99.900000 0 0
2009 03 01 79.570000 0 0
2009 03 02 63.780000 0 0
2009 03 03 55.660000 0 0
2009 03 04 45.330000 0 0
2009 03 05 42.570000 0 0
2009 03 06 41.430000 0 0
2009 03 07 42.820000 0 0
2009 03 08 39.930000 0 0
2009 03 09 49.610000 0 0
2009 03 10 63.950000 0 0
2009 03 11 78.560000 0 0
2009 03 12 82.180000 0 0
2009 03 13 123.390000 0 0
2009 03 14 148.510000 0 0
2009 03 15 135.050000 0 0
2009 03 16 111.160000 0 0
2009 03 17 85.700000 0 0
2009 03 18 67.840000 0 0
2009 03 19 66.130000 0 0
2009 03 20 68.630000 0 0
2009 03 21 59.430000 0 0
2009 03 22 67.970000 0 0
2009 03 23 57.960000 0 0
2009 03 24 51.960000 0 0
2009 03 25 55.430000 0 0
2009 03 26 61.570000 0 0
2009 03 27 48.410000 0 0
2009 03 28 41.740000 0 0
2009 03 29 42.760000 0 0
2009 03 30 52.000000 0 0
2009 03 31 63.060000 0 0
2009 04 01 61.870000 0 0
2009 04 02 49.280000 0 0
2009 04 03 42.780000 0 0
2009 04 04 37.790000 0 0
2009 04 05 35.580000 0 0
2009 04 06 36.570000 0 0
2009 04 07 56.040000 0 0
2009 04 08 66.930000 0 0
2009 04 09 57.300000 0 0
2009 04 10 51.290000 0 0
2009 04 11 40.920000 0 0
2009 04 12 37.560000 0 0
2009 04 13 38.670000 0 0
2009 04 14 55.850000 0 0
2009 04 15 60.030000 0 0
2009 04 16 58.500000 0 0
2009 04 17 50.390000 0 0
2009 04 18 45.840000 0 0
2009 04 19 39.320000 0 0
2009 04 20 35.240000 0 0
2009 04 21 34.250000 0 0
2009 04 22 32.460000 0 0
2009 04 23 30.780000 0 0
2009 04 24 30.920000 0 0
2009 04 25 32.330000 0 0
2009 04 26 33.680000 0 0
2009 04 27 31.630000 0 0
2009 04 28 29.760000 0 0
2009 04 29 28.950000 0 0
2009 04 30 27.950000 0 0
2009 05 01 26.700000 0 0
2009 05 02 25.690000 0 0
2009 05 03 24.960000 0 0
2009 05 04 25.260000 0 0
2009 05 05 26.780000 0 0
2009 05 06 27.550000 0 0
2009 05 07 27.310000 0 0
2009 05 08 26.520000 0 0
2009 05 09 24.760000 0 0
2009 05 10 25.570000 0 0
2009 05 11 25.750000 0 0
2009 05 12 29.220000 0 0
2009 05 13 29.790000 0 0
2009 05 14 27.540000 0 0
2009 05 15 35.410000 0 0
2009 05 16 41.600000 0 0
2009 05 17 42.450000 0 0
2009 05 18 39.640000 0 0
2009 05 19 34.800000 0 0
2009 05 20 30.950000 0 0
2009 05 21 28.700000 0 0
2009 05 22 26.830000 0 0
2009 05 23 24.660000 0 0
2009 05 24 24.290000 0 0
2009 05 25 23.880000 0 0
2009 05 26 24.980000 0 0
2009 05 27 31.830000 0 0
2009 05 28 29.510000 0 0
2009 05 29 26.800000 0 0
2009 05 30 24.970000 0 0
2009 05 31 23.890000 0 0
2009 06 01 21.900000 0 0
2009 06 02 24.660000 0 0
2009 06 03 24.450000 0 0
2009 06 04 24.850000 0 0
2009 06 05 23.180000 0 0
2009 06 06 21.870000 0 0
2009 06 07 20.660000 0 0
2009 06 08 22.210000 0 0
2009 06 09 21.820000 0 0
2009 06 10 21.260000 0 0
2009 06 11 23.710000 0 0
2009 06 12 29.090000 0 0
2009 06 13 36.330000 0 0
2009 06 14 32.190000 0 0
2009 06 15 27.860000 0 0
2009 06 16 24.350000 0 0
2009 06 17 24.530000 0 0
2009 06 18 23.250000 0 0
2009 06 19 21.890000 0 0
2009 06 20 22.330000 0 0
2009 06 21 22.150000 0 0
2009 06 22 21.170000 0 0
2009 06 23 19.920000 0 0
2009 06 24 22.200000 0 0
2009 06 25 22.550000 0 0
2009 06 26 26.390000 0 0
2009 06 27 31.640000 0 0
2009 06 28 50.940000 0 0
2009 06 29 50.160000 0 0
2009 06 30 43.830000 0 0
2009 07 01 36.230000 0 0
2009 07 02 32.910000 0 0
2009 07 03 31.350000 0 0
2009 07 04 30.710000 0 0
2009 07 05 29.020000 0 0
2009 07 06 28.470000 0 0
2009 07 07 25.610000 0 0
2009 07 08 25.820000 0 0
2009 07 09 25.060000 0 0
2009 07 10 23.570000 0 0
2009 07 11 22.930000 0 0
2009 07 12 29.630000 0 0
2009 07 13 42.220000 0 0
2009 07 14 44.250000 0 0
2009 07 15 33.000000 0 0
2009 07 16 29.000000 0 0
2009 07 17 25.710000 0 0
2009 07 18 24.130000 0 0
2009 07 19 23.410000 0 0
2009 07 20 23.630000 0 0
2009 07 21 21.990000 0 0
2009 07 22 20.460000 0 0
2009 07 23 20.720000 0 0
2009 07 24 23.110000 0 0
2009 07 25 30.530000 0 0
2009 07 26 46.970000 0 0
2009 07 27 57.420000 0 0
2009 07 28 56.590000 0 0
2009 07 29 50.700000 0 0
2009 07 30 47.610000 0 0
2009 07 31 44.060000 0 0
2009 08 01 37.930000 0 0
2009 08 02 33.380000 0 0
2009 08 03 29.210000 0 0
2009 08 04 27.560000 0 0
2009 08 05 25.670000 0 0
2009 08 06 23.130000 0 0
2009 08 07 22.980000 0 0
2009 08 08 21.540000 0 0
2009 08 09 19.560000 0 0
2009 08 10 19.380000 0 0
2009 08 11 20.050000 0 0
2009 08 12 18.320000 0 0
2009 08 13 17.040000 0 0
2009 08 14 16.610000 0 0
2009 08 15 15.640000 0 0
2009 08 16 15.730000 0 0
2009 08 17 16.180000 0 0
2009 08 18 16.120000 0 0
2009 08 19 21.750000 0 0
2009 08 20 33.660000 0 0
2009 08 21 42.700000 0 0
2009 08 22 49.410000 0 0
2009 08 23 45.880000 0 0
2009 08 24 44.170000 0 0
2009 08 25 37.000000 0 0
2009 08 26 32.020000 0 0
2009 08 27 28.580000 0 0
2009 08 28 25.350000 0 0
2009 08 29 22.440000 0 0
2009 08 30 21.810000 0 0
2009 08 31 20.850000 0 0
2009 09 01 19.670000 0 0
2009 09 02 16.650000 0 0
2009 09 03 17.030000 0 0
2009 09 04 17.680000 0 0
2009 09 05 19.360000 0 0
2009 09 06 22.830000 0 0
2009 09 07 35.140000 0 0
2009 09 08 39.980000 0 0
2009 09 09 97.570000 0 0
2009 09 10 134.850000 0 0
2009 09 11 114.090000 0 0
2009 09 12 86.950000 0 0
2009 09 13 60.270000 0 0
2009 09 14 38.690000 0 0
2009 09 15 29.950000 0 0
2009 09 16 26.730000 0 0
2009 09 17 24.250000 0 0
2009 09 18 21.330000 0 0
2009 09 19 21.050000 0 0
2009 09 20 21.710000 0 0
2009 09 21 20.860000 0 0
2009 09 22 20.420000 0 0
2009 09 23 24.550000 0 0
2009 09 24 31.660000 0 0
2009 09 25 29.970000 0 0
2009 09 26 28.180000 0 0
2009 09 27 24.920000 0 0
2009 09 28 21.850000 0 0
2009 09 29 23.970000 0 0
2009 09 30 26.120000 0 0
2009 10 01 28.250000 0 0
2009 10 02 24.970000 0 0
2009 10 03 21.180000 0 0
2009 10 04 19.820000 0 0
2009 10 05 20.330000 0 0
2009 10 06 22.280000 0 0
2009 10 07 21.200000 0 0
2009 10 08 21.310000 0 0
2009 10 09 28.430000 0 0
2009 10 10 37.530000 0 0
2009 10 11 34.770000 0 0
2009 10 12 24.600000 0 0
2009 10 13 28.440000 0 0
2009 10 14 26.130000 0 0
2009 10 15 29.540000 0 0
2009 10 16 33.240000 0 0
2009 10 17 33.520000 0 0
2009 10 18 36.410000 0 0
2009 10 19 51.970000 0 0
2009 10 20 54.560000 0 0
2009 10 21 77.350000 0 0
2009 10 22 65.680000 0 0
2009 10 23 61.900000 0 0
2009 10 24 52.330000 0 0
2009 10 25 40.820000 0 0
2009 10 26 31.940000 0 0
2009 10 27 27.560000 0 0
2009 10 28 50.300000 0 0
2009 10 29 42.990000 0 0
2009 10 30 33.660000 0 0
2009 10 31 24.970000 0 0
2009 11 01 21.390000 0 0
2009 11 02 19.860000 0 0
2009 11 03 17.500000 0 0
2009 11 04 17.080000 0 0
2009 11 05 14.780000 0 0
2009 11 06 15.680000 0 0
2009 11 07 21.440000 0 0
2009 11 08 23.440000 0 0
2009 11 09 59.330000 0 0
2009 11 10 96.150000 0 0
2009 11 11 61.980000 0 0
2009 11 12 55.030000 0 0
2009 11 13 60.980000 0 0
2009 11 14 59.070000 0 0
2009 11 15 46.260000 0 0
2009 11 16 62.770000 0 0
2009 11 17 86.450000 0 0
2009 11 18 80.940000 0 0
2009 11 19 51.110000 0 0
2009 11 20 35.840000 0 0
2009 11 21 51.290000 0 0
2009 11 22 69.460000 0 0
2009 11 23 48.960000 0 0
2009 11 24 50.840000 0 0
2009 11 25 56.040000 0 0
2009 11 26 67.330000 0 0
2009 11 27 74.460000 0 0
2009 11 28 102.190000 0 0
2009 11 29 124.100000 0 0
2009 11 30 160.430000 0 0
2009 12 01 122.710000 0 0
2009 12 02 94.110000 0 0
2009 12 03 112.850000 0 0
2009 12 04 178.770000 0 0
2009 12 05 198.480000 0 0
2009 12 06 125.490000 0 0
2009 12 07 96.490000 0 0
2009 12 08 103.750000 0 0
2009 12 09 209.980000 0 0
2009 12 10 228.400000 0 0
2009 12 11 208.920000 0 0
2009 12 12 223.990000 0 0
2009 12 13 175.010000 0 0
2009 12 14 186.200000 0 0
2009 12 15 226.330000 0 0
2009 12 16 210.770000 0 0
2009 12 17 177.230000 0 0
2009 12 18 268.250000 0 0
2009 12 19 244.730000 0 0
2009 12 20 210.060000 0 0
2009 12 21 149.200000 0 0
2009 12 22 122.950000 0 0
2009 12 23 107.700000 0 0
2009 12 24 99.680000 0 0
2009 12 25 95.570000 0 0
2009 12 26 111.420000 0 0
2009 12 27 119.410000 0 0
2009 12 28 175.640000 0 0
2009 12 29 294.770000 0 0
2009 12 30 455.800000 0 0
2009 12 31 373.680000 0 0
2010 01 01 231.890000 0 0
2010 01 02 198.480000 0 0
2010 01 03 205.160000 0 0
2010 01 04 203.330000 0 0
2010 01 05 188.680000 0 0
2010 01 06 201.910000 0 0
2010 01 07 273.830000 0 0
2010 01 08 302.590000 0 0
2010 01 09 265.000000 0 0
2010 01 10 234.510000 0 0
2010 01 11 210.780000 0 0
2010 01 12 192.250000 0 0
2010 01 13 202.510000 0 0
2010 01 14 184.850000 0 0
2010 01 15 170.040000 0 0
2010 01 16 168.720000 0 0
2010 01 17 178.260000 0 0
2010 01 18 229.990000 0 0
2010 01 19 250.890000 0 0
2010 01 20 324.350000 0 0
2010 01 21 278.190000 0 0
2010 01 22 300.190000 0 0
2010 01 23 285.660000 0 0
2010 01 24 304.030000 0 0
2010 01 25 339.090000 0 0
2010 01 26 338.180000 0 0
2010 01 27 349.120000 0 0
2010 01 28 380.270000 0 0
2010 01 29 390.970000 0 0
2010 01 30 382.590000 0 0
2010 01 31 379.330000 0 0
2010 02 01 392.150000 0 0
2010 02 02 320.240000 0 0
2010 02 03 274.760000 0 0
2010 02 04 246.650000 0 0
2010 02 05 222.200000 0 0
2010 02 06 199.590000 0 0
2010 02 07 199.840000 0 0
2010 02 08 184.240000 0 0
2010 02 09 181.210000 0 0
2010 02 10 180.040000 0 0
2010 02 11 184.400000 0 0
2010 02 12 178.910000 0 0
2010 02 13 162.210000 0 0
2010 02 14 156.670000 0 0
2010 02 15 144.290000 0 0
2010 02 16 129.700000 0 0
2010 02 17 122.540000 0 0
2010 02 18 128.950000 0 0
2010 02 19 146.580000 0 0
2010 02 20 142.720000 0 0
2010 02 21 144.400000 0 0
2010 02 22 139.060000 0 0
2010 02 23 127.870000 0 0
2010 02 24 121.570000 0 0
2010 02 25 140.540000 0 0
2010 02 26 127.430000 0 0
2010 02 27 121.860000 0 0
2010 02 28 123.780000 0 0
2010 03 01 198.390000 0 0
2010 03 02 252.720000 0 0
2010 03 03 214.590000 0 0
2010 03 04 158.900000 0 0
2010 03 05 125.910000 0 0
2010 03 06 111.380000 0 0
2010 03 07 104.010000 0 0
2010 03 08 97.310000 0 0
2010 03 09 103.980000 0 0
2010 03 10 114.870000 0 0
2010 03 11 116.750000 0 0
2010 03 12 116.020000 0 0
2010 03 13 115.830000 0 0
2010 03 14 115.150000 0 0
2010 03 15 163.890000 0 0
2010 03 16 201.720000 0 0
2010 03 17 188.170000 0 0
2010 03 18 156.990000 0 0
2010 03 19 130.790000 0 0
2010 03 20 121.140000 0 0
2010 03 21 110.190000 0 0
2010 03 22 126.500000 0 0
2010 03 23 199.540000 0 0
2010 03 24 167.890000 0 0
2010 03 25 129.230000 0 0
2010 03 26 113.810000 0 0
2010 03 27 113.010000 0 0
2010 03 28 105.460000 0 0
2010 03 29 104.130000 0 0
2010 03 30 120.990000 0 0
2010 03 31 135.950000 0 0
2010 04 01 134.780000 0 0
2010 04 02 111.440000 0 0
2010 04 03 106.720000 0 0
2010 04 04 142.370000 0 0
2010 04 05 132.700000 0 0
2010 04 06 127.750000 0 0
2010 04 07 133.650000 0 0
2010 04 08 134.280000 0 0
2010 04 09 141.620000 0 0
2010 04 10 135.930000 0 0
2010 04 11 129.860000 0 0
2010 04 12 121.740000 0 0
2010 04 13 117.530000 0 0
2010 04 14 116.380000 0 0
2010 04 15 115.070000 0 0
2010 04 16 112.680000 0 0
2010 04 17 107.260000 0 0
2010 04 18 91.400000 0 0
2010 04 19 62.280000 0 0
2010 04 20 55.520000 0 0
2010 04 21 53.200000 0 0
2010 04 22 50.130000 0 0
2010 04 23 48.200000 0 0
2010 04 24 49.490000 0 0
2010 04 25 52.440000 0 0
2010 04 26 54.830000 0 0
2010 04 27 56.740000 0 0
2010 04 28 49.630000 0 0
2010 04 29 48.060000 0 0
2010 04 30 46.630000 0 0
2010 05 01 44.680000 0 0
2010 05 02 43.140000 0 0
2010 05 03 43.530000 0 0
2010 05 04 41.700000 0 0
2010 05 05 38.780000 0 0
2010 05 06 39.140000 0 0
2010 05 07 42.350000 0 0
2010 05 08 41.690000 0 0
2010 05 09 47.480000 0 0
2010 05 10 48.270000 0 0
2010 05 11 50.130000 0 0
2010 05 12 43.120000 0 0
2010 05 13 44.740000 0 0
2010 05 14 40.550000 0 0
2010 05 15 37.080000 0 0
2010 05 16 37.080000 0 0
2010 05 17 39.220000 0 0
2010 05 18 37.260000 0 0
2010 05 19 38.970000 0 0
2010 05 20 43.880000 0 0
2010 05 21 47.990000 0 0
2010 05 22 52.110000 0 0
2010 05 23 49.680000 0 0
2010 05 24 54.510000 0 0
2010 05 25 52.980000 0 0
2010 05 26 47.810000 0 0
2010 05 27 45.540000 0 0
2010 05 28 46.140000 0 0
2010 05 29 45.560000 0 0
2010 05 30 44.620000 0 0
2010 05 31 44.330000 0 0
2010 06 01 48.010000 0 0
2010 06 02 45.570000 0 0
2010 06 03 46.170000 0 0
2010 06 04 43.930000 0 0
2010 06 05 47.190000 0 0
2010 06 06 62.030000 0 0
2010 06 07 59.610000 0 0
2010 06 08 53.170000 0 0
2010 06 09 44.870000 0 0
2010 06 10 43.040000 0 0
2010 06 11 43.400000 0 0
2010 06 12 42.200000 0 0
2010 06 13 40.210000 0 0
2010 06 14 39.260000 0 0
2010 06 15 39.730000 0 0
2010 06 16 38.980000 0 0
2010 06 17 37.780000 0 0
2010 06 18 37.660000 0 0
2010 06 19 36.450000 0 0
2010 06 20 36.820000 0 0
2010 06 21 36.490000 0 0
2010 06 22 36.170000 0 0
2010 06 23 35.420000 0 0
2010 06 24 35.490000 0 0
2010 06 25 35.370000 0 0
2010 06 26 34.440000 0 0
2010 06 27 34.340000 0 0
2010 06 28 35.360000 0 0
2010 06 29 34.990000 0 0
2010 06 30 34.350000 0 0
2010 07 01 34.000000 0 0
2010 07 02 32.920000 0 0
2010 07 03 32.200000 0 0
2010 07 04 31.420000 0 0
2010 07 05 31.680000 0 0
2010 07 06 31.480000 0 0
2010 07 07 30.670000 0 0
2010 07 08 30.690000 0 0
2010 07 09 29.690000 0 0
2010 07 10 27.430000 0 0
2010 07 11 27.440000 0 0
2010 07 12 26.630000 0 0
2010 07 13 27.890000 0 0
2010 07 14 50.870000 0 0
2010 07 15 67.910000 0 0
2010 07 16 88.820000 0 0
2010 07 17 75.610000 0 0
2010 07 18 50.240000 0 0
2010 07 19 40.630000 0 0
2010 07 20 37.810000 0 0
2010 07 21 33.110000 0 0
2010 07 22 27.430000 0 0
2010 07 23 27.110000 0 0
2010 07 24 24.740000 0 0
2010 07 25 23.420000 0 0
2010 07 26 23.480000 0 0
2010 07 27 23.220000 0 0
2010 07 28 21.080000 0 0
2010 07 29 20.530000 0 0
2010 07 30 19.790000 0 0
2010 07 31 19.680000 0 0
2010 08 01 20.390000 0 0
2010 08 02 21.320000 0 0
2010 08 03 20.640000 0 0
2010 08 04 20.290000 0 0
2010 08 05 19.980000 0 0
2010 08 06 20.280000 0 0
2010 08 07 20.350000 0 0
2010 08 08 21.880000 0 0
2010 08 09 22.380000 0 0
2010 08 10 21.760000 0 0
2010 08 11 20.890000 0 0
2010 08 12 19.320000 0 0
2010 08 13 17.760000 0 0
2010 08 14 19.310000 0 0
2010 08 15 20.730000 0 0
2010 08 16 20.810000 0 0
2010 08 17 19.930000 0 0
2010 08 18 18.180000 0 0
2010 08 19 16.430000 0 0
2010 08 20 18.100000 0 0
2010 08 21 17.160000 0 0
2010 08 22 16.730000 0 0
2010 08 23 19.630000 0 0
2010 08 24 18.200000 0 0
2010 08 25 17.110000 0 0
2010 08 26 17.350000 0 0
2010 08 27 16.190000 0 0
2010 08 28 15.580000 0 0
2010 08 29 15.040000 0 0
2010 08 30 14.900000 0 0
2010 08 31 13.490000 0 0
2010 09 01 13.370000 0 0
2010 09 02 13.150000 0 0
2010 09 03 13.340000 0 0
2010 09 04 11.690000 0 0
2010 09 05 13.290000 0 0
2010 09 06 13.910000 0 0
2010 09 07 14.760000 0 0
2010 09 08 16.550000 0 0
2010 09 09 17.400000 0 0
2010 09 10 17.830000 0 0
2010 09 11 16.330000 0 0
2010 09 12 16.000000 0 0
2010 09 13 15.300000 0 0
2010 09 14 13.840000 0 0
2010 09 15 14.700000 0 0
2010 09 16 13.950000 0 0
2010 09 17 13.150000 0 0
2010 09 18 14.850000 0 0
2010 09 19 14.500000 0 0
2010 09 20 13.310000 0 0
2010 09 21 12.700000 0 0
2010 09 22 13.850000 0 0
2010 09 23 18.560000 0 0
2010 09 24 23.180000 0 0
2010 09 25 20.480000 0 0
2010 09 26 20.330000 0 0
2010 09 27 32.650000 0 0
2010 09 28 42.710000 0 0
2010 09 29 44.300000 0 0
2010 09 30 37.600000 0 0
2010 10 01 31.720000 0 0
2010 10 02 36.910000 0 0
2010 10 03 40.410000 0 0
2010 10 04 36.640000 0 0
2010 10 05 27.380000 0 0
2010 10 06 23.400000 0 0
2010 10 07 21.320000 0 0
2010 10 08 29.530000 0 0
2010 10 09 26.530000 0 0
2010 10 10 24.350000 0 0
2010 10 11 21.880000 0 0
2010 10 12 18.270000 0 0
2010 10 13 17.910000 0 0
2010 10 14 17.500000 0 0
2010 10 15 16.160000 0 0
2010 10 16 16.130000 0 0
2010 10 17 16.400000 0 0
2010 10 18 19.420000 0 0
2010 10 19 25.890000 0 0
2010 10 20 21.260000 0 0
2010 10 21 20.950000 0 0
2010 10 22 18.160000 0 0
2010 10 23 14.620000 0 0
2010 10 24 16.230000 0 0
2010 10 25 16.370000 0 0
2010 10 26 16.250000 0 0
2010 10 27 17.720000 0 0
2010 10 28 21.200000 0 0
2010 10 29 18.850000 0 0
2010 10 30 17.410000 0 0
2010 10 31 19.110000 0 0
2010 11 01 22.350000 0 0
2010 11 02 25.980000 0 0
2010 11 03 21.660000 0 0
2010 11 04 20.360000 0 0
2010 11 05 18.910000 0 0
2010 11 06 17.700000 0 0
2010 11 07 18.480000 0 0
2010 11 08 18.540000 0 0
2010 11 09 21.200000 0 0
2010 11 10 29.020000 0 0
2010 11 11 20.940000 0 0
2010 11 12 24.550000 0 0
2010 11 13 24.290000 0 0
2010 11 14 20.670000 0 0
2010 11 15 19.570000 0 0
2010 11 16 15.800000 0 0
2010 11 17 19.550000 0 0
2010 11 18 29.620000 0 0
2010 11 19 43.680000 0 0
2010 11 20 49.470000 0 0
2010 11 21 39.890000 0 0
2010 11 22 27.390000 0 0
2010 11 23 53.830000 0 0
2010 11 24 51.150000 0 0
2010 11 25 35.150000 0 0
2010 11 26 26.470000 0 0
2010 11 27 28.440000 0 0
2010 11 28 35.330000 0 0
2010 11 29 28.080000 0 0
2010 11 30 29.290000 0 0
2010 12 01 44.010000 0 0
2010 12 02 41.230000 0 0
2010 12 03 57.050000 0 0
2010 12 04 61.790000 0 0
2010 12 05 42.640000 0 0
2010 12 06 71.010000 0 0
2010 12 07 80.240000 0 0
2010 12 08 69.470000 0 0
2010 12 09 43.470000 0 0
2010 12 10 27.600000 0 0
2010 12 11 22.510000 0 0
2010 12 12 21.210000 0 0
2010 12 13 42.200000 0 0
2010 12 14 86.010000 0 0
2010 12 15 89.560000 0 0
2010 12 16 63.690000 0 0
2010 12 17 53.890000 0 0
2010 12 18 55.230000 0 0
2010 12 19 55.750000 0 0
2010 12 20 48.800000 0 0
2010 12 21 42.290000 0 0
2010 12 22 38.750000 0 0
2010 12 23 61.110000 0 0
2010 12 24 61.130000 0 0
2010 12 25 48.950000 0 0
2010 12 26 51.740000 0 0
2010 12 27 53.900000 0 0
2010 12 28 33.540000 0 0
2010 12 29 26.630000 0 0
2010 12 30 25.200000 0 0
2010 12 31 21.170000 0 0
2011 01 01 19.160000 0 0
2011 01 02 21.860000 0 0
2011 01 03 117.740000 0 0
2011 01 04 334.680000 0 0
2011 01 05 365.280000 0 0
2011 01 06 506.050000 0 0
2011 01 07 393.010000 0 0
2011 01 08 251.690000 0 0
2011 01 09 272.990000 0 0
2011 01 10 223.630000 0 0
2011 01 11 209.080000 0 0
2011 01 12 243.200000 0 0
2011 01 13 323.190000 0 0
2011 01 14 412.130000 0 0
2011 01 15 454.370000 0 0
2011 01 16 436.890000 0 0
2011 01 17 341.740000 0 0
2011 01 18 351.970000 0 0
2011 01 19 340.220000 0 0
2011 01 20 285.630000 0 0
2011 01 21 257.870000 0 0
2011 01 22 235.700000 0 0
2011 01 23 214.390000 0 0
2011 01 24 207.890000 0 0
2011 01 25 208.540000 0 0
2011 01 26 186.560000 0 0
2011 01 27 168.790000 0 0
2011 01 28 162.800000 0 0
2011 01 29 159.980000 0 0
2011 01 30 161.250000 0 0
2011 01 31 165.930000 0 0
2011 02 01 219.240000 0 0
2011 02 02 221.150000 0 0
2011 02 03 186.870000 0 0
2011 02 04 179.340000 0 0
2011 02 05 190.410000 0 0
2011 02 06 166.350000 0 0
2011 02 07 159.270000 0 0
2011 02 08 146.340000 0 0
2011 02 09 141.810000 0 0
2011 02 10 128.900000 0 0
2011 02 11 97.300000 0 0
2011 02 12 88.030000 0 0
2011 02 13 90.000000 0 0
2011 02 14 95.960000 0 0
2011 02 15 87.090000 0 0
2011 02 16 85.200000 0 0
2011 02 17 117.770000 0 0
2011 02 18 161.530000 0 0
2011 02 19 155.090000 0 0
2011 02 20 124.610000 0 0
2011 02 21 104.950000 0 0
2011 02 22 104.630000 0 0
2011 02 23 113.510000 0 0
2011 02 24 115.770000 0 0
2011 02 25 111.830000 0 0
2011 02 26 116.850000 0 0
2011 02 27 116.690000 0 0
2011 02 28 139.640000 0 0
2011 03 01 167.050000 0 0
2011 03 02 178.220000 0 0
2011 03 03 184.740000 0 0
2011 03 04 173.470000 0 0
2011 03 05 190.200000 0 0
2011 03 06 186.770000 0 0
2011 03 07 182.960000 0 0
2011 03 08 173.020000 0 0
2011 03 09 168.960000 0 0
2011 03 10 160.210000 0 0
2011 03 11 159.030000 0 0
2011 03 12 169.150000 0 0
2011 03 13 184.790000 0 0
2011 03 14 172.700000 0 0
2011 03 15 156.700000 0 0
2011 03 16 148.280000 0 0
2011 03 17 143.590000 0 0
2011 03 18 141.250000 0 0
2011 03 19 147.100000 0 0
2011 03 20 137.110000 0 0
2011 03 21 128.490000 0 0
2011 03 22 115.750000 0 0
2011 03 23 113.300000 0 0
2011 03 24 109.490000 0 0
2011 03 25 105.300000 0 0
2011 03 26 102.500000 0 0
2011 03 27 101.380000 0 0
2011 03 28 106.070000 0 0
2011 03 29 106.580000 0 0
2011 03 30 118.520000 0 0
2011 03 31 102.930000 0 0
2011 04 01 85.750000 0 0
2011 04 02 81.500000 0 0
2011 04 03 80.390000 0 0
2011 04 04 75.450000 0 0
2011 04 05 71.720000 0 0
2011 04 06 72.950000 0 0
2011 04 07 77.990000 0 0
2011 04 08 72.080000 0 0
2011 04 09 58.820000 0 0
2011 04 10 63.080000 0 0
2011 04 11 79.780000 0 0
2011 04 12 110.360000 0 0
2011 04 13 138.600000 0 0
2011 04 14 149.380000 0 0
2011 04 15 127.340000 0 0
2011 04 16 99.160000 0 0
2011 04 17 83.770000 0 0
2011 04 18 69.090000 0 0
2011 04 19 65.840000 0 0
2011 04 20 67.750000 0 0
2011 04 21 65.790000 0 0
2011 04 22 61.730000 0 0
2011 04 23 56.380000 0 0
2011 04 24 58.100000 0 0
2011 04 25 55.020000 0 0
2011 04 26 52.800000 0 0
2011 04 27 48.110000 0 0
2011 04 28 49.280000 0 0
2011 04 29 55.860000 0 0
2011 04 30 51.240000 0 0
2011 05 01 50.110000 0 0
2011 05 02 65.590000 0 0
2011 05 03 57.880000 0 0
2011 05 04 45.670000 0 0
2011 05 05 39.750000 0 0
2011 05 06 37.050000 0 0
2011 05 07 38.260000 0 0
2011 05 08 32.680000 0 0
2011 05 09 31.120000 0 0
2011 05 10 30.800000 0 0
2011 05 11 29.710000 0 0
2011 05 12 29.930000 0 0
2011 05 13 32.270000 0 0
2011 05 14 30.550000 0 0
2011 05 15 29.690000 0 0
2011 05 16 29.050000 0 0
2011 05 17 30.660000 0 0
2011 05 18 31.930000 0 0
2011 05 19 29.090000 0 0
2011 05 20 28.020000 0 0
2011 05 21 27.670000 0 0
2011 05 22 25.920000 0 0
2011 05 23 26.810000 0 0
2011 05 24 25.920000 0 0
2011 05 25 26.850000 0 0
2011 05 26 26.110000 0 0
2011 05 27 25.260000 0 0
2011 05 28 22.150000 0 0
2011 05 29 16.740000 0 0
2011 05 30 12.220000 0 0
2011 05 31 20.020000 0 0
2011 06 01 20.050000 0 0
2011 06 02 19.530000 0 0
2011 06 03 19.140000 0 0
2011 06 04 20.160000 0 0
2011 06 05 20.150000 0 0
2011 06 06 19.940000 0 0
2011 06 07 21.880000 0 0
2011 06 08 29.830000 0 0
2011 06 09 35.830000 0 0
2011 06 10 80.120000 0 0
2011 06 11 63.670000 0 0
2011 06 12 53.380000 0 0
2011 06 13 42.030000 0 0
2011 06 14 36.130000 0 0
2011 06 15 31.250000 0 0
2011 06 16 28.790000 0 0
2011 06 17 27.510000 0 0
2011 06 18 26.330000 0 0
2011 06 19 27.000000 0 0
2011 06 20 27.190000 0 0
2011 06 21 26.330000 0 0
2011 06 22 25.830000 0 0
2011 06 23 25.240000 0 0
2011 06 24 24.650000 0 0
2011 06 25 24.100000 0 0
2011 06 26 24.870000 0 0
2011 06 27 25.230000 0 0
2011 06 28 27.120000 0 0
2011 06 29 27.730000 0 0
2011 06 30 27.180000 0 0
2011 07 01 25.170000 0 0
2011 07 02 24.690000 0 0
2011 07 03 25.110000 0 0
2011 07 04 24.660000 0 0
2011 07 05 23.890000 0 0
2011 07 06 23.280000 0 0
2011 07 07 22.760000 0 0
2011 07 08 22.760000 0 0
2011 07 09 21.220000 0 0
2011 07 10 21.670000 0 0
2011 07 11 21.360000 0 0
2011 07 12 21.030000 0 0
2011 07 13 20.700000 0 0
2011 07 14 20.490000 0 0
2011 07 15 20.260000 0 0
2011 07 16 20.260000 0 0
2011 07 17 20.080000 0 0
2011 07 18 20.040000 0 0
2011 07 19 19.840000 0 0
2011 07 20 19.540000 0 0
2011 07 21 20.090000 0 0
2011 07 22 19.430000 0 0
2011 07 23 19.330000 0 0
2011 07 24 19.020000 0 0
2011 07 25 18.460000 0 0
2011 07 26 18.030000 0 0
2011 07 27 17.590000 0 0
2011 07 28 17.050000 0 0
2011 07 29 17.100000 0 0
2011 07 30 16.530000 0 0
2011 07 31 16.900000 0 0
2011 08 01 17.840000 0 0
2011 08 02 19.320000 0 0
2011 08 03 19.740000 0 0
2011 08 04 20.190000 0 0
2011 08 05 20.280000 0 0
2011 08 06 20.280000 0 0
2011 08 07 20.310000 0 0
2011 08 08 20.570000 0 0
2011 08 09 20.070000 0 0
2011 08 10 20.180000 0 0
2011 08 11 19.040000 0 0
2011 08 12 18.230000 0 0
2011 08 13 17.150000 0 0
2011 08 14 17.050000 0 0
2011 08 15 16.730000 0 0
2011 08 16 16.170000 0 0
2011 08 17 15.840000 0 0
2011 08 18 15.510000 0 0
2011 08 19 15.250000 0 0
2011 08 20 14.890000 0 0
2011 08 21 17.480000 0 0
2011 08 22 19.660000 0 0
2011 08 23 20.810000 0 0
2011 08 24 20.710000 0 0
2011 08 25 21.520000 0 0
2011 08 26 21.830000 0 0
2011 08 27 20.430000 0 0
2011 08 28 20.180000 0 0
2011 08 29 19.670000 0 0
2011 08 30 19.160000 0 0
2011 08 31 19.400000 0 0
2011 09 01 24.130000 0 0
2011 09 02 24.360000 0 0
2011 09 03 24.150000 0 0
2011 09 04 20.800000 0 0
2011 09 05 18.920000 0 0
2011 09 06 18.520000 0 0
2011 09 07 17.590000 0 0
2011 09 08 16.790000 0 0
2011 09 09 16.540000 0 0
2011 09 10 16.090000 0 0
2011 09 11 15.610000 0 0
2011 09 12 14.220000 0 0
2011 09 13 12.460000 0 0
2011 09 14 14.880000 0 0
2011 09 15 14.570000 0 0
2011 09 16 14.000000 0 0
2011 09 17 13.810000 0 0
2011 09 18 13.570000 0 0
2011 09 19 13.330000 0 0
2011 09 20 11.770000 0 0
2011 09 21 12.370000 0 0
2011 09 22 14.150000 0 0
2011 09 23 13.690000 0 0
2011 09 24 13.690000 0 0
2011 09 25 13.530000 0 0
2011 09 26 11.030000 0 0
2011 09 27 10.940000 0 0
2011 09 28 12.250000 0 0
2011 09 29 11.980000 0 0
2011 09 30 11.720000 0 0
2011 10 01 10.990000 0 0
2011 10 02 11.520000 0 0
2011 10 03 10.170000 0 0
2011 10 04 12.890000 0 0
2011 10 05 14.090000 0 0
2011 10 06 13.860000 0 0
2011 10 07 13.570000 0 0
2011 10 08 13.430000 0 0
2011 10 09 12.560000 0 0
2011 10 10 13.510000 0 0
2011 10 11 15.930000 0 0
2011 10 12 18.170000 0 0
2011 10 13 18.570000 0 0
2011 10 14 27.340000 0 0
2011 10 15 62.870000 0 0
2011 10 16 120.160000 0 0
2011 10 17 101.260000 0 0
2011 10 18 76.600000 0 0
2011 10 19 54.300000 0 0
2011 10 20 40.640000 0 0
2011 10 21 27.530000 0 0
2011 10 22 21.900000 0 0
2011 10 23 20.230000 0 0
2011 10 24 17.940000 0 0
2011 10 25 17.330000 0 0
2011 10 26 21.710000 0 0
2011 10 27 20.530000 0 0
2011 10 28 21.040000 0 0
2011 10 29 19.120000 0 0
2011 10 30 40.610000 0 0
2011 10 31 48.090000 0 0
2011 11 01 51.680000 0 0
2011 11 02 34.310000 0 0
2011 11 03 23.370000 0 0
2011 11 04 20.530000 0 0
2011 11 05 17.350000 0 0
2011 11 06 16.370000 0 0
2011 11 07 14.600000 0 0
2011 11 08 14.690000 0 0
2011 11 09 21.030000 0 0
2011 11 10 17.340000 0 0
2011 11 11 15.140000 0 0
2011 11 12 14.940000 0 0
2011 11 13 16.210000 0 0
2011 11 14 32.290000 0 0
2011 11 15 126.370000 0 0
2011 11 16 227.130000 0 0
2011 11 17 187.640000 0 0
2011 11 18 126.230000 0 0
2011 11 19 73.080000 0 0
2011 11 20 51.330000 0 0
2011 11 21 42.820000 0 0
2011 11 22 32.820000 0 0
2011 11 23 34.830000 0 0
2011 11 24 37.080000 0 0
2011 11 25 36.260000 0 0
2011 11 26 31.020000 0 0
2011 11 27 45.070000 0 0
2011 11 28 55.050000 0 0
2011 11 29 72.200000 0 0
2011 11 30 78.470000 0 0
2011 12 01 71.170000 0 0
2011 12 02 70.240000 0 0
2011 12 03 64.170000 0 0
2011 12 04 56.510000 0 0
2011 12 05 42.310000 0 0
2011 12 06 32.820000 0 0
2011 12 07 38.510000 0 0
2011 12 08 52.850000 0 0
2011 12 09 93.760000 0 0
2011 12 10 163.520000 0 0
2011 12 11 182.860000 0 0
2011 12 12 130.550000 0 0
2011 12 13 84.840000 0 0
2011 12 14 63.560000 0 0
2011 12 15 50.670000 0 0
2011 12 16 43.380000 0 0
2011 12 17 38.200000 0 0
2011 12 18 32.020000 0 0
2011 12 19 31.750000 0 0
2011 12 20 27.420000 0 0
2011 12 21 41.200000 0 0
2011 12 22 37.420000 0 0
2011 12 23 28.990000 0 0
2011 12 24 28.640000 0 0
2011 12 25 25.510000 0 0
2011 12 26 24.870000 0 0
2011 12 27 22.270000 0 0
2011 12 28 20.470000 0 0
2011 12 29 20.390000 0 0
2011 12 30 23.570000 0 0
2011 12 31 29.540000 0 0
2012 01 01 50.820000 0 0
2012 01 02 78.990000 0 0
2012 01 03 93.360000 0 0
2012 01 04 67.290000 0 0
2012 01 05 53.890000 0 0
2012 01 06 37.710000 0 0
2012 01 07 28.760000 0 0
2012 01 08 36.260000 0 0
2012 01 09 94.690000 0 0
2012 01 10 80.030000 0 0
2012 01 11 97.370000 0 0
2012 01 12 84.110000 0 0
2012 01 13 69.730000 0 0
2012 01 14 74.240000 0 0
2012 01 15 65.590000 0 0
2012 01 16 171.260000 0 0
2012 01 17 188.450000 0 0
2012 01 18 196.120000 0 0
2012 01 19 204.310000 0 0
2012 01 20 173.210000 0 0
2012 01 21 162.880000 0 0
2012 01 22 142.500000 0 0
2012 01 23 126.310000 0 0
2012 01 24 134.200000 0 0
2012 01 25 132.550000 0 0
2012 01 26 112.940000 0 0
2012 01 27 101.320000 0 0
2012 01 28 98.470000 0 0
2012 01 29 110.060000 0 0
2012 01 30 104.680000 0 0
2012 01 31 89.130000 0 0
2012 02 01 72.880000 0 0
2012 02 02 64.490000 0 0
2012 02 03 54.930000 0 0
2012 02 04 50.120000 0 0
2012 02 05 44.270000 0 0
2012 02 06 42.500000 0 0
2012 02 07 39.890000 0 0
2012 02 08 40.310000 0 0
2012 02 09 34.590000 0 0
2012 02 10 33.150000 0 0
2012 02 11 47.110000 0 0
2012 02 12 129.860000 0 0
2012 02 13 151.100000 0 0
2012 02 14 111.870000 0 0
2012 02 15 104.760000 0 0
2012 02 16 84.940000 0 0
2012 02 17 65.320000 0 0
2012 02 18 50.120000 0 0
2012 02 19 45.860000 0 0
2012 02 20 45.320000 0 0
2012 02 21 51.890000 0 0
2012 02 22 91.410000 0 0
2012 02 23 78.910000 0 0
2012 02 24 86.850000 0 0
2012 02 25 69.800000 0 0
2012 02 26 75.820000 0 0
2012 02 27 84.490000 0 0
2012 02 28 104.970000 0 0
2012 02 29 93.220000 0 0
2012 03 01 65.010000 0 0
2012 03 02 54.010000 0 0
2012 03 03 48.790000 0 0
2012 03 04 70.380000 0 0
2012 03 05 73.580000 0 0
2012 03 06 72.210000 0 0
2012 03 07 53.390000 0 0
2012 03 08 48.810000 0 0
2012 03 09 42.410000 0 0
2012 03 10 38.080000 0 0
2012 03 11 38.190000 0 0
2012 03 12 47.260000 0 0
2012 03 13 49.020000 0 0
2012 03 14 47.720000 0 0
2012 03 15 48.610000 0 0
2012 03 16 44.270000 0 0
2012 03 17 41.750000 0 0
2012 03 18 42.360000 0 0
2012 03 19 38.120000 0 0
2012 03 20 33.890000 0 0
2012 03 21 32.460000 0 0
2012 03 22 30.420000 0 0
2012 03 23 32.160000 0 0
2012 03 24 39.790000 0 0
2012 03 25 42.840000 0 0
2012 03 26 37.380000 0 0
2012 03 27 35.380000 0 0
2012 03 28 43.230000 0 0
2012 03 29 44.030000 0 0
2012 03 30 42.240000 0 0
2012 03 31 48.220000 0 0
2012 04 01 44.070000 0 0
2012 04 02 35.790000 0 0
2012 04 03 31.250000 0 0
2012 04 04 32.000000 0 0
2012 04 05 31.030000 0 0
2012 04 06 28.360000 0 0
2012 04 07 27.170000 0 0
2012 04 08 26.440000 0 0
2012 04 09 39.390000 0 0
2012 04 10 43.720000 0 0
2012 04 11 48.630000 0 0
2012 04 12 40.190000 0 0
2012 04 13 36.550000 0 0
2012 04 14 40.090000 0 0
2012 04 15 37.640000 0 0
2012 04 16 47.230000 0 0
2012 04 17 70.980000 0 0
2012 04 18 55.260000 0 0
2012 04 19 39.740000 0 0
2012 04 20 33.920000 0 0
2012 04 21 37.800000 0 0
2012 04 22 76.520000 0 0
2012 04 23 122.260000 0 0
2012 04 24 83.350000 0 0
2012 04 25 57.680000 0 0
2012 04 26 42.970000 0 0
2012 04 27 45.800000 0 0
2012 04 28 49.030000 0 0
2012 04 29 57.690000 0 0
2012 04 30 88.350000 0 0
2012 05 01 137.530000 0 0
2012 05 02 147.270000 0 0
2012 05 03 114.890000 0 0
2012 05 04 83.500000 0 0
2012 05 05 63.200000 0 0
2012 05 06 51.020000 0 0
2012 05 07 43.640000 0 0
2012 05 08 41.720000 0 0
2012 05 09 39.980000 0 0
2012 05 10 35.530000 0 0
2012 05 11 35.300000 0 0
2012 05 12 35.470000 0 0
2012 05 13 36.370000 0 0
2012 05 14 40.260000 0 0
2012 05 15 45.720000 0 0
2012 05 16 44.910000 0 0
2012 05 17 41.250000 0 0
2012 05 18 37.100000 0 0
2012 05 19 35.460000 0 0
2012 05 20 32.650000 0 0
2012 05 21 30.600000 0 0
2012 05 22 30.530000 0 0
2012 05 23 30.610000 0 0
2012 05 24 30.240000 0 0
2012 05 25 35.670000 0 0
2012 05 26 44.790000 0 0
2012 05 27 55.550000 0 0
2012 05 28 46.530000 0 0
2012 05 29 36.580000 0 0
2012 05 30 33.650000 0 0
2012 05 31 31.960000 0 0
2012 06 01 30.980000 0 0
2012 06 02 38.240000 0 0
2012 06 03 38.310000 0 0
2012 06 04 38.030000 0 0
2012 06 05 37.200000 0 0
2012 06 06 75.800000 0 0
2012 06 07 116.340000 0 0
2012 06 08 105.240000 0 0
2012 06 09 93.210000 0 0
2012 06 10 79.520000 0 0
2012 06 11 64.700000 0 0
2012 06 12 59.170000 0 0
2012 06 13 72.480000 0 0
2012 06 14 60.250000 0 0
2012 06 15 48.790000 0 0
2012 06 16 43.740000 0 0
2012 06 17 39.580000 0 0
2012 06 18 37.980000 0 0
2012 06 19 37.120000 0 0
2012 06 20 48.310000 0 0
2012 06 21 111.690000 0 0
2012 06 22 168.390000 0 0
2012 06 23 185.580000 0 0
2012 06 24 149.780000 0 0
2012 06 25 109.970000 0 0
2012 06 26 84.430000 0 0
2012 06 27 66.380000 0 0
2012 06 28 54.250000 0 0
2012 06 29 51.750000 0 0
2012 06 30 49.370000 0 0
2012 07 01 43.880000 0 0
2012 07 02 43.100000 0 0
2012 07 03 42.860000 0 0
2012 07 04 40.640000 0 0
2012 07 05 39.710000 0 0
2012 07 06 39.870000 0 0
2012 07 07 36.910000 0 0
2012 07 08 38.440000 0 0
2012 07 09 41.400000 0 0
2012 07 10 41.330000 0 0
2012 07 11 39.860000 0 0
2012 07 12 37.400000 0 0
2012 07 13 38.950000 0 0
2012 07 14 39.390000 0 0
2012 07 15 38.380000 0 0
2012 07 16 35.800000 0 0
2012 07 17 39.520000 0 0
2012 07 18 85.390000 0 0
2012 07 19 106.960000 0 0
2012 07 20 98.600000 0 0
2012 07 21 74.230000 0 0
2012 07 22 55.010000 0 0
2012 07 23 45.990000 0 0
2012 07 24 42.150000 0 0
2012 07 25 38.550000 0 0
2012 07 26 38.090000 0 0
2012 07 27 36.250000 0 0
2012 07 28 34.180000 0 0
2012 07 29 33.050000 0 0
2012 07 30 32.430000 0 0
2012 07 31 31.310000 0 0
2012 08 01 30.610000 0 0
2012 08 02 27.960000 0 0
2012 08 03 30.360000 0 0
2012 08 04 29.950000 0 0
2012 08 05 28.910000 0 0
2012 08 06 28.200000 0 0
2012 08 07 29.040000 0 0
2012 08 08 27.700000 0 0
2012 08 09 27.040000 0 0
2012 08 10 27.590000 0 0
2012 08 11 26.080000 0 0
2012 08 12 25.220000 0 0
2012 08 13 24.930000 0 0
2012 08 14 25.340000 0 0
2012 08 15 24.650000 0 0
2012 08 16 24.080000 0 0
2012 08 17 23.340000 0 0
2012 08 18 22.650000 0 0
2012 08 19 22.700000 0 0
2012 08 20 22.560000 0 0
2012 08 21 22.450000 0 0
2012 08 22 21.770000 0 0
2012 08 23 21.340000 0 0
2012 08 24 20.500000 0 0
2012 08 25 20.730000 0 0
2012 08 26 19.260000 0 0
2012 08 27 19.430000 0 0
2012 08 28 19.950000 0 0
2012 08 29 19.770000 0 0
2012 08 30 19.260000 0 0
2012 08 31 20.130000 0 0
2012 09 01 19.590000 0 0
2012 09 02 19.240000 0 0
2012 09 03 18.830000 0 0
2012 09 04 18.770000 0 0
2012 09 05 17.780000 0 0
2012 09 06 17.290000 0 0
2012 09 07 16.460000 0 0
2012 09 08 15.820000 0 0
2012 09 09 16.070000 0 0
2012 09 10 16.180000 0 0
2012 09 11 17.220000 0 0
2012 09 12 16.850000 0 0
2012 09 13 16.250000 0 0
2012 09 14 16.460000 0 0
2012 09 15 15.030000 0 0
2012 09 16 14.900000 0 0
2012 09 17 14.760000 0 0
2012 09 18 14.300000 0 0
2012 09 19 14.090000 0 0
2012 09 20 13.560000 0 0
2012 09 21 14.680000 0 0
2012 09 22 18.900000 0 0
2012 09 23 20.320000 0 0
2012 09 24 21.950000 0 0
2012 09 25 21.350000 0 0
2012 09 26 19.830000 0 0
2012 09 27 17.600000 0 0
2012 09 28 19.050000 0 0
2012 09 29 17.870000 0 0
2012 09 30 17.000000 0 0
2012 10 01 16.100000 0 0
2012 10 02 15.520000 0 0
2012 10 03 14.460000 0 0
2012 10 04 15.040000 0 0
2012 10 05 13.630000 0 0
2012 10 06 15.310000 0 0
2012 10 07 17.370000 0 0
2012 10 08 19.110000 0 0
2012 10 09 16.530000 0 0
2012 10 10 14.070000 0 0
2012 10 11 14.820000 0 0
2012 10 12 14.930000 0 0
2012 10 13 15.970000 0 0
2012 10 14 18.080000 0 0
2012 10 15 20.050000 0 0
2012 10 16 18.220000 0 0
2012 10 17 18.870000 0 0
2012 10 18 20.000000 0 0
2012 10 19 19.000000 0 0
2012 10 20 20.540000 0 0
2012 10 21 25.410000 0 0
2012 10 22 32.300000 0 0
2012 10 23 28.370000 0 0
2012 10 24 42.190000 0 0
2012 10 25 36.680000 0 0
2012 10 26 34.290000 0 0
2012 10 27 27.900000 0 0
2012 10 28 21.990000 0 0
2012 10 29 22.750000 0 0
2012 10 30 27.830000 0 0
2012 10 31 31.720000 0 0
2012 11 01 24.780000 0 0
2012 11 02 21.300000 0 0
2012 11 03 20.830000 0 0
2012 11 04 19.640000 0 0
2012 11 05 17.170000 0 0
2012 11 06 16.100000 0 0
2012 11 07 13.570000 0 0
2012 11 08 19.440000 0 0
2012 11 09 19.190000 0 0
2012 11 10 19.450000 0 0
2012 11 11 27.620000 0 0
2012 11 12 28.590000 0 0
2012 11 13 25.350000 0 0
2012 11 14 25.400000 0 0
2012 11 15 26.770000 0 0
2012 11 16 25.680000 0 0
2012 11 17 19.650000 0 0
2012 11 18 17.800000 0 0
2012 11 19 16.680000 0 0
2012 11 20 16.420000 0 0
2012 11 21 17.280000 0 0
2012 11 22 18.540000 0 0
2012 11 23 15.130000 0 0
2012 11 24 13.400000 0 0
2012 11 25 17.360000 0 0
2012 11 26 19.190000 0 0
2012 11 27 17.160000 0 0
2012 11 28 18.690000 0 0
2012 11 29 15.610000 0 0
2012 11 30 12.450000 0 0
2012 12 01 11.190000 0 0
2012 12 02 12.270000 0 0
2012 12 03 19.790000 0 0
2012 12 04 19.030000 0 0
2012 12 05 30.830000 0 0
2012 12 06 24.780000 0 0
2012 12 07 20.260000 0 0
2012 12 08 21.970000 0 0
2012 12 09 21.710000 0 0
2012 12 10 18.410000 0 0
2012 12 11 16.430000 0 0
2012 12 12 18.220000 0 0
2012 12 13 17.170000 0 0
2012 12 14 19.560000 0 0
2012 12 15 20.250000 0 0
2012 12 16 48.890000 0 0
2012 12 17 72.420000 0 0
2012 12 18 67.760000 0 0
2012 12 19 61.220000 0 0
2012 12 20 43.770000 0 0
2012 12 21 37.020000 0 0
2012 12 22 49.310000 0 0
2012 12 23 48.630000 0 0
2012 12 24 39.060000 0 0
2012 12 25 30.370000 0 0
2012 12 26 23.530000 0 0
2012 12 27 27.070000 0 0
2012 12 28 27.940000 0 0
2012 12 29 27.830000 0 0
2012 12 30 49.130000 0 0
2012 12 31 65.460000 0 0
2013 01 01 75.400000 0 0
2013 01 02 71.240000 0 0
2013 01 03 52.140000 0 0
2013 01 04 32.080000 0 0
2013 01 05 30.630000 0 0
2013 01 06 34.190000 0 0
2013 01 07 33.400000 0 0
2013 01 08 40.410000 0 0
2013 01 09 35.290000 0 0
2013 01 10 43.860000 0 0
2013 01 11 59.200000 0 0
2013 01 12 58.090000 0 0
2013 01 13 101.760000 0 0
2013 01 14 134.570000 0 0
2013 01 15 136.060000 0 0
2013 01 16 116.570000 0 0
2013 01 17 99.720000 0 0
2013 01 18 91.880000 0 0
2013 01 19 78.080000 0 0
2013 01 20 67.180000 0 0
2013 01 21 55.630000 0 0
2013 01 22 49.990000 0 0
2013 01 23 37.770000 0 0
2013 01 24 35.210000 0 0
2013 01 25 30.080000 0 0
2013 01 26 41.550000 0 0
2013 01 27 53.400000 0 0
2013 01 28 45.500000 0 0
2013 01 29 40.160000 0 0
2013 01 30 33.100000 0 0
2013 01 31 29.950000 0 0
2013 02 01 35.700000 0 0
2013 02 02 43.240000 0 0
2013 02 03 39.540000 0 0
2013 02 04 49.030000 0 0
2013 02 05 45.310000 0 0
2013 02 06 39.310000 0 0
2013 02 07 60.850000 0 0
2013 02 08 91.460000 0 0
2013 02 09 109.610000 0 0
2013 02 10 100.470000 0 0
2013 02 11 93.130000 0 0
2013 02 12 103.590000 0 0
2013 02 13 77.140000 0 0
2013 02 14 58.060000 0 0
2013 02 15 53.060000 0 0
2013 02 16 60.380000 0 0
2013 02 17 64.680000 0 0
2013 02 18 42.050000 0 0
2013 02 19 38.580000 0 0
2013 02 20 40.700000 0 0
2013 02 21 49.370000 0 0
2013 02 22 46.050000 0 0
2013 02 23 45.190000 0 0
2013 02 24 36.910000 0 0
2013 02 25 39.160000 0 0
2013 02 26 40.090000 0 0
2013 02 27 35.200000 0 0
2013 02 28 30.900000 0 0
2013 03 01 30.420000 0 0
2013 03 02 29.280000 0 0
2013 03 03 29.510000 0 0
2013 03 04 30.370000 0 0
2013 03 05 26.900000 0 0
2013 03 06 24.070000 0 0
2013 03 07 26.820000 0 0
2013 03 08 55.280000 0 0
2013 03 09 55.190000 0 0
2013 03 10 64.310000 0 0
2013 03 11 69.030000 0 0
2013 03 12 93.530000 0 0
2013 03 13 107.230000 0 0
2013 03 14 107.220000 0 0
2013 03 15 97.320000 0 0
2013 03 16 81.380000 0 0
2013 03 17 88.890000 0 0
2013 03 18 98.520000 0 0
2013 03 19 92.720000 0 0
2013 03 20 70.340000 0 0
2013 03 21 63.350000 0 0
2013 03 22 72.080000 0 0
2013 03 23 75.860000 0 0
2013 03 24 59.000000 0 0
2013 03 25 64.470000 0 0
2013 03 26 92.240000 0 0
2013 03 27 75.760000 0 0
2013 03 28 55.890000 0 0
2013 03 29 48.020000 0 0
2013 03 30 42.900000 0 0
2013 03 31 37.890000 0 0
2013 04 01 34.010000 0 0
2013 04 02 33.590000 0 0
2013 04 03 41.750000 0 0
2013 04 04 46.690000 0 0
2013 04 05 63.630000 0 0
2013 04 06 120.070000 0 0
2013 04 07 117.520000 0 0
2013 04 08 93.360000 0 0
2013 04 09 70.210000 0 0
2013 04 10 55.440000 0 0
2013 04 11 47.010000 0 0
2013 04 12 42.090000 0 0
2013 04 13 49.510000 0 0
2013 04 14 73.750000 0 0
2013 04 15 85.430000 0 0
2013 04 16 74.140000 0 0
2013 04 17 58.560000 0 0
2013 04 18 43.900000 0 0
2013 04 19 39.440000 0 0
2013 04 20 36.470000 0 0
2013 04 21 34.330000 0 0
2013 04 22 33.180000 0 0
2013 04 23 31.750000 0 0
2013 04 24 30.470000 0 0
2013 04 25 30.050000 0 0
2013 04 26 29.010000 0 0
2013 04 27 28.000000 0 0
2013 04 28 28.450000 0 0
2013 04 29 27.900000 0 0
2013 04 30 27.000000 0 0
2013 05 01 26.800000 0 0
2013 05 02 26.390000 0 0
2013 05 03 25.900000 0 0
2013 05 04 25.110000 0 0
2013 05 05 24.600000 0 0
2013 05 06 24.170000 0 0
2013 05 07 24.340000 0 0
2013 05 08 24.420000 0 0
2013 05 09 24.020000 0 0
2013 05 10 22.940000 0 0
2013 05 11 22.100000 0 0
2013 05 12 21.680000 0 0
2013 05 13 21.860000 0 0
2013 05 14 21.300000 0 0
2013 05 15 21.610000 0 0
2013 05 16 21.380000 0 0
2013 05 17 20.570000 0 0
2013 05 18 20.750000 0 0
2013 05 19 20.340000 0 0
2013 05 20 20.490000 0 0
2013 05 21 20.440000 0 0
2013 05 22 20.440000 0 0
2013 05 23 21.320000 0 0
2013 05 24 22.300000 0 0
2013 05 25 22.890000 0 0
2013 05 26 23.370000 0 0
2013 05 27 23.630000 0 0
2013 05 28 30.420000 0 0
2013 05 29 63.950000 0 0
2013 05 30 68.000000 0 0
2013 05 31 67.180000 0 0
2013 06 01 53.410000 0 0
2013 06 02 44.620000 0 0
2013 06 03 42.430000 0 0
2013 06 04 42.840000 0 0
2013 06 05 40.650000 0 0
2013 06 06 34.750000 0 0
2013 06 07 28.940000 0 0
2013 06 08 27.790000 0 0
2013 06 09 25.820000 0 0
2013 06 10 24.790000 0 0
2013 06 11 24.110000 0 0
2013 06 12 28.240000 0 0
2013 06 13 38.560000 0 0
2013 06 14 41.770000 0 0
2013 06 15 42.510000 0 0
2013 06 16 33.320000 0 0
2013 06 17 33.680000 0 0
2013 06 18 36.550000 0 0
2013 06 19 35.160000 0 0
2013 06 20 32.190000 0 0
2013 06 21 29.440000 0 0
2013 06 22 26.380000 0 0
2013 06 23 26.420000 0 0
2013 06 24 26.160000 0 0
2013 06 25 25.970000 0 0
2013 06 26 28.690000 0 0
2013 06 27 31.250000 0 0
2013 06 28 31.680000 0 0
2013 06 29 30.680000 0 0
2013 06 30 31.970000 0 0
2013 07 01 51.980000 0 0
2013 07 02 72.720000 0 0
2013 07 03 68.410000 0 0
2013 07 04 46.660000 0 0
2013 07 05 35.160000 0 0
2013 07 06 30.790000 0 0
2013 07 07 29.130000 0 0
2013 07 08 26.690000 0 0
2013 07 09 24.980000 0 0
2013 07 10 24.040000 0 0
2013 07 11 22.580000 0 0
2013 07 12 21.940000 0 0
2013 07 13 21.650000 0 0
2013 07 14 20.710000 0 0
2013 07 15 22.390000 0 0
2013 07 16 21.440000 0 0
2013 07 17 20.510000 0 0
2013 07 18 20.160000 0 0
2013 07 19 19.840000 0 0
2013 07 20 20.080000 0 0
2013 07 21 20.330000 0 0
2013 07 22 20.280000 0 0
2013 07 23 21.190000 0 0
2013 07 24 24.380000 0 0
2013 07 25 28.510000 0 0
2013 07 26 37.850000 0 0
2013 07 27 45.130000 0 0
2013 07 28 39.070000 0 0
2013 07 29 30.870000 0 0
2013 07 30 27.400000 0 0
2013 07 31 24.390000 0 0
2013 08 01 21.780000 0 0
2013 08 02 20.840000 0 0
2013 08 03 20.450000 0 0
2013 08 04 19.790000 0 0
2013 08 05 19.170000 0 0
2013 08 06 17.730000 0 0
2013 08 07 17.880000 0 0
2013 08 08 16.710000 0 0
2013 08 09 16.160000 0 0
2013 08 10 14.720000 0 0
2013 08 11 14.860000 0 0
2013 08 12 15.010000 0 0
2013 08 13 16.180000 0 0
2013 08 14 16.390000 0 0
2013 08 15 16.140000 0 0
2013 08 16 16.090000 0 0
2013 08 17 16.690000 0 0
2013 08 18 16.470000 0 0
2013 08 19 15.660000 0 0
2013 08 20 17.040000 0 0
2013 08 21 17.330000 0 0
2013 08 22 16.420000 0 0
2013 08 23 15.540000 0 0
2013 08 24 14.650000 0 0
2013 08 25 13.030000 0 0
2013 08 26 13.110000 0 0
2013 08 27 14.090000 0 0
2013 08 28 14.610000 0 0
2013 08 29 14.570000 0 0
2013 08 30 14.520000 0 0
2013 08 31 12.650000 0 0
2013 09 01 12.280000 0 0
2013 09 02 11.680000 0 0
2013 09 03 13.140000 0 0
2013 09 04 13.560000 0 0
2013 09 05 13.360000 0 0
2013 09 06 15.130000 0 0
2013 09 07 14.940000 0 0
2013 09 08 14.560000 0 0
2013 09 09 13.860000 0 0
2013 09 10 13.240000 0 0
2013 09 11 12.170000 0 0
2013 09 12 11.460000 0 0
2013 09 13 11.560000 0 0
2013 09 14 10.580000 0 0
2013 09 15 10.550000 0 0
2013 09 16 10.570000 0 0
2013 09 17 11.200000 0 0
2013 09 18 15.010000 0 0
2013 09 19 17.540000 0 0
2013 09 20 17.290000 0 0
2013 09 21 16.150000 0 0
2013 09 22 14.450000 0 0
2013 09 23 14.480000 0 0
2013 09 24 14.930000 0 0
2013 09 25 15.580000 0 0
2013 09 26 15.010000 0 0
2013 09 27 12.820000 0 0
2013 09 28 10.920000 0 0
2013 09 29 12.470000 0 0
2013 09 30 13.190000 0 0
2013 10 01 14.440000 0 0
2013 10 02 21.070000 0 0
2013 10 03 33.040000 0 0
2013 10 04 39.110000 0 0
2013 10 05 49.590000 0 0
2013 10 06 46.390000 0 0
2013 10 07 34.350000 0 0
2013 10 08 24.650000 0 0
2013 10 09 20.370000 0 0
2013 10 10 17.480000 0 0
2013 10 11 15.110000 0 0
2013 10 12 13.040000 0 0
2013 10 13 11.600000 0 0
2013 10 14 11.420000 0 0
2013 10 15 11.980000 0 0
2013 10 16 18.660000 0 0
2013 10 17 17.820000 0 0
2013 10 18 20.000000 0 0
2013 10 19 24.860000 0 0
2013 10 20 30.870000 0 0
2013 10 21 38.200000 0 0
2013 10 22 30.460000 0 0
2013 10 23 29.390000 0 0
2013 10 24 33.470000 0 0
2013 10 25 26.510000 0 0
2013 10 26 21.560000 0 0
2013 10 27 17.370000 0 0
2013 10 28 16.930000 0 0
2013 10 29 16.810000 0 0
2013 10 30 14.310000 0 0
2013 10 31 12.890000 0 0
2013 11 01 10.660000 0 0
2013 11 02 10.680000 0 0
2013 11 03 11.030000 0 0
2013 11 04 10.980000 0 0
2013 11 05 21.780000 0 0
2013 11 06 19.470000 0 0
2013 11 07 20.340000 0 0
2013 11 08 21.890000 0 0
2013 11 09 20.760000 0 0
2013 11 10 19.590000 0 0
2013 11 11 17.320000 0 0
2013 11 12 14.820000 0 0
2013 11 13 13.210000 0 0
2013 11 14 11.150000 0 0
2013 11 15 9.720000 0 0
2013 11 16 9.900000 0 0
2013 11 17 10.590000 0 0
2013 11 18 13.790000 0 0
2013 11 19 15.360000 0 0
2013 11 20 15.960000 0 0
2013 11 21 14.380000 0 0
2013 11 22 14.610000 0 0
2013 11 23 14.380000 0 0
2013 11 24 14.900000 0 0
2013 11 25 17.540000 0 0
2013 11 26 20.280000 0 0
2013 11 27 21.030000 0 0
2013 11 28 24.380000 0 0
2013 11 29 20.740000 0 0
2013 11 30 23.750000 0 0
2013 12 01 23.020000 0 0
2013 12 02 22.020000 0 0
2013 12 03 28.770000 0 0
2013 12 04 24.060000 0 0
2013 12 05 20.220000 0 0
2013 12 06 54.620000 0 0
2013 12 07 52.580000 0 0
2013 12 08 34.670000 0 0
2013 12 09 25.060000 0 0
2013 12 10 26.070000 0 0
2013 12 11 44.540000 0 0
2013 12 12 52.610000 0 0
2013 12 13 40.790000 0 0
2013 12 14 29.430000 0 0
2013 12 15 21.870000 0 0
2013 12 16 18.230000 0 0
2013 12 17 15.970000 0 0
2013 12 18 13.290000 0 0
2013 12 19 12.250000 0 0
2013 12 20 9.380000 0 0
2013 12 21 10.350000 0 0
2013 12 22 11.510000 0 0
2013 12 23 12.950000 0 0
2013 12 24 12.190000 0 0
2013 12 25 13.100000 0 0
2013 12 26 15.940000 0 0
2013 12 27 14.930000 0 0
2013 12 28 15.680000 0 0
2013 12 29 21.230000 0 0
2013 12 30 16.280000 0 0
2013 12 31 35.200000 0 0
2014 01 01 26.940000 0 0
2014 01 02 37.000000 0 0
2014 01 03 30.890000 0 0
2014 01 04 22.260000 0 0
2014 01 05 17.340000 0 0
2014 01 06 15.530000 0 0
2014 01 07 15.310000 0 0
2014 01 08 12.660000 0 0
2014 01 09 11.560000 0 0
2014 01 10 11.250000 0 0
2014 01 11 9.640000 0 0
2014 01 12 9.580000 0 0
2014 01 13 9.590000 0 0
2014 01 14 12.450000 0 0
2014 01 15 27.320000 0 0
2014 01 16 38.310000 0 0
2014 01 17 33.720000 0 0
2014 01 18 25.100000 0 0
2014 01 19 19.330000 0 0
2014 01 20 14.450000 0 0
2014 01 21 13.210000 0 0
2014 01 22 10.880000 0 0
2014 01 23 13.640000 0 0
2014 01 24 21.130000 0 0
2014 01 25 20.460000 0 0
2014 01 26 18.030000 0 0
2014 01 27 13.760000 0 0
2014 01 28 10.920000 0 0
2014 01 29 10.160000 0 0
2014 01 30 9.570000 0 0
2014 01 31 9.620000 0 0
2014 02 01 9.680000 0 0
2014 02 02 9.660000 0 0
2014 02 03 9.670000 0 0
2014 02 04 9.720000 0 0
2014 02 05 9.720000 0 0
2014 02 06 9.670000 0 0
2014 02 07 9.710000 0 0
2014 02 08 9.680000 0 0
2014 02 09 9.690000 0 0
2014 02 10 9.680000 0 0
2014 02 11 9.670000 0 0
2014 02 12 9.680000 0 0
2014 02 13 9.740000 0 0
2014 02 14 9.750000 0 0
2014 02 15 9.800000 0 0
2014 02 16 10.080000 0 0
2014 02 17 12.580000 0 0
2014 02 18 12.850000 0 0
2014 02 19 14.650000 0 0
2014 02 20 17.150000 0 0
2014 02 21 14.190000 0 0
2014 02 22 11.210000 0 0
2014 02 23 10.790000 0 0
2014 02 24 10.580000 0 0
2014 02 25 9.860000 0 0
2014 02 26 9.350000 0 0
2014 02 27 8.920000 0 0
2014 02 28 12.860000 0 0
2014 03 01 18.360000 0 0
2014 03 02 22.450000 0 0
2014 03 03 26.940000 0 0
2014 03 04 24.510000 0 0
2014 03 05 27.730000 0 0
2014 03 06 21.320000 0 0
2014 03 07 16.900000 0 0
2014 03 08 16.240000 0 0
2014 03 09 15.720000 0 0
2014 03 10 24.650000 0 0
2014 03 11 25.710000 0 0
2014 03 12 28.330000 0 0
2014 03 13 30.730000 0 0
2014 03 14 23.580000 0 0
2014 03 15 19.460000 0 0
2014 03 16 15.480000 0 0
2014 03 17 14.080000 0 0
2014 03 18 12.230000 0 0
2014 03 19 13.510000 0 0
2014 03 20 14.390000 0 0
2014 03 21 14.890000 0 0
2014 03 22 17.020000 0 0
2014 03 23 17.080000 0 0
2014 03 24 19.110000 0 0
2014 03 25 17.770000 0 0
2014 03 26 16.110000 0 0
2014 03 27 13.130000 0 0
2014 03 28 11.460000 0 0
2014 03 29 8.440000 0 0
2014 03 30 7.880000 0 0
2014 03 31 8.870000 0 0
2014 04 01 9.310000 0 0
2014 04 02 10.330000 0 0
2014 04 03 12.630000 0 0
2014 04 04 11.440000 0 0
2014 04 05 16.870000 0 0
2014 04 06 18.420000 0 0
2014 04 07 15.810000 0 0
2014 04 08 12.280000 0 0
2014 04 09 9.710000 0 0
2014 04 10 7.530000 0 0
2014 04 11 7.640000 0 0
2014 04 12 6.650000 0 0
2014 04 13 19.950000 0 0
2014 04 14 22.600000 0 0
2014 04 15 23.610000 0 0
2014 04 16 37.550000 0 0
2014 04 17 32.540000 0 0
2014 04 18 28.020000 0 0
2014 04 19 24.020000 0 0
2014 04 20 19.430000 0 0
2014 04 21 17.170000 0 0
2014 04 22 14.850000 0 0
2014 04 23 13.230000 0 0
2014 04 24 10.800000 0 0
2014 04 25 9.350000 0 0
2014 04 26 9.770000 0 0
2014 04 27 9.450000 0 0
2014 04 28 9.060000 0 0
2014 04 29 9.830000 0 0
2014 04 30 7.530000 0 0
2014 05 01 5.900000 0 0
2014 05 02 4.750000 0 0
2014 05 03 5.700000 0 0
2014 05 04 6.870000 0 0
2014 05 05 7.050000 0 0
2014 05 06 6.380000 0 0
2014 05 07 5.580000 0 0
2014 05 08 5.290000 0 0
2014 05 09 5.340000 0 0
2014 05 10 4.910000 0 0
2014 05 11 6.000000 0 0
2014 05 12 6.160000 0 0
2014 05 13 6.120000 0 0
2014 05 14 5.630000 0 0
2014 05 15 4.800000 0 0
2014 05 16 4.740000 0 0
2014 05 17 4.570000 0 0
2014 05 18 4.480000 0 0
2014 05 19 4.850000 0 0
2014 05 20 5.870000 0 0
2014 05 21 5.230000 0 0
2014 05 22 5.210000 0 0
2014 05 23 8.960000 0 0
2014 05 24 11.800000 0 0
2014 05 25 11.900000 0 0
2014 05 26 9.770000 0 0
2014 05 27 5.740000 0 0
2014 05 28 3.540000 0 0
2014 05 29 3.560000 0 0
2014 05 30 3.570000 0 0
2014 05 31 5.010000 0 0
2014 06 01 7.740000 0 0
2014 06 02 8.220000 0 0
2014 06 03 9.750000 0 0
2014 06 04 10.380000 0 0
2014 06 05 10.190000 0 0
2014 06 06 nan nan nan
2014 06 07 nan nan nan
2014 06 08 nan nan nan
2014 06 09 nan nan nan
2014 06 10 nan nan nan
2014 06 11 nan nan nan
2014 06 12 nan nan nan
2014 06 13 nan nan nan
2014 06 14 nan nan nan
2014 06 15 nan nan nan
2014 06 16 nan nan nan
2014 06 17 nan nan nan
2014 06 18 nan nan nan
2014 06 19 nan nan nan
2014 06 20 nan nan nan
2014 06 21 nan nan nan
2014 06 22 nan nan nan
2014 06 23 nan nan nan
2014 06 24 nan nan nan
2014 06 25 nan nan nan
2014 06 26 nan nan nan
2014 06 27 nan nan nan
2014 06 28 nan nan nan
2014 06 29 nan nan nan
2014 06 30 nan nan nan
