year month day streamflow_m3s qual_control_by_ana qual_flag
1976 12 01 100000.000000 0 0
1976 12 02 1.483000 0 0
1976 12 03 1.375000 0 0
1976 12 04 1.268000 0 0
1976 12 05 1.321000 0 0
1976 12 06 1.483000 0 0
1976 12 07 1.268000 0 0
1976 12 08 2.170000 0 0
1976 12 09 9.068000 0 0
1976 12 10 1.819000 0 0
1976 12 11 1.538000 0 0
1976 12 12 1.429000 0 0
1976 12 13 1.375000 0 0
1976 12 14 1.321000 0 0
1976 12 15 1.762000 0 0
1976 12 16 1.819000 0 0
1976 12 17 1.538000 0 0
1976 12 18 1.375000 0 0
1976 12 19 1.268000 0 0
1976 12 20 1.242000 0 0
1976 12 21 1.216000 0 0
1976 12 22 1.268000 0 0
1976 12 23 1.621000 0 0
1976 12 24 2.441000 0 0
1976 12 25 1.819000 0 0
1976 12 26 1.566000 0 0
1976 12 27 1.456000 0 0
1976 12 28 1.538000 0 0
1976 12 29 1.375000 0 0
1976 12 30 1.268000 0 0
1976 12 31 1.216000 0 0
1977 01 01 1.216000 0 0
1977 01 02 1.268000 0 0
1977 01 03 1.295000 0 0
1977 01 04 1.268000 0 0
1977 01 05 2.472000 0 0
1977 01 06 3.871000 0 0
1977 01 07 5.093000 0 0
1977 01 08 2.503000 0 0
1977 01 09 1.706000 0 0
1977 01 10 1.538000 0 0
1977 01 11 1.538000 0 0
1977 01 12 1.483000 0 0
1977 01 13 1.456000 0 0
1977 01 14 1.429000 0 0
1977 01 15 1.649000 0 0
1977 01 16 2.051000 0 0
1977 01 17 2.259000 0 0
1977 01 18 1.935000 0 0
1977 01 19 3.958000 0 0
1977 01 20 2.503000 0 0
1977 01 21 1.734000 0 0
1977 01 22 1.621000 0 0
1977 01 23 1.483000 0 0
1977 01 24 1.819000 0 0
1977 01 25 1.734000 0 0
1977 01 26 3.702000 0 0
1977 01 27 6.298000 0 0
1977 01 28 3.222000 0 0
1977 01 29 2.380000 0 0
1977 01 30 2.503000 0 0
1977 01 31 3.702000 0 0
1977 02 01 9.366000 0 0
1977 02 02 3.299000 0 0
1977 02 03 2.200000 0 0
1977 02 04 3.537000 0 0
1977 02 05 2.472000 0 0
1977 02 06 1.848000 0 0
1977 02 07 1.848000 0 0
1977 02 08 2.503000 0 0
1977 02 09 2.022000 0 0
1977 02 10 1.762000 0 0
1977 02 11 1.677000 0 0
1977 02 12 1.706000 0 0
1977 02 13 1.621000 0 0
1977 02 14 1.594000 0 0
1977 02 15 1.594000 0 0
1977 02 16 1.594000 0 0
1977 02 17 1.649000 0 0
1977 02 18 1.511000 0 0
1977 02 19 1.566000 0 0
1977 02 20 1.566000 0 0
1977 02 21 1.511000 0 0
1977 02 22 1.594000 0 0
1977 02 23 1.594000 0 0
1977 02 24 1.511000 0 0
1977 02 25 1.566000 0 0
1977 02 26 1.511000 0 0
1977 02 27 1.594000 0 0
1977 02 28 1.483000 0 0
1977 03 01 1.483000 0 0
1977 03 02 1.456000 0 0
1977 03 03 1.456000 0 0
1977 03 04 1.483000 0 0
1977 03 05 1.538000 0 0
1977 03 06 1.511000 0 0
1977 03 07 1.511000 0 0
1977 03 08 1.429000 0 0
1977 03 09 1.511000 0 0
1977 03 10 1.456000 0 0
1977 03 11 1.456000 0 0
1977 03 12 1.402000 0 0
1977 03 13 1.321000 0 0
1977 03 14 1.348000 0 0
1977 03 15 1.429000 0 0
1977 03 16 1.402000 0 0
1977 03 17 1.375000 0 0
1977 03 18 1.375000 0 0
1977 03 19 1.402000 0 0
1977 03 20 1.402000 0 0
1977 03 21 1.566000 0 0
1977 03 22 1.762000 0 0
1977 03 23 1.677000 0 0
1977 03 24 1.566000 0 0
1977 03 25 1.594000 0 0
1977 03 26 1.456000 0 0
1977 03 27 1.762000 0 0
1977 03 28 1.566000 0 0
1977 03 29 1.791000 0 0
1977 03 30 1.762000 0 0
1977 03 31 1.677000 0 0
1977 04 01 1.762000 0 0
1977 04 02 1.566000 0 0
1977 04 03 1.538000 0 0
1977 04 04 1.993000 0 0
1977 04 05 2.170000 0 0
1977 04 06 1.993000 0 0
1977 04 07 1.734000 0 0
1977 04 08 1.791000 0 0
1977 04 09 4.695000 0 0
1977 04 10 4.792000 0 0
1977 04 11 4.225000 0 0
1977 04 12 1.104000 0 0
1977 04 13 0.965000 0 0
1977 04 14 1.140000 0 0
1977 04 15 1.334000 0 0
1977 04 16 1.104000 0 0
1977 04 17 1.104000 0 0
1977 04 18 1.416000 0 0
1977 04 19 1.254000 0 0
1977 04 20 1.254000 0 0
1977 04 21 1.216000 0 0
1977 04 22 1.375000 0 0
1977 04 23 1.375000 0 0
1977 04 24 1.375000 0 0
1977 04 25 1.216000 0 0
1977 04 26 1.178000 0 0
1977 04 27 1.033000 0 0
1977 04 28 0.965000 0 0
1977 04 29 0.998000 0 0
1977 04 30 0.998000 0 0
1977 05 01 0.998000 0 0
1977 05 02 1.033000 0 0
1977 05 03 0.998000 0 0
1977 05 04 0.965000 0 0
1977 05 05 0.932000 0 0
1977 05 06 0.899000 0 0
1977 05 07 0.899000 0 0
1977 05 08 0.899000 0 0
1977 05 09 0.998000 0 0
1977 05 10 0.932000 0 0
1977 05 11 0.965000 0 0
1977 05 12 0.932000 0 0
1977 05 13 0.965000 0 0
1977 05 14 0.932000 0 0
1977 05 15 0.867000 0 0
1977 05 16 0.932000 0 0
1977 05 17 1.140000 0 0
1977 05 18 0.932000 0 0
1977 05 19 0.899000 0 0
1977 05 20 0.932000 0 0
1977 05 21 0.932000 0 0
1977 05 22 0.932000 0 0
1977 05 23 0.965000 0 0
1977 05 24 0.932000 0 0
1977 05 25 0.932000 0 0
1977 05 26 0.899000 0 0
1977 05 27 0.932000 0 0
1977 05 28 0.899000 0 0
1977 05 29 0.899000 0 0
1977 05 30 0.899000 0 0
1977 05 31 0.899000 0 0
1977 06 01 0.899000 0 0
1977 06 02 0.867000 0 0
1977 06 03 0.867000 0 0
1977 06 04 1.033000 0 0
1977 06 05 1.546000 0 0
1977 06 06 1.334000 0 0
1977 06 07 1.068000 0 0
1977 06 08 1.068000 0 0
1977 06 09 1.068000 0 0
1977 06 10 0.965000 0 0
1977 06 11 0.932000 0 0
1977 06 12 0.965000 0 0
1977 06 13 0.932000 0 0
1977 06 14 0.932000 0 0
1977 06 15 0.932000 0 0
1977 06 16 0.965000 0 0
1977 06 17 0.998000 0 0
1977 06 18 0.932000 0 0
1977 06 19 0.932000 0 0
1977 06 20 0.899000 0 0
1977 06 21 0.899000 0 0
1977 06 22 0.899000 0 0
1977 06 23 0.932000 0 0
1977 06 24 0.932000 0 0
1977 06 25 1.546000 0 0
1977 06 26 1.254000 0 0
1977 06 27 0.965000 0 0
1977 06 28 0.932000 0 0
1977 06 29 0.932000 0 0
1977 06 30 0.899000 0 0
1977 07 01 0.932000 0 0
1977 07 02 0.998000 0 0
1977 07 03 0.932000 0 0
1977 07 04 0.899000 0 0
1977 07 05 0.932000 0 0
1977 07 06 0.899000 0 0
1977 07 07 0.899000 0 0
1977 07 08 0.899000 0 0
1977 07 09 0.867000 0 0
1977 07 10 0.932000 0 0
1977 07 11 0.932000 0 0
1977 07 12 0.932000 0 0
1977 07 13 0.932000 0 0
1977 07 14 0.965000 0 0
1977 07 15 0.899000 0 0
1977 07 16 0.776000 0 0
1977 07 17 0.776000 0 0
1977 07 18 0.836000 0 0
1977 07 19 0.836000 0 0
1977 07 20 0.806000 0 0
1977 07 21 0.776000 0 0
1977 07 22 0.836000 0 0
1977 07 23 0.806000 0 0
1977 07 24 0.719000 0 0
1977 07 25 0.776000 0 0
1977 07 26 0.719000 0 0
1977 07 27 0.776000 0 0
1977 07 28 0.719000 0 0
1977 07 29 0.664000 0 0
1977 07 30 0.638000 0 0
1977 07 31 0.638000 0 0
1977 08 01 0.638000 0 0
1977 08 02 0.638000 0 0
1977 08 03 0.664000 0 0
1977 08 04 0.664000 0 0
1977 08 05 0.638000 0 0
1977 08 06 0.664000 0 0
1977 08 07 0.664000 0 0
1977 08 08 0.664000 0 0
1977 08 09 0.638000 0 0
1977 08 10 0.638000 0 0
1977 08 11 0.638000 0 0
1977 08 12 0.664000 0 0
1977 08 13 0.638000 0 0
1977 08 14 0.638000 0 0
1977 08 15 0.638000 0 0
1977 08 16 0.638000 0 0
1977 08 17 0.664000 0 0
1977 08 18 0.638000 0 0
1977 08 19 0.638000 0 0
1977 08 20 0.664000 0 0
1977 08 21 0.612000 0 0
1977 08 22 0.612000 0 0
1977 08 23 0.612000 0 0
1977 08 24 0.612000 0 0
1977 08 25 0.638000 0 0
1977 08 26 0.612000 0 0
1977 08 27 0.612000 0 0
1977 08 28 0.638000 0 0
1977 08 29 0.638000 0 0
1977 08 30 0.932000 0 0
1977 08 31 0.998000 0 0
1977 09 01 0.899000 0 0
1977 09 02 0.776000 0 0
1977 09 03 0.747000 0 0
1977 09 04 0.747000 0 0
1977 09 05 0.747000 0 0
1977 09 06 0.867000 0 0
1977 09 07 1.974000 0 0
1977 09 08 5.093000 0 0
1977 09 09 2.026000 0 0
1977 09 10 1.104000 0 0
1977 09 11 0.836000 0 0
1977 09 12 0.747000 0 0
1977 09 13 0.664000 0 0
1977 09 14 0.638000 0 0
1977 09 15 0.562000 0 0
1977 09 16 0.492000 0 0
1977 09 17 0.719000 0 0
1977 09 18 0.747000 0 0
1977 09 19 1.546000 0 0
1977 09 20 1.254000 0 0
1977 09 21 1.068000 0 0
1977 09 22 1.033000 0 0
1977 09 23 1.590000 0 0
1977 09 24 1.178000 0 0
1977 09 25 0.932000 0 0
1977 09 26 0.867000 0 0
1977 09 27 0.719000 0 0
1977 09 28 0.691000 0 0
1977 09 29 0.638000 0 0
1977 09 30 0.612000 0 0
1977 10 01 0.747000 0 0
1977 10 02 4.135000 0 0
1977 10 03 1.590000 0 0
1977 10 04 1.033000 0 0
1977 10 05 0.899000 0 0
1977 10 06 0.867000 0 0
1977 10 07 0.806000 0 0
1977 10 08 0.747000 0 0
1977 10 09 0.719000 0 0
1977 10 10 0.806000 0 0
1977 10 11 0.965000 0 0
1977 10 12 0.932000 0 0
1977 10 13 0.587000 0 0
1977 10 14 0.515000 0 0
1977 10 15 0.448000 0 0
1977 10 16 0.470000 0 0
1977 10 17 1.104000 0 0
1977 10 18 0.691000 0 0
1977 10 19 0.664000 0 0
1977 10 20 0.664000 0 0
1977 10 21 0.638000 0 0
1977 10 22 0.612000 0 0
1977 10 23 0.587000 0 0
1977 10 24 0.587000 0 0
1977 10 25 0.562000 0 0
1977 10 26 0.538000 0 0
1977 10 27 0.806000 0 0
1977 10 28 0.867000 0 0
1977 10 29 0.806000 0 0
1977 10 30 0.638000 0 0
1977 10 31 0.562000 0 0
1977 11 01 1.334000 0 0
1977 11 02 1.459000 0 0
1977 11 03 0.747000 0 0
1977 11 04 0.747000 0 0
1977 11 05 0.691000 0 0
1977 11 06 0.612000 0 0
1977 11 07 0.664000 0 0
1977 11 08 0.638000 0 0
1977 11 09 0.612000 0 0
1977 11 10 0.587000 0 0
1977 11 11 0.638000 0 0
1977 11 12 0.638000 0 0
1977 11 13 0.691000 0 0
1977 11 14 0.638000 0 0
1977 11 15 4.046000 0 0
1977 11 16 3.702000 0 0
1977 11 17 1.502000 0 0
1977 11 18 1.140000 0 0
1977 11 19 1.033000 0 0
1977 11 20 0.998000 0 0
1977 11 21 0.965000 0 0
1977 11 22 0.932000 0 0
1977 11 23 1.216000 0 0
1977 11 24 2.925000 0 0
1977 11 25 2.854000 0 0
1977 11 26 1.363000 0 0
1977 11 27 0.939000 0 0
1977 11 28 2.857000 0 0
1977 11 29 3.719000 0 0
1977 11 30 1.790000 0 0
1977 12 01 1.075000 0 0
1977 12 02 2.143000 0 0
1977 12 03 2.354000 0 0
1977 12 04 2.408000 0 0
1977 12 05 4.185000 0 0
1977 12 06 4.050000 0 0
1977 12 07 1.670000 0 0
1977 12 08 1.363000 0 0
1977 12 09 1.181000 0 0
1977 12 10 3.463000 0 0
1977 12 11 1.181000 0 0
1977 12 12 1.217000 0 0
1977 12 13 1.041000 0 0
1977 12 14 1.217000 0 0
1977 12 15 0.841000 0 0
1977 12 16 0.746000 0 0
1977 12 17 0.624000 0 0
1977 12 18 1.831000 0 0
1977 12 19 4.117000 0 0
1977 12 20 3.463000 0 0
1977 12 21 3.719000 0 0
1977 12 22 5.485000 0 0
1977 12 23 3.655000 0 0
1977 12 24 2.517000 0 0
1977 12 25 1.631000 0 0
1977 12 26 1.289000 0 0
1977 12 27 1.181000 0 0
1977 12 28 1.110000 0 0
1977 12 29 0.973000 0 0
1977 12 30 0.939000 0 0
1977 12 31 0.873000 0 0
1978 01 01 1.514000 0 0
1978 01 02 1.253000 0 0
1978 01 03 1.181000 0 0
1978 01 04 1.145000 0 0
1978 01 05 1.075000 0 0
1978 01 06 2.975000 0 0
1978 01 07 3.034000 0 0
1978 01 08 1.670000 0 0
1978 01 09 1.363000 0 0
1978 01 10 1.217000 0 0
1978 01 11 1.110000 0 0
1978 01 12 1.075000 0 0
1978 01 13 1.253000 0 0
1978 01 14 1.145000 0 0
1978 01 15 1.476000 0 0
1978 01 16 1.954000 0 0
1978 01 17 2.037000 0 0
1978 01 18 1.326000 0 0
1978 01 19 1.145000 0 0
1978 01 20 1.041000 0 0
1978 01 21 0.906000 0 0
1978 01 22 3.916000 0 0
1978 01 23 1.995000 0 0
1978 01 24 1.438000 0 0
1978 01 25 1.217000 0 0
1978 01 26 1.075000 0 0
1978 01 27 0.873000 0 0
1978 01 28 0.746000 0 0
1978 01 29 0.684000 0 0
1978 01 30 1.007000 0 0
1978 01 31 0.939000 0 0
1978 02 01 0.906000 0 0
1978 02 02 0.873000 0 0
1978 02 03 1.041000 0 0
1978 02 04 0.939000 0 0
1978 02 05 0.939000 0 0
1978 02 06 1.041000 0 0
1978 02 07 1.181000 0 0
1978 02 08 1.007000 0 0
1978 02 09 0.973000 0 0
1978 02 10 0.906000 0 0
1978 02 11 0.973000 0 0
1978 02 12 1.253000 0 0
1978 02 13 2.800000 0 0
1978 02 14 1.438000 0 0
1978 02 15 1.476000 0 0
1978 02 16 1.289000 0 0
1978 02 17 1.181000 0 0
1978 02 18 1.075000 0 0
1978 02 19 1.041000 0 0
1978 02 20 1.075000 0 0
1978 02 21 1.289000 0 0
1978 02 22 1.954000 0 0
1978 02 23 1.631000 0 0
1978 02 24 1.253000 0 0
1978 02 25 1.145000 0 0
1978 02 26 1.075000 0 0
1978 02 27 1.007000 0 0
1978 02 28 1.041000 0 0
1978 03 01 nan nan nan
1978 03 02 nan nan nan
1978 03 03 nan nan nan
1978 03 04 nan nan nan
1978 03 05 nan nan nan
1978 03 06 nan nan nan
1978 03 07 nan nan nan
1978 03 08 nan nan nan
1978 03 09 nan nan nan
1978 03 10 nan nan nan
1978 03 11 nan nan nan
1978 03 12 nan nan nan
1978 03 13 nan nan nan
1978 03 14 nan nan nan
1978 03 15 nan nan nan
1978 03 16 nan nan nan
1978 03 17 nan nan nan
1978 03 18 nan nan nan
1978 03 19 nan nan nan
1978 03 20 nan nan nan
1978 03 21 nan nan nan
1978 03 22 nan nan nan
1978 03 23 nan nan nan
1978 03 24 nan nan nan
1978 03 25 nan nan nan
1978 03 26 nan nan nan
1978 03 27 nan nan nan
1978 03 28 nan nan nan
1978 03 29 nan nan nan
1978 03 30 nan nan nan
1978 03 31 nan nan nan
1978 04 01 nan nan nan
1978 04 02 nan nan nan
1978 04 03 nan nan nan
1978 04 04 nan nan nan
1978 04 05 nan nan nan
1978 04 06 nan nan nan
1978 04 07 nan nan nan
1978 04 08 nan nan nan
1978 04 09 nan nan nan
1978 04 10 nan nan nan
1978 04 11 nan nan nan
1978 04 12 nan nan nan
1978 04 13 nan nan nan
1978 04 14 nan nan nan
1978 04 15 nan nan nan
1978 04 16 nan nan nan
1978 04 17 nan nan nan
1978 04 18 nan nan nan
1978 04 19 nan nan nan
1978 04 20 nan nan nan
1978 04 21 nan nan nan
1978 04 22 nan nan nan
1978 04 23 nan nan nan
1978 04 24 nan nan nan
1978 04 25 nan nan nan
1978 04 26 nan nan nan
1978 04 27 nan nan nan
1978 04 28 nan nan nan
1978 04 29 nan nan nan
1978 04 30 nan nan nan
1978 05 01 0.523000 0 0
1978 05 02 0.500000 0 0
1978 05 03 0.478000 0 0
1978 05 04 0.478000 0 0
1978 05 05 0.500000 0 0
1978 05 06 0.478000 0 0
1978 05 07 0.478000 0 0
1978 05 08 0.478000 0 0
1978 05 09 0.435000 0 0
1978 05 10 0.393000 0 0
1978 05 11 0.393000 0 0
1978 05 12 0.393000 0 0
1978 05 13 0.372000 0 0
1978 05 14 0.372000 0 0
1978 05 15 0.413000 0 0
1978 05 16 0.617000 0 0
1978 05 17 1.322000 0 0
1978 05 18 1.046000 0 0
1978 05 19 1.076000 0 0
1978 05 20 0.848000 0 0
1978 05 21 1.105000 0 0
1978 05 22 0.546000 0 0
1978 05 23 0.393000 0 0
1978 05 24 0.413000 0 0
1978 05 25 0.435000 0 0
1978 05 26 0.500000 0 0
1978 05 27 0.593000 0 0
1978 05 28 0.641000 0 0
1978 05 29 0.795000 0 0
1978 05 30 0.742000 0 0
1978 05 31 0.666000 0 0
1978 06 01 0.617000 0 0
1978 06 02 0.593000 0 0
1978 06 03 0.593000 0 0
1978 06 04 0.569000 0 0
1978 06 05 0.546000 0 0
1978 06 06 0.523000 0 0
1978 06 07 0.523000 0 0
1978 06 08 1.322000 0 0
1978 06 09 2.619000 0 0
1978 06 10 1.105000 0 0
1978 06 11 0.931000 0 0
1978 06 12 0.795000 0 0
1978 06 13 0.795000 0 0
1978 06 14 0.768000 0 0
1978 06 15 0.666000 0 0
1978 06 16 0.641000 0 0
1978 06 17 0.617000 0 0
1978 06 18 0.593000 0 0
1978 06 19 0.546000 0 0
1978 06 20 0.523000 0 0
1978 06 21 0.523000 0 0
1978 06 22 0.546000 0 0
1978 06 23 0.546000 0 0
1978 06 24 0.523000 0 0
1978 06 25 0.523000 0 0
1978 06 26 0.500000 0 0
1978 06 27 0.500000 0 0
1978 06 28 0.478000 0 0
1978 06 29 0.456000 0 0
1978 06 30 0.478000 0 0
1978 07 01 0.500000 0 0
1978 07 02 0.456000 0 0
1978 07 03 0.456000 0 0
1978 07 04 0.478000 0 0
1978 07 05 0.478000 0 0
1978 07 06 0.478000 0 0
1978 07 07 0.500000 0 0
1978 07 08 0.478000 0 0
1978 07 09 0.456000 0 0
1978 07 10 0.478000 0 0
1978 07 11 0.478000 0 0
1978 07 12 0.500000 0 0
1978 07 13 0.523000 0 0
1978 07 14 0.569000 0 0
1978 07 15 0.691000 0 0
1978 07 16 1.136000 0 0
1978 07 17 0.931000 0 0
1978 07 18 1.386000 0 0
1978 07 19 0.876000 0 0
1978 07 20 0.960000 0 0
1978 07 21 0.931000 0 0
1978 07 22 3.621000 0 0
1978 07 23 1.419000 0 0
1978 07 24 1.228000 0 0
1978 07 25 1.197000 0 0
1978 07 26 1.017000 0 0
1978 07 27 0.903000 0 0
1978 07 28 0.848000 0 0
1978 07 29 0.821000 0 0
1978 07 30 0.768000 0 0
1978 07 31 0.716000 0 0
1978 08 01 0.742000 0 0
1978 08 02 0.742000 0 0
1978 08 03 0.691000 0 0
1978 08 04 0.716000 0 0
1978 08 05 0.691000 0 0
1978 08 06 0.691000 0 0
1978 08 07 0.691000 0 0
1978 08 08 0.641000 0 0
1978 08 09 0.641000 0 0
1978 08 10 0.641000 0 0
1978 08 11 0.641000 0 0
1978 08 12 0.617000 0 0
1978 08 13 0.617000 0 0
1978 08 14 0.617000 0 0
1978 08 15 0.617000 0 0
1978 08 16 0.617000 0 0
1978 08 17 0.617000 0 0
1978 08 18 0.593000 0 0
1978 08 19 0.593000 0 0
1978 08 20 0.617000 0 0
1978 08 21 0.617000 0 0
1978 08 22 0.593000 0 0
1978 08 23 0.617000 0 0
1978 08 24 0.617000 0 0
1978 08 25 0.617000 0 0
1978 08 26 0.593000 0 0
1978 08 27 0.593000 0 0
1978 08 28 0.593000 0 0
1978 08 29 0.593000 0 0
1978 08 30 0.593000 0 0
1978 08 31 0.716000 0 0
1978 09 01 0.821000 0 0
1978 09 02 0.716000 0 0
1978 09 03 0.666000 0 0
1978 09 04 0.617000 0 0
1978 09 05 0.903000 0 0
1978 09 06 0.848000 0 0
1978 09 07 0.742000 0 0
1978 09 08 0.768000 0 0
1978 09 09 0.903000 0 0
1978 09 10 0.876000 0 0
1978 09 11 0.795000 0 0
1978 09 12 0.742000 0 0
1978 09 13 0.691000 0 0
1978 09 14 0.716000 0 0
1978 09 15 0.666000 0 0
1978 09 16 0.617000 0 0
1978 09 17 0.641000 0 0
1978 09 18 0.641000 0 0
1978 09 19 0.666000 0 0
1978 09 20 0.641000 0 0
1978 09 21 0.617000 0 0
1978 09 22 0.569000 0 0
1978 09 23 0.546000 0 0
1978 09 24 0.546000 0 0
1978 09 25 0.523000 0 0
1978 09 26 0.523000 0 0
1978 09 27 0.500000 0 0
1978 09 28 0.500000 0 0
1978 09 29 0.478000 0 0
1978 09 30 0.478000 0 0
1978 10 01 0.478000 0 0
1978 10 02 0.478000 0 0
1978 10 03 0.456000 0 0
1978 10 04 0.456000 0 0
1978 10 05 0.435000 0 0
1978 10 06 0.435000 0 0
1978 10 07 0.413000 0 0
1978 10 08 0.413000 0 0
1978 10 09 0.393000 0 0
1978 10 10 0.413000 0 0
1978 10 11 0.500000 0 0
1978 10 12 0.500000 0 0
1978 10 13 0.456000 0 0
1978 10 14 0.593000 0 0
1978 10 15 0.523000 0 0
1978 10 16 0.500000 0 0
1978 10 17 0.569000 0 0
1978 10 18 0.546000 0 0
1978 10 19 0.569000 0 0
1978 10 20 0.593000 0 0
1978 10 21 0.546000 0 0
1978 10 22 0.523000 0 0
1978 10 23 0.500000 0 0
1978 10 24 0.456000 0 0
1978 10 25 0.456000 0 0
1978 10 26 0.716000 0 0
1978 10 27 0.960000 0 0
1978 10 28 0.848000 0 0
1978 10 29 0.848000 0 0
1978 10 30 0.641000 0 0
1978 10 31 0.593000 0 0
1978 11 01 0.593000 0 0
1978 11 02 0.523000 0 0
1978 11 03 0.500000 0 0
1978 11 04 0.617000 0 0
1978 11 05 0.876000 0 0
1978 11 06 1.076000 0 0
1978 11 07 0.641000 0 0
1978 11 08 0.593000 0 0
1978 11 09 0.593000 0 0
1978 11 10 1.687000 0 0
1978 11 11 1.354000 0 0
1978 11 12 2.450000 0 0
1978 11 13 1.975000 0 0
1978 11 14 1.076000 0 0
1978 11 15 0.617000 0 0
1978 11 16 0.593000 0 0
1978 11 17 0.617000 0 0
1978 11 18 0.691000 0 0
1978 11 19 0.742000 0 0
1978 11 20 0.617000 0 0
1978 11 21 0.641000 0 0
1978 11 22 0.821000 0 0
1978 11 23 4.039000 0 0
1978 11 24 2.736000 0 0
1978 11 25 1.781000 0 0
1978 11 26 1.105000 0 0
1978 11 27 1.597000 0 0
1978 11 28 9.824000 0 0
1978 11 29 3.421000 0 0
1978 11 30 2.340000 0 0
1978 12 01 1.259000 0 0
1978 12 02 2.076000 0 0
1978 12 03 1.877000 0 0
1978 12 04 1.197000 0 0
1978 12 05 0.931000 0 0
1978 12 06 0.821000 0 0
1978 12 07 1.017000 0 0
1978 12 08 1.552000 0 0
1978 12 09 4.944000 0 0
1978 12 10 1.781000 0 0
1978 12 11 1.105000 0 0
1978 12 12 0.848000 0 0
1978 12 13 0.821000 0 0
1978 12 14 0.795000 0 0
1978 12 15 0.848000 0 0
1978 12 16 0.903000 0 0
1978 12 17 0.821000 0 0
1978 12 18 0.768000 0 0
1978 12 19 0.716000 0 0
1978 12 20 0.641000 0 0
1978 12 21 0.617000 0 0
1978 12 22 0.569000 0 0
1978 12 23 0.546000 0 0
1978 12 24 0.523000 0 0
1978 12 25 0.523000 0 0
1978 12 26 0.617000 0 0
1978 12 27 4.865000 0 0
1978 12 28 2.976000 0 0
1978 12 29 1.290000 0 0
1978 12 30 0.931000 0 0
1978 12 31 1.322000 0 0
1979 01 01 1.465000 0 0
1979 01 02 4.865000 0 0
1979 01 03 3.356000 0 0
1979 01 04 2.619000 0 0
1979 01 05 1.975000 0 0
1979 01 06 1.386000 0 0
1979 01 07 1.166000 0 0
1979 01 08 0.960000 0 0
1979 01 09 0.931000 0 0
1979 01 10 0.876000 0 0
1979 01 11 0.821000 0 0
1979 01 12 0.821000 0 0
1979 01 13 0.821000 0 0
1979 01 14 0.795000 0 0
1979 01 15 0.768000 0 0
1979 01 16 0.742000 0 0
1979 01 17 0.691000 0 0
1979 01 18 0.666000 0 0
1979 01 19 0.641000 0 0
1979 01 20 0.641000 0 0
1979 01 21 0.617000 0 0
1979 01 22 0.617000 0 0
1979 01 23 0.691000 0 0
1979 01 24 0.691000 0 0
1979 01 25 1.076000 0 0
1979 01 26 1.508000 0 0
1979 01 27 1.017000 0 0
1979 01 28 0.960000 0 0
1979 01 29 0.931000 0 0
1979 01 30 0.903000 0 0
1979 01 31 0.848000 0 0
1979 02 01 0.848000 0 0
1979 02 02 0.821000 0 0
1979 02 03 0.768000 0 0
1979 02 04 0.691000 0 0
1979 02 05 0.641000 0 0
1979 02 06 0.666000 0 0
1979 02 07 0.716000 0 0
1979 02 08 0.666000 0 0
1979 02 09 0.617000 0 0
1979 02 10 0.691000 0 0
1979 02 11 0.742000 0 0
1979 02 12 0.795000 0 0
1979 02 13 1.419000 0 0
1979 02 14 2.180000 0 0
1979 02 15 1.322000 0 0
1979 02 16 1.105000 0 0
1979 02 17 1.136000 0 0
1979 02 18 1.105000 0 0
1979 02 19 1.017000 0 0
1979 02 20 0.931000 0 0
1979 02 21 7.319000 0 0
1979 02 22 0.960000 0 0
1979 02 23 0.960000 0 0
1979 02 24 0.960000 0 0
1979 02 25 0.988000 0 0
1979 02 26 0.742000 0 0
1979 02 27 0.716000 0 0
1979 02 28 0.666000 0 0
1979 03 01 1.197000 0 0
1979 03 02 1.076000 0 0
1979 03 03 0.848000 0 0
1979 03 04 0.716000 0 0
1979 03 05 0.691000 0 0
1979 03 06 0.641000 0 0
1979 03 07 0.617000 0 0
1979 03 08 0.617000 0 0
1979 03 09 0.593000 0 0
1979 03 10 0.903000 0 0
1979 03 11 1.076000 0 0
1979 03 12 1.046000 0 0
1979 03 13 2.232000 0 0
1979 03 14 1.926000 0 0
1979 03 15 1.828000 0 0
1979 03 16 2.025000 0 0
1979 03 17 1.322000 0 0
1979 03 18 1.046000 0 0
1979 03 19 2.677000 0 0
1979 03 20 1.228000 0 0
1979 03 21 0.795000 0 0
1979 03 22 0.691000 0 0
1979 03 23 0.641000 0 0
1979 03 24 0.666000 0 0
1979 03 25 1.877000 0 0
1979 03 26 1.136000 0 0
1979 03 27 1.046000 0 0
1979 03 28 0.795000 0 0
1979 03 29 0.742000 0 0
1979 03 30 0.795000 0 0
1979 03 31 0.716000 0 0
1979 04 01 0.691000 0 0
1979 04 02 0.666000 0 0
1979 04 03 0.691000 0 0
1979 04 04 0.876000 0 0
1979 04 05 0.960000 0 0
1979 04 06 1.076000 0 0
1979 04 07 0.960000 0 0
1979 04 08 0.848000 0 0
1979 04 09 0.795000 0 0
1979 04 10 0.742000 0 0
1979 04 11 0.691000 0 0
1979 04 12 0.641000 0 0
1979 04 13 0.617000 0 0
1979 04 14 0.617000 0 0
1979 04 15 0.617000 0 0
1979 04 16 0.617000 0 0
1979 04 17 0.593000 0 0
1979 04 18 0.593000 0 0
1979 04 19 0.593000 0 0
1979 04 20 0.617000 0 0
1979 04 21 0.617000 0 0
1979 04 22 0.617000 0 0
1979 04 23 0.593000 0 0
1979 04 24 0.593000 0 0
1979 04 25 0.593000 0 0
1979 04 26 0.593000 0 0
1979 04 27 0.666000 0 0
1979 04 28 100000.000000 0 0
1979 04 29 100000.000000 0 0
1979 04 30 100000.000000 0 0
1979 05 01 100000.000000 0 0
1979 05 02 100000.000000 0 0
1979 05 03 100000.000000 0 0
1979 05 04 0.716000 0 0
1979 05 05 0.960000 0 0
1979 05 06 2.915000 0 0
1979 05 07 1.597000 0 0
1979 05 08 1.552000 0 0
1979 05 09 1.136000 0 0
1979 05 10 1.105000 0 0
1979 05 11 1.046000 0 0
1979 05 12 0.960000 0 0
1979 05 13 0.903000 0 0
1979 05 14 0.876000 0 0
1979 05 15 0.876000 0 0
1979 05 16 0.848000 0 0
1979 05 17 0.821000 0 0
1979 05 18 0.821000 0 0
1979 05 19 0.795000 0 0
1979 05 20 0.795000 0 0
1979 05 21 0.768000 0 0
1979 05 22 0.768000 0 0
1979 05 23 0.742000 0 0
1979 05 24 0.716000 0 0
1979 05 25 0.691000 0 0
1979 05 26 0.641000 0 0
1979 05 27 0.617000 0 0
1979 05 28 0.617000 0 0
1979 05 29 1.552000 0 0
1979 05 30 1.642000 0 0
1979 05 31 1.197000 0 0
1979 06 01 1.105000 0 0
1979 06 02 0.795000 0 0
1979 06 03 0.768000 0 0
1979 06 04 0.742000 0 0
1979 06 05 0.716000 0 0
1979 06 06 0.716000 0 0
1979 06 07 0.691000 0 0
1979 06 08 0.691000 0 0
1979 06 09 0.666000 0 0
1979 06 10 0.666000 0 0
1979 06 11 0.666000 0 0
1979 06 12 0.641000 0 0
1979 06 13 0.641000 0 0
1979 06 14 0.617000 0 0
1979 06 15 0.617000 0 0
1979 06 16 0.617000 0 0
1979 06 17 0.593000 0 0
1979 06 18 0.593000 0 0
1979 06 19 0.593000 0 0
1979 06 20 0.593000 0 0
1979 06 21 0.569000 0 0
1979 06 22 0.569000 0 0
1979 06 23 0.569000 0 0
1979 06 24 0.569000 0 0
1979 06 25 0.593000 0 0
1979 06 26 0.593000 0 0
1979 06 27 0.593000 0 0
1979 06 28 0.593000 0 0
1979 06 29 0.593000 0 0
1979 06 30 0.617000 0 0
1979 07 01 0.617000 0 0
1979 07 02 0.617000 0 0
1979 07 03 0.617000 0 0
1979 07 04 0.617000 0 0
1979 07 05 0.593000 0 0
1979 07 06 0.593000 0 0
1979 07 07 0.593000 0 0
1979 07 08 0.593000 0 0
1979 07 09 0.593000 0 0
1979 07 10 0.641000 0 0
1979 07 11 0.617000 0 0
1979 07 12 0.617000 0 0
1979 07 13 0.593000 0 0
1979 07 14 0.593000 0 0
1979 07 15 0.593000 0 0
1979 07 16 0.569000 0 0
1979 07 17 0.569000 0 0
1979 07 18 0.569000 0 0
1979 07 19 0.691000 0 0
1979 07 20 1.290000 0 0
1979 07 21 0.876000 0 0
1979 07 22 0.641000 0 0
1979 07 23 0.593000 0 0
1979 07 24 0.593000 0 0
1979 07 25 0.593000 0 0
1979 07 26 0.593000 0 0
1979 07 27 0.593000 0 0
1979 07 28 0.593000 0 0
1979 07 29 0.593000 0 0
1979 07 30 0.569000 0 0
1979 07 31 0.569000 0 0
1979 08 01 0.569000 0 0
1979 08 02 0.569000 0 0
1979 08 03 0.569000 0 0
1979 08 04 0.593000 0 0
1979 08 05 0.666000 0 0
1979 08 06 0.617000 0 0
1979 08 07 0.569000 0 0
1979 08 08 0.569000 0 0
1979 08 09 0.569000 0 0
1979 08 10 0.569000 0 0
1979 08 11 0.569000 0 0
1979 08 12 0.569000 0 0
1979 08 13 0.960000 0 0
1979 08 14 0.848000 0 0
1979 08 15 0.960000 0 0
1979 08 16 0.903000 0 0
1979 08 17 0.848000 0 0
1979 08 18 0.821000 0 0
1979 08 19 0.795000 0 0
1979 08 20 0.768000 0 0
1979 08 21 0.716000 0 0
1979 08 22 0.716000 0 0
1979 08 23 0.691000 0 0
1979 08 24 0.742000 0 0
1979 08 25 0.691000 0 0
1979 08 26 0.666000 0 0
1979 08 27 0.641000 0 0
1979 08 28 0.617000 0 0
1979 08 29 0.641000 0 0
1979 08 30 0.666000 0 0
1979 08 31 0.641000 0 0
1979 09 01 0.593000 0 0
1979 09 02 0.593000 0 0
1979 09 03 0.593000 0 0
1979 09 04 0.666000 0 0
1979 09 05 0.641000 0 0
1979 09 06 0.641000 0 0
1979 09 07 0.617000 0 0
1979 09 08 0.617000 0 0
1979 09 09 0.593000 0 0
1979 09 10 0.617000 0 0
1979 09 11 0.691000 0 0
1979 09 12 0.795000 0 0
1979 09 13 0.903000 0 0
1979 09 14 1.105000 0 0
1979 09 15 1.259000 0 0
1979 09 16 1.259000 0 0
1979 09 17 1.136000 0 0
1979 09 18 0.795000 0 0
1979 09 19 0.617000 0 0
1979 09 20 0.617000 0 0
1979 09 21 0.691000 0 0
1979 09 22 0.848000 0 0
1979 09 23 0.931000 0 0
1979 09 24 0.903000 0 0
1979 09 25 0.876000 0 0
1979 09 26 0.742000 0 0
1979 09 27 0.666000 0 0
1979 09 28 0.641000 0 0
1979 09 29 0.617000 0 0
1979 09 30 0.617000 0 0
1979 10 01 0.593000 0 0
1979 10 02 0.593000 0 0
1979 10 03 0.666000 0 0
1979 10 04 0.931000 0 0
1979 10 05 0.691000 0 0
1979 10 06 0.960000 0 0
1979 10 07 1.322000 0 0
1979 10 08 3.038000 0 0
1979 10 09 1.642000 0 0
1979 10 10 0.931000 0 0
1979 10 11 0.716000 0 0
1979 10 12 0.617000 0 0
1979 10 13 0.848000 0 0
1979 10 14 2.915000 0 0
1979 10 15 2.340000 0 0
1979 10 16 1.687000 0 0
1979 10 17 1.046000 0 0
1979 10 18 0.691000 0 0
1979 10 19 0.641000 0 0
1979 10 20 0.641000 0 0
1979 10 21 0.617000 0 0
1979 10 22 0.617000 0 0
1979 10 23 0.617000 0 0
1979 10 24 0.617000 0 0
1979 10 25 0.617000 0 0
1979 10 26 0.593000 0 0
1979 10 27 0.593000 0 0
1979 10 28 0.593000 0 0
1979 10 29 0.691000 0 0
1979 10 30 0.768000 0 0
1979 10 31 1.386000 0 0
1979 11 01 1.136000 0 0
1979 11 02 0.742000 0 0
1979 11 03 0.666000 0 0
1979 11 04 0.641000 0 0
1979 11 05 0.641000 0 0
1979 11 06 0.641000 0 0
1979 11 07 0.666000 0 0
1979 11 08 0.742000 0 0
1979 11 09 1.046000 0 0
1979 11 10 1.781000 0 0
1979 11 11 2.619000 0 0
1979 11 12 1.228000 0 0
1979 11 13 0.931000 0 0
1979 11 14 0.742000 0 0
1979 11 15 0.821000 0 0
1979 11 16 0.795000 0 0
1979 11 17 0.795000 0 0
1979 11 18 0.716000 0 0
1979 11 19 0.716000 0 0
1979 11 20 0.716000 0 0
1979 11 21 0.617000 0 0
1979 11 22 0.617000 0 0
1979 11 23 0.795000 0 0
1979 11 24 0.960000 0 0
1979 11 25 1.465000 0 0
1979 11 26 1.105000 0 0
1979 11 27 0.876000 0 0
1979 11 28 0.768000 0 0
1979 11 29 0.691000 0 0
1979 11 30 0.666000 0 0
1979 12 01 0.641000 0 0
1979 12 02 0.821000 0 0
1979 12 03 0.742000 0 0
1979 12 04 1.105000 0 0
1979 12 05 1.734000 0 0
1979 12 06 1.105000 0 0
1979 12 07 0.795000 0 0
1979 12 08 0.691000 0 0
1979 12 09 0.593000 0 0
1979 12 10 0.593000 0 0
1979 12 11 1.354000 0 0
1979 12 12 1.322000 0 0
1979 12 13 0.903000 0 0
1979 12 14 1.354000 0 0
1979 12 15 3.554000 0 0
1979 12 16 4.556000 0 0
1979 12 17 2.915000 0 0
1979 12 18 1.386000 0 0
1979 12 19 0.988000 0 0
1979 12 20 0.903000 0 0
1979 12 21 0.848000 0 0
1979 12 22 0.795000 0 0
1979 12 23 0.742000 0 0
1979 12 24 0.691000 0 0
1979 12 25 1.465000 0 0
1979 12 26 2.076000 0 0
1979 12 27 1.642000 0 0
1979 12 28 1.290000 0 0
1979 12 29 1.046000 0 0
1979 12 30 0.931000 0 0
1979 12 31 0.848000 0 0
1980 01 01 0.795000 0 0
1980 01 02 0.742000 0 0
1980 01 03 0.691000 0 0
1980 01 04 0.641000 0 0
1980 01 05 0.617000 0 0
1980 01 06 0.593000 0 0
1980 01 07 0.795000 0 0
1980 01 08 0.931000 0 0
1980 01 09 0.768000 0 0
1980 01 10 0.742000 0 0
1980 01 11 0.716000 0 0
1980 01 12 0.691000 0 0
1980 01 13 0.666000 0 0
1980 01 14 0.617000 0 0
1980 01 15 0.569000 0 0
1980 01 16 0.593000 0 0
1980 01 17 0.666000 0 0
1980 01 18 1.386000 0 0
1980 01 19 2.915000 0 0
1980 01 20 1.419000 0 0
1980 01 21 2.855000 0 0
1980 01 22 1.419000 0 0
1980 01 23 0.903000 0 0
1980 01 24 0.821000 0 0
1980 01 25 1.975000 0 0
1980 01 26 4.709000 0 0
1980 01 27 3.038000 0 0
1980 01 28 1.465000 0 0
1980 01 29 1.259000 0 0
1980 01 30 0.960000 0 0
1980 01 31 0.821000 0 0
1980 02 01 0.716000 0 0
1980 02 02 0.716000 0 0
1980 02 03 0.795000 0 0
1980 02 04 0.876000 0 0
1980 02 05 0.795000 0 0
1980 02 06 0.795000 0 0
1980 02 07 0.795000 0 0
1980 02 08 0.795000 0 0
1980 02 09 0.768000 0 0
1980 02 10 0.768000 0 0
1980 02 11 0.742000 0 0
1980 02 12 0.716000 0 0
1980 02 13 0.988000 0 0
1980 02 14 1.076000 0 0
1980 02 15 1.105000 0 0
1980 02 16 0.876000 0 0
1980 02 17 0.795000 0 0
1980 02 18 1.228000 0 0
1980 02 19 1.166000 0 0
1980 02 20 1.017000 0 0
1980 02 21 0.903000 0 0
1980 02 22 0.821000 0 0
1980 02 23 0.795000 0 0
1980 02 24 0.876000 0 0
1980 02 25 0.848000 0 0
1980 02 26 1.354000 0 0
1980 02 27 1.322000 0 0
1980 02 28 1.290000 0 0
1980 02 29 1.076000 0 0
1980 03 01 1.017000 0 0
1980 03 02 2.976000 0 0
1980 03 03 0.768000 0 0
1980 03 04 0.742000 0 0
1980 03 05 0.768000 0 0
1980 03 06 0.716000 0 0
1980 03 07 0.903000 0 0
1980 03 08 1.354000 0 0
1980 03 09 2.562000 0 0
1980 03 10 0.876000 0 0
1980 03 11 0.716000 0 0
1980 03 12 0.795000 0 0
1980 03 13 1.290000 0 0
1980 03 14 1.076000 0 0
1980 03 15 0.768000 0 0
1980 03 16 0.821000 0 0
1980 03 17 0.795000 0 0
1980 03 18 0.768000 0 0
1980 03 19 0.768000 0 0
1980 03 20 0.768000 0 0
1980 03 21 0.768000 0 0
1980 03 22 0.768000 0 0
1980 03 23 0.742000 0 0
1980 03 24 0.716000 0 0
1980 03 25 0.666000 0 0
1980 03 26 0.666000 0 0
1980 03 27 0.641000 0 0
1980 03 28 0.641000 0 0
1980 03 29 0.742000 0 0
1980 03 30 0.742000 0 0
1980 03 31 0.716000 0 0
1980 04 01 0.821000 0 0
1980 04 02 1.228000 0 0
1980 04 03 1.975000 0 0
1980 04 04 5.185000 0 0
1980 04 05 3.227000 0 0
1980 04 06 1.734000 0 0
1980 04 07 1.228000 0 0
1980 04 08 1.076000 0 0
1980 04 09 0.988000 0 0
1980 04 10 0.960000 0 0
1980 04 11 0.960000 0 0
1980 04 12 0.903000 0 0
1980 04 13 1.419000 0 0
1980 04 14 1.975000 0 0
1980 04 15 1.290000 0 0
1980 04 16 1.076000 0 0
1980 04 17 0.903000 0 0
1980 04 18 0.848000 0 0
1980 04 19 0.795000 0 0
1980 04 20 0.768000 0 0
1980 04 21 0.716000 0 0
1980 04 22 0.742000 0 0
1980 04 23 0.795000 0 0
1980 04 24 0.795000 0 0
1980 04 25 0.768000 0 0
1980 04 26 0.821000 0 0
1980 04 27 0.848000 0 0
1980 04 28 0.848000 0 0
1980 04 29 0.821000 0 0
1980 04 30 0.821000 0 0
1980 05 01 0.795000 0 0
1980 05 02 0.821000 0 0
1980 05 03 0.931000 0 0
1980 05 04 0.988000 0 0
1980 05 05 0.848000 0 0
1980 05 06 0.821000 0 0
1980 05 07 0.821000 0 0
1980 05 08 0.795000 0 0
1980 05 09 0.768000 0 0
1980 05 10 0.768000 0 0
1980 05 11 0.795000 0 0
1980 05 12 0.795000 0 0
1980 05 13 0.768000 0 0
1980 05 14 0.768000 0 0
1980 05 15 0.768000 0 0
1980 05 16 0.768000 0 0
1980 05 17 0.768000 0 0
1980 05 18 0.768000 0 0
1980 05 19 0.931000 0 0
1980 05 20 0.848000 0 0
1980 05 21 0.795000 0 0
1980 05 22 0.795000 0 0
1980 05 23 0.742000 0 0
1980 05 24 0.795000 0 0
1980 05 25 0.716000 0 0
1980 05 26 0.716000 0 0
1980 05 27 0.716000 0 0
1980 05 28 0.716000 0 0
1980 05 29 0.716000 0 0
1980 05 30 0.716000 0 0
1980 05 31 0.716000 0 0
1980 06 01 0.691000 0 0
1980 06 02 0.716000 0 0
1980 06 03 0.821000 0 0
1980 06 04 0.795000 0 0
1980 06 05 0.795000 0 0
1980 06 06 0.768000 0 0
1980 06 07 0.742000 0 0
1980 06 08 0.716000 0 0
1980 06 09 0.716000 0 0
1980 06 10 0.691000 0 0
1980 06 11 0.691000 0 0
1980 06 12 0.691000 0 0
1980 06 13 0.795000 0 0
1980 06 14 0.768000 0 0
1980 06 15 0.716000 0 0
1980 06 16 0.691000 0 0
1980 06 17 0.666000 0 0
1980 06 18 0.666000 0 0
1980 06 19 0.666000 0 0
1980 06 20 0.666000 0 0
1980 06 21 0.666000 0 0
1980 06 22 0.666000 0 0
1980 06 23 0.666000 0 0
1980 06 24 0.666000 0 0
1980 06 25 1.136000 0 0
1980 06 26 2.736000 0 0
1980 06 27 1.975000 0 0
1980 06 28 1.259000 0 0
1980 06 29 0.960000 0 0
1980 06 30 0.848000 0 0
1980 07 01 0.795000 0 0
1980 07 02 0.768000 0 0
1980 07 03 0.742000 0 0
1980 07 04 0.691000 0 0
1980 07 05 0.666000 0 0
1980 07 06 0.641000 0 0
1980 07 07 0.617000 0 0
1980 07 08 0.617000 0 0
1980 07 09 0.617000 0 0
1980 07 10 0.617000 0 0
1980 07 11 0.716000 0 0
1980 07 12 0.666000 0 0
1980 07 13 0.666000 0 0
1980 07 14 0.666000 0 0
1980 07 15 0.641000 0 0
1980 07 16 0.641000 0 0
1980 07 17 0.641000 0 0
1980 07 18 0.641000 0 0
1980 07 19 0.641000 0 0
1980 07 20 0.641000 0 0
1980 07 21 0.617000 0 0
1980 07 22 0.617000 0 0
1980 07 23 0.617000 0 0
1980 07 24 0.617000 0 0
1980 07 25 0.617000 0 0
1980 07 26 0.617000 0 0
1980 07 27 0.593000 0 0
1980 07 28 0.742000 0 0
1980 07 29 0.716000 0 0
1980 07 30 0.691000 0 0
1980 07 31 0.641000 0 0
1980 08 01 0.666000 0 0
1980 08 02 0.641000 0 0
1980 08 03 0.641000 0 0
1980 08 04 0.617000 0 0
1980 08 05 0.617000 0 0
1980 08 06 0.716000 0 0
1980 08 07 0.795000 0 0
1980 08 08 0.641000 0 0
1980 08 09 0.569000 0 0
1980 08 10 0.569000 0 0
1980 08 11 0.569000 0 0
1980 08 12 0.569000 0 0
1980 08 13 0.569000 0 0
1980 08 14 0.617000 0 0
1980 08 15 0.742000 0 0
1980 08 16 0.716000 0 0
1980 08 17 0.742000 0 0
1980 08 18 0.960000 0 0
1980 08 19 0.848000 0 0
1980 08 20 0.768000 0 0
1980 08 21 0.716000 0 0
1980 08 22 0.666000 0 0
1980 08 23 0.876000 0 0
1980 08 24 0.795000 0 0
1980 08 25 0.716000 0 0
1980 08 26 0.691000 0 0
1980 08 27 0.691000 0 0
1980 08 28 0.666000 0 0
1980 08 29 0.641000 0 0
1980 08 30 0.617000 0 0
1980 08 31 0.593000 0 0
1980 09 01 0.569000 0 0
1980 09 02 0.569000 0 0
1980 09 03 0.569000 0 0
1980 09 04 0.569000 0 0
1980 09 05 0.546000 0 0
1980 09 06 0.546000 0 0
1980 09 07 0.546000 0 0
1980 09 08 0.523000 0 0
1980 09 09 0.523000 0 0
1980 09 10 0.546000 0 0
1980 09 11 0.569000 0 0
1980 09 12 0.546000 0 0
1980 09 13 0.569000 0 0
1980 09 14 0.569000 0 0
1980 09 15 0.569000 0 0
1980 09 16 0.691000 0 0
1980 09 17 0.988000 0 0
1980 09 18 1.046000 0 0
1980 09 19 1.076000 0 0
1980 09 20 1.419000 0 0
1980 09 21 2.025000 0 0
1980 09 22 1.419000 0 0
1980 09 23 1.076000 0 0
1980 09 24 0.876000 0 0
1980 09 25 0.742000 0 0
1980 09 26 0.641000 0 0
1980 09 27 0.593000 0 0
1980 09 28 0.569000 0 0
1980 09 29 0.569000 0 0
1980 09 30 0.569000 0 0
1980 10 01 100000.000000 0 0
1980 10 02 100000.000000 0 0
1980 10 03 100000.000000 0 0
1980 10 04 100000.000000 0 0
1980 10 05 100000.000000 0 0
1980 10 06 100000.000000 0 0
1980 10 07 100000.000000 0 0
1980 10 08 100000.000000 0 0
1980 10 09 100000.000000 0 0
1980 10 10 100000.000000 0 0
1980 10 11 100000.000000 0 0
1980 10 12 100000.000000 0 0
1980 10 13 100000.000000 0 0
1980 10 14 100000.000000 0 0
1980 10 15 100000.000000 0 0
1980 10 16 100000.000000 0 0
1980 10 17 100000.000000 0 0
1980 10 18 100000.000000 0 0
1980 10 19 100000.000000 0 0
1980 10 20 100000.000000 0 0
1980 10 21 100000.000000 0 0
1980 10 22 100000.000000 0 0
1980 10 23 100000.000000 0 0
1980 10 24 100000.000000 0 0
1980 10 25 100000.000000 0 0
1980 10 26 100000.000000 0 0
1980 10 27 100000.000000 0 0
1980 10 28 100000.000000 0 0
1980 10 29 100000.000000 0 0
1980 10 30 100000.000000 0 0
1980 10 31 100000.000000 0 0
1980 11 01 100000.000000 0 0
1980 11 02 100000.000000 0 0
1980 11 03 100000.000000 0 0
1980 11 04 100000.000000 0 0
1980 11 05 100000.000000 0 0
1980 11 06 100000.000000 0 0
1980 11 07 100000.000000 0 0
1980 11 08 100000.000000 0 0
1980 11 09 100000.000000 0 0
1980 11 10 100000.000000 0 0
1980 11 11 100000.000000 0 0
1980 11 12 100000.000000 0 0
1980 11 13 100000.000000 0 0
1980 11 14 100000.000000 0 0
1980 11 15 100000.000000 0 0
1980 11 16 100000.000000 0 0
1980 11 17 100000.000000 0 0
1980 11 18 100000.000000 0 0
1980 11 19 100000.000000 0 0
1980 11 20 100000.000000 0 0
1980 11 21 100000.000000 0 0
1980 11 22 100000.000000 0 0
1980 11 23 100000.000000 0 0
1980 11 24 100000.000000 0 0
1980 11 25 100000.000000 0 0
1980 11 26 100000.000000 0 0
1980 11 27 100000.000000 0 0
1980 11 28 100000.000000 0 0
1980 11 29 100000.000000 0 0
1980 11 30 100000.000000 0 0
1980 12 01 100000.000000 0 0
1980 12 02 100000.000000 0 0
1980 12 03 100000.000000 0 0
1980 12 04 100000.000000 0 0
1980 12 05 100000.000000 0 0
1980 12 06 100000.000000 0 0
1980 12 07 100000.000000 0 0
1980 12 08 100000.000000 0 0
1980 12 09 100000.000000 0 0
1980 12 10 100000.000000 0 0
1980 12 11 100000.000000 0 0
1980 12 12 100000.000000 0 0
1980 12 13 100000.000000 0 0
1980 12 14 100000.000000 0 0
1980 12 15 100000.000000 0 0
1980 12 16 100000.000000 0 0
1980 12 17 100000.000000 0 0
1980 12 18 100000.000000 0 0
1980 12 19 100000.000000 0 0
1980 12 20 100000.000000 0 0
1980 12 21 100000.000000 0 0
1980 12 22 100000.000000 0 0
1980 12 23 100000.000000 0 0
1980 12 24 100000.000000 0 0
1980 12 25 100000.000000 0 0
1980 12 26 100000.000000 0 0
1980 12 27 100000.000000 0 0
1980 12 28 100000.000000 0 0
1980 12 29 100000.000000 0 0
1980 12 30 100000.000000 0 0
1980 12 31 100000.000000 0 0
1981 01 01 100000.000000 0 0
1981 01 02 100000.000000 0 0
1981 01 03 100000.000000 0 0
1981 01 04 100000.000000 0 0
1981 01 05 100000.000000 0 0
1981 01 06 100000.000000 0 0
1981 01 07 100000.000000 0 0
1981 01 08 100000.000000 0 0
1981 01 09 100000.000000 0 0
1981 01 10 100000.000000 0 0
1981 01 11 100000.000000 0 0
1981 01 12 100000.000000 0 0
1981 01 13 100000.000000 0 0
1981 01 14 100000.000000 0 0
1981 01 15 100000.000000 0 0
1981 01 16 100000.000000 0 0
1981 01 17 100000.000000 0 0
1981 01 18 100000.000000 0 0
1981 01 19 100000.000000 0 0
1981 01 20 100000.000000 0 0
1981 01 21 100000.000000 0 0
1981 01 22 100000.000000 0 0
1981 01 23 100000.000000 0 0
1981 01 24 100000.000000 0 0
1981 01 25 100000.000000 0 0
1981 01 26 100000.000000 0 0
1981 01 27 100000.000000 0 0
1981 01 28 100000.000000 0 0
1981 01 29 100000.000000 0 0
1981 01 30 100000.000000 0 0
1981 01 31 100000.000000 0 0
1981 02 01 100000.000000 0 0
1981 02 02 100000.000000 0 0
1981 02 03 100000.000000 0 0
1981 02 04 100000.000000 0 0
1981 02 05 100000.000000 0 0
1981 02 06 100000.000000 0 0
1981 02 07 100000.000000 0 0
1981 02 08 100000.000000 0 0
1981 02 09 100000.000000 0 0
1981 02 10 100000.000000 0 0
1981 02 11 100000.000000 0 0
1981 02 12 100000.000000 0 0
1981 02 13 100000.000000 0 0
1981 02 14 100000.000000 0 0
1981 02 15 100000.000000 0 0
1981 02 16 100000.000000 0 0
1981 02 17 100000.000000 0 0
1981 02 18 100000.000000 0 0
1981 02 19 100000.000000 0 0
1981 02 20 100000.000000 0 0
1981 02 21 100000.000000 0 0
1981 02 22 100000.000000 0 0
1981 02 23 100000.000000 0 0
1981 02 24 100000.000000 0 0
1981 02 25 100000.000000 0 0
1981 02 26 100000.000000 0 0
1981 02 27 100000.000000 0 0
1981 02 28 100000.000000 0 0
1981 03 01 100000.000000 0 0
1981 03 02 100000.000000 0 0
1981 03 03 100000.000000 0 0
1981 03 04 100000.000000 0 0
1981 03 05 100000.000000 0 0
1981 03 06 100000.000000 0 0
1981 03 07 100000.000000 0 0
1981 03 08 100000.000000 0 0
1981 03 09 100000.000000 0 0
1981 03 10 100000.000000 0 0
1981 03 11 100000.000000 0 0
1981 03 12 100000.000000 0 0
1981 03 13 100000.000000 0 0
1981 03 14 100000.000000 0 0
1981 03 15 100000.000000 0 0
1981 03 16 100000.000000 0 0
1981 03 17 100000.000000 0 0
1981 03 18 100000.000000 0 0
1981 03 19 100000.000000 0 0
1981 03 20 100000.000000 0 0
1981 03 21 100000.000000 0 0
1981 03 22 100000.000000 0 0
1981 03 23 100000.000000 0 0
1981 03 24 100000.000000 0 0
1981 03 25 100000.000000 0 0
1981 03 26 100000.000000 0 0
1981 03 27 100000.000000 0 0
1981 03 28 100000.000000 0 0
1981 03 29 100000.000000 0 0
1981 03 30 100000.000000 0 0
1981 03 31 100000.000000 0 0
1981 04 01 100000.000000 0 0
1981 04 02 100000.000000 0 0
1981 04 03 100000.000000 0 0
1981 04 04 100000.000000 0 0
1981 04 05 100000.000000 0 0
1981 04 06 100000.000000 0 0
1981 04 07 100000.000000 0 0
1981 04 08 100000.000000 0 0
1981 04 09 100000.000000 0 0
1981 04 10 100000.000000 0 0
1981 04 11 100000.000000 0 0
1981 04 12 100000.000000 0 0
1981 04 13 100000.000000 0 0
1981 04 14 100000.000000 0 0
1981 04 15 100000.000000 0 0
1981 04 16 100000.000000 0 0
1981 04 17 100000.000000 0 0
1981 04 18 100000.000000 0 0
1981 04 19 100000.000000 0 0
1981 04 20 100000.000000 0 0
1981 04 21 100000.000000 0 0
1981 04 22 100000.000000 0 0
1981 04 23 100000.000000 0 0
1981 04 24 100000.000000 0 0
1981 04 25 100000.000000 0 0
1981 04 26 100000.000000 0 0
1981 04 27 100000.000000 0 0
1981 04 28 100000.000000 0 0
1981 04 29 100000.000000 0 0
1981 04 30 100000.000000 0 0
1981 05 01 nan nan nan
1981 05 02 nan nan nan
1981 05 03 nan nan nan
1981 05 04 nan nan nan
1981 05 05 nan nan nan
1981 05 06 nan nan nan
1981 05 07 nan nan nan
1981 05 08 nan nan nan
1981 05 09 nan nan nan
1981 05 10 nan nan nan
1981 05 11 nan nan nan
1981 05 12 nan nan nan
1981 05 13 nan nan nan
1981 05 14 nan nan nan
1981 05 15 nan nan nan
1981 05 16 nan nan nan
1981 05 17 nan nan nan
1981 05 18 nan nan nan
1981 05 19 nan nan nan
1981 05 20 nan nan nan
1981 05 21 nan nan nan
1981 05 22 nan nan nan
1981 05 23 nan nan nan
1981 05 24 nan nan nan
1981 05 25 nan nan nan
1981 05 26 nan nan nan
1981 05 27 nan nan nan
1981 05 28 nan nan nan
1981 05 29 nan nan nan
1981 05 30 nan nan nan
1981 05 31 nan nan nan
1981 06 01 nan nan nan
1981 06 02 nan nan nan
1981 06 03 nan nan nan
1981 06 04 nan nan nan
1981 06 05 nan nan nan
1981 06 06 nan nan nan
1981 06 07 nan nan nan
1981 06 08 nan nan nan
1981 06 09 nan nan nan
1981 06 10 nan nan nan
1981 06 11 nan nan nan
1981 06 12 nan nan nan
1981 06 13 nan nan nan
1981 06 14 nan nan nan
1981 06 15 nan nan nan
1981 06 16 nan nan nan
1981 06 17 nan nan nan
1981 06 18 nan nan nan
1981 06 19 nan nan nan
1981 06 20 nan nan nan
1981 06 21 nan nan nan
1981 06 22 nan nan nan
1981 06 23 nan nan nan
1981 06 24 nan nan nan
1981 06 25 nan nan nan
1981 06 26 nan nan nan
1981 06 27 nan nan nan
1981 06 28 nan nan nan
1981 06 29 nan nan nan
1981 06 30 nan nan nan
1981 07 01 nan nan nan
1981 07 02 nan nan nan
1981 07 03 nan nan nan
1981 07 04 nan nan nan
1981 07 05 nan nan nan
1981 07 06 nan nan nan
1981 07 07 nan nan nan
1981 07 08 nan nan nan
1981 07 09 nan nan nan
1981 07 10 nan nan nan
1981 07 11 nan nan nan
1981 07 12 nan nan nan
1981 07 13 nan nan nan
1981 07 14 nan nan nan
1981 07 15 nan nan nan
1981 07 16 nan nan nan
1981 07 17 nan nan nan
1981 07 18 nan nan nan
1981 07 19 nan nan nan
1981 07 20 nan nan nan
1981 07 21 nan nan nan
1981 07 22 nan nan nan
1981 07 23 nan nan nan
1981 07 24 nan nan nan
1981 07 25 nan nan nan
1981 07 26 nan nan nan
1981 07 27 nan nan nan
1981 07 28 nan nan nan
1981 07 29 nan nan nan
1981 07 30 nan nan nan
1981 07 31 nan nan nan
1981 08 01 nan nan nan
1981 08 02 nan nan nan
1981 08 03 nan nan nan
1981 08 04 nan nan nan
1981 08 05 nan nan nan
1981 08 06 nan nan nan
1981 08 07 nan nan nan
1981 08 08 nan nan nan
1981 08 09 nan nan nan
1981 08 10 nan nan nan
1981 08 11 nan nan nan
1981 08 12 nan nan nan
1981 08 13 nan nan nan
1981 08 14 nan nan nan
1981 08 15 nan nan nan
1981 08 16 nan nan nan
1981 08 17 nan nan nan
1981 08 18 nan nan nan
1981 08 19 nan nan nan
1981 08 20 nan nan nan
1981 08 21 nan nan nan
1981 08 22 nan nan nan
1981 08 23 nan nan nan
1981 08 24 nan nan nan
1981 08 25 nan nan nan
1981 08 26 nan nan nan
1981 08 27 nan nan nan
1981 08 28 nan nan nan
1981 08 29 nan nan nan
1981 08 30 nan nan nan
1981 08 31 nan nan nan
1981 09 01 nan nan nan
1981 09 02 nan nan nan
1981 09 03 nan nan nan
1981 09 04 nan nan nan
1981 09 05 nan nan nan
1981 09 06 nan nan nan
1981 09 07 nan nan nan
1981 09 08 nan nan nan
1981 09 09 nan nan nan
1981 09 10 nan nan nan
1981 09 11 nan nan nan
1981 09 12 nan nan nan
1981 09 13 nan nan nan
1981 09 14 nan nan nan
1981 09 15 nan nan nan
1981 09 16 nan nan nan
1981 09 17 nan nan nan
1981 09 18 nan nan nan
1981 09 19 nan nan nan
1981 09 20 nan nan nan
1981 09 21 nan nan nan
1981 09 22 nan nan nan
1981 09 23 nan nan nan
1981 09 24 nan nan nan
1981 09 25 nan nan nan
1981 09 26 nan nan nan
1981 09 27 nan nan nan
1981 09 28 nan nan nan
1981 09 29 nan nan nan
1981 09 30 nan nan nan
1981 10 01 nan nan nan
1981 10 02 nan nan nan
1981 10 03 nan nan nan
1981 10 04 nan nan nan
1981 10 05 nan nan nan
1981 10 06 nan nan nan
1981 10 07 nan nan nan
1981 10 08 nan nan nan
1981 10 09 nan nan nan
1981 10 10 nan nan nan
1981 10 11 nan nan nan
1981 10 12 nan nan nan
1981 10 13 nan nan nan
1981 10 14 nan nan nan
1981 10 15 nan nan nan
1981 10 16 nan nan nan
1981 10 17 nan nan nan
1981 10 18 nan nan nan
1981 10 19 nan nan nan
1981 10 20 nan nan nan
1981 10 21 nan nan nan
1981 10 22 nan nan nan
1981 10 23 nan nan nan
1981 10 24 nan nan nan
1981 10 25 nan nan nan
1981 10 26 nan nan nan
1981 10 27 nan nan nan
1981 10 28 nan nan nan
1981 10 29 nan nan nan
1981 10 30 nan nan nan
1981 10 31 nan nan nan
1981 11 01 nan nan nan
1981 11 02 nan nan nan
1981 11 03 nan nan nan
1981 11 04 nan nan nan
1981 11 05 nan nan nan
1981 11 06 nan nan nan
1981 11 07 nan nan nan
1981 11 08 nan nan nan
1981 11 09 nan nan nan
1981 11 10 nan nan nan
1981 11 11 nan nan nan
1981 11 12 nan nan nan
1981 11 13 nan nan nan
1981 11 14 nan nan nan
1981 11 15 nan nan nan
1981 11 16 nan nan nan
1981 11 17 nan nan nan
1981 11 18 nan nan nan
1981 11 19 nan nan nan
1981 11 20 nan nan nan
1981 11 21 nan nan nan
1981 11 22 nan nan nan
1981 11 23 nan nan nan
1981 11 24 nan nan nan
1981 11 25 nan nan nan
1981 11 26 nan nan nan
1981 11 27 nan nan nan
1981 11 28 nan nan nan
1981 11 29 nan nan nan
1981 11 30 nan nan nan
1981 12 01 nan nan nan
1981 12 02 nan nan nan
1981 12 03 nan nan nan
1981 12 04 nan nan nan
1981 12 05 nan nan nan
1981 12 06 nan nan nan
1981 12 07 nan nan nan
1981 12 08 nan nan nan
1981 12 09 nan nan nan
1981 12 10 nan nan nan
1981 12 11 nan nan nan
1981 12 12 nan nan nan
1981 12 13 nan nan nan
1981 12 14 nan nan nan
1981 12 15 nan nan nan
1981 12 16 nan nan nan
1981 12 17 nan nan nan
1981 12 18 nan nan nan
1981 12 19 nan nan nan
1981 12 20 nan nan nan
1981 12 21 nan nan nan
1981 12 22 nan nan nan
1981 12 23 nan nan nan
1981 12 24 nan nan nan
1981 12 25 nan nan nan
1981 12 26 nan nan nan
1981 12 27 nan nan nan
1981 12 28 nan nan nan
1981 12 29 nan nan nan
1981 12 30 nan nan nan
1981 12 31 nan nan nan
1982 01 01 nan nan nan
1982 01 02 nan nan nan
1982 01 03 nan nan nan
1982 01 04 nan nan nan
1982 01 05 nan nan nan
1982 01 06 nan nan nan
1982 01 07 nan nan nan
1982 01 08 nan nan nan
1982 01 09 nan nan nan
1982 01 10 nan nan nan
1982 01 11 nan nan nan
1982 01 12 nan nan nan
1982 01 13 nan nan nan
1982 01 14 nan nan nan
1982 01 15 nan nan nan
1982 01 16 nan nan nan
1982 01 17 nan nan nan
1982 01 18 nan nan nan
1982 01 19 nan nan nan
1982 01 20 nan nan nan
1982 01 21 nan nan nan
1982 01 22 nan nan nan
1982 01 23 nan nan nan
1982 01 24 nan nan nan
1982 01 25 nan nan nan
1982 01 26 nan nan nan
1982 01 27 nan nan nan
1982 01 28 nan nan nan
1982 01 29 nan nan nan
1982 01 30 nan nan nan
1982 01 31 nan nan nan
1982 02 01 nan nan nan
1982 02 02 nan nan nan
1982 02 03 nan nan nan
1982 02 04 nan nan nan
1982 02 05 nan nan nan
1982 02 06 nan nan nan
1982 02 07 nan nan nan
1982 02 08 nan nan nan
1982 02 09 nan nan nan
1982 02 10 nan nan nan
1982 02 11 nan nan nan
1982 02 12 nan nan nan
1982 02 13 nan nan nan
1982 02 14 nan nan nan
1982 02 15 nan nan nan
1982 02 16 nan nan nan
1982 02 17 nan nan nan
1982 02 18 nan nan nan
1982 02 19 nan nan nan
1982 02 20 nan nan nan
1982 02 21 nan nan nan
1982 02 22 nan nan nan
1982 02 23 nan nan nan
1982 02 24 nan nan nan
1982 02 25 nan nan nan
1982 02 26 nan nan nan
1982 02 27 nan nan nan
1982 02 28 nan nan nan
1982 03 01 nan nan nan
1982 03 02 nan nan nan
1982 03 03 nan nan nan
1982 03 04 nan nan nan
1982 03 05 nan nan nan
1982 03 06 nan nan nan
1982 03 07 nan nan nan
1982 03 08 nan nan nan
1982 03 09 nan nan nan
1982 03 10 nan nan nan
1982 03 11 nan nan nan
1982 03 12 nan nan nan
1982 03 13 nan nan nan
1982 03 14 nan nan nan
1982 03 15 nan nan nan
1982 03 16 nan nan nan
1982 03 17 nan nan nan
1982 03 18 nan nan nan
1982 03 19 nan nan nan
1982 03 20 nan nan nan
1982 03 21 nan nan nan
1982 03 22 nan nan nan
1982 03 23 nan nan nan
1982 03 24 nan nan nan
1982 03 25 nan nan nan
1982 03 26 nan nan nan
1982 03 27 nan nan nan
1982 03 28 nan nan nan
1982 03 29 nan nan nan
1982 03 30 nan nan nan
1982 03 31 nan nan nan
1982 04 01 nan nan nan
1982 04 02 nan nan nan
1982 04 03 nan nan nan
1982 04 04 nan nan nan
1982 04 05 nan nan nan
1982 04 06 nan nan nan
1982 04 07 nan nan nan
1982 04 08 nan nan nan
1982 04 09 nan nan nan
1982 04 10 nan nan nan
1982 04 11 nan nan nan
1982 04 12 nan nan nan
1982 04 13 nan nan nan
1982 04 14 nan nan nan
1982 04 15 nan nan nan
1982 04 16 nan nan nan
1982 04 17 nan nan nan
1982 04 18 nan nan nan
1982 04 19 nan nan nan
1982 04 20 nan nan nan
1982 04 21 nan nan nan
1982 04 22 nan nan nan
1982 04 23 nan nan nan
1982 04 24 nan nan nan
1982 04 25 nan nan nan
1982 04 26 nan nan nan
1982 04 27 nan nan nan
1982 04 28 nan nan nan
1982 04 29 nan nan nan
1982 04 30 nan nan nan
1982 05 01 nan nan nan
1982 05 02 nan nan nan
1982 05 03 nan nan nan
1982 05 04 nan nan nan
1982 05 05 nan nan nan
1982 05 06 nan nan nan
1982 05 07 nan nan nan
1982 05 08 nan nan nan
1982 05 09 nan nan nan
1982 05 10 nan nan nan
1982 05 11 nan nan nan
1982 05 12 nan nan nan
1982 05 13 nan nan nan
1982 05 14 nan nan nan
1982 05 15 nan nan nan
1982 05 16 nan nan nan
1982 05 17 nan nan nan
1982 05 18 nan nan nan
1982 05 19 nan nan nan
1982 05 20 nan nan nan
1982 05 21 nan nan nan
1982 05 22 nan nan nan
1982 05 23 nan nan nan
1982 05 24 nan nan nan
1982 05 25 nan nan nan
1982 05 26 nan nan nan
1982 05 27 nan nan nan
1982 05 28 nan nan nan
1982 05 29 nan nan nan
1982 05 30 nan nan nan
1982 05 31 nan nan nan
1982 06 01 nan nan nan
1982 06 02 nan nan nan
1982 06 03 nan nan nan
1982 06 04 nan nan nan
1982 06 05 nan nan nan
1982 06 06 nan nan nan
1982 06 07 nan nan nan
1982 06 08 nan nan nan
1982 06 09 nan nan nan
1982 06 10 nan nan nan
1982 06 11 nan nan nan
1982 06 12 nan nan nan
1982 06 13 nan nan nan
1982 06 14 nan nan nan
1982 06 15 nan nan nan
1982 06 16 nan nan nan
1982 06 17 nan nan nan
1982 06 18 nan nan nan
1982 06 19 nan nan nan
1982 06 20 nan nan nan
1982 06 21 nan nan nan
1982 06 22 nan nan nan
1982 06 23 nan nan nan
1982 06 24 nan nan nan
1982 06 25 nan nan nan
1982 06 26 nan nan nan
1982 06 27 nan nan nan
1982 06 28 nan nan nan
1982 06 29 nan nan nan
1982 06 30 nan nan nan
1982 07 01 nan nan nan
1982 07 02 nan nan nan
1982 07 03 nan nan nan
1982 07 04 nan nan nan
1982 07 05 nan nan nan
1982 07 06 nan nan nan
1982 07 07 nan nan nan
1982 07 08 nan nan nan
1982 07 09 nan nan nan
1982 07 10 nan nan nan
1982 07 11 nan nan nan
1982 07 12 nan nan nan
1982 07 13 nan nan nan
1982 07 14 nan nan nan
1982 07 15 nan nan nan
1982 07 16 nan nan nan
1982 07 17 nan nan nan
1982 07 18 nan nan nan
1982 07 19 nan nan nan
1982 07 20 nan nan nan
1982 07 21 nan nan nan
1982 07 22 nan nan nan
1982 07 23 nan nan nan
1982 07 24 nan nan nan
1982 07 25 nan nan nan
1982 07 26 nan nan nan
1982 07 27 nan nan nan
1982 07 28 nan nan nan
1982 07 29 nan nan nan
1982 07 30 nan nan nan
1982 07 31 nan nan nan
1982 08 01 nan nan nan
1982 08 02 nan nan nan
1982 08 03 nan nan nan
1982 08 04 nan nan nan
1982 08 05 nan nan nan
1982 08 06 nan nan nan
1982 08 07 nan nan nan
1982 08 08 nan nan nan
1982 08 09 nan nan nan
1982 08 10 nan nan nan
1982 08 11 nan nan nan
1982 08 12 nan nan nan
1982 08 13 nan nan nan
1982 08 14 nan nan nan
1982 08 15 nan nan nan
1982 08 16 nan nan nan
1982 08 17 nan nan nan
1982 08 18 nan nan nan
1982 08 19 nan nan nan
1982 08 20 nan nan nan
1982 08 21 nan nan nan
1982 08 22 nan nan nan
1982 08 23 nan nan nan
1982 08 24 nan nan nan
1982 08 25 nan nan nan
1982 08 26 nan nan nan
1982 08 27 nan nan nan
1982 08 28 nan nan nan
1982 08 29 nan nan nan
1982 08 30 nan nan nan
1982 08 31 nan nan nan
1982 09 01 nan nan nan
1982 09 02 nan nan nan
1982 09 03 nan nan nan
1982 09 04 nan nan nan
1982 09 05 nan nan nan
1982 09 06 nan nan nan
1982 09 07 nan nan nan
1982 09 08 nan nan nan
1982 09 09 nan nan nan
1982 09 10 nan nan nan
1982 09 11 nan nan nan
1982 09 12 nan nan nan
1982 09 13 nan nan nan
1982 09 14 nan nan nan
1982 09 15 nan nan nan
1982 09 16 nan nan nan
1982 09 17 nan nan nan
1982 09 18 nan nan nan
1982 09 19 nan nan nan
1982 09 20 nan nan nan
1982 09 21 nan nan nan
1982 09 22 nan nan nan
1982 09 23 nan nan nan
1982 09 24 nan nan nan
1982 09 25 nan nan nan
1982 09 26 nan nan nan
1982 09 27 nan nan nan
1982 09 28 nan nan nan
1982 09 29 nan nan nan
1982 09 30 nan nan nan
1982 10 01 nan nan nan
1982 10 02 nan nan nan
1982 10 03 nan nan nan
1982 10 04 nan nan nan
1982 10 05 nan nan nan
1982 10 06 nan nan nan
1982 10 07 nan nan nan
1982 10 08 nan nan nan
1982 10 09 nan nan nan
1982 10 10 nan nan nan
1982 10 11 nan nan nan
1982 10 12 nan nan nan
1982 10 13 nan nan nan
1982 10 14 nan nan nan
1982 10 15 nan nan nan
1982 10 16 nan nan nan
1982 10 17 nan nan nan
1982 10 18 nan nan nan
1982 10 19 nan nan nan
1982 10 20 nan nan nan
1982 10 21 nan nan nan
1982 10 22 nan nan nan
1982 10 23 nan nan nan
1982 10 24 nan nan nan
1982 10 25 nan nan nan
1982 10 26 nan nan nan
1982 10 27 nan nan nan
1982 10 28 nan nan nan
1982 10 29 nan nan nan
1982 10 30 nan nan nan
1982 10 31 nan nan nan
1982 11 01 nan nan nan
1982 11 02 nan nan nan
1982 11 03 nan nan nan
1982 11 04 nan nan nan
1982 11 05 nan nan nan
1982 11 06 nan nan nan
1982 11 07 nan nan nan
1982 11 08 nan nan nan
1982 11 09 nan nan nan
1982 11 10 nan nan nan
1982 11 11 nan nan nan
1982 11 12 nan nan nan
1982 11 13 nan nan nan
1982 11 14 nan nan nan
1982 11 15 nan nan nan
1982 11 16 nan nan nan
1982 11 17 nan nan nan
1982 11 18 nan nan nan
1982 11 19 nan nan nan
1982 11 20 nan nan nan
1982 11 21 nan nan nan
1982 11 22 nan nan nan
1982 11 23 nan nan nan
1982 11 24 nan nan nan
1982 11 25 nan nan nan
1982 11 26 nan nan nan
1982 11 27 nan nan nan
1982 11 28 nan nan nan
1982 11 29 nan nan nan
1982 11 30 nan nan nan
1982 12 01 nan nan nan
1982 12 02 nan nan nan
1982 12 03 nan nan nan
1982 12 04 nan nan nan
1982 12 05 nan nan nan
1982 12 06 nan nan nan
1982 12 07 nan nan nan
1982 12 08 nan nan nan
1982 12 09 nan nan nan
1982 12 10 nan nan nan
1982 12 11 nan nan nan
1982 12 12 nan nan nan
1982 12 13 nan nan nan
1982 12 14 nan nan nan
1982 12 15 nan nan nan
1982 12 16 nan nan nan
1982 12 17 nan nan nan
1982 12 18 nan nan nan
1982 12 19 nan nan nan
1982 12 20 nan nan nan
1982 12 21 nan nan nan
1982 12 22 nan nan nan
1982 12 23 nan nan nan
1982 12 24 nan nan nan
1982 12 25 nan nan nan
1982 12 26 nan nan nan
1982 12 27 nan nan nan
1982 12 28 nan nan nan
1982 12 29 nan nan nan
1982 12 30 nan nan nan
1982 12 31 nan nan nan
1983 01 01 100000.000000 0 0
1983 01 02 100000.000000 0 0
1983 01 03 100000.000000 0 0
1983 01 04 100000.000000 0 0
1983 01 05 100000.000000 0 0
1983 01 06 100000.000000 0 0
1983 01 07 100000.000000 0 0
1983 01 08 100000.000000 0 0
1983 01 09 100000.000000 0 0
1983 01 10 100000.000000 0 0
1983 01 11 100000.000000 0 0
1983 01 12 100000.000000 0 0
1983 01 13 100000.000000 0 0
1983 01 14 100000.000000 0 0
1983 01 15 100000.000000 0 0
1983 01 16 100000.000000 0 0
1983 01 17 100000.000000 0 0
1983 01 18 100000.000000 0 0
1983 01 19 100000.000000 0 0
1983 01 20 100000.000000 0 0
1983 01 21 100000.000000 0 0
1983 01 22 100000.000000 0 0
1983 01 23 100000.000000 0 0
1983 01 24 100000.000000 0 0
1983 01 25 100000.000000 0 0
1983 01 26 100000.000000 0 0
1983 01 27 100000.000000 0 0
1983 01 28 100000.000000 0 0
1983 01 29 2.567000 0 0
1983 01 30 2.030000 0 0
1983 01 31 3.497000 0 0
1983 02 01 20.614000 0 0
1983 02 02 23.256000 0 0
1983 02 03 7.710000 0 0
1983 02 04 6.264000 0 0
1983 02 05 6.264000 0 0
1983 02 06 6.264000 0 0
1983 02 07 4.975000 0 0
1983 02 08 6.264000 0 0
1983 02 09 4.975000 0 0
1983 02 10 3.841000 0 0
1983 02 11 3.841000 0 0
1983 02 12 3.841000 0 0
1983 02 13 7.710000 0 0
1983 02 14 6.264000 0 0
1983 02 15 4.580000 0 0
1983 02 16 3.841000 0 0
1983 02 17 3.170000 0 0
1983 02 18 4.975000 0 0
1983 02 19 3.841000 0 0
1983 02 20 2.860000 0 0
1983 02 21 2.567000 0 0
1983 02 22 3.170000 0 0
1983 02 23 3.841000 0 0
1983 02 24 3.497000 0 0
1983 02 25 4.389000 0 0
1983 02 26 3.331000 0 0
1983 02 27 3.170000 0 0
1983 02 28 3.667000 0 0
1983 03 01 3.331000 0 0
1983 03 02 6.967000 0 0
1983 03 03 4.580000 0 0
1983 03 04 4.019000 0 0
1983 03 05 6.729000 0 0
1983 03 06 6.494000 0 0
1983 03 07 8.762000 0 0
1983 03 08 5.817000 0 0
1983 03 09 3.497000 0 0
1983 03 10 3.841000 0 0
1983 03 11 3.497000 0 0
1983 03 12 3.170000 0 0
1983 03 13 3.170000 0 0
1983 03 14 2.860000 0 0
1983 03 15 2.567000 0 0
1983 03 16 2.567000 0 0
1983 03 17 2.567000 0 0
1983 03 18 2.567000 0 0
1983 03 19 5.817000 0 0
1983 03 20 5.387000 0 0
1983 03 21 3.841000 0 0
1983 03 22 3.170000 0 0
1983 03 23 2.567000 0 0
1983 03 24 2.567000 0 0
1983 03 25 2.567000 0 0
1983 03 26 2.567000 0 0
1983 03 27 3.497000 0 0
1983 03 28 2.860000 0 0
1983 03 29 2.800000 0 0
1983 03 30 2.741000 0 0
1983 03 31 2.567000 0 0
1983 04 01 2.567000 0 0
1983 04 02 2.454000 0 0
1983 04 03 2.454000 0 0
1983 04 04 2.510000 0 0
1983 04 05 2.624000 0 0
1983 04 06 2.595000 0 0
1983 04 07 5.179000 0 0
1983 04 08 3.013000 0 0
1983 04 09 2.982000 0 0
1983 04 10 2.800000 0 0
1983 04 11 2.800000 0 0
1983 04 12 8.070000 0 0
1983 04 13 3.564000 0 0
1983 04 14 2.567000 0 0
1983 04 15 2.624000 0 0
1983 04 16 2.567000 0 0
1983 04 17 2.510000 0 0
1983 04 18 2.567000 0 0
1983 04 19 6.729000 0 0
1983 04 20 2.741000 0 0
1983 04 21 3.170000 0 0
1983 04 22 4.503000 0 0
1983 04 23 2.921000 0 0
1983 04 24 4.815000 0 0
1983 04 25 2.237000 0 0
1983 04 26 6.173000 0 0
1983 04 27 3.771000 0 0
1983 04 28 3.013000 0 0
1983 04 29 2.567000 0 0
1983 04 30 2.567000 0 0
1983 05 01 2.454000 0 0
1983 05 02 2.454000 0 0
1983 05 03 2.399000 0 0
1983 05 04 2.344000 0 0
1983 05 05 2.237000 0 0
1983 05 06 2.237000 0 0
1983 05 07 2.080000 0 0
1983 05 08 2.290000 0 0
1983 05 09 2.399000 0 0
1983 05 10 2.344000 0 0
1983 05 11 2.344000 0 0
1983 05 12 2.399000 0 0
1983 05 13 3.107000 0 0
1983 05 14 2.921000 0 0
1983 05 15 2.800000 0 0
1983 05 16 2.567000 0 0
1983 05 17 2.567000 0 0
1983 05 18 2.454000 0 0
1983 05 19 2.454000 0 0
1983 05 20 3.841000 0 0
1983 05 21 2.567000 0 0
1983 05 22 2.454000 0 0
1983 05 23 9.885000 0 0
1983 05 24 11.704000 0 0
1983 05 25 4.580000 0 0
1983 05 26 3.044000 0 0
1983 05 27 2.860000 0 0
1983 05 28 6.264000 0 0
1983 05 29 11.080000 0 0
1983 05 30 24.175000 0 0
1983 05 31 18.139000 0 0
1983 06 01 8.762000 0 0
1983 06 02 6.541000 0 0
1983 06 03 8.122000 0 0
1983 06 04 7.710000 0 0
1983 06 05 8.122000 0 0
1983 06 06 19.771000 0 0
1983 06 07 15.097000 0 0
1983 06 08 8.227000 0 0
1983 06 09 9.036000 0 0
1983 06 10 7.710000 0 0
1983 06 11 15.830000 0 0
1983 06 12 8.227000 0 0
1983 06 13 6.038000 0 0
1983 06 14 5.600000 0 0
1983 06 15 5.387000 0 0
1983 06 16 5.303000 0 0
1983 06 17 5.303000 0 0
1983 06 18 4.895000 0 0
1983 06 19 4.580000 0 0
1983 06 20 4.580000 0 0
1983 06 21 4.427000 0 0
1983 06 22 3.912000 0 0
1983 06 23 3.983000 0 0
1983 06 24 3.841000 0 0
1983 06 25 3.841000 0 0
1983 06 26 3.983000 0 0
1983 06 27 4.092000 0 0
1983 06 28 4.389000 0 0
1983 06 29 5.056000 0 0
1983 06 30 4.019000 0 0
1983 07 01 4.351000 0 0
1983 07 02 4.202000 0 0
1983 07 03 4.276000 0 0
1983 07 04 3.841000 0 0
1983 07 05 3.841000 0 0
1983 07 06 3.841000 0 0
1983 07 07 4.427000 0 0
1983 07 08 4.276000 0 0
1983 07 09 4.276000 0 0
1983 07 10 4.128000 0 0
1983 07 11 3.983000 0 0
1983 07 12 3.841000 0 0
1983 07 13 3.841000 0 0
1983 07 14 3.701000 0 0
1983 07 15 3.771000 0 0
1983 07 16 3.044000 0 0
1983 07 17 3.107000 0 0
1983 07 18 3.841000 0 0
1983 07 19 4.313000 0 0
1983 07 20 4.580000 0 0
1983 07 21 3.841000 0 0
1983 07 22 3.771000 0 0
1983 07 23 3.633000 0 0
1983 07 24 3.497000 0 0
1983 07 25 3.170000 0 0
1983 07 26 3.170000 0 0
1983 07 27 2.921000 0 0
1983 07 28 2.860000 0 0
1983 07 29 2.860000 0 0
1983 07 30 2.860000 0 0
1983 07 31 2.800000 0 0
1983 08 01 2.624000 0 0
1983 08 02 2.624000 0 0
1983 08 03 2.624000 0 0
1983 08 04 2.624000 0 0
1983 08 05 2.567000 0 0
1983 08 06 2.510000 0 0
1983 08 07 2.454000 0 0
1983 08 08 2.454000 0 0
1983 08 09 2.454000 0 0
1983 08 10 2.454000 0 0
1983 08 11 2.344000 0 0
1983 08 12 2.344000 0 0
1983 08 13 2.344000 0 0
1983 08 14 2.237000 0 0
1983 08 15 2.237000 0 0
1983 08 16 2.237000 0 0
1983 08 17 2.237000 0 0
1983 08 18 2.237000 0 0
1983 08 19 2.237000 0 0
1983 08 20 2.237000 0 0
1983 08 21 2.132000 0 0
1983 08 22 2.132000 0 0
1983 08 23 2.030000 0 0
1983 08 24 1.980000 0 0
1983 08 25 1.930000 0 0
1983 08 26 1.882000 0 0
1983 08 27 1.882000 0 0
1983 08 28 1.833000 0 0
1983 08 29 1.786000 0 0
1983 08 30 1.739000 0 0
1983 08 31 1.739000 0 0
1983 09 01 1.739000 0 0
1983 09 02 1.739000 0 0
1983 09 03 1.833000 0 0
1983 09 04 1.930000 0 0
1983 09 05 3.013000 0 0
1983 09 06 5.817000 0 0
1983 09 07 4.019000 0 0
1983 09 08 3.701000 0 0
1983 09 09 3.497000 0 0
1983 09 10 2.158000 0 0
1983 09 11 2.030000 0 0
1983 09 12 2.711000 0 0
1983 09 13 2.624000 0 0
1983 09 14 2.454000 0 0
1983 09 15 2.426000 0 0
1983 09 16 3.841000 0 0
1983 09 17 3.983000 0 0
1983 09 18 6.264000 0 0
1983 09 19 7.016000 0 0
1983 09 20 3.667000 0 0
1983 09 21 2.982000 0 0
1983 09 22 2.770000 0 0
1983 09 23 2.510000 0 0
1983 09 24 3.841000 0 0
1983 09 25 6.356000 0 0
1983 09 26 3.497000 0 0
1983 09 27 2.982000 0 0
1983 09 28 2.800000 0 0
1983 09 29 2.682000 0 0
1983 09 30 2.624000 0 0
1983 10 01 2.567000 0 0
1983 10 02 2.567000 0 0
1983 10 03 2.624000 0 0
1983 10 04 2.290000 0 0
1983 10 05 2.237000 0 0
1983 10 06 2.237000 0 0
1983 10 07 2.237000 0 0
1983 10 08 2.290000 0 0
1983 10 09 2.184000 0 0
1983 10 10 2.030000 0 0
1983 10 11 2.184000 0 0
1983 10 12 2.030000 0 0
1983 10 13 2.158000 0 0
1983 10 14 2.624000 0 0
1983 10 15 2.770000 0 0
1983 10 16 2.399000 0 0
1983 10 17 2.399000 0 0
1983 10 18 7.710000 0 0
1983 10 19 4.276000 0 0
1983 10 20 2.682000 0 0
1983 10 21 2.426000 0 0
1983 10 22 2.454000 0 0
1983 10 23 3.497000 0 0
1983 10 24 3.364000 0 0
1983 10 25 2.510000 0 0
1983 10 26 2.237000 0 0
1983 10 27 2.237000 0 0
1983 10 28 2.132000 0 0
1983 10 29 2.184000 0 0
1983 10 30 2.132000 0 0
1983 10 31 2.132000 0 0
1983 11 01 2.132000 0 0
1983 11 02 2.567000 0 0
1983 11 03 3.841000 0 0
1983 11 04 2.682000 0 0
1983 11 05 2.426000 0 0
1983 11 06 2.210000 0 0
1983 11 07 2.030000 0 0
1983 11 08 1.882000 0 0
1983 11 09 1.786000 0 0
1983 11 10 1.833000 0 0
1983 11 11 2.030000 0 0
1983 11 12 2.317000 0 0
1983 11 13 2.567000 0 0
1983 11 14 2.030000 0 0
1983 11 15 1.930000 0 0
1983 11 16 1.833000 0 0
1983 11 17 1.603000 0 0
1983 11 18 1.559000 0 0
1983 11 19 1.559000 0 0
1983 11 20 1.833000 0 0
1983 11 21 1.906000 0 0
1983 11 22 2.567000 0 0
1983 11 23 2.237000 0 0
1983 11 24 2.132000 0 0
1983 11 25 1.833000 0 0
1983 11 26 1.739000 0 0
1983 11 27 1.648000 0 0
1983 11 28 1.559000 0 0
1983 11 29 1.603000 0 0
1983 11 30 1.786000 0 0
1983 12 01 1.648000 0 0
1983 12 02 3.841000 0 0
1983 12 03 2.510000 0 0
1983 12 04 1.955000 0 0
1983 12 05 1.648000 0 0
1983 12 06 1.648000 0 0
1983 12 07 1.559000 0 0
1983 12 08 1.515000 0 0
1983 12 09 1.515000 0 0
1983 12 10 1.515000 0 0
1983 12 11 1.882000 0 0
1983 12 12 2.210000 0 0
1983 12 13 2.184000 0 0
1983 12 14 2.567000 0 0
1983 12 15 2.510000 0 0
1983 12 16 1.930000 0 0
1983 12 17 2.184000 0 0
1983 12 18 2.624000 0 0
1983 12 19 4.276000 0 0
1983 12 20 2.951000 0 0
1983 12 21 2.210000 0 0
1983 12 22 2.080000 0 0
1983 12 23 2.624000 0 0
1983 12 24 2.510000 0 0
1983 12 25 2.210000 0 0
1983 12 26 2.290000 0 0
1983 12 27 2.482000 0 0
1983 12 28 2.800000 0 0
1983 12 29 3.044000 0 0
1983 12 30 3.598000 0 0
1983 12 31 3.331000 0 0
1984 01 01 2.510000 0 0
1984 01 02 2.210000 0 0
1984 01 03 2.426000 0 0
1984 01 04 2.080000 0 0
1984 01 05 1.980000 0 0
1984 01 06 2.210000 0 0
1984 01 07 1.980000 0 0
1984 01 08 1.739000 0 0
1984 01 09 2.426000 0 0
1984 01 10 4.202000 0 0
1984 01 11 1.955000 0 0
1984 01 12 1.625000 0 0
1984 01 13 1.515000 0 0
1984 01 14 1.515000 0 0
1984 01 15 1.515000 0 0
1984 01 16 1.515000 0 0
1984 01 17 1.409000 0 0
1984 01 18 1.347000 0 0
1984 01 19 1.307000 0 0
1984 01 20 1.716000 0 0
1984 01 21 1.786000 0 0
1984 01 22 2.237000 0 0
1984 01 23 3.013000 0 0
1984 01 24 2.344000 0 0
1984 01 25 1.906000 0 0
1984 01 26 3.667000 0 0
1984 01 27 4.389000 0 0
1984 01 28 3.013000 0 0
1984 01 29 2.399000 0 0
1984 01 30 2.080000 0 0
1984 01 31 1.739000 0 0
1984 02 01 1.648000 0 0
1984 02 02 1.559000 0 0
1984 02 03 1.603000 0 0
1984 02 04 1.648000 0 0
1984 02 05 1.625000 0 0
1984 02 06 1.693000 0 0
1984 02 07 1.559000 0 0
1984 02 08 1.472000 0 0
1984 02 09 1.670000 0 0
1984 02 10 2.741000 0 0
1984 02 11 2.237000 0 0
1984 02 12 1.930000 0 0
1984 02 13 1.670000 0 0
1984 02 14 1.472000 0 0
1984 02 15 1.472000 0 0
1984 02 16 1.472000 0 0
1984 02 17 1.472000 0 0
1984 02 18 1.430000 0 0
1984 02 19 1.472000 0 0
1984 02 20 1.430000 0 0
1984 02 21 1.515000 0 0
1984 02 22 1.388000 0 0
1984 02 23 1.347000 0 0
1984 02 24 1.307000 0 0
1984 02 25 1.857000 0 0
1984 02 26 1.648000 0 0
1984 02 27 1.559000 0 0
1984 02 28 1.472000 0 0
1984 02 29 1.307000 0 0
1984 03 01 1.347000 0 0
1984 03 02 1.307000 0 0
1984 03 03 1.268000 0 0
1984 03 04 1.307000 0 0
1984 03 05 1.388000 0 0
1984 03 06 1.430000 0 0
1984 03 07 1.515000 0 0
1984 03 08 1.906000 0 0
1984 03 09 1.515000 0 0
1984 03 10 1.472000 0 0
1984 03 11 1.430000 0 0
1984 03 12 1.388000 0 0
1984 03 13 1.347000 0 0
1984 03 14 1.268000 0 0
1984 03 15 1.268000 0 0
1984 03 16 1.229000 0 0
1984 03 17 1.152000 0 0
1984 03 18 1.152000 0 0
1984 03 19 1.115000 0 0
1984 03 20 1.152000 0 0
1984 03 21 1.190000 0 0
1984 03 22 1.152000 0 0
1984 03 23 1.152000 0 0
1984 03 24 1.115000 0 0
1984 03 25 1.079000 0 0
1984 03 26 1.115000 0 0
1984 03 27 1.079000 0 0
1984 03 28 1.079000 0 0
1984 03 29 1.152000 0 0
1984 03 30 1.347000 0 0
1984 03 31 1.268000 0 0
1984 04 01 1.229000 0 0
1984 04 02 1.229000 0 0
1984 04 03 1.190000 0 0
1984 04 04 2.237000 0 0
1984 04 05 2.237000 0 0
1984 04 06 2.237000 0 0
1984 04 07 2.132000 0 0
1984 04 08 1.980000 0 0
1984 04 09 1.152000 0 0
1984 04 10 1.079000 0 0
1984 04 11 1.152000 0 0
1984 04 12 1.079000 0 0
1984 04 13 1.079000 0 0
1984 04 14 1.115000 0 0
1984 04 15 1.115000 0 0
1984 04 16 1.515000 0 0
1984 04 17 1.388000 0 0
1984 04 18 1.229000 0 0
1984 04 19 1.430000 0 0
1984 04 20 1.786000 0 0
1984 04 21 1.430000 0 0
1984 04 22 1.307000 0 0
1984 04 23 1.268000 0 0
1984 04 24 1.229000 0 0
1984 04 25 1.190000 0 0
1984 04 26 1.152000 0 0
1984 04 27 1.190000 0 0
1984 04 28 1.152000 0 0
1984 04 29 1.152000 0 0
1984 04 30 1.190000 0 0
1984 05 01 1.190000 0 0
1984 05 02 1.229000 0 0
1984 05 03 1.347000 0 0
1984 05 04 2.237000 0 0
1984 05 05 2.080000 0 0
1984 05 06 2.030000 0 0
1984 05 07 2.080000 0 0
1984 05 08 1.882000 0 0
1984 05 09 1.716000 0 0
1984 05 10 1.648000 0 0
1984 05 11 1.739000 0 0
1984 05 12 1.603000 0 0
1984 05 13 1.857000 0 0
1984 05 14 1.559000 0 0
1984 05 15 1.603000 0 0
1984 05 16 2.132000 0 0
1984 05 17 2.290000 0 0
1984 05 18 2.624000 0 0
1984 05 19 2.399000 0 0
1984 05 20 2.158000 0 0
1984 05 21 1.716000 0 0
1984 05 22 1.190000 0 0
1984 05 23 1.190000 0 0
1984 05 24 1.268000 0 0
1984 05 25 1.229000 0 0
1984 05 26 1.229000 0 0
1984 05 27 1.229000 0 0
1984 05 28 1.190000 0 0
1984 05 29 1.152000 0 0
1984 05 30 1.152000 0 0
1984 05 31 1.115000 0 0
1984 06 01 1.079000 0 0
1984 06 02 1.115000 0 0
1984 06 03 1.079000 0 0
1984 06 04 1.043000 0 0
1984 06 05 1.008000 0 0
1984 06 06 0.973000 0 0
1984 06 07 1.008000 0 0
1984 06 08 1.008000 0 0
1984 06 09 1.008000 0 0
1984 06 10 1.008000 0 0
1984 06 11 0.939000 0 0
1984 06 12 1.008000 0 0
1984 06 13 1.008000 0 0
1984 06 14 0.973000 0 0
1984 06 15 0.973000 0 0
1984 06 16 1.008000 0 0
1984 06 17 1.008000 0 0
1984 06 18 1.008000 0 0
1984 06 19 1.008000 0 0
1984 06 20 0.973000 0 0
1984 06 21 0.973000 0 0
1984 06 22 1.008000 0 0
1984 06 23 1.008000 0 0
1984 06 24 0.973000 0 0
1984 06 25 1.043000 0 0
1984 06 26 0.973000 0 0
1984 06 27 0.939000 0 0
1984 06 28 0.973000 0 0
1984 06 29 1.008000 0 0
1984 06 30 1.008000 0 0
1984 07 01 0.973000 0 0
1984 07 02 1.008000 0 0
1984 07 03 1.043000 0 0
1984 07 04 1.115000 0 0
1984 07 05 1.043000 0 0
1984 07 06 1.043000 0 0
1984 07 07 0.973000 0 0
1984 07 08 0.973000 0 0
1984 07 09 0.973000 0 0
1984 07 10 0.939000 0 0
1984 07 11 0.973000 0 0
1984 07 12 0.906000 0 0
1984 07 13 0.841000 0 0
1984 07 14 0.841000 0 0
1984 07 15 0.841000 0 0
1984 07 16 0.939000 0 0
1984 07 17 0.906000 0 0
1984 07 18 0.906000 0 0
1984 07 19 0.906000 0 0
1984 07 20 0.873000 0 0
1984 07 21 0.841000 0 0
1984 07 22 0.810000 0 0
1984 07 23 0.939000 0 0
1984 07 24 0.906000 0 0
1984 07 25 0.873000 0 0
1984 07 26 0.906000 0 0
1984 07 27 0.873000 0 0
1984 07 28 0.873000 0 0
1984 07 29 0.873000 0 0
1984 07 30 0.841000 0 0
1984 07 31 0.841000 0 0
1984 08 01 0.810000 0 0
1984 08 02 0.841000 0 0
1984 08 03 1.603000 0 0
1984 08 04 2.184000 0 0
1984 08 05 0.939000 0 0
1984 08 06 1.008000 0 0
1984 08 07 0.939000 0 0
1984 08 08 0.973000 0 0
1984 08 09 0.973000 0 0
1984 08 10 0.906000 0 0
1984 08 11 0.906000 0 0
1984 08 12 0.873000 0 0
1984 08 13 0.841000 0 0
1984 08 14 0.810000 0 0
1984 08 15 0.857000 0 0
1984 08 16 0.906000 0 0
1984 08 17 0.810000 0 0
1984 08 18 0.810000 0 0
1984 08 19 0.841000 0 0
1984 08 20 1.008000 0 0
1984 08 21 0.973000 0 0
1984 08 22 1.930000 0 0
1984 08 23 4.019000 0 0
1984 08 24 2.237000 0 0
1984 08 25 2.741000 0 0
1984 08 26 1.190000 0 0
1984 08 27 1.079000 0 0
1984 08 28 1.043000 0 0
1984 08 29 1.347000 0 0
1984 08 30 2.237000 0 0
1984 08 31 2.800000 0 0
1984 09 01 2.371000 0 0
1984 09 02 2.132000 0 0
1984 09 03 1.043000 0 0
1984 09 04 1.008000 0 0
1984 09 05 1.008000 0 0
1984 09 06 1.025000 0 0
1984 09 07 1.115000 0 0
1984 09 08 7.508000 0 0
1984 09 09 8.227000 0 0
1984 09 10 1.559000 0 0
1984 09 11 1.268000 0 0
1984 09 12 1.152000 0 0
1984 09 13 1.115000 0 0
1984 09 14 1.115000 0 0
1984 09 15 1.190000 0 0
1984 09 16 1.190000 0 0
1984 09 17 1.043000 0 0
1984 09 18 0.973000 0 0
1984 09 19 1.008000 0 0
1984 09 20 3.299000 0 0
1984 09 21 5.557000 0 0
1984 09 22 3.044000 0 0
1984 09 23 2.158000 0 0
1984 09 24 1.115000 0 0
1984 09 25 1.043000 0 0
1984 09 26 5.817000 0 0
1984 09 27 2.624000 0 0
1984 09 28 1.515000 0 0
1984 09 29 1.347000 0 0
1984 09 30 1.347000 0 0
1984 10 01 1.115000 0 0
1984 10 02 1.008000 0 0
1984 10 03 0.973000 0 0
1984 10 04 1.008000 0 0
1984 10 05 1.008000 0 0
1984 10 06 1.008000 0 0
1984 10 07 1.008000 0 0
1984 10 08 0.973000 0 0
1984 10 09 0.973000 0 0
1984 10 10 0.973000 0 0
1984 10 11 1.008000 0 0
1984 10 12 0.973000 0 0
1984 10 13 0.939000 0 0
1984 10 14 0.906000 0 0
1984 10 15 0.873000 0 0
1984 10 16 2.682000 0 0
1984 10 17 1.079000 0 0
1984 10 18 1.079000 0 0
1984 10 19 1.287000 0 0
1984 10 20 1.152000 0 0
1984 10 21 1.079000 0 0
1984 10 22 0.923000 0 0
1984 10 23 0.906000 0 0
1984 10 24 0.841000 0 0
1984 10 25 0.841000 0 0
1984 10 26 0.906000 0 0
1984 10 27 0.873000 0 0
1984 10 28 0.810000 0 0
1984 10 29 0.810000 0 0
1984 10 30 0.810000 0 0
1984 10 31 0.779000 0 0
1984 11 01 0.810000 0 0
1984 11 02 0.749000 0 0
1984 11 03 0.720000 0 0
1984 11 04 0.720000 0 0
1984 11 05 0.720000 0 0
1984 11 06 0.705000 0 0
1984 11 07 0.720000 0 0
1984 11 08 0.691000 0 0
1984 11 09 0.635000 0 0
1984 11 10 0.608000 0 0
1984 11 11 0.734000 0 0
1984 11 12 1.327000 0 0
1984 11 13 1.409000 0 0
1984 11 14 1.268000 0 0
1984 11 15 1.152000 0 0
1984 11 16 1.115000 0 0
1984 11 17 0.973000 0 0
1984 11 18 0.841000 0 0
1984 11 19 0.779000 0 0
1984 11 20 1.472000 0 0
1984 11 21 1.472000 0 0
1984 11 22 1.115000 0 0
1984 11 23 0.841000 0 0
1984 11 24 0.779000 0 0
1984 11 25 0.890000 0 0
1984 11 26 1.537000 0 0
1984 11 27 1.430000 0 0
1984 11 28 1.190000 0 0
1984 11 29 0.857000 0 0
1984 11 30 0.923000 0 0
1984 12 01 2.158000 0 0
1984 12 02 2.237000 0 0
1984 12 03 2.158000 0 0
1984 12 04 1.494000 0 0
1984 12 05 1.152000 0 0
1984 12 06 0.906000 0 0
1984 12 07 1.025000 0 0
1984 12 08 1.287000 0 0
1984 12 09 1.190000 0 0
1984 12 10 1.043000 0 0
1984 12 11 1.559000 0 0
1984 12 12 1.693000 0 0
1984 12 13 7.211000 0 0
1984 12 14 6.634000 0 0
1984 12 15 6.356000 0 0
1984 12 16 2.510000 0 0
1984 12 17 3.701000 0 0
1984 12 18 3.170000 0 0
1984 12 19 2.030000 0 0
1984 12 20 1.559000 0 0
1984 12 21 1.515000 0 0
1984 12 22 1.347000 0 0
1984 12 23 1.190000 0 0
1984 12 24 1.152000 0 0
1984 12 25 1.268000 0 0
1984 12 26 1.603000 0 0
1984 12 27 1.559000 0 0
1984 12 28 1.603000 0 0
1984 12 29 1.648000 0 0
1984 12 30 1.716000 0 0
1984 12 31 1.930000 0 0
1985 01 01 1.515000 0 0
1985 01 02 1.581000 0 0
1985 01 03 1.451000 0 0
1985 01 04 1.115000 0 0
1985 01 05 1.171000 0 0
1985 01 06 1.115000 0 0
1985 01 07 3.841000 0 0
1985 01 08 4.975000 0 0
1985 01 09 3.633000 0 0
1985 01 10 3.044000 0 0
1985 01 11 1.739000 0 0
1985 01 12 1.152000 0 0
1985 01 13 1.043000 0 0
1985 01 14 1.229000 0 0
1985 01 15 1.043000 0 0
1985 01 16 1.115000 0 0
1985 01 17 4.580000 0 0
1985 01 18 1.786000 0 0
1985 01 19 1.025000 0 0
1985 01 20 0.973000 0 0
1985 01 21 1.115000 0 0
1985 01 22 1.190000 0 0
1985 01 23 1.229000 0 0
1985 01 24 1.268000 0 0
1985 01 25 1.043000 0 0
1985 01 26 0.973000 0 0
1985 01 27 0.973000 0 0
1985 01 28 0.973000 0 0
1985 01 29 1.008000 0 0
1985 01 30 0.923000 0 0
1985 01 31 0.906000 0 0
1985 02 01 1.079000 0 0
1985 02 02 0.973000 0 0
1985 02 03 0.939000 0 0
1985 02 04 1.043000 0 0
1985 02 05 1.472000 0 0
1985 02 06 1.347000 0 0
1985 02 07 1.347000 0 0
1985 02 08 1.115000 0 0
1985 02 09 1.115000 0 0
1985 02 10 1.115000 0 0
1985 02 11 1.786000 0 0
1985 02 12 1.451000 0 0
1985 02 13 1.190000 0 0
1985 02 14 1.152000 0 0
1985 02 15 1.079000 0 0
1985 02 16 1.115000 0 0
1985 02 17 1.079000 0 0
1985 02 18 1.079000 0 0
1985 02 19 0.973000 0 0
1985 02 20 0.973000 0 0
1985 02 21 1.648000 0 0
1985 02 22 5.387000 0 0
1985 02 23 2.426000 0 0
1985 02 24 1.906000 0 0
1985 02 25 1.115000 0 0
1985 02 26 1.268000 0 0
1985 02 27 1.190000 0 0
1985 02 28 1.115000 0 0
1985 03 01 1.515000 0 0
1985 03 02 1.409000 0 0
1985 03 03 1.430000 0 0
1985 03 04 1.648000 0 0
1985 03 05 1.980000 0 0
1985 03 06 1.603000 0 0
1985 03 07 1.515000 0 0
1985 03 08 1.347000 0 0
1985 03 09 1.307000 0 0
1985 03 10 1.670000 0 0
1985 03 11 2.106000 0 0
1985 03 12 1.603000 0 0
1985 03 13 1.347000 0 0
1985 03 14 1.287000 0 0
1985 03 15 1.786000 0 0
1985 03 16 3.841000 0 0
1985 03 17 8.762000 0 0
1985 03 18 13.548000 0 0
1985 03 19 2.921000 0 0
1985 03 20 2.030000 0 0
1985 03 21 1.857000 0 0
1985 03 22 1.515000 0 0
1985 03 23 1.347000 0 0
1985 03 24 1.347000 0 0
1985 03 25 1.559000 0 0
1985 03 26 1.229000 0 0
1985 03 27 1.152000 0 0
1985 03 28 1.209000 0 0
1985 03 29 1.115000 0 0
1985 03 30 1.115000 0 0
1985 03 31 1.152000 0 0
1985 04 01 1.115000 0 0
1985 04 02 0.973000 0 0
1985 04 03 0.939000 0 0
1985 04 04 0.973000 0 0
1985 04 05 1.152000 0 0
1985 04 06 1.079000 0 0
1985 04 07 2.538000 0 0
1985 04 08 3.497000 0 0
1985 04 09 2.711000 0 0
1985 04 10 1.451000 0 0
1985 04 11 1.347000 0 0
1985 04 12 1.115000 0 0
1985 04 13 1.115000 0 0
1985 04 14 1.152000 0 0
1985 04 15 1.190000 0 0
1985 04 16 1.739000 0 0
1985 04 17 2.237000 0 0
1985 04 18 1.603000 0 0
1985 04 19 1.347000 0 0
1985 04 20 1.190000 0 0
1985 04 21 1.152000 0 0
1985 04 22 1.190000 0 0
1985 04 23 1.115000 0 0
1985 04 24 1.043000 0 0
1985 04 25 0.939000 0 0
1985 04 26 0.973000 0 0
1985 04 27 0.939000 0 0
1985 04 28 0.973000 0 0
1985 04 29 1.079000 0 0
1985 04 30 1.347000 0 0
1985 05 01 1.786000 0 0
1985 05 02 1.287000 0 0
1985 05 03 1.152000 0 0
1985 05 04 1.115000 0 0
1985 05 05 1.115000 0 0
1985 05 06 1.079000 0 0
1985 05 07 1.043000 0 0
1985 05 08 1.008000 0 0
1985 05 09 1.268000 0 0
1985 05 10 1.115000 0 0
1985 05 11 1.115000 0 0
1985 05 12 1.115000 0 0
1985 05 13 1.079000 0 0
1985 05 14 1.043000 0 0
1985 05 15 1.008000 0 0
1985 05 16 1.043000 0 0
1985 05 17 1.008000 0 0
1985 05 18 1.008000 0 0
1985 05 19 0.973000 0 0
1985 05 20 0.939000 0 0
1985 05 21 2.237000 0 0
1985 05 22 1.906000 0 0
1985 05 23 1.152000 0 0
1985 05 24 1.025000 0 0
1985 05 25 0.939000 0 0
1985 05 26 0.906000 0 0
1985 05 27 0.906000 0 0
1985 05 28 0.973000 0 0
1985 05 29 0.906000 0 0
1985 05 30 0.873000 0 0
1985 05 31 0.873000 0 0
1985 06 01 0.873000 0 0
1985 06 02 0.841000 0 0
1985 06 03 1.229000 0 0
1985 06 04 1.190000 0 0
1985 06 05 1.115000 0 0
1985 06 06 0.973000 0 0
1985 06 07 0.906000 0 0
1985 06 08 0.873000 0 0
1985 06 09 0.939000 0 0
1985 06 10 0.939000 0 0
1985 06 11 0.973000 0 0
1985 06 12 0.873000 0 0
1985 06 13 0.906000 0 0
1985 06 14 0.973000 0 0
1985 06 15 0.939000 0 0
1985 06 16 0.906000 0 0
1985 06 17 0.873000 0 0
1985 06 18 0.810000 0 0
1985 06 19 0.841000 0 0
1985 06 20 0.810000 0 0
1985 06 21 0.841000 0 0
1985 06 22 0.841000 0 0
1985 06 23 0.810000 0 0
1985 06 24 0.841000 0 0
1985 06 25 0.873000 0 0
1985 06 26 0.841000 0 0
1985 06 27 0.810000 0 0
1985 06 28 0.810000 0 0
1985 06 29 0.841000 0 0
1985 06 30 0.810000 0 0
1985 07 01 0.906000 0 0
1985 07 02 0.906000 0 0
1985 07 03 0.841000 0 0
1985 07 04 0.906000 0 0
1985 07 05 0.873000 0 0
1985 07 06 0.906000 0 0
1985 07 07 0.906000 0 0
1985 07 08 0.841000 0 0
1985 07 09 0.906000 0 0
1985 07 10 0.939000 0 0
1985 07 11 0.906000 0 0
1985 07 12 0.873000 0 0
1985 07 13 0.906000 0 0
1985 07 14 0.873000 0 0
1985 07 15 0.841000 0 0
1985 07 16 0.841000 0 0
1985 07 17 0.841000 0 0
1985 07 18 0.873000 0 0
1985 07 19 0.841000 0 0
1985 07 20 0.841000 0 0
1985 07 21 0.841000 0 0
1985 07 22 0.810000 0 0
1985 07 23 0.810000 0 0
1985 07 24 0.810000 0 0
1985 07 25 0.749000 0 0
1985 07 26 0.810000 0 0
1985 07 27 0.810000 0 0
1985 07 28 0.810000 0 0
1985 07 29 0.841000 0 0
1985 07 30 0.749000 0 0
1985 07 31 0.749000 0 0
1985 08 01 0.749000 0 0
1985 08 02 0.749000 0 0
1985 08 03 0.779000 0 0
1985 08 04 0.749000 0 0
1985 08 05 0.749000 0 0
1985 08 06 0.749000 0 0
1985 08 07 0.749000 0 0
1985 08 08 0.749000 0 0
1985 08 09 0.749000 0 0
1985 08 10 0.749000 0 0
1985 08 11 0.749000 0 0
1985 08 12 0.779000 0 0
1985 08 13 0.720000 0 0
1985 08 14 0.663000 0 0
1985 08 15 0.663000 0 0
1985 08 16 0.691000 0 0
1985 08 17 0.663000 0 0
1985 08 18 0.663000 0 0
1985 08 19 0.635000 0 0
1985 08 20 0.635000 0 0
1985 08 21 0.663000 0 0
1985 08 22 0.749000 0 0
1985 08 23 0.779000 0 0
1985 08 24 0.749000 0 0
1985 08 25 0.720000 0 0
1985 08 26 0.705000 0 0
1985 08 27 0.691000 0 0
1985 08 28 0.691000 0 0
1985 08 29 0.663000 0 0
1985 08 30 0.663000 0 0
1985 08 31 0.749000 0 0
1985 09 01 0.841000 0 0
1985 09 02 1.307000 0 0
1985 09 03 0.973000 0 0
1985 09 04 1.906000 0 0
1985 09 05 1.451000 0 0
1985 09 06 1.190000 0 0
1985 09 07 1.152000 0 0
1985 09 08 1.025000 0 0
1985 09 09 0.810000 0 0
1985 09 10 0.749000 0 0
1985 09 11 0.663000 0 0
1985 09 12 0.663000 0 0
1985 09 13 0.720000 0 0
1985 09 14 0.663000 0 0
1985 09 15 0.720000 0 0
1985 09 16 0.663000 0 0
1985 09 17 0.663000 0 0
1985 09 18 0.635000 0 0
1985 09 19 0.635000 0 0
1985 09 20 0.663000 0 0
1985 09 21 0.635000 0 0
1985 09 22 0.635000 0 0
1985 09 23 0.749000 0 0
1985 09 24 0.749000 0 0
1985 09 25 0.635000 0 0
1985 09 26 0.635000 0 0
1985 09 27 0.663000 0 0
1985 09 28 0.691000 0 0
1985 09 29 0.635000 0 0
1985 09 30 0.663000 0 0
1985 10 01 0.635000 0 0
1985 10 02 0.635000 0 0
1985 10 03 0.608000 0 0
1985 10 04 0.608000 0 0
1985 10 05 0.635000 0 0
1985 10 06 0.608000 0 0
1985 10 07 0.581000 0 0
1985 10 08 0.556000 0 0
1985 10 09 0.530000 0 0
1985 10 10 0.581000 0 0
1985 10 11 0.581000 0 0
1985 10 12 0.581000 0 0
1985 10 13 0.581000 0 0
1985 10 14 0.556000 0 0
1985 10 15 0.530000 0 0
1985 10 16 0.530000 0 0
1985 10 17 0.581000 0 0
1985 10 18 6.173000 0 0
1985 10 19 1.833000 0 0
1985 10 20 0.810000 0 0
1985 10 21 0.663000 0 0
1985 10 22 0.635000 0 0
1985 10 23 0.635000 0 0
1985 10 24 0.635000 0 0
1985 10 25 0.691000 0 0
1985 10 26 0.635000 0 0
1985 10 27 0.608000 0 0
1985 10 28 1.043000 0 0
1985 10 29 1.693000 0 0
1985 10 30 2.567000 0 0
1985 10 31 2.371000 0 0
1985 11 01 1.603000 0 0
1985 11 02 1.670000 0 0
1985 11 03 1.472000 0 0
1985 11 04 1.152000 0 0
1985 11 05 1.008000 0 0
1985 11 06 0.973000 0 0
1985 11 07 0.973000 0 0
1985 11 08 0.973000 0 0
1985 11 09 0.873000 0 0
1985 11 10 0.923000 0 0
1985 11 11 0.939000 0 0
1985 11 12 0.939000 0 0
1985 11 13 0.939000 0 0
1985 11 14 0.973000 0 0
1985 11 15 0.873000 0 0
1985 11 16 0.873000 0 0
1985 11 17 0.810000 0 0
1985 11 18 0.779000 0 0
1985 11 19 0.749000 0 0
1985 11 20 0.749000 0 0
1985 11 21 0.691000 0 0
1985 11 22 0.663000 0 0
1985 11 23 0.939000 0 0
1985 11 24 1.152000 0 0
1985 11 25 1.115000 0 0
1985 11 26 0.939000 0 0
1985 11 27 0.939000 0 0
1985 11 28 0.923000 0 0
1985 11 29 0.873000 0 0
1985 11 30 0.810000 0 0
1985 12 01 0.556000 0 0
1985 12 02 0.595000 0 0
1985 12 03 0.841000 0 0
1985 12 04 1.115000 0 0
1985 12 05 0.873000 0 0
1985 12 06 0.779000 0 0
1985 12 07 0.663000 0 0
1985 12 08 0.635000 0 0
1985 12 09 0.635000 0 0
1985 12 10 0.581000 0 0
1985 12 11 0.530000 0 0
1985 12 12 0.530000 0 0
1985 12 13 0.608000 0 0
1985 12 14 0.635000 0 0
1985 12 15 0.663000 0 0
1985 12 16 0.635000 0 0
1985 12 17 0.581000 0 0
1985 12 18 0.530000 0 0
1985 12 19 0.530000 0 0
1985 12 20 0.530000 0 0
1985 12 21 0.581000 0 0
1985 12 22 0.530000 0 0
1985 12 23 0.556000 0 0
1985 12 24 0.734000 0 0
1985 12 25 1.043000 0 0
1985 12 26 1.025000 0 0
1985 12 27 1.152000 0 0
1985 12 28 0.973000 0 0
1985 12 29 0.906000 0 0
1985 12 30 0.749000 0 0
1985 12 31 0.663000 0 0
1986 01 01 0.608000 0 0
1986 01 02 0.581000 0 0
1986 01 03 0.581000 0 0
1986 01 04 0.581000 0 0
1986 01 05 0.581000 0 0
1986 01 06 0.556000 0 0
1986 01 07 0.556000 0 0
1986 01 08 0.506000 0 0
1986 01 09 0.482000 0 0
1986 01 10 0.506000 0 0
1986 01 11 0.568000 0 0
1986 01 12 1.025000 0 0
1986 01 13 0.973000 0 0
1986 01 14 0.906000 0 0
1986 01 15 0.857000 0 0
1986 01 16 0.873000 0 0
1986 01 17 0.635000 0 0
1986 01 18 0.556000 0 0
1986 01 19 0.530000 0 0
1986 01 20 0.581000 0 0
1986 01 21 0.530000 0 0
1986 01 22 0.608000 0 0
1986 01 23 0.621000 0 0
1986 01 24 0.705000 0 0
1986 01 25 0.608000 0 0
1986 01 26 0.581000 0 0
1986 01 27 0.530000 0 0
1986 01 28 0.556000 0 0
1986 01 29 0.581000 0 0
1986 01 30 0.556000 0 0
1986 01 31 0.530000 0 0
1986 02 01 0.556000 0 0
1986 02 02 0.810000 0 0
1986 02 03 1.097000 0 0
1986 02 04 0.873000 0 0
1986 02 05 0.749000 0 0
1986 02 06 0.635000 0 0
1986 02 07 0.608000 0 0
1986 02 08 0.530000 0 0
1986 02 09 0.635000 0 0
1986 02 10 0.841000 0 0
1986 02 11 0.939000 0 0
1986 02 12 8.493000 0 0
1986 02 13 1.061000 0 0
1986 02 14 0.973000 0 0
1986 02 15 0.973000 0 0
1986 02 16 0.939000 0 0
1986 02 17 0.841000 0 0
1986 02 18 0.810000 0 0
1986 02 19 0.841000 0 0
1986 02 20 1.739000 0 0
1986 02 21 16.203000 0 0
1986 02 22 9.885000 0 0
1986 02 23 2.567000 0 0
1986 02 24 1.025000 0 0
1986 02 25 0.841000 0 0
1986 02 26 0.779000 0 0
1986 02 27 0.705000 0 0
1986 02 28 1.430000 0 0
1986 03 01 2.290000 0 0
1986 03 02 2.800000 0 0
1986 03 03 1.537000 0 0
1986 03 04 1.287000 0 0
1986 03 05 1.559000 0 0
1986 03 06 1.693000 0 0
1986 03 07 1.347000 0 0
1986 03 08 1.347000 0 0
1986 03 09 1.268000 0 0
1986 03 10 1.152000 0 0
1986 03 11 1.043000 0 0
1986 03 12 1.559000 0 0
1986 03 13 1.786000 0 0
1986 03 14 1.307000 0 0
1986 03 15 1.229000 0 0
1986 03 16 1.152000 0 0
1986 03 17 1.079000 0 0
1986 03 18 1.043000 0 0
1986 03 19 1.115000 0 0
1986 03 20 1.115000 0 0
1986 03 21 0.973000 0 0
1986 03 22 1.043000 0 0
1986 03 23 1.097000 0 0
1986 03 24 1.079000 0 0
1986 03 25 0.939000 0 0
1986 03 26 1.190000 0 0
1986 03 27 1.287000 0 0
1986 03 28 1.190000 0 0
1986 03 29 1.190000 0 0
1986 03 30 2.158000 0 0
1986 03 31 1.451000 0 0
1986 04 01 1.115000 0 0
1986 04 02 1.079000 0 0
1986 04 03 0.939000 0 0
1986 04 04 0.973000 0 0
1986 04 05 0.939000 0 0
1986 04 06 0.939000 0 0
1986 04 07 1.008000 0 0
1986 04 08 0.939000 0 0
1986 04 09 0.841000 0 0
1986 04 10 0.841000 0 0
1986 04 11 0.810000 0 0
1986 04 12 0.873000 0 0
1986 04 13 0.749000 0 0
1986 04 14 0.705000 0 0
1986 04 15 0.923000 0 0
1986 04 16 0.973000 0 0
1986 04 17 0.906000 0 0
1986 04 18 0.810000 0 0
1986 04 19 0.749000 0 0
1986 04 20 0.779000 0 0
1986 04 21 0.779000 0 0
1986 04 22 0.749000 0 0
1986 04 23 0.720000 0 0
1986 04 24 0.691000 0 0
1986 04 25 0.663000 0 0
1986 04 26 0.691000 0 0
1986 04 27 0.779000 0 0
1986 04 28 0.663000 0 0
1986 04 29 0.663000 0 0
1986 04 30 0.663000 0 0
1986 05 01 0.635000 0 0
1986 05 02 0.663000 0 0
1986 05 03 0.635000 0 0
1986 05 04 0.663000 0 0
1986 05 05 0.635000 0 0
1986 05 06 1.430000 0 0
1986 05 07 1.307000 0 0
1986 05 08 1.347000 0 0
1986 05 09 1.115000 0 0
1986 05 10 0.939000 0 0
1986 05 11 0.810000 0 0
1986 05 12 0.906000 0 0
1986 05 13 0.841000 0 0
1986 05 14 0.749000 0 0
1986 05 15 0.691000 0 0
1986 05 16 0.635000 0 0
1986 05 17 0.663000 0 0
1986 05 18 1.625000 0 0
1986 05 19 2.030000 0 0
1986 05 20 1.152000 0 0
1986 05 21 0.973000 0 0
1986 05 22 0.906000 0 0
1986 05 23 0.939000 0 0
1986 05 24 0.939000 0 0
1986 05 25 0.906000 0 0
1986 05 26 0.991000 0 0
1986 05 27 0.973000 0 0
1986 05 28 1.025000 0 0
1986 05 29 0.939000 0 0
1986 05 30 0.873000 0 0
1986 05 31 0.906000 0 0
1986 06 01 0.810000 0 0
1986 06 02 0.873000 0 0
1986 06 03 0.841000 0 0
1986 06 04 0.810000 0 0
1986 06 05 0.841000 0 0
1986 06 06 0.810000 0 0
1986 06 07 0.810000 0 0
1986 06 08 0.749000 0 0
1986 06 09 0.749000 0 0
1986 06 10 0.779000 0 0
1986 06 11 0.749000 0 0
1986 06 12 0.749000 0 0
1986 06 13 0.749000 0 0
1986 06 14 0.779000 0 0
1986 06 15 0.720000 0 0
1986 06 16 0.691000 0 0
1986 06 17 0.691000 0 0
1986 06 18 0.720000 0 0
1986 06 19 0.720000 0 0
1986 06 20 0.749000 0 0
1986 06 21 0.749000 0 0
1986 06 22 0.749000 0 0
1986 06 23 0.720000 0 0
1986 06 24 0.691000 0 0
1986 06 25 0.749000 0 0
1986 06 26 0.720000 0 0
1986 06 27 0.749000 0 0
1986 06 28 0.691000 0 0
1986 06 29 0.749000 0 0
1986 06 30 0.720000 0 0
1986 07 01 0.720000 0 0
1986 07 02 0.691000 0 0
1986 07 03 0.691000 0 0
1986 07 04 0.720000 0 0
1986 07 05 0.779000 0 0
1986 07 06 0.691000 0 0
1986 07 07 0.691000 0 0
1986 07 08 0.720000 0 0
1986 07 09 0.749000 0 0
1986 07 10 0.749000 0 0
1986 07 11 0.749000 0 0
1986 07 12 0.749000 0 0
1986 07 13 0.779000 0 0
1986 07 14 0.720000 0 0
1986 07 15 0.749000 0 0
1986 07 16 0.779000 0 0
1986 07 17 0.749000 0 0
1986 07 18 0.720000 0 0
1986 07 19 0.720000 0 0
1986 07 20 0.691000 0 0
1986 07 21 0.720000 0 0
1986 07 22 0.749000 0 0
1986 07 23 0.749000 0 0
1986 07 24 0.749000 0 0
1986 07 25 0.720000 0 0
1986 07 26 0.779000 0 0
1986 07 27 0.749000 0 0
1986 07 28 0.749000 0 0
1986 07 29 0.749000 0 0
1986 07 30 0.810000 0 0
1986 07 31 100000.000000 0 0
1986 08 01 100000.000000 0 0
1986 08 02 100000.000000 0 0
1986 08 03 100000.000000 0 0
1986 08 04 100000.000000 0 0
1986 08 05 100000.000000 0 0
1986 08 06 100000.000000 0 0
1986 08 07 100000.000000 0 0
1986 08 08 100000.000000 0 0
1986 08 09 100000.000000 0 0
1986 08 10 100000.000000 0 0
1986 08 11 100000.000000 0 0
1986 08 12 100000.000000 0 0
1986 08 13 100000.000000 0 0
1986 08 14 100000.000000 0 0
1986 08 15 100000.000000 0 0
1986 08 16 0.810000 0 0
1986 08 17 0.841000 0 0
1986 08 18 0.779000 0 0
1986 08 19 0.749000 0 0
1986 08 20 0.779000 0 0
1986 08 21 4.975000 0 0
1986 08 22 3.841000 0 0
1986 08 23 9.036000 0 0
1986 08 24 2.290000 0 0
1986 08 25 1.190000 0 0
1986 08 26 1.115000 0 0
1986 08 27 1.115000 0 0
1986 08 28 1.190000 0 0
1986 08 29 1.152000 0 0
1986 08 30 1.079000 0 0
1986 08 31 1.079000 0 0
1986 09 01 100000.000000 0 0
1986 09 02 100000.000000 0 0
1986 09 03 100000.000000 0 0
1986 09 04 100000.000000 0 0
1986 09 05 100000.000000 0 0
1986 09 06 100000.000000 0 0
1986 09 07 100000.000000 0 0
1986 09 08 100000.000000 0 0
1986 09 09 100000.000000 0 0
1986 09 10 100000.000000 0 0
1986 09 11 100000.000000 0 0
1986 09 12 100000.000000 0 0
1986 09 13 100000.000000 0 0
1986 09 14 100000.000000 0 0
1986 09 15 100000.000000 0 0
1986 09 16 100000.000000 0 0
1986 09 17 100000.000000 0 0
1986 09 18 100000.000000 0 0
1986 09 19 100000.000000 0 0
1986 09 20 100000.000000 0 0
1986 09 21 100000.000000 0 0
1986 09 22 100000.000000 0 0
1986 09 23 100000.000000 0 0
1986 09 24 100000.000000 0 0
1986 09 25 100000.000000 0 0
1986 09 26 100000.000000 0 0
1986 09 27 100000.000000 0 0
1986 09 28 100000.000000 0 0
1986 09 29 100000.000000 0 0
1986 09 30 100000.000000 0 0
1986 10 01 100000.000000 0 0
1986 10 02 100000.000000 0 0
1986 10 03 100000.000000 0 0
1986 10 04 100000.000000 0 0
1986 10 05 100000.000000 0 0
1986 10 06 100000.000000 0 0
1986 10 07 100000.000000 0 0
1986 10 08 100000.000000 0 0
1986 10 09 100000.000000 0 0
1986 10 10 100000.000000 0 0
1986 10 11 100000.000000 0 0
1986 10 12 100000.000000 0 0
1986 10 13 100000.000000 0 0
1986 10 14 100000.000000 0 0
1986 10 15 100000.000000 0 0
1986 10 16 100000.000000 0 0
1986 10 17 100000.000000 0 0
1986 10 18 100000.000000 0 0
1986 10 19 100000.000000 0 0
1986 10 20 100000.000000 0 0
1986 10 21 100000.000000 0 0
1986 10 22 100000.000000 0 0
1986 10 23 100000.000000 0 0
1986 10 24 100000.000000 0 0
1986 10 25 100000.000000 0 0
1986 10 26 100000.000000 0 0
1986 10 27 100000.000000 0 0
1986 10 28 100000.000000 0 0
1986 10 29 100000.000000 0 0
1986 10 30 100000.000000 0 0
1986 10 31 100000.000000 0 0
1986 11 01 100000.000000 0 0
1986 11 02 100000.000000 0 0
1986 11 03 100000.000000 0 0
1986 11 04 100000.000000 0 0
1986 11 05 100000.000000 0 0
1986 11 06 100000.000000 0 0
1986 11 07 100000.000000 0 0
1986 11 08 100000.000000 0 0
1986 11 09 100000.000000 0 0
1986 11 10 100000.000000 0 0
1986 11 11 100000.000000 0 0
1986 11 12 100000.000000 0 0
1986 11 13 100000.000000 0 0
1986 11 14 100000.000000 0 0
1986 11 15 100000.000000 0 0
1986 11 16 100000.000000 0 0
1986 11 17 100000.000000 0 0
1986 11 18 100000.000000 0 0
1986 11 19 100000.000000 0 0
1986 11 20 100000.000000 0 0
1986 11 21 100000.000000 0 0
1986 11 22 100000.000000 0 0
1986 11 23 100000.000000 0 0
1986 11 24 100000.000000 0 0
1986 11 25 100000.000000 0 0
1986 11 26 100000.000000 0 0
1986 11 27 100000.000000 0 0
1986 11 28 100000.000000 0 0
1986 11 29 100000.000000 0 0
1986 11 30 100000.000000 0 0
1986 12 01 100000.000000 0 0
1986 12 02 100000.000000 0 0
1986 12 03 100000.000000 0 0
1986 12 04 100000.000000 0 0
1986 12 05 100000.000000 0 0
1986 12 06 100000.000000 0 0
1986 12 07 100000.000000 0 0
1986 12 08 100000.000000 0 0
1986 12 09 100000.000000 0 0
1986 12 10 100000.000000 0 0
1986 12 11 100000.000000 0 0
1986 12 12 100000.000000 0 0
1986 12 13 100000.000000 0 0
1986 12 14 100000.000000 0 0
1986 12 15 100000.000000 0 0
1986 12 16 100000.000000 0 0
1986 12 17 100000.000000 0 0
1986 12 18 100000.000000 0 0
1986 12 19 100000.000000 0 0
1986 12 20 100000.000000 0 0
1986 12 21 100000.000000 0 0
1986 12 22 100000.000000 0 0
1986 12 23 100000.000000 0 0
1986 12 24 100000.000000 0 0
1986 12 25 100000.000000 0 0
1986 12 26 100000.000000 0 0
1986 12 27 100000.000000 0 0
1986 12 28 100000.000000 0 0
1986 12 29 100000.000000 0 0
1986 12 30 100000.000000 0 0
1986 12 31 100000.000000 0 0
1987 01 01 100000.000000 0 0
1987 01 02 100000.000000 0 0
1987 01 03 100000.000000 0 0
1987 01 04 100000.000000 0 0
1987 01 05 100000.000000 0 0
1987 01 06 100000.000000 0 0
1987 01 07 100000.000000 0 0
1987 01 08 100000.000000 0 0
1987 01 09 100000.000000 0 0
1987 01 10 100000.000000 0 0
1987 01 11 100000.000000 0 0
1987 01 12 100000.000000 0 0
1987 01 13 100000.000000 0 0
1987 01 14 100000.000000 0 0
1987 01 15 100000.000000 0 0
1987 01 16 100000.000000 0 0
1987 01 17 100000.000000 0 0
1987 01 18 100000.000000 0 0
1987 01 19 100000.000000 0 0
1987 01 20 100000.000000 0 0
1987 01 21 100000.000000 0 0
1987 01 22 100000.000000 0 0
1987 01 23 100000.000000 0 0
1987 01 24 100000.000000 0 0
1987 01 25 100000.000000 0 0
1987 01 26 100000.000000 0 0
1987 01 27 100000.000000 0 0
1987 01 28 100000.000000 0 0
1987 01 29 100000.000000 0 0
1987 01 30 100000.000000 0 0
1987 01 31 100000.000000 0 0
1987 02 01 100000.000000 0 0
1987 02 02 100000.000000 0 0
1987 02 03 100000.000000 0 0
1987 02 04 100000.000000 0 0
1987 02 05 100000.000000 0 0
1987 02 06 100000.000000 0 0
1987 02 07 100000.000000 0 0
1987 02 08 100000.000000 0 0
1987 02 09 100000.000000 0 0
1987 02 10 100000.000000 0 0
1987 02 11 100000.000000 0 0
1987 02 12 100000.000000 0 0
1987 02 13 100000.000000 0 0
1987 02 14 100000.000000 0 0
1987 02 15 100000.000000 0 0
1987 02 16 100000.000000 0 0
1987 02 17 100000.000000 0 0
1987 02 18 100000.000000 0 0
1987 02 19 100000.000000 0 0
1987 02 20 100000.000000 0 0
1987 02 21 100000.000000 0 0
1987 02 22 100000.000000 0 0
1987 02 23 100000.000000 0 0
1987 02 24 100000.000000 0 0
1987 02 25 100000.000000 0 0
1987 02 26 100000.000000 0 0
1987 02 27 100000.000000 0 0
1987 02 28 100000.000000 0 0
1987 03 01 100000.000000 0 0
1987 03 02 100000.000000 0 0
1987 03 03 100000.000000 0 0
1987 03 04 100000.000000 0 0
1987 03 05 100000.000000 0 0
1987 03 06 100000.000000 0 0
1987 03 07 100000.000000 0 0
1987 03 08 100000.000000 0 0
1987 03 09 100000.000000 0 0
1987 03 10 100000.000000 0 0
1987 03 11 100000.000000 0 0
1987 03 12 100000.000000 0 0
1987 03 13 100000.000000 0 0
1987 03 14 100000.000000 0 0
1987 03 15 100000.000000 0 0
1987 03 16 100000.000000 0 0
1987 03 17 100000.000000 0 0
1987 03 18 100000.000000 0 0
1987 03 19 100000.000000 0 0
1987 03 20 100000.000000 0 0
1987 03 21 100000.000000 0 0
1987 03 22 100000.000000 0 0
1987 03 23 100000.000000 0 0
1987 03 24 100000.000000 0 0
1987 03 25 100000.000000 0 0
1987 03 26 100000.000000 0 0
1987 03 27 100000.000000 0 0
1987 03 28 100000.000000 0 0
1987 03 29 100000.000000 0 0
1987 03 30 100000.000000 0 0
1987 03 31 100000.000000 0 0
1987 04 01 100000.000000 0 0
1987 04 02 100000.000000 0 0
1987 04 03 100000.000000 0 0
1987 04 04 100000.000000 0 0
1987 04 05 100000.000000 0 0
1987 04 06 100000.000000 0 0
1987 04 07 100000.000000 0 0
1987 04 08 100000.000000 0 0
1987 04 09 100000.000000 0 0
1987 04 10 100000.000000 0 0
1987 04 11 100000.000000 0 0
1987 04 12 100000.000000 0 0
1987 04 13 100000.000000 0 0
1987 04 14 100000.000000 0 0
1987 04 15 100000.000000 0 0
1987 04 16 100000.000000 0 0
1987 04 17 100000.000000 0 0
1987 04 18 100000.000000 0 0
1987 04 19 100000.000000 0 0
1987 04 20 100000.000000 0 0
1987 04 21 100000.000000 0 0
1987 04 22 100000.000000 0 0
1987 04 23 100000.000000 0 0
1987 04 24 100000.000000 0 0
1987 04 25 100000.000000 0 0
1987 04 26 100000.000000 0 0
1987 04 27 100000.000000 0 0
1987 04 28 100000.000000 0 0
1987 04 29 100000.000000 0 0
1987 04 30 100000.000000 0 0
1987 05 01 100000.000000 0 0
1987 05 02 100000.000000 0 0
1987 05 03 100000.000000 0 0
1987 05 04 100000.000000 0 0
1987 05 05 100000.000000 0 0
1987 05 06 100000.000000 0 0
1987 05 07 100000.000000 0 0
1987 05 08 100000.000000 0 0
1987 05 09 100000.000000 0 0
1987 05 10 100000.000000 0 0
1987 05 11 100000.000000 0 0
1987 05 12 100000.000000 0 0
1987 05 13 100000.000000 0 0
1987 05 14 100000.000000 0 0
1987 05 15 100000.000000 0 0
1987 05 16 100000.000000 0 0
1987 05 17 100000.000000 0 0
1987 05 18 100000.000000 0 0
1987 05 19 100000.000000 0 0
1987 05 20 100000.000000 0 0
1987 05 21 100000.000000 0 0
1987 05 22 100000.000000 0 0
1987 05 23 100000.000000 0 0
1987 05 24 100000.000000 0 0
1987 05 25 100000.000000 0 0
1987 05 26 100000.000000 0 0
1987 05 27 100000.000000 0 0
1987 05 28 100000.000000 0 0
1987 05 29 100000.000000 0 0
1987 05 30 100000.000000 0 0
1987 05 31 100000.000000 0 0
1987 06 01 100000.000000 0 0
1987 06 02 100000.000000 0 0
1987 06 03 100000.000000 0 0
1987 06 04 100000.000000 0 0
1987 06 05 100000.000000 0 0
1987 06 06 100000.000000 0 0
1987 06 07 100000.000000 0 0
1987 06 08 100000.000000 0 0
1987 06 09 100000.000000 0 0
1987 06 10 100000.000000 0 0
1987 06 11 100000.000000 0 0
1987 06 12 100000.000000 0 0
1987 06 13 100000.000000 0 0
1987 06 14 100000.000000 0 0
1987 06 15 100000.000000 0 0
1987 06 16 100000.000000 0 0
1987 06 17 100000.000000 0 0
1987 06 18 100000.000000 0 0
1987 06 19 100000.000000 0 0
1987 06 20 100000.000000 0 0
1987 06 21 100000.000000 0 0
1987 06 22 100000.000000 0 0
1987 06 23 100000.000000 0 0
1987 06 24 100000.000000 0 0
1987 06 25 100000.000000 0 0
1987 06 26 100000.000000 0 0
1987 06 27 100000.000000 0 0
1987 06 28 100000.000000 0 0
1987 06 29 100000.000000 0 0
1987 06 30 100000.000000 0 0
1987 07 01 100000.000000 0 0
1987 07 02 100000.000000 0 0
1987 07 03 100000.000000 0 0
1987 07 04 100000.000000 0 0
1987 07 05 100000.000000 0 0
1987 07 06 100000.000000 0 0
1987 07 07 100000.000000 0 0
1987 07 08 100000.000000 0 0
1987 07 09 100000.000000 0 0
1987 07 10 100000.000000 0 0
1987 07 11 100000.000000 0 0
1987 07 12 100000.000000 0 0
1987 07 13 100000.000000 0 0
1987 07 14 100000.000000 0 0
1987 07 15 100000.000000 0 0
1987 07 16 100000.000000 0 0
1987 07 17 100000.000000 0 0
1987 07 18 100000.000000 0 0
1987 07 19 100000.000000 0 0
1987 07 20 100000.000000 0 0
1987 07 21 100000.000000 0 0
1987 07 22 100000.000000 0 0
1987 07 23 100000.000000 0 0
1987 07 24 100000.000000 0 0
1987 07 25 100000.000000 0 0
1987 07 26 100000.000000 0 0
1987 07 27 100000.000000 0 0
1987 07 28 100000.000000 0 0
1987 07 29 100000.000000 0 0
1987 07 30 100000.000000 0 0
1987 07 31 100000.000000 0 0
