year month day streamflow_m3s qual_control_by_ana qual_flag
1938 11 01 100000.000000 0 0
1938 11 02 100000.000000 0 0
1938 11 03 100000.000000 0 0
1938 11 04 100000.000000 0 0
1938 11 05 100000.000000 0 0
1938 11 06 100000.000000 0 0
1938 11 07 100000.000000 0 0
1938 11 08 100000.000000 0 0
1938 11 09 100000.000000 0 0
1938 11 10 100000.000000 0 0
1938 11 11 100000.000000 0 0
1938 11 12 100000.000000 0 0
1938 11 13 1.516000 0 0
1938 11 14 1.433000 0 0
1938 11 15 1.379000 0 0
1938 11 16 1.406000 0 0
1938 11 17 4.443000 0 0
1938 11 18 2.417000 0 0
1938 11 19 1.689000 0 0
1938 11 20 1.631000 0 0
1938 11 21 1.573000 0 0
1938 11 22 1.969000 0 0
1938 11 23 1.780000 0 0
1938 11 24 1.573000 0 0
1938 11 25 1.631000 0 0
1938 11 26 1.545000 0 0
1938 11 27 1.573000 0 0
1938 11 28 2.323000 0 0
1938 11 29 2.054000 0 0
1938 11 30 1.689000 0 0
1938 12 01 5.266000 0 0
1938 12 02 3.659000 0 0
1938 12 03 2.514000 0 0
1938 12 04 1.969000 0 0
1938 12 05 1.780000 0 0
1938 12 06 1.719000 0 0
1938 12 07 1.719000 0 0
1938 12 08 1.810000 0 0
1938 12 09 2.232000 0 0
1938 12 10 2.764000 0 0
1938 12 11 2.370000 0 0
1938 12 12 2.054000 0 0
1938 12 13 2.186000 0 0
1938 12 14 1.886000 0 0
1938 12 15 1.886000 0 0
1938 12 16 6.505000 0 0
1938 12 17 4.344000 0 0
1938 12 18 3.249000 0 0
1938 12 19 2.417000 0 0
1938 12 20 2.465000 0 0
1938 12 21 2.465000 0 0
1938 12 22 2.277000 0 0
1938 12 23 2.232000 0 0
1938 12 24 2.514000 0 0
1938 12 25 3.599000 0 0
1938 12 26 3.781000 0 0
1938 12 27 2.921000 0 0
1938 12 28 2.514000 0 0
1938 12 29 2.370000 0 0
1938 12 30 2.186000 0 0
1938 12 31 2.277000 0 0
1939 01 01 3.962000 0 0
1939 01 02 4.344000 0 0
1939 01 03 5.702000 0 0
1939 01 04 3.686000 0 0
1939 01 05 2.914000 0 0
1939 01 06 2.487000 0 0
1939 01 07 2.265000 0 0
1939 01 08 2.308000 0 0
1939 01 09 3.246000 0 0
1939 01 10 3.686000 0 0
1939 01 11 3.332000 0 0
1939 01 12 3.332000 0 0
1939 01 13 2.487000 0 0
1939 01 14 2.441000 0 0
1939 01 15 5.482000 0 0
1939 01 16 3.596000 0 0
1939 01 17 3.246000 0 0
1939 01 18 2.754000 0 0
1939 01 19 2.579000 0 0
1939 01 20 2.396000 0 0
1939 01 21 2.396000 0 0
1939 01 22 2.265000 0 0
1939 01 23 2.487000 0 0
1939 01 24 2.265000 0 0
1939 01 25 3.962000 0 0
1939 01 26 3.507000 0 0
1939 01 27 2.532000 0 0
1939 01 28 2.308000 0 0
1939 01 29 5.373000 0 0
1939 01 30 3.419000 0 0
1939 01 31 2.532000 0 0
1939 02 01 2.308000 0 0
1939 02 02 2.222000 0 0
1939 02 03 2.441000 0 0
1939 02 04 2.833000 0 0
1939 02 05 2.754000 0 0
1939 02 06 2.487000 0 0
1939 02 07 2.179000 0 0
1939 02 08 2.179000 0 0
1939 02 09 2.352000 0 0
1939 02 10 3.596000 0 0
1939 02 11 3.507000 0 0
1939 02 12 2.487000 0 0
1939 02 13 2.487000 0 0
1939 02 14 2.914000 0 0
1939 02 15 2.222000 0 0
1939 02 16 2.096000 0 0
1939 02 17 2.096000 0 0
1939 02 18 1.974000 0 0
1939 02 19 1.974000 0 0
1939 02 20 1.974000 0 0
1939 02 21 1.974000 0 0
1939 02 22 1.935000 0 0
1939 02 23 3.162000 0 0
1939 02 24 3.962000 0 0
1939 02 25 2.579000 0 0
1939 02 26 2.396000 0 0
1939 02 27 2.179000 0 0
1939 02 28 1.974000 0 0
1939 03 01 4.846000 0 0
1939 03 02 2.579000 0 0
1939 03 03 2.308000 0 0
1939 03 04 2.014000 0 0
1939 03 05 1.935000 0 0
1939 03 06 1.896000 0 0
1939 03 07 1.857000 0 0
1939 03 08 1.781000 0 0
1939 03 09 1.781000 0 0
1939 03 10 1.781000 0 0
1939 03 11 1.744000 0 0
1939 03 12 1.857000 0 0
1939 03 13 2.137000 0 0
1939 03 14 1.974000 0 0
1939 03 15 2.096000 0 0
1939 03 16 2.914000 0 0
1939 03 17 2.308000 0 0
1939 03 18 2.265000 0 0
1939 03 19 1.974000 0 0
1939 03 20 1.935000 0 0
1939 03 21 1.857000 0 0
1939 03 22 1.819000 0 0
1939 03 23 1.781000 0 0
1939 03 24 1.781000 0 0
1939 03 25 5.054000 0 0
1939 03 26 2.222000 0 0
1939 03 27 2.014000 0 0
1939 03 28 1.819000 0 0
1939 03 29 1.781000 0 0
1939 03 30 2.487000 0 0
1939 03 31 2.096000 0 0
1939 04 01 1.974000 0 0
1939 04 02 1.935000 0 0
1939 04 03 2.014000 0 0
1939 04 04 1.744000 0 0
1939 04 05 1.707000 0 0
1939 04 06 1.707000 0 0
1939 04 07 1.819000 0 0
1939 04 08 1.707000 0 0
1939 04 09 1.671000 0 0
1939 04 10 1.635000 0 0
1939 04 11 1.599000 0 0
1939 04 12 1.565000 0 0
1939 04 13 1.565000 0 0
1939 04 14 1.565000 0 0
1939 04 15 1.530000 0 0
1939 04 16 1.530000 0 0
1939 04 17 1.496000 0 0
1939 04 18 1.496000 0 0
1939 04 19 1.496000 0 0
1939 04 20 1.496000 0 0
1939 04 21 1.462000 0 0
1939 04 22 1.462000 0 0
1939 04 23 1.462000 0 0
1939 04 24 1.781000 0 0
1939 04 25 1.635000 0 0
1939 04 26 1.599000 0 0
1939 04 27 1.781000 0 0
1939 04 28 1.819000 0 0
1939 04 29 1.744000 0 0
1939 04 30 1.707000 0 0
1939 05 01 1.496000 0 0
1939 05 02 1.496000 0 0
1939 05 03 1.429000 0 0
1939 05 04 1.429000 0 0
1939 05 05 1.429000 0 0
1939 05 06 1.429000 0 0
1939 05 07 1.429000 0 0
1939 05 08 1.707000 0 0
1939 05 09 3.869000 0 0
1939 05 10 3.962000 0 0
1939 05 11 2.179000 0 0
1939 05 12 1.707000 0 0
1939 05 13 1.565000 0 0
1939 05 14 1.530000 0 0
1939 05 15 1.496000 0 0
1939 05 16 1.462000 0 0
1939 05 17 1.462000 0 0
1939 05 18 1.429000 0 0
1939 05 19 1.429000 0 0
1939 05 20 1.396000 0 0
1939 05 21 1.396000 0 0
1939 05 22 1.332000 0 0
1939 05 23 1.332000 0 0
1939 05 24 1.332000 0 0
1939 05 25 1.332000 0 0
1939 05 26 1.332000 0 0
1939 05 27 1.270000 0 0
1939 05 28 1.270000 0 0
1939 05 29 1.671000 0 0
1939 05 30 2.222000 0 0
1939 05 31 1.974000 0 0
1939 06 01 1.599000 0 0
1939 06 02 1.429000 0 0
1939 06 03 1.496000 0 0
1939 06 04 1.671000 0 0
1939 06 05 1.635000 0 0
1939 06 06 1.599000 0 0
1939 06 07 1.462000 0 0
1939 06 08 1.429000 0 0
1939 06 09 1.332000 0 0
1939 06 10 1.462000 0 0
1939 06 11 1.819000 0 0
1939 06 12 1.635000 0 0
1939 06 13 1.599000 0 0
1939 06 14 1.396000 0 0
1939 06 15 1.332000 0 0
1939 06 16 4.542000 0 0
1939 06 17 2.441000 0 0
1939 06 18 2.179000 0 0
1939 06 19 1.671000 0 0
1939 06 20 1.496000 0 0
1939 06 21 1.396000 0 0
1939 06 22 1.396000 0 0
1939 06 23 1.396000 0 0
1939 06 24 1.396000 0 0
1939 06 25 1.364000 0 0
1939 06 26 1.364000 0 0
1939 06 27 1.364000 0 0
1939 06 28 1.332000 0 0
1939 06 29 1.364000 0 0
1939 06 30 1.565000 0 0
1939 07 01 1.396000 0 0
1939 07 02 1.364000 0 0
1939 07 03 1.364000 0 0
1939 07 04 1.332000 0 0
1939 07 05 1.332000 0 0
1939 07 06 1.332000 0 0
1939 07 07 1.332000 0 0
1939 07 08 1.301000 0 0
1939 07 09 1.301000 0 0
1939 07 10 1.301000 0 0
1939 07 11 1.301000 0 0
1939 07 12 1.301000 0 0
1939 07 13 1.301000 0 0
1939 07 14 1.301000 0 0
1939 07 15 1.301000 0 0
1939 07 16 1.301000 0 0
1939 07 17 1.301000 0 0
1939 07 18 1.301000 0 0
1939 07 19 1.301000 0 0
1939 07 20 1.270000 0 0
1939 07 21 1.270000 0 0
1939 07 22 1.270000 0 0
1939 07 23 1.270000 0 0
1939 07 24 1.332000 0 0
1939 07 25 1.396000 0 0
1939 07 26 1.429000 0 0
1939 07 27 1.332000 0 0
1939 07 28 1.301000 0 0
1939 07 29 1.301000 0 0
1939 07 30 1.332000 0 0
1939 07 31 1.301000 0 0
1939 08 01 1.270000 0 0
1939 08 02 1.301000 0 0
1939 08 03 1.270000 0 0
1939 08 04 1.270000 0 0
1939 08 05 1.239000 0 0
1939 08 06 1.239000 0 0
1939 08 07 1.160000 0 0
1939 08 08 1.160000 0 0
1939 08 09 1.160000 0 0
1939 08 10 1.160000 0 0
1939 08 11 1.160000 0 0
1939 08 12 1.180000 0 0
1939 08 13 1.160000 0 0
1939 08 14 1.180000 0 0
1939 08 15 1.180000 0 0
1939 08 16 1.160000 0 0
1939 08 17 1.160000 0 0
1939 08 18 1.160000 0 0
1939 08 19 1.160000 0 0
1939 08 20 1.160000 0 0
1939 08 21 1.160000 0 0
1939 08 22 1.138000 0 0
1939 08 23 1.138000 0 0
1939 08 24 1.138000 0 0
1939 08 25 1.180000 0 0
1939 08 26 1.138000 0 0
1939 08 27 1.138000 0 0
1939 08 28 1.138000 0 0
1939 08 29 1.138000 0 0
1939 08 30 1.094000 0 0
1939 08 31 1.094000 0 0
1939 09 01 1.116000 0 0
1939 09 02 1.116000 0 0
1939 09 03 1.138000 0 0
1939 09 04 1.116000 0 0
1939 09 05 1.116000 0 0
1939 09 06 1.116000 0 0
1939 09 07 1.094000 0 0
1939 09 08 1.072000 0 0
1939 09 09 1.072000 0 0
1939 09 10 1.072000 0 0
1939 09 11 1.072000 0 0
1939 09 12 1.072000 0 0
1939 09 13 1.094000 0 0
1939 09 14 1.094000 0 0
1939 09 15 1.094000 0 0
1939 09 16 1.094000 0 0
1939 09 17 1.138000 0 0
1939 09 18 1.396000 0 0
1939 09 19 1.462000 0 0
1939 09 20 1.209000 0 0
1939 09 21 1.138000 0 0
1939 09 22 1.116000 0 0
1939 09 23 1.072000 0 0
1939 09 24 1.051000 0 0
1939 09 25 1.051000 0 0
1939 09 26 1.396000 0 0
1939 09 27 1.462000 0 0
1939 09 28 1.138000 0 0
1939 09 29 1.072000 0 0
1939 09 30 1.072000 0 0
1939 10 01 1.270000 0 0
1939 10 02 1.180000 0 0
1939 10 03 1.072000 0 0
1939 10 04 1.051000 0 0
1939 10 05 1.565000 0 0
1939 10 06 1.671000 0 0
1939 10 07 1.209000 0 0
1939 10 08 1.116000 0 0
1939 10 09 1.051000 0 0
1939 10 10 1.030000 0 0
1939 10 11 1.030000 0 0
1939 10 12 1.030000 0 0
1939 10 13 1.030000 0 0
1939 10 14 1.030000 0 0
1939 10 15 1.009000 0 0
1939 10 16 1.009000 0 0
1939 10 17 1.009000 0 0
1939 10 18 1.009000 0 0
1939 10 19 1.009000 0 0
1939 10 20 1.009000 0 0
1939 10 21 1.009000 0 0
1939 10 22 0.988000 0 0
1939 10 23 1.009000 0 0
1939 10 24 1.051000 0 0
1939 10 25 1.116000 0 0
1939 10 26 1.051000 0 0
1939 10 27 1.009000 0 0
1939 10 28 0.988000 0 0
1939 10 29 0.988000 0 0
1939 10 30 0.988000 0 0
1939 10 31 0.968000 0 0
1939 11 01 0.988000 0 0
1939 11 02 1.072000 0 0
1939 11 03 1.030000 0 0
1939 11 04 1.009000 0 0
1939 11 05 1.009000 0 0
1939 11 06 0.968000 0 0
1939 11 07 1.009000 0 0
1939 11 08 1.530000 0 0
1939 11 09 1.009000 0 0
1939 11 10 1.051000 0 0
1939 11 11 1.009000 0 0
1939 11 12 1.030000 0 0
1939 11 13 0.988000 0 0
1939 11 14 0.988000 0 0
1939 11 15 1.009000 0 0
1939 11 16 1.030000 0 0
1939 11 17 1.160000 0 0
1939 11 18 1.209000 0 0
1939 11 19 1.209000 0 0
1939 11 20 1.138000 0 0
1939 11 21 1.209000 0 0
1939 11 22 1.599000 0 0
1939 11 23 1.270000 0 0
1939 11 24 1.270000 0 0
1939 11 25 1.239000 0 0
1939 11 26 1.209000 0 0
1939 11 27 1.565000 0 0
1939 11 28 1.565000 0 0
1939 11 29 1.270000 0 0
1939 11 30 1.051000 0 0
1939 12 01 1.030000 0 0
1939 12 02 1.030000 0 0
1939 12 03 1.030000 0 0
1939 12 04 2.532000 0 0
1939 12 05 2.308000 0 0
1939 12 06 2.441000 0 0
1939 12 07 2.352000 0 0
1939 12 08 1.364000 0 0
1939 12 09 1.239000 0 0
1939 12 10 1.138000 0 0
1939 12 11 1.030000 0 0
1939 12 12 1.429000 0 0
1939 12 13 1.671000 0 0
1939 12 14 1.599000 0 0
1939 12 15 1.530000 0 0
1939 12 16 1.429000 0 0
1939 12 17 1.138000 0 0
1939 12 18 1.671000 0 0
1939 12 19 1.744000 0 0
1939 12 20 1.781000 0 0
1939 12 21 2.014000 0 0
1939 12 22 1.935000 0 0
1939 12 23 1.819000 0 0
1939 12 24 1.671000 0 0
1939 12 25 2.014000 0 0
1939 12 26 2.676000 0 0
1939 12 27 3.596000 0 0
1939 12 28 4.744000 0 0
1939 12 29 5.054000 0 0
1939 12 30 5.592000 0 0
1939 12 31 5.373000 0 0
1940 01 01 3.162000 0 0
1940 01 02 2.914000 0 0
1940 01 03 2.579000 0 0
1940 01 04 2.179000 0 0
1940 01 05 1.935000 0 0
1940 01 06 1.781000 0 0
1940 01 07 1.744000 0 0
1940 01 08 2.014000 0 0
1940 01 09 4.247000 0 0
1940 01 10 4.151000 0 0
1940 01 11 4.542000 0 0
1940 01 12 2.833000 0 0
1940 01 13 2.676000 0 0
1940 01 14 2.487000 0 0
1940 01 15 2.096000 0 0
1940 01 16 2.096000 0 0
1940 01 17 1.974000 0 0
1940 01 18 1.896000 0 0
1940 01 19 1.781000 0 0
1940 01 20 1.744000 0 0
1940 01 21 2.441000 0 0
1940 01 22 2.579000 0 0
1940 01 23 3.419000 0 0
1940 01 24 3.419000 0 0
1940 01 25 3.332000 0 0
1940 01 26 3.419000 0 0
1940 01 27 2.833000 0 0
1940 01 28 2.676000 0 0
1940 01 29 2.676000 0 0
1940 01 30 2.676000 0 0
1940 01 31 2.914000 0 0
1940 02 01 3.962000 0 0
1940 02 02 11.408000 0 0
1940 02 03 6.270000 0 0
1940 02 04 6.040000 0 0
1940 02 05 5.592000 0 0
1940 02 06 4.056000 0 0
1940 02 07 4.151000 0 0
1940 02 08 10.650000 0 0
1940 02 09 4.247000 0 0
1940 02 10 4.247000 0 0
1940 02 11 3.246000 0 0
1940 02 12 5.814000 0 0
1940 02 13 5.373000 0 0
1940 02 14 6.986000 0 0
1940 02 15 7.108000 0 0
1940 02 16 7.609000 0 0
1940 02 17 6.270000 0 0
1940 02 18 5.159000 0 0
1940 02 19 5.814000 0 0
1940 02 20 5.266000 0 0
1940 02 21 5.159000 0 0
1940 02 22 9.774000 0 0
1940 02 23 8.525000 0 0
1940 02 24 7.866000 0 0
1940 02 25 4.949000 0 0
1940 02 26 4.949000 0 0
1940 02 27 4.744000 0 0
1940 02 28 4.744000 0 0
1940 02 29 4.542000 0 0
1940 03 01 4.443000 0 0
1940 03 02 4.344000 0 0
1940 03 03 4.344000 0 0
1940 03 04 4.344000 0 0
1940 03 05 4.151000 0 0
1940 03 06 3.962000 0 0
1940 03 07 4.056000 0 0
1940 03 08 4.151000 0 0
1940 03 09 5.373000 0 0
1940 03 10 5.814000 0 0
1940 03 11 5.702000 0 0
1940 03 12 5.159000 0 0
1940 03 13 4.949000 0 0
1940 03 14 5.926000 0 0
1940 03 15 5.814000 0 0
1940 03 16 3.962000 0 0
1940 03 17 3.777000 0 0
1940 03 18 3.332000 0 0
1940 03 19 3.078000 0 0
1940 03 20 3.078000 0 0
1940 03 21 2.754000 0 0
1940 03 22 2.754000 0 0
1940 03 23 2.579000 0 0
1940 03 24 2.579000 0 0
1940 03 25 2.579000 0 0
1940 03 26 2.487000 0 0
1940 03 27 2.396000 0 0
1940 03 28 2.352000 0 0
1940 03 29 2.352000 0 0
1940 03 30 2.308000 0 0
1940 03 31 2.308000 0 0
1940 04 01 2.396000 0 0
1940 04 02 2.308000 0 0
1940 04 03 2.308000 0 0
1940 04 04 2.265000 0 0
1940 04 05 2.179000 0 0
1940 04 06 2.137000 0 0
1940 04 07 2.055000 0 0
1940 04 08 2.055000 0 0
1940 04 09 2.014000 0 0
1940 04 10 1.974000 0 0
1940 04 11 1.974000 0 0
1940 04 12 1.935000 0 0
1940 04 13 1.935000 0 0
1940 04 14 1.896000 0 0
1940 04 15 1.896000 0 0
1940 04 16 2.055000 0 0
1940 04 17 1.974000 0 0
1940 04 18 1.896000 0 0
1940 04 19 1.857000 0 0
1940 04 20 1.819000 0 0
1940 04 21 1.819000 0 0
1940 04 22 1.781000 0 0
1940 04 23 1.744000 0 0
1940 04 24 1.781000 0 0
1940 04 25 1.781000 0 0
1940 04 26 1.974000 0 0
1940 04 27 2.222000 0 0
1940 04 28 2.265000 0 0
1940 04 29 1.896000 0 0
1940 04 30 1.819000 0 0
1940 05 01 1.707000 0 0
1940 05 02 1.974000 0 0
1940 05 03 2.179000 0 0
1940 05 04 2.096000 0 0
1940 05 05 1.781000 0 0
1940 05 06 1.671000 0 0
1940 05 07 1.671000 0 0
1940 05 08 1.599000 0 0
1940 05 09 1.599000 0 0
1940 05 10 1.599000 0 0
1940 05 11 1.599000 0 0
1940 05 12 1.599000 0 0
1940 05 13 1.565000 0 0
1940 05 14 1.565000 0 0
1940 05 15 1.565000 0 0
1940 05 16 1.599000 0 0
1940 05 17 1.599000 0 0
1940 05 18 1.599000 0 0
1940 05 19 1.707000 0 0
1940 05 20 1.530000 0 0
1940 05 21 1.530000 0 0
1940 05 22 1.496000 0 0
1940 05 23 1.462000 0 0
1940 05 24 1.462000 0 0
1940 05 25 1.429000 0 0
1940 05 26 1.429000 0 0
1940 05 27 1.429000 0 0
1940 05 28 1.429000 0 0
1940 05 29 1.429000 0 0
1940 05 30 1.396000 0 0
1940 05 31 1.396000 0 0
1940 06 01 1.396000 0 0
1940 06 02 1.396000 0 0
1940 06 03 1.364000 0 0
1940 06 04 1.364000 0 0
1940 06 05 1.364000 0 0
1940 06 06 1.364000 0 0
1940 06 07 1.364000 0 0
1940 06 08 1.332000 0 0
1940 06 09 1.332000 0 0
1940 06 10 1.332000 0 0
1940 06 11 1.301000 0 0
1940 06 12 1.301000 0 0
1940 06 13 1.270000 0 0
1940 06 14 1.239000 0 0
1940 06 15 1.239000 0 0
1940 06 16 1.239000 0 0
1940 06 17 1.239000 0 0
1940 06 18 1.239000 0 0
1940 06 19 1.239000 0 0
1940 06 20 1.270000 0 0
1940 06 21 1.270000 0 0
1940 06 22 1.239000 0 0
1940 06 23 1.239000 0 0
1940 06 24 1.239000 0 0
1940 06 25 1.239000 0 0
1940 06 26 1.239000 0 0
1940 06 27 1.239000 0 0
1940 06 28 1.239000 0 0
1940 06 29 1.209000 0 0
1940 06 30 1.209000 0 0
1940 07 01 1.209000 0 0
1940 07 02 1.209000 0 0
1940 07 03 1.209000 0 0
1940 07 04 1.209000 0 0
1940 07 05 1.209000 0 0
1940 07 06 1.209000 0 0
1940 07 07 1.209000 0 0
1940 07 08 1.209000 0 0
1940 07 09 1.180000 0 0
1940 07 10 1.180000 0 0
1940 07 11 1.180000 0 0
1940 07 12 1.209000 0 0
1940 07 13 1.180000 0 0
1940 07 14 1.180000 0 0
1940 07 15 1.180000 0 0
1940 07 16 1.180000 0 0
1940 07 17 1.180000 0 0
1940 07 18 1.180000 0 0
1940 07 19 1.180000 0 0
1940 07 20 1.180000 0 0
1940 07 21 1.180000 0 0
1940 07 22 1.160000 0 0
1940 07 23 1.180000 0 0
1940 07 24 1.180000 0 0
1940 07 25 1.180000 0 0
1940 07 26 1.180000 0 0
1940 07 27 1.160000 0 0
1940 07 28 1.160000 0 0
1940 07 29 1.160000 0 0
1940 07 30 1.138000 0 0
1940 07 31 1.138000 0 0
1940 08 01 1.138000 0 0
1940 08 02 1.138000 0 0
1940 08 03 1.138000 0 0
1940 08 04 1.116000 0 0
1940 08 05 1.138000 0 0
1940 08 06 1.116000 0 0
1940 08 07 1.116000 0 0
1940 08 08 1.116000 0 0
1940 08 09 1.094000 0 0
1940 08 10 1.094000 0 0
1940 08 11 1.116000 0 0
1940 08 12 1.116000 0 0
1940 08 13 1.094000 0 0
1940 08 14 1.094000 0 0
1940 08 15 1.094000 0 0
1940 08 16 1.094000 0 0
1940 08 17 1.094000 0 0
1940 08 18 1.094000 0 0
1940 08 19 1.094000 0 0
1940 08 20 1.072000 0 0
1940 08 21 1.072000 0 0
1940 08 22 1.072000 0 0
1940 08 23 1.072000 0 0
1940 08 24 1.072000 0 0
1940 08 25 1.072000 0 0
1940 08 26 1.072000 0 0
1940 08 27 1.072000 0 0
1940 08 28 1.072000 0 0
1940 08 29 1.072000 0 0
1940 08 30 1.072000 0 0
1940 08 31 1.094000 0 0
1940 09 01 1.138000 0 0
1940 09 02 1.072000 0 0
1940 09 03 1.051000 0 0
1940 09 04 1.051000 0 0
1940 09 05 1.051000 0 0
1940 09 06 1.051000 0 0
1940 09 07 1.051000 0 0
1940 09 08 1.094000 0 0
1940 09 09 1.051000 0 0
1940 09 10 1.051000 0 0
1940 09 11 1.051000 0 0
1940 09 12 1.051000 0 0
1940 09 13 1.094000 0 0
1940 09 14 1.072000 0 0
1940 09 15 1.072000 0 0
1940 09 16 1.072000 0 0
1940 09 17 1.072000 0 0
1940 09 18 1.072000 0 0
1940 09 19 1.051000 0 0
1940 09 20 1.051000 0 0
1940 09 21 1.030000 0 0
1940 09 22 1.094000 0 0
1940 09 23 1.051000 0 0
1940 09 24 1.030000 0 0
1940 09 25 1.030000 0 0
1940 09 26 1.030000 0 0
1940 09 27 1.030000 0 0
1940 09 28 1.030000 0 0
1940 09 29 1.030000 0 0
1940 09 30 1.030000 0 0
1940 10 01 1.030000 0 0
1940 10 02 1.030000 0 0
1940 10 03 0.988000 0 0
1940 10 04 0.988000 0 0
1940 10 05 0.988000 0 0
1940 10 06 0.988000 0 0
1940 10 07 0.988000 0 0
1940 10 08 0.928000 0 0
1940 10 09 0.968000 0 0
1940 10 10 0.968000 0 0
1940 10 11 1.781000 0 0
1940 10 12 1.781000 0 0
1940 10 13 1.429000 0 0
1940 10 14 1.116000 0 0
1940 10 15 1.030000 0 0
1940 10 16 1.009000 0 0
1940 10 17 1.009000 0 0
1940 10 18 1.009000 0 0
1940 10 19 0.988000 0 0
1940 10 20 0.988000 0 0
1940 10 21 1.301000 0 0
1940 10 22 1.530000 0 0
1940 10 23 1.072000 0 0
1940 10 24 1.030000 0 0
1940 10 25 0.988000 0 0
1940 10 26 0.988000 0 0
1940 10 27 0.988000 0 0
1940 10 28 1.094000 0 0
1940 10 29 1.332000 0 0
1940 10 30 1.429000 0 0
1940 10 31 1.396000 0 0
1940 11 01 1.209000 0 0
1940 11 02 1.094000 0 0
1940 11 03 1.051000 0 0
1940 11 04 1.030000 0 0
1940 11 05 1.051000 0 0
1940 11 06 1.030000 0 0
1940 11 07 1.030000 0 0
1940 11 08 1.030000 0 0
1940 11 09 2.754000 0 0
1940 11 10 1.599000 0 0
1940 11 11 1.635000 0 0
1940 11 12 1.896000 0 0
1940 11 13 1.599000 0 0
1940 11 14 1.332000 0 0
1940 11 15 1.599000 0 0
1940 11 16 1.462000 0 0
1940 11 17 1.396000 0 0
1940 11 18 1.239000 0 0
1940 11 19 1.332000 0 0
1940 11 20 1.116000 0 0
1940 11 21 1.180000 0 0
1940 11 22 1.160000 0 0
1940 11 23 1.160000 0 0
1940 11 24 1.160000 0 0
1940 11 25 1.072000 0 0
1940 11 26 1.209000 0 0
1940 11 27 2.179000 0 0
1940 11 28 2.179000 0 0
1940 11 29 1.396000 0 0
1940 11 30 1.160000 0 0
1940 12 01 1.138000 0 0
1940 12 02 1.138000 0 0
1940 12 03 1.138000 0 0
1940 12 04 1.138000 0 0
1940 12 05 1.160000 0 0
1940 12 06 1.138000 0 0
1940 12 07 1.116000 0 0
1940 12 08 1.138000 0 0
1940 12 09 1.116000 0 0
1940 12 10 1.396000 0 0
1940 12 11 1.239000 0 0
1940 12 12 1.138000 0 0
1940 12 13 1.138000 0 0
1940 12 14 1.239000 0 0
1940 12 15 1.160000 0 0
1940 12 16 2.179000 0 0
1940 12 17 2.265000 0 0
1940 12 18 6.387000 0 0
1940 12 19 1.857000 0 0
1940 12 20 1.429000 0 0
1940 12 21 1.462000 0 0
1940 12 22 1.332000 0 0
1940 12 23 1.270000 0 0
1940 12 24 1.239000 0 0
1940 12 25 1.496000 0 0
1940 12 26 1.896000 0 0
1940 12 27 1.530000 0 0
1940 12 28 1.301000 0 0
1940 12 29 1.364000 0 0
1940 12 30 1.332000 0 0
1940 12 31 1.301000 0 0
1941 01 01 4.056000 0 0
1941 01 02 4.744000 0 0
1941 01 03 2.308000 0 0
1941 01 04 2.179000 0 0
1941 01 05 2.308000 0 0
1941 01 06 2.352000 0 0
1941 01 07 1.744000 0 0
1941 01 08 1.635000 0 0
1941 01 09 1.530000 0 0
1941 01 10 1.744000 0 0
1941 01 11 1.635000 0 0
1941 01 12 2.179000 0 0
1941 01 13 8.258000 0 0
1941 01 14 6.743000 0 0
1941 01 15 4.151000 0 0
1941 01 16 2.914000 0 0
1941 01 17 2.308000 0 0
1941 01 18 2.055000 0 0
1941 01 19 1.974000 0 0
1941 01 20 1.896000 0 0
1941 01 21 1.781000 0 0
1941 01 22 2.055000 0 0
1941 01 23 1.819000 0 0
1941 01 24 2.396000 0 0
1941 01 25 3.078000 0 0
1941 01 26 2.308000 0 0
1941 01 27 2.055000 0 0
1941 01 28 1.857000 0 0
1941 01 29 1.744000 0 0
1941 01 30 1.744000 0 0
1941 01 31 1.707000 0 0
1941 02 01 1.635000 0 0
1941 02 02 1.671000 0 0
1941 02 03 2.754000 0 0
1941 02 04 1.935000 0 0
1941 02 05 2.055000 0 0
1941 02 06 2.055000 0 0
1941 02 07 2.055000 0 0
1941 02 08 2.676000 0 0
1941 02 09 2.014000 0 0
1941 02 10 2.096000 0 0
1941 02 11 1.819000 0 0
1941 02 12 1.635000 0 0
1941 02 13 2.096000 0 0
1941 02 14 1.599000 0 0
1941 02 15 1.496000 0 0
1941 02 16 1.462000 0 0
1941 02 17 1.462000 0 0
1941 02 18 1.744000 0 0
1941 02 19 1.635000 0 0
1941 02 20 1.599000 0 0
1941 02 21 1.530000 0 0
1941 02 22 1.462000 0 0
1941 02 23 1.429000 0 0
1941 02 24 1.462000 0 0
1941 02 25 1.429000 0 0
1941 02 26 1.935000 0 0
1941 02 27 1.599000 0 0
1941 02 28 1.496000 0 0
1941 03 01 1.364000 0 0
1941 03 02 1.332000 0 0
1941 03 03 1.396000 0 0
1941 03 04 1.364000 0 0
1941 03 05 1.462000 0 0
1941 03 06 1.462000 0 0
1941 03 07 1.396000 0 0
1941 03 08 1.364000 0 0
1941 03 09 1.301000 0 0
1941 03 10 1.301000 0 0
1941 03 11 1.301000 0 0
1941 03 12 1.270000 0 0
1941 03 13 1.270000 0 0
1941 03 14 1.332000 0 0
1941 03 15 1.364000 0 0
1941 03 16 1.364000 0 0
1941 03 17 1.364000 0 0
1941 03 18 1.364000 0 0
1941 03 19 1.332000 0 0
1941 03 20 1.301000 0 0
1941 03 21 1.270000 0 0
1941 03 22 1.301000 0 0
1941 03 23 1.301000 0 0
1941 03 24 1.301000 0 0
1941 03 25 1.496000 0 0
1941 03 26 1.599000 0 0
1941 03 27 1.462000 0 0
1941 03 28 1.396000 0 0
1941 03 29 1.270000 0 0
1941 03 30 1.270000 0 0
1941 03 31 1.270000 0 0
1941 04 01 1.396000 0 0
1941 04 02 1.332000 0 0
1941 04 03 1.270000 0 0
1941 04 04 1.239000 0 0
1941 04 05 1.209000 0 0
1941 04 06 1.239000 0 0
1941 04 07 1.209000 0 0
1941 04 08 1.429000 0 0
1941 04 09 2.995000 0 0
1941 04 10 2.055000 0 0
1941 04 11 1.896000 0 0
1941 04 12 1.635000 0 0
1941 04 13 1.565000 0 0
1941 04 14 1.209000 0 0
1941 04 15 1.209000 0 0
1941 04 16 1.180000 0 0
1941 04 17 1.160000 0 0
1941 04 18 1.209000 0 0
1941 04 19 1.209000 0 0
1941 04 20 1.209000 0 0
1941 04 21 1.209000 0 0
1941 04 22 1.180000 0 0
1941 04 23 1.160000 0 0
1941 04 24 1.160000 0 0
1941 04 25 1.138000 0 0
1941 04 26 1.160000 0 0
1941 04 27 1.138000 0 0
1941 04 28 1.138000 0 0
1941 04 29 1.138000 0 0
1941 04 30 1.116000 0 0
1941 05 01 1.116000 0 0
1941 05 02 1.094000 0 0
1941 05 03 1.094000 0 0
1941 05 04 1.072000 0 0
1941 05 05 1.072000 0 0
1941 05 06 1.094000 0 0
1941 05 07 1.138000 0 0
1941 05 08 1.160000 0 0
1941 05 09 1.160000 0 0
1941 05 10 1.116000 0 0
1941 05 11 1.116000 0 0
1941 05 12 1.094000 0 0
1941 05 13 1.116000 0 0
1941 05 14 1.094000 0 0
1941 05 15 1.094000 0 0
1941 05 16 1.116000 0 0
1941 05 17 1.138000 0 0
1941 05 18 1.138000 0 0
1941 05 19 1.116000 0 0
1941 05 20 1.116000 0 0
1941 05 21 1.116000 0 0
1941 05 22 1.116000 0 0
1941 05 23 1.116000 0 0
1941 05 24 1.116000 0 0
1941 05 25 1.094000 0 0
1941 05 26 1.094000 0 0
1941 05 27 1.094000 0 0
1941 05 28 1.116000 0 0
1941 05 29 1.094000 0 0
1941 05 30 1.094000 0 0
1941 05 31 1.094000 0 0
1941 06 01 1.094000 0 0
1941 06 02 1.094000 0 0
1941 06 03 1.094000 0 0
1941 06 04 1.094000 0 0
1941 06 05 1.094000 0 0
1941 06 06 1.094000 0 0
1941 06 07 1.094000 0 0
1941 06 08 1.094000 0 0
1941 06 09 1.072000 0 0
1941 06 10 1.072000 0 0
1941 06 11 1.072000 0 0
1941 06 12 1.051000 0 0
1941 06 13 1.051000 0 0
1941 06 14 1.051000 0 0
1941 06 15 1.051000 0 0
1941 06 16 1.051000 0 0
1941 06 17 1.051000 0 0
1941 06 18 1.051000 0 0
1941 06 19 1.051000 0 0
1941 06 20 1.051000 0 0
1941 06 21 1.030000 0 0
1941 06 22 1.051000 0 0
1941 06 23 1.030000 0 0
1941 06 24 1.030000 0 0
1941 06 25 1.030000 0 0
1941 06 26 1.072000 0 0
1941 06 27 1.160000 0 0
1941 06 28 1.180000 0 0
1941 06 29 1.138000 0 0
1941 06 30 1.094000 0 0
1941 07 01 1.072000 0 0
1941 07 02 1.030000 0 0
1941 07 03 1.030000 0 0
1941 07 04 1.009000 0 0
1941 07 05 1.009000 0 0
1941 07 06 1.009000 0 0
1941 07 07 1.009000 0 0
1941 07 08 1.009000 0 0
1941 07 09 1.009000 0 0
1941 07 10 1.009000 0 0
1941 07 11 1.009000 0 0
1941 07 12 1.009000 0 0
1941 07 13 1.009000 0 0
1941 07 14 1.009000 0 0
1941 07 15 1.009000 0 0
1941 07 16 0.988000 0 0
1941 07 17 1.332000 0 0
1941 07 18 1.180000 0 0
1941 07 19 1.138000 0 0
1941 07 20 1.072000 0 0
1941 07 21 1.030000 0 0
1941 07 22 1.009000 0 0
1941 07 23 0.988000 0 0
1941 07 24 0.988000 0 0
1941 07 25 0.988000 0 0
1941 07 26 0.988000 0 0
1941 07 27 0.968000 0 0
1941 07 28 0.968000 0 0
1941 07 29 0.909000 0 0
1941 07 30 0.833000 0 0
1941 07 31 0.833000 0 0
1941 08 01 0.833000 0 0
1941 08 02 0.851000 0 0
1941 08 03 0.833000 0 0
1941 08 04 0.988000 0 0
1941 08 05 0.968000 0 0
1941 08 06 0.968000 0 0
1941 08 07 0.909000 0 0
1941 08 08 0.909000 0 0
1941 08 09 0.851000 0 0
1941 08 10 0.833000 0 0
1941 08 11 0.833000 0 0
1941 08 12 0.833000 0 0
1941 08 13 0.833000 0 0
1941 08 14 0.833000 0 0
1941 08 15 0.909000 0 0
1941 08 16 1.051000 0 0
1941 08 17 1.160000 0 0
1941 08 18 1.116000 0 0
1941 08 19 0.948000 0 0
1941 08 20 0.870000 0 0
1941 08 21 0.870000 0 0
1941 08 22 0.814000 0 0
1941 08 23 0.889000 0 0
1941 08 24 0.948000 0 0
1941 08 25 0.909000 0 0
1941 08 26 0.909000 0 0
1941 08 27 0.909000 0 0
1941 08 28 0.909000 0 0
1941 08 29 0.909000 0 0
1941 08 30 0.909000 0 0
1941 08 31 0.909000 0 0
1941 09 01 0.889000 0 0
1941 09 02 0.909000 0 0
1941 09 03 1.301000 0 0
1941 09 04 2.179000 0 0
1941 09 05 1.599000 0 0
1941 09 06 1.270000 0 0
1941 09 07 1.364000 0 0
1941 09 08 1.462000 0 0
1941 09 09 1.270000 0 0
1941 09 10 1.094000 0 0
1941 09 11 1.116000 0 0
1941 09 12 1.116000 0 0
1941 09 13 1.116000 0 0
1941 09 14 1.239000 0 0
1941 09 15 1.462000 0 0
1941 09 16 1.462000 0 0
1941 09 17 1.364000 0 0
1941 09 18 1.364000 0 0
1941 09 19 1.364000 0 0
1941 09 20 1.301000 0 0
1941 09 21 1.332000 0 0
1941 09 22 1.332000 0 0
1941 09 23 1.270000 0 0
1941 09 24 1.160000 0 0
1941 09 25 1.819000 0 0
1941 09 26 1.599000 0 0
1941 09 27 1.781000 0 0
1941 09 28 1.781000 0 0
1941 09 29 1.530000 0 0
1941 09 30 1.462000 0 0
1941 10 01 1.496000 0 0
1941 10 02 1.429000 0 0
1941 10 03 1.160000 0 0
1941 10 04 1.270000 0 0
1941 10 05 1.270000 0 0
1941 10 06 1.239000 0 0
1941 10 07 1.160000 0 0
1941 10 08 1.744000 0 0
1941 10 09 1.429000 0 0
1941 10 10 1.270000 0 0
1941 10 11 1.160000 0 0
1941 10 12 1.138000 0 0
1941 10 13 1.116000 0 0
1941 10 14 1.072000 0 0
1941 10 15 1.072000 0 0
1941 10 16 1.072000 0 0
1941 10 17 1.301000 0 0
1941 10 18 1.332000 0 0
1941 10 19 1.209000 0 0
1941 10 20 1.116000 0 0
1941 10 21 1.072000 0 0
1941 10 22 1.072000 0 0
1941 10 23 1.072000 0 0
1941 10 24 1.030000 0 0
1941 10 25 1.030000 0 0
1941 10 26 0.988000 0 0
1941 10 27 1.009000 0 0
1941 10 28 1.030000 0 0
1941 10 29 1.030000 0 0
1941 10 30 1.030000 0 0
1941 10 31 1.030000 0 0
1941 11 01 2.676000 0 0
1941 11 02 1.935000 0 0
1941 11 03 1.332000 0 0
1941 11 04 1.138000 0 0
1941 11 05 1.160000 0 0
1941 11 06 1.819000 0 0
1941 11 07 1.671000 0 0
1941 11 08 1.332000 0 0
1941 11 09 1.530000 0 0
1941 11 10 1.301000 0 0
1941 11 11 1.270000 0 0
1941 11 12 1.160000 0 0
1941 11 13 1.094000 0 0
1941 11 14 1.116000 0 0
1941 11 15 1.116000 0 0
1941 11 16 1.072000 0 0
1941 11 17 3.962000 0 0
1941 11 18 4.846000 0 0
1941 11 19 2.137000 0 0
1941 11 20 1.364000 0 0
1941 11 21 1.270000 0 0
1941 11 22 1.332000 0 0
1941 11 23 1.496000 0 0
1941 11 24 1.364000 0 0
1941 11 25 1.332000 0 0
1941 11 26 1.819000 0 0
1941 11 27 1.974000 0 0
1941 11 28 1.935000 0 0
1941 11 29 2.096000 0 0
1941 11 30 2.014000 0 0
1941 12 01 2.014000 0 0
1941 12 02 1.599000 0 0
1941 12 03 1.496000 0 0
1941 12 04 1.496000 0 0
1941 12 05 1.429000 0 0
1941 12 06 1.429000 0 0
1941 12 07 1.462000 0 0
1941 12 08 1.496000 0 0
1941 12 09 1.671000 0 0
1941 12 10 1.671000 0 0
1941 12 11 1.671000 0 0
1941 12 12 1.496000 0 0
1941 12 13 1.332000 0 0
1941 12 14 1.301000 0 0
1941 12 15 1.270000 0 0
1941 12 16 1.301000 0 0
1941 12 17 1.332000 0 0
1941 12 18 1.462000 0 0
1941 12 19 1.332000 0 0
1941 12 20 1.332000 0 0
1941 12 21 1.332000 0 0
1941 12 22 1.301000 0 0
1941 12 23 1.301000 0 0
1941 12 24 1.270000 0 0
1941 12 25 1.270000 0 0
1941 12 26 1.209000 0 0
1941 12 27 1.270000 0 0
1941 12 28 1.270000 0 0
1941 12 29 1.239000 0 0
1941 12 30 1.239000 0 0
1941 12 31 1.974000 0 0
1942 01 01 1.935000 0 0
1942 01 02 1.819000 0 0
1942 01 03 1.530000 0 0
1942 01 04 1.429000 0 0
1942 01 05 1.332000 0 0
1942 01 06 1.239000 0 0
1942 01 07 1.160000 0 0
1942 01 08 1.051000 0 0
1942 01 09 1.072000 0 0
1942 01 10 1.819000 0 0
1942 01 11 1.599000 0 0
1942 01 12 1.396000 0 0
1942 01 13 1.160000 0 0
1942 01 14 1.094000 0 0
1942 01 15 1.896000 0 0
1942 01 16 1.239000 0 0
1942 01 17 1.160000 0 0
1942 01 18 4.744000 0 0
1942 01 19 4.846000 0 0
1942 01 20 2.579000 0 0
1942 01 21 2.222000 0 0
1942 01 22 2.014000 0 0
1942 01 23 1.530000 0 0
1942 01 24 1.429000 0 0
1942 01 25 1.429000 0 0
1942 01 26 1.364000 0 0
1942 01 27 1.396000 0 0
1942 01 28 1.744000 0 0
1942 01 29 1.270000 0 0
1942 01 30 1.565000 0 0
1942 01 31 1.896000 0 0
1942 02 01 1.744000 0 0
1942 02 02 1.671000 0 0
1942 02 03 1.744000 0 0
1942 02 04 2.441000 0 0
1942 02 05 2.308000 0 0
1942 02 06 1.819000 0 0
1942 02 07 1.530000 0 0
1942 02 08 1.462000 0 0
1942 02 09 1.530000 0 0
1942 02 10 1.599000 0 0
1942 02 11 1.530000 0 0
1942 02 12 1.857000 0 0
1942 02 13 1.599000 0 0
1942 02 14 1.819000 0 0
1942 02 15 1.974000 0 0
1942 02 16 2.137000 0 0
1942 02 17 2.055000 0 0
1942 02 18 2.137000 0 0
1942 02 19 2.396000 0 0
1942 02 20 3.246000 0 0
1942 02 21 4.344000 0 0
1942 02 22 5.054000 0 0
1942 02 23 3.419000 0 0
1942 02 24 3.246000 0 0
1942 02 25 2.352000 0 0
1942 02 26 1.781000 0 0
1942 02 27 1.744000 0 0
1942 02 28 2.055000 0 0
1942 03 01 3.162000 0 0
1942 03 02 2.754000 0 0
1942 03 03 3.596000 0 0
1942 03 04 5.814000 0 0
1942 03 05 7.737000 0 0
1942 03 06 7.357000 0 0
1942 03 07 5.592000 0 0
1942 03 08 4.056000 0 0
1942 03 09 3.507000 0 0
1942 03 10 2.914000 0 0
1942 03 11 3.777000 0 0
1942 03 12 6.743000 0 0
1942 03 13 7.483000 0 0
1942 03 14 6.387000 0 0
1942 03 15 5.814000 0 0
1942 03 16 5.054000 0 0
1942 03 17 3.596000 0 0
1942 03 18 3.596000 0 0
1942 03 19 3.162000 0 0
1942 03 20 3.962000 0 0
1942 03 21 3.596000 0 0
1942 03 22 3.596000 0 0
1942 03 23 6.040000 0 0
1942 03 24 5.266000 0 0
1942 03 25 3.596000 0 0
1942 03 26 3.507000 0 0
1942 03 27 3.419000 0 0
1942 03 28 3.246000 0 0
1942 03 29 3.078000 0 0
1942 03 30 2.995000 0 0
1942 03 31 3.078000 0 0
1942 04 01 3.078000 0 0
1942 04 02 2.995000 0 0
1942 04 03 2.833000 0 0
1942 04 04 2.754000 0 0
1942 04 05 3.596000 0 0
1942 04 06 3.686000 0 0
1942 04 07 3.596000 0 0
1942 04 08 3.162000 0 0
1942 04 09 3.078000 0 0
1942 04 10 2.754000 0 0
1942 04 11 2.579000 0 0
1942 04 12 2.532000 0 0
1942 04 13 2.487000 0 0
1942 04 14 2.676000 0 0
1942 04 15 2.754000 0 0
1942 04 16 2.579000 0 0
1942 04 17 2.579000 0 0
1942 04 18 2.676000 0 0
1942 04 19 2.532000 0 0
1942 04 20 2.441000 0 0
1942 04 21 2.487000 0 0
1942 04 22 2.579000 0 0
1942 04 23 2.676000 0 0
1942 04 24 2.396000 0 0
1942 04 25 2.308000 0 0
1942 04 26 2.308000 0 0
1942 04 27 2.265000 0 0
1942 04 28 2.441000 0 0
1942 04 29 1.896000 0 0
1942 04 30 2.014000 0 0
1942 05 01 1.974000 0 0
1942 05 02 1.896000 0 0
1942 05 03 1.896000 0 0
1942 05 04 1.896000 0 0
1942 05 05 1.896000 0 0
1942 05 06 2.055000 0 0
1942 05 07 2.222000 0 0
1942 05 08 2.179000 0 0
1942 05 09 2.055000 0 0
1942 05 10 1.974000 0 0
1942 05 11 1.896000 0 0
1942 05 12 1.857000 0 0
1942 05 13 1.819000 0 0
1942 05 14 1.744000 0 0
1942 05 15 1.819000 0 0
1942 05 16 1.819000 0 0
1942 05 17 1.819000 0 0
1942 05 18 1.819000 0 0
1942 05 19 1.744000 0 0
1942 05 20 1.744000 0 0
1942 05 21 1.744000 0 0
1942 05 22 1.707000 0 0
1942 05 23 1.707000 0 0
1942 05 24 1.671000 0 0
1942 05 25 1.671000 0 0
1942 05 26 1.671000 0 0
1942 05 27 1.671000 0 0
1942 05 28 1.635000 0 0
1942 05 29 1.635000 0 0
1942 05 30 1.635000 0 0
1942 05 31 1.599000 0 0
1942 06 01 1.599000 0 0
1942 06 02 1.599000 0 0
1942 06 03 1.599000 0 0
1942 06 04 1.530000 0 0
1942 06 05 1.530000 0 0
1942 06 06 1.462000 0 0
1942 06 07 1.462000 0 0
1942 06 08 1.496000 0 0
1942 06 09 1.462000 0 0
1942 06 10 1.599000 0 0
1942 06 11 1.819000 0 0
1942 06 12 1.819000 0 0
1942 06 13 1.819000 0 0
1942 06 14 1.819000 0 0
1942 06 15 1.671000 0 0
1942 06 16 1.707000 0 0
1942 06 17 1.896000 0 0
1942 06 18 1.896000 0 0
1942 06 19 1.744000 0 0
1942 06 20 1.671000 0 0
1942 06 21 1.565000 0 0
1942 06 22 1.530000 0 0
1942 06 23 1.530000 0 0
1942 06 24 1.530000 0 0
1942 06 25 1.496000 0 0
1942 06 26 1.462000 0 0
1942 06 27 1.462000 0 0
1942 06 28 1.496000 0 0
1942 06 29 1.496000 0 0
1942 06 30 1.462000 0 0
1942 07 01 1.462000 0 0
1942 07 02 1.462000 0 0
1942 07 03 1.462000 0 0
1942 07 04 1.429000 0 0
1942 07 05 1.599000 0 0
1942 07 06 1.530000 0 0
1942 07 07 1.496000 0 0
1942 07 08 1.496000 0 0
1942 07 09 1.496000 0 0
1942 07 10 1.974000 0 0
1942 07 11 2.579000 0 0
1942 07 12 2.222000 0 0
1942 07 13 1.744000 0 0
1942 07 14 1.496000 0 0
1942 07 15 1.462000 0 0
1942 07 16 1.396000 0 0
1942 07 17 1.396000 0 0
1942 07 18 1.429000 0 0
1942 07 19 1.429000 0 0
1942 07 20 1.396000 0 0
1942 07 21 1.396000 0 0
1942 07 22 1.396000 0 0
1942 07 23 1.396000 0 0
1942 07 24 1.364000 0 0
1942 07 25 1.364000 0 0
1942 07 26 1.364000 0 0
1942 07 27 1.332000 0 0
1942 07 28 1.364000 0 0
1942 07 29 1.332000 0 0
1942 07 30 1.332000 0 0
1942 07 31 1.332000 0 0
1942 08 01 1.332000 0 0
1942 08 02 1.301000 0 0
1942 08 03 1.301000 0 0
1942 08 04 1.301000 0 0
1942 08 05 1.301000 0 0
1942 08 06 1.270000 0 0
1942 08 07 1.270000 0 0
1942 08 08 1.270000 0 0
1942 08 09 1.270000 0 0
1942 08 10 1.270000 0 0
1942 08 11 1.239000 0 0
1942 08 12 1.239000 0 0
1942 08 13 1.209000 0 0
1942 08 14 1.239000 0 0
1942 08 15 1.209000 0 0
1942 08 16 1.209000 0 0
1942 08 17 1.209000 0 0
1942 08 18 1.209000 0 0
1942 08 19 1.209000 0 0
1942 08 20 1.209000 0 0
1942 08 21 1.160000 0 0
1942 08 22 1.160000 0 0
1942 08 23 1.160000 0 0
1942 08 24 1.160000 0 0
1942 08 25 1.160000 0 0
1942 08 26 1.138000 0 0
1942 08 27 1.116000 0 0
1942 08 28 1.116000 0 0
1942 08 29 1.116000 0 0
1942 08 30 1.138000 0 0
1942 08 31 1.138000 0 0
1942 09 01 1.116000 0 0
1942 09 02 1.116000 0 0
1942 09 03 1.072000 0 0
1942 09 04 1.072000 0 0
1942 09 05 1.072000 0 0
1942 09 06 1.072000 0 0
1942 09 07 1.051000 0 0
1942 09 08 1.051000 0 0
1942 09 09 1.030000 0 0
1942 09 10 0.988000 0 0
1942 09 11 0.988000 0 0
1942 09 12 0.988000 0 0
1942 09 13 0.988000 0 0
1942 09 14 0.988000 0 0
1942 09 15 0.988000 0 0
1942 09 16 0.988000 0 0
1942 09 17 1.270000 0 0
1942 09 18 1.270000 0 0
1942 09 19 1.496000 0 0
1942 09 20 1.496000 0 0
1942 09 21 1.496000 0 0
1942 09 22 1.138000 0 0
1942 09 23 1.094000 0 0
1942 09 24 1.030000 0 0
1942 09 25 1.138000 0 0
1942 09 26 1.138000 0 0
1942 09 27 1.138000 0 0
1942 09 28 1.009000 0 0
1942 09 29 1.030000 0 0
1942 09 30 0.988000 0 0
1942 10 01 1.030000 0 0
1942 10 02 1.030000 0 0
1942 10 03 1.072000 0 0
1942 10 04 1.094000 0 0
1942 10 05 1.116000 0 0
1942 10 06 1.072000 0 0
1942 10 07 1.009000 0 0
1942 10 08 0.988000 0 0
1942 10 09 0.909000 0 0
1942 10 10 0.948000 0 0
1942 10 11 0.968000 0 0
1942 10 12 0.928000 0 0
1942 10 13 1.009000 0 0
1942 10 14 1.051000 0 0
1942 10 15 1.239000 0 0
1942 10 16 1.138000 0 0
1942 10 17 1.138000 0 0
1942 10 18 1.072000 0 0
1942 10 19 1.030000 0 0
1942 10 20 1.009000 0 0
1942 10 21 0.988000 0 0
1942 10 22 0.968000 0 0
1942 10 23 0.968000 0 0
1942 10 24 0.948000 0 0
1942 10 25 1.072000 0 0
1942 10 26 1.051000 0 0
1942 10 27 1.051000 0 0
1942 10 28 1.160000 0 0
1942 10 29 1.160000 0 0
1942 10 30 1.072000 0 0
1942 10 31 0.948000 0 0
1942 11 01 1.094000 0 0
1942 11 02 1.332000 0 0
1942 11 03 1.209000 0 0
1942 11 04 0.948000 0 0
1942 11 05 1.160000 0 0
1942 11 06 0.889000 0 0
1942 11 07 0.928000 0 0
1942 11 08 0.968000 0 0
1942 11 09 0.948000 0 0
1942 11 10 0.928000 0 0
1942 11 11 0.948000 0 0
1942 11 12 0.909000 0 0
1942 11 13 0.870000 0 0
1942 11 14 1.030000 0 0
1942 11 15 0.968000 0 0
1942 11 16 0.948000 0 0
1942 11 17 0.909000 0 0
1942 11 18 0.909000 0 0
1942 11 19 0.968000 0 0
1942 11 20 1.160000 0 0
1942 11 21 1.160000 0 0
1942 11 22 1.030000 0 0
1942 11 23 0.948000 0 0
1942 11 24 0.889000 0 0
1942 11 25 0.988000 0 0
1942 11 26 1.332000 0 0
1942 11 27 1.974000 0 0
1942 11 28 1.857000 0 0
1942 11 29 1.819000 0 0
1942 11 30 1.332000 0 0
1942 12 01 1.565000 0 0
1942 12 02 1.744000 0 0
1942 12 03 1.707000 0 0
1942 12 04 1.530000 0 0
1942 12 05 1.530000 0 0
1942 12 06 1.462000 0 0
1942 12 07 1.429000 0 0
1942 12 08 1.429000 0 0
1942 12 09 1.301000 0 0
1942 12 10 1.396000 0 0
1942 12 11 1.462000 0 0
1942 12 12 1.429000 0 0
1942 12 13 1.396000 0 0
1942 12 14 1.396000 0 0
1942 12 15 1.396000 0 0
1942 12 16 1.239000 0 0
1942 12 17 1.332000 0 0
1942 12 18 1.270000 0 0
1942 12 19 1.209000 0 0
1942 12 20 1.160000 0 0
1942 12 21 1.671000 0 0
1942 12 22 2.055000 0 0
1942 12 23 1.635000 0 0
1942 12 24 4.344000 0 0
1942 12 25 6.040000 0 0
1942 12 26 2.995000 0 0
1942 12 27 2.396000 0 0
1942 12 28 2.137000 0 0
1942 12 29 1.599000 0 0
1942 12 30 1.530000 0 0
1942 12 31 1.072000 0 0
1943 01 01 1.530000 0 0
1943 01 02 1.270000 0 0
1943 01 03 1.599000 0 0
1943 01 04 1.707000 0 0
1943 01 05 2.014000 0 0
1943 01 06 1.744000 0 0
1943 01 07 1.462000 0 0
1943 01 08 1.364000 0 0
1943 01 09 1.270000 0 0
1943 01 10 1.332000 0 0
1943 01 11 1.429000 0 0
1943 01 12 1.364000 0 0
1943 01 13 1.364000 0 0
1943 01 14 2.265000 0 0
1943 01 15 3.162000 0 0
1943 01 16 2.754000 0 0
1943 01 17 1.974000 0 0
1943 01 18 1.599000 0 0
1943 01 19 1.635000 0 0
1943 01 20 6.040000 0 0
1943 01 21 5.482000 0 0
1943 01 22 5.373000 0 0
1943 01 23 6.270000 0 0
1943 01 24 4.542000 0 0
1943 01 25 4.846000 0 0
1943 01 26 3.507000 0 0
1943 01 27 3.162000 0 0
1943 01 28 3.162000 0 0
1943 01 29 3.162000 0 0
1943 01 30 2.754000 0 0
1943 01 31 3.419000 0 0
1943 02 01 4.344000 0 0
1943 02 02 10.062000 0 0
1943 02 03 6.623000 0 0
1943 02 04 5.702000 0 0
1943 02 05 4.949000 0 0
1943 02 06 3.777000 0 0
1943 02 07 3.332000 0 0
1943 02 08 2.676000 0 0
1943 02 09 2.754000 0 0
1943 02 10 2.833000 0 0
1943 02 11 2.754000 0 0
1943 02 12 2.676000 0 0
1943 02 13 2.579000 0 0
1943 02 14 2.676000 0 0
1943 02 15 2.754000 0 0
1943 02 16 2.914000 0 0
1943 02 17 2.914000 0 0
1943 02 18 2.995000 0 0
1943 02 19 3.332000 0 0
1943 02 20 3.246000 0 0
1943 02 21 3.078000 0 0
1943 02 22 2.676000 0 0
1943 02 23 2.579000 0 0
1943 02 24 2.532000 0 0
1943 02 25 2.487000 0 0
1943 02 26 2.441000 0 0
1943 02 27 2.579000 0 0
1943 02 28 2.579000 0 0
1943 03 01 2.676000 0 0
1943 03 02 2.676000 0 0
1943 03 03 2.754000 0 0
1943 03 04 2.833000 0 0
1943 03 05 3.162000 0 0
1943 03 06 2.396000 0 0
1943 03 07 2.179000 0 0
1943 03 08 8.127000 0 0
1943 03 09 3.777000 0 0
1943 03 10 2.995000 0 0
1943 03 11 3.419000 0 0
1943 03 12 2.396000 0 0
1943 03 13 2.441000 0 0
1943 03 14 2.352000 0 0
1943 03 15 2.265000 0 0
1943 03 16 2.308000 0 0
1943 03 17 2.308000 0 0
1943 03 18 2.055000 0 0
1943 03 19 2.137000 0 0
1943 03 20 1.974000 0 0
1943 03 21 2.179000 0 0
1943 03 22 2.014000 0 0
1943 03 23 2.265000 0 0
1943 03 24 2.014000 0 0
1943 03 25 2.096000 0 0
1943 03 26 2.137000 0 0
1943 03 27 2.265000 0 0
1943 03 28 2.396000 0 0
1943 03 29 2.308000 0 0
1943 03 30 2.441000 0 0
1943 03 31 2.396000 0 0
1943 04 01 2.396000 0 0
1943 04 02 2.352000 0 0
1943 04 03 2.265000 0 0
1943 04 04 2.014000 0 0
1943 04 05 1.974000 0 0
1943 04 06 1.896000 0 0
1943 04 07 1.896000 0 0
1943 04 08 1.857000 0 0
1943 04 09 1.819000 0 0
1943 04 10 1.857000 0 0
1943 04 11 1.857000 0 0
1943 04 12 1.819000 0 0
1943 04 13 1.744000 0 0
1943 04 14 1.744000 0 0
1943 04 15 1.781000 0 0
1943 04 16 1.935000 0 0
1943 04 17 1.974000 0 0
1943 04 18 2.014000 0 0
1943 04 19 1.896000 0 0
1943 04 20 1.707000 0 0
1943 04 21 1.635000 0 0
1943 04 22 1.671000 0 0
1943 04 23 1.896000 0 0
1943 04 24 1.744000 0 0
1943 04 25 1.671000 0 0
1943 04 26 1.635000 0 0
1943 04 27 1.635000 0 0
1943 04 28 1.599000 0 0
1943 04 29 1.671000 0 0
1943 04 30 1.635000 0 0
1943 05 01 1.635000 0 0
1943 05 02 1.671000 0 0
1943 05 03 1.599000 0 0
1943 05 04 1.530000 0 0
1943 05 05 1.599000 0 0
1943 05 06 1.565000 0 0
1943 05 07 1.530000 0 0
1943 05 08 1.565000 0 0
1943 05 09 1.635000 0 0
1943 05 10 1.565000 0 0
1943 05 11 1.565000 0 0
1943 05 12 1.530000 0 0
1943 05 13 1.565000 0 0
1943 05 14 1.496000 0 0
1943 05 15 1.530000 0 0
1943 05 16 1.635000 0 0
1943 05 17 1.635000 0 0
1943 05 18 1.530000 0 0
1943 05 19 1.530000 0 0
1943 05 20 1.496000 0 0
1943 05 21 1.496000 0 0
1943 05 22 1.462000 0 0
1943 05 23 1.462000 0 0
1943 05 24 1.462000 0 0
1943 05 25 1.462000 0 0
1943 05 26 1.332000 0 0
1943 05 27 1.301000 0 0
1943 05 28 1.332000 0 0
1943 05 29 1.301000 0 0
1943 05 30 1.332000 0 0
1943 05 31 1.364000 0 0
1943 06 01 1.364000 0 0
1943 06 02 1.301000 0 0
1943 06 03 1.301000 0 0
1943 06 04 1.270000 0 0
1943 06 05 1.301000 0 0
1943 06 06 1.396000 0 0
1943 06 07 1.332000 0 0
1943 06 08 1.974000 0 0
1943 06 09 1.974000 0 0
1943 06 10 1.565000 0 0
1943 06 11 1.462000 0 0
1943 06 12 1.429000 0 0
1943 06 13 1.396000 0 0
1943 06 14 1.332000 0 0
1943 06 15 1.270000 0 0
1943 06 16 1.301000 0 0
1943 06 17 1.270000 0 0
1943 06 18 1.270000 0 0
1943 06 19 1.270000 0 0
1943 06 20 1.364000 0 0
1943 06 21 1.301000 0 0
1943 06 22 1.270000 0 0
1943 06 23 1.209000 0 0
1943 06 24 1.301000 0 0
1943 06 25 1.239000 0 0
1943 06 26 1.270000 0 0
1943 06 27 1.301000 0 0
1943 06 28 1.270000 0 0
1943 06 29 1.332000 0 0
1943 06 30 1.209000 0 0
1943 07 01 1.209000 0 0
1943 07 02 1.209000 0 0
1943 07 03 1.180000 0 0
1943 07 04 1.270000 0 0
1943 07 05 1.239000 0 0
1943 07 06 1.270000 0 0
1943 07 07 1.239000 0 0
1943 07 08 1.239000 0 0
1943 07 09 1.209000 0 0
1943 07 10 1.209000 0 0
1943 07 11 1.270000 0 0
1943 07 12 1.239000 0 0
1943 07 13 1.209000 0 0
1943 07 14 1.209000 0 0
1943 07 15 1.160000 0 0
1943 07 16 1.160000 0 0
1943 07 17 1.160000 0 0
1943 07 18 1.180000 0 0
1943 07 19 1.138000 0 0
1943 07 20 1.116000 0 0
1943 07 21 1.116000 0 0
1943 07 22 1.116000 0 0
1943 07 23 1.094000 0 0
1943 07 24 1.116000 0 0
1943 07 25 1.138000 0 0
1943 07 26 1.116000 0 0
1943 07 27 1.072000 0 0
1943 07 28 1.072000 0 0
1943 07 29 1.072000 0 0
1943 07 30 1.030000 0 0
1943 07 31 1.051000 0 0
1943 08 01 1.094000 0 0
1943 08 02 1.051000 0 0
1943 08 03 1.239000 0 0
1943 08 04 1.270000 0 0
1943 08 05 1.180000 0 0
1943 08 06 1.138000 0 0
1943 08 07 1.094000 0 0
1943 08 08 1.116000 0 0
1943 08 09 1.051000 0 0
1943 08 10 1.072000 0 0
1943 08 11 1.030000 0 0
1943 08 12 1.030000 0 0
1943 08 13 1.030000 0 0
1943 08 14 1.051000 0 0
1943 08 15 1.051000 0 0
1943 08 16 1.030000 0 0
1943 08 17 0.988000 0 0
1943 08 18 0.968000 0 0
1943 08 19 0.988000 0 0
1943 08 20 0.928000 0 0
1943 08 21 0.928000 0 0
1943 08 22 1.009000 0 0
1943 08 23 0.968000 0 0
1943 08 24 0.928000 0 0
1943 08 25 0.889000 0 0
1943 08 26 0.988000 0 0
1943 08 27 0.948000 0 0
1943 08 28 0.968000 0 0
1943 08 29 0.988000 0 0
1943 08 30 0.988000 0 0
1943 08 31 0.928000 0 0
1943 09 01 0.948000 0 0
1943 09 02 0.948000 0 0
1943 09 03 0.928000 0 0
1943 09 04 0.948000 0 0
1943 09 05 1.009000 0 0
1943 09 06 0.988000 0 0
1943 09 07 0.968000 0 0
1943 09 08 0.928000 0 0
1943 09 09 0.909000 0 0
1943 09 10 0.909000 0 0
1943 09 11 1.009000 0 0
1943 09 12 1.051000 0 0
1943 09 13 1.030000 0 0
1943 09 14 1.180000 0 0
1943 09 15 1.180000 0 0
1943 09 16 0.948000 0 0
1943 09 17 0.968000 0 0
1943 09 18 0.909000 0 0
1943 09 19 1.009000 0 0
1943 09 20 0.968000 0 0
1943 09 21 0.948000 0 0
1943 09 22 0.968000 0 0
1943 09 23 1.009000 0 0
1943 09 24 1.094000 0 0
1943 09 25 1.138000 0 0
1943 09 26 1.138000 0 0
1943 09 27 1.051000 0 0
1943 09 28 1.009000 0 0
1943 09 29 0.968000 0 0
1943 09 30 0.948000 0 0
1943 10 01 0.968000 0 0
1943 10 02 0.988000 0 0
1943 10 03 0.948000 0 0
1943 10 04 1.160000 0 0
1943 10 05 3.507000 0 0
1943 10 06 1.935000 0 0
1943 10 07 1.462000 0 0
1943 10 08 1.209000 0 0
1943 10 09 1.180000 0 0
1943 10 10 1.138000 0 0
1943 10 11 1.160000 0 0
1943 10 12 1.239000 0 0
1943 10 13 1.301000 0 0
1943 10 14 1.364000 0 0
1943 10 15 1.635000 0 0
1943 10 16 1.429000 0 0
1943 10 17 1.270000 0 0
1943 10 18 1.072000 0 0
1943 10 19 1.051000 0 0
1943 10 20 1.030000 0 0
1943 10 21 1.030000 0 0
1943 10 22 1.270000 0 0
1943 10 23 1.599000 0 0
1943 10 24 1.565000 0 0
1943 10 25 1.671000 0 0
1943 10 26 1.180000 0 0
1943 10 27 1.160000 0 0
1943 10 28 4.344000 0 0
1943 10 29 4.056000 0 0
1943 10 30 2.055000 0 0
1943 10 31 1.671000 0 0
1943 11 01 1.396000 0 0
1943 11 02 1.396000 0 0
1943 11 03 1.462000 0 0
1943 11 04 1.857000 0 0
1943 11 05 1.744000 0 0
1943 11 06 1.462000 0 0
1943 11 07 1.599000 0 0
1943 11 08 1.396000 0 0
1943 11 09 1.239000 0 0
1943 11 10 1.239000 0 0
1943 11 11 1.270000 0 0
1943 11 12 1.239000 0 0
1943 11 13 1.209000 0 0
1943 11 14 1.180000 0 0
1943 11 15 1.138000 0 0
1943 11 16 1.051000 0 0
1943 11 17 1.030000 0 0
1943 11 18 1.744000 0 0
1943 11 19 2.352000 0 0
1943 11 20 1.896000 0 0
1943 11 21 1.462000 0 0
1943 11 22 1.160000 0 0
1943 11 23 1.180000 0 0
1943 11 24 1.599000 0 0
1943 11 25 1.530000 0 0
1943 11 26 1.239000 0 0
1943 11 27 1.138000 0 0
1943 11 28 1.116000 0 0
1943 11 29 1.138000 0 0
1943 11 30 1.116000 0 0
1943 12 01 3.507000 0 0
1943 12 02 3.078000 0 0
1943 12 03 1.819000 0 0
1943 12 04 1.530000 0 0
1943 12 05 1.364000 0 0
1943 12 06 1.239000 0 0
1943 12 07 1.270000 0 0
1943 12 08 1.270000 0 0
1943 12 09 1.209000 0 0
1943 12 10 1.180000 0 0
1943 12 11 1.160000 0 0
1943 12 12 1.160000 0 0
1943 12 13 1.332000 0 0
1943 12 14 1.301000 0 0
1943 12 15 1.270000 0 0
1943 12 16 1.239000 0 0
1943 12 17 1.209000 0 0
1943 12 18 1.180000 0 0
1943 12 19 1.160000 0 0
1943 12 20 1.160000 0 0
1943 12 21 1.116000 0 0
1943 12 22 1.116000 0 0
1943 12 23 1.160000 0 0
1943 12 24 1.160000 0 0
1943 12 25 1.270000 0 0
1943 12 26 1.635000 0 0
1943 12 27 1.974000 0 0
1943 12 28 1.530000 0 0
1943 12 29 1.496000 0 0
1943 12 30 2.014000 0 0
1943 12 31 1.819000 0 0
1944 01 01 1.635000 0 0
1944 01 02 1.301000 0 0
1944 01 03 1.530000 0 0
1944 01 04 2.914000 0 0
1944 01 05 4.542000 0 0
1944 01 06 2.096000 0 0
1944 01 07 1.530000 0 0
1944 01 08 1.935000 0 0
1944 01 09 1.462000 0 0
1944 01 10 1.301000 0 0
1944 01 11 1.301000 0 0
1944 01 12 1.209000 0 0
1944 01 13 2.265000 0 0
1944 01 14 2.352000 0 0
1944 01 15 1.599000 0 0
1944 01 16 1.462000 0 0
1944 01 17 1.301000 0 0
1944 01 18 1.744000 0 0
1944 01 19 1.599000 0 0
1944 01 20 1.364000 0 0
1944 01 21 1.270000 0 0
1944 01 22 1.209000 0 0
1944 01 23 1.209000 0 0
1944 01 24 1.209000 0 0
1944 01 25 1.209000 0 0
1944 01 26 1.160000 0 0
1944 01 27 1.160000 0 0
1944 01 28 1.160000 0 0
1944 01 29 1.270000 0 0
1944 01 30 1.116000 0 0
1944 01 31 1.429000 0 0
1944 02 01 1.270000 0 0
1944 02 02 1.180000 0 0
1944 02 03 1.160000 0 0
1944 02 04 1.160000 0 0
1944 02 05 1.138000 0 0
1944 02 06 1.180000 0 0
1944 02 07 1.160000 0 0
1944 02 08 1.116000 0 0
1944 02 09 1.116000 0 0
1944 02 10 1.239000 0 0
1944 02 11 1.209000 0 0
1944 02 12 1.180000 0 0
1944 02 13 1.239000 0 0
1944 02 14 1.180000 0 0
1944 02 15 1.209000 0 0
1944 02 16 1.332000 0 0
1944 02 17 1.819000 0 0
1944 02 18 2.487000 0 0
1944 02 19 5.814000 0 0
1944 02 20 3.962000 0 0
1944 02 21 1.744000 0 0
1944 02 22 6.155000 0 0
1944 02 23 2.579000 0 0
1944 02 24 2.308000 0 0
1944 02 25 5.054000 0 0
1944 02 26 7.996000 0 0
1944 02 27 4.744000 0 0
1944 02 28 3.962000 0 0
1944 02 29 2.914000 0 0
1944 03 01 2.487000 0 0
1944 03 02 3.777000 0 0
1944 03 03 2.833000 0 0
1944 03 04 3.596000 0 0
1944 03 05 5.159000 0 0
1944 03 06 4.344000 0 0
1944 03 07 3.596000 0 0
1944 03 08 2.914000 0 0
1944 03 09 2.754000 0 0
1944 03 10 2.833000 0 0
1944 03 11 2.532000 0 0
1944 03 12 2.487000 0 0
1944 03 13 2.265000 0 0
1944 03 14 2.352000 0 0
1944 03 15 2.308000 0 0
1944 03 16 2.352000 0 0
1944 03 17 3.162000 0 0
1944 03 18 3.246000 0 0
1944 03 19 3.078000 0 0
1944 03 20 2.487000 0 0
1944 03 21 2.308000 0 0
1944 03 22 2.179000 0 0
1944 03 23 2.179000 0 0
1944 03 24 2.096000 0 0
1944 03 25 2.055000 0 0
1944 03 26 2.014000 0 0
1944 03 27 2.014000 0 0
1944 03 28 2.055000 0 0
1944 03 29 2.096000 0 0
1944 03 30 2.055000 0 0
1944 03 31 1.974000 0 0
1944 04 01 2.137000 0 0
1944 04 02 2.096000 0 0
1944 04 03 1.974000 0 0
1944 04 04 1.935000 0 0
1944 04 05 1.896000 0 0
1944 04 06 1.896000 0 0
1944 04 07 1.857000 0 0
1944 04 08 1.857000 0 0
1944 04 09 1.781000 0 0
1944 04 10 1.671000 0 0
1944 04 11 1.599000 0 0
1944 04 12 1.671000 0 0
1944 04 13 1.635000 0 0
1944 04 14 1.671000 0 0
1944 04 15 1.635000 0 0
1944 04 16 1.671000 0 0
1944 04 17 1.671000 0 0
1944 04 18 1.671000 0 0
1944 04 19 1.635000 0 0
1944 04 20 1.781000 0 0
1944 04 21 1.819000 0 0
1944 04 22 1.781000 0 0
1944 04 23 1.781000 0 0
1944 04 24 1.599000 0 0
1944 04 25 1.599000 0 0
1944 04 26 1.599000 0 0
1944 04 27 1.599000 0 0
1944 04 28 1.565000 0 0
1944 04 29 1.565000 0 0
1944 04 30 1.530000 0 0
1944 05 01 1.530000 0 0
1944 05 02 1.530000 0 0
1944 05 03 1.530000 0 0
1944 05 04 1.496000 0 0
1944 05 05 1.462000 0 0
1944 05 06 1.462000 0 0
1944 05 07 1.462000 0 0
1944 05 08 1.429000 0 0
1944 05 09 1.429000 0 0
1944 05 10 1.396000 0 0
1944 05 11 1.396000 0 0
1944 05 12 1.396000 0 0
1944 05 13 1.396000 0 0
1944 05 14 1.396000 0 0
1944 05 15 1.364000 0 0
1944 05 16 1.364000 0 0
1944 05 17 1.364000 0 0
1944 05 18 1.364000 0 0
1944 05 19 1.332000 0 0
1944 05 20 1.332000 0 0
1944 05 21 1.332000 0 0
1944 05 22 1.301000 0 0
1944 05 23 1.301000 0 0
1944 05 24 1.270000 0 0
1944 05 25 1.270000 0 0
1944 05 26 1.270000 0 0
1944 05 27 1.270000 0 0
1944 05 28 1.270000 0 0
1944 05 29 1.270000 0 0
1944 05 30 1.239000 0 0
1944 05 31 1.239000 0 0
1944 06 01 1.239000 0 0
1944 06 02 1.209000 0 0
1944 06 03 1.239000 0 0
1944 06 04 1.239000 0 0
1944 06 05 1.239000 0 0
1944 06 06 1.239000 0 0
1944 06 07 1.239000 0 0
1944 06 08 1.239000 0 0
1944 06 09 1.239000 0 0
1944 06 10 1.209000 0 0
1944 06 11 1.209000 0 0
1944 06 12 1.209000 0 0
1944 06 13 1.209000 0 0
1944 06 14 1.209000 0 0
1944 06 15 1.180000 0 0
1944 06 16 1.180000 0 0
1944 06 17 1.180000 0 0
1944 06 18 1.180000 0 0
1944 06 19 1.180000 0 0
1944 06 20 1.180000 0 0
1944 06 21 1.180000 0 0
1944 06 22 1.180000 0 0
1944 06 23 1.180000 0 0
1944 06 24 1.160000 0 0
1944 06 25 1.160000 0 0
1944 06 26 1.138000 0 0
1944 06 27 1.138000 0 0
1944 06 28 1.160000 0 0
1944 06 29 1.160000 0 0
1944 06 30 1.138000 0 0
1944 07 01 1.138000 0 0
1944 07 02 1.138000 0 0
1944 07 03 1.138000 0 0
1944 07 04 1.138000 0 0
1944 07 05 1.072000 0 0
1944 07 06 1.072000 0 0
1944 07 07 1.094000 0 0
1944 07 08 1.072000 0 0
1944 07 09 1.094000 0 0
1944 07 10 1.094000 0 0
1944 07 11 1.072000 0 0
1944 07 12 1.051000 0 0
1944 07 13 1.051000 0 0
1944 07 14 1.072000 0 0
1944 07 15 1.072000 0 0
1944 07 16 1.072000 0 0
1944 07 17 1.072000 0 0
1944 07 18 1.072000 0 0
1944 07 19 1.051000 0 0
1944 07 20 1.030000 0 0
1944 07 21 1.030000 0 0
1944 07 22 0.988000 0 0
1944 07 23 0.988000 0 0
1944 07 24 0.988000 0 0
1944 07 25 0.968000 0 0
1944 07 26 0.988000 0 0
1944 07 27 0.948000 0 0
1944 07 28 0.909000 0 0
1944 07 29 0.909000 0 0
1944 07 30 0.909000 0 0
1944 07 31 0.928000 0 0
1944 08 01 0.928000 0 0
1944 08 02 0.948000 0 0
1944 08 03 0.948000 0 0
1944 08 04 0.948000 0 0
1944 08 05 0.948000 0 0
1944 08 06 0.948000 0 0
1944 08 07 0.948000 0 0
1944 08 08 0.948000 0 0
1944 08 09 0.928000 0 0
1944 08 10 0.928000 0 0
1944 08 11 0.928000 0 0
1944 08 12 0.948000 0 0
1944 08 13 0.968000 0 0
1944 08 14 0.948000 0 0
1944 08 15 0.948000 0 0
1944 08 16 0.948000 0 0
1944 08 17 0.909000 0 0
1944 08 18 0.948000 0 0
1944 08 19 0.928000 0 0
1944 08 20 0.928000 0 0
1944 08 21 0.909000 0 0
1944 08 22 0.889000 0 0
1944 08 23 0.870000 0 0
1944 08 24 0.889000 0 0
1944 08 25 0.833000 0 0
1944 08 26 0.833000 0 0
1944 08 27 0.833000 0 0
1944 08 28 0.870000 0 0
1944 08 29 0.833000 0 0
1944 08 30 0.833000 0 0
1944 08 31 0.833000 0 0
1944 09 01 0.833000 0 0
1944 09 02 0.833000 0 0
1944 09 03 0.833000 0 0
1944 09 04 0.833000 0 0
1944 09 05 0.833000 0 0
1944 09 06 0.833000 0 0
1944 09 07 0.833000 0 0
1944 09 08 0.794000 0 0
1944 09 09 0.712000 0 0
1944 09 10 0.661000 0 0
1944 09 11 0.661000 0 0
1944 09 12 0.674000 0 0
1944 09 13 0.686000 0 0
1944 09 14 0.686000 0 0
1944 09 15 0.699000 0 0
1944 09 16 0.699000 0 0
1944 09 17 0.712000 0 0
1944 09 18 0.712000 0 0
1944 09 19 0.661000 0 0
1944 09 20 0.636000 0 0
1944 09 21 0.636000 0 0
1944 09 22 0.624000 0 0
1944 09 23 0.624000 0 0
1944 09 24 0.636000 0 0
1944 09 25 0.636000 0 0
1944 09 26 0.612000 0 0
1944 09 27 0.699000 0 0
1944 09 28 0.699000 0 0
1944 09 29 0.674000 0 0
1944 09 30 0.636000 0 0
1944 10 01 0.636000 0 0
1944 10 02 0.612000 0 0
1944 10 03 0.612000 0 0
1944 10 04 0.612000 0 0
1944 10 05 0.612000 0 0
1944 10 06 0.612000 0 0
1944 10 07 0.612000 0 0
1944 10 08 0.612000 0 0
1944 10 09 0.612000 0 0
1944 10 10 0.612000 0 0
1944 10 11 0.612000 0 0
1944 10 12 0.612000 0 0
1944 10 13 0.661000 0 0
1944 10 14 0.661000 0 0
1944 10 15 0.636000 0 0
1944 10 16 0.624000 0 0
1944 10 17 0.661000 0 0
1944 10 18 0.661000 0 0
1944 10 19 0.661000 0 0
1944 10 20 0.699000 0 0
1944 10 21 0.712000 0 0
1944 10 22 0.686000 0 0
1944 10 23 0.636000 0 0
1944 10 24 0.588000 0 0
1944 10 25 0.588000 0 0
1944 10 26 0.576000 0 0
1944 10 27 0.661000 0 0
1944 10 28 4.110000 0 0
1944 10 29 1.224000 0 0
1944 10 30 0.910000 0 0
1944 10 31 0.910000 0 0
1944 11 01 0.959000 0 0
1944 11 02 0.738000 0 0
1944 11 03 0.686000 0 0
1944 11 04 0.712000 0 0
1944 11 05 0.686000 0 0
1944 11 06 0.686000 0 0
1944 11 07 0.794000 0 0
1944 11 08 1.168000 0 0
1944 11 09 1.224000 0 0
1944 11 10 0.886000 0 0
1944 11 11 0.863000 0 0
1944 11 12 0.686000 0 0
1944 11 13 0.765000 0 0
1944 11 14 0.765000 0 0
1944 11 15 4.658000 0 0
1944 11 16 3.591000 0 0
1944 11 17 1.340000 0 0
1944 11 18 0.959000 0 0
1944 11 19 0.863000 0 0
1944 11 20 0.817000 0 0
1944 11 21 0.839000 0 0
1944 11 22 0.765000 0 0
1944 11 23 0.712000 0 0
1944 11 24 1.141000 0 0
1944 11 25 0.984000 0 0
1944 11 26 1.224000 0 0
1944 11 27 1.168000 0 0
1944 11 28 0.765000 0 0
1944 11 29 0.765000 0 0
1944 11 30 0.752000 0 0
1944 12 01 1.009000 0 0
1944 12 02 1.340000 0 0
1944 12 03 1.590000 0 0
1944 12 04 1.525000 0 0
1944 12 05 1.310000 0 0
1944 12 06 1.009000 0 0
1944 12 07 0.934000 0 0
1944 12 08 0.910000 0 0
1944 12 09 0.910000 0 0
1944 12 10 0.910000 0 0
1944 12 11 0.712000 0 0
1944 12 12 0.752000 0 0
1944 12 13 0.712000 0 0
1944 12 14 0.686000 0 0
1944 12 15 0.661000 0 0
1944 12 16 0.686000 0 0
1944 12 17 0.661000 0 0
1944 12 18 0.712000 0 0
1944 12 19 0.699000 0 0
1944 12 20 0.686000 0 0
1944 12 21 0.686000 0 0
1944 12 22 0.661000 0 0
1944 12 23 0.686000 0 0
1944 12 24 0.738000 0 0
1944 12 25 0.765000 0 0
1944 12 26 0.712000 0 0
1944 12 27 0.712000 0 0
1944 12 28 0.649000 0 0
1944 12 29 0.661000 0 0
1944 12 30 0.624000 0 0
1944 12 31 0.624000 0 0
1945 01 01 0.765000 0 0
1945 01 02 0.752000 0 0
1945 01 03 0.712000 0 0
1945 01 04 0.752000 0 0
1945 01 05 0.725000 0 0
1945 01 06 0.738000 0 0
1945 01 07 1.196000 0 0
1945 01 08 1.061000 0 0
1945 01 09 0.959000 0 0
1945 01 10 0.661000 0 0
1945 01 11 0.712000 0 0
1945 01 12 0.661000 0 0
1945 01 13 0.674000 0 0
1945 01 14 0.686000 0 0
1945 01 15 0.674000 0 0
1945 01 16 0.738000 0 0
1945 01 17 0.817000 0 0
1945 01 18 0.794000 0 0
1945 01 19 0.765000 0 0
1945 01 20 0.839000 0 0
1945 01 21 0.817000 0 0
1945 01 22 0.738000 0 0
1945 01 23 0.712000 0 0
1945 01 24 0.636000 0 0
1945 01 25 0.699000 0 0
1945 01 26 0.649000 0 0
1945 01 27 0.636000 0 0
1945 01 28 0.863000 0 0
1945 01 29 1.141000 0 0
1945 01 30 1.141000 0 0
1945 01 31 1.991000 0 0
1945 02 01 2.890000 0 0
1945 02 02 2.393000 0 0
1945 02 03 1.623000 0 0
1945 02 04 1.224000 0 0
1945 02 05 1.061000 0 0
1945 02 06 1.061000 0 0
1945 02 07 1.370000 0 0
1945 02 08 1.340000 0 0
1945 02 09 1.370000 0 0
1945 02 10 1.340000 0 0
1945 02 11 1.493000 0 0
1945 02 12 1.623000 0 0
1945 02 13 1.370000 0 0
1945 02 14 1.224000 0 0
1945 02 15 1.224000 0 0
1945 02 16 1.009000 0 0
1945 02 17 0.959000 0 0
1945 02 18 1.061000 0 0
1945 02 19 1.061000 0 0
1945 02 20 1.009000 0 0
1945 02 21 1.087000 0 0
1945 02 22 2.762000 0 0
1945 02 23 1.557000 0 0
1945 02 24 1.310000 0 0
1945 02 25 1.196000 0 0
1945 02 26 1.035000 0 0
1945 02 27 0.886000 0 0
1945 02 28 0.839000 0 0
1945 03 01 0.959000 0 0
1945 03 02 0.910000 0 0
1945 03 03 1.196000 0 0
1945 03 04 1.168000 0 0
1945 03 05 1.281000 0 0
1945 03 06 0.910000 0 0
1945 03 07 0.817000 0 0
1945 03 08 0.839000 0 0
1945 03 09 0.863000 0 0
1945 03 10 0.984000 0 0
1945 03 11 0.959000 0 0
1945 03 12 0.839000 0 0
1945 03 13 0.839000 0 0
1945 03 14 0.863000 0 0
1945 03 15 0.959000 0 0
1945 03 16 0.886000 0 0
1945 03 17 0.886000 0 0
1945 03 18 0.839000 0 0
1945 03 19 0.839000 0 0
1945 03 20 0.752000 0 0
1945 03 21 1.009000 0 0
1945 03 22 0.984000 0 0
1945 03 23 0.934000 0 0
1945 03 24 0.839000 0 0
1945 03 25 1.009000 0 0
1945 03 26 1.224000 0 0
1945 03 27 1.114000 0 0
1945 03 28 0.984000 0 0
1945 03 29 0.863000 0 0
1945 03 30 0.863000 0 0
1945 03 31 0.794000 0 0
1945 04 01 0.765000 0 0
1945 04 02 0.817000 0 0
1945 04 03 0.712000 0 0
1945 04 04 0.752000 0 0
1945 04 05 0.863000 0 0
1945 04 06 0.817000 0 0
1945 04 07 0.765000 0 0
1945 04 08 0.794000 0 0
1945 04 09 0.725000 0 0
1945 04 10 0.752000 0 0
1945 04 11 0.765000 0 0
1945 04 12 0.817000 0 0
1945 04 13 0.817000 0 0
1945 04 14 0.794000 0 0
1945 04 15 0.765000 0 0
1945 04 16 0.765000 0 0
1945 04 17 0.738000 0 0
1945 04 18 0.686000 0 0
1945 04 19 0.738000 0 0
1945 04 20 1.310000 0 0
1945 04 21 0.984000 0 0
1945 04 22 0.794000 0 0
1945 04 23 0.752000 0 0
1945 04 24 0.712000 0 0
1945 04 25 0.712000 0 0
1945 04 26 0.699000 0 0
1945 04 27 0.674000 0 0
1945 04 28 0.765000 0 0
1945 04 29 1.462000 0 0
1945 04 30 1.431000 0 0
1945 05 01 1.168000 0 0
1945 05 02 0.863000 0 0
1945 05 03 0.725000 0 0
1945 05 04 0.738000 0 0
1945 05 05 0.699000 0 0
1945 05 06 0.712000 0 0
1945 05 07 0.738000 0 0
1945 05 08 0.738000 0 0
1945 05 09 0.712000 0 0
1945 05 10 0.674000 0 0
1945 05 11 0.725000 0 0
1945 05 12 0.725000 0 0
1945 05 13 0.738000 0 0
1945 05 14 0.712000 0 0
1945 05 15 0.686000 0 0
1945 05 16 0.661000 0 0
1945 05 17 0.712000 0 0
1945 05 18 0.712000 0 0
1945 05 19 0.699000 0 0
1945 05 20 0.712000 0 0
1945 05 21 0.699000 0 0
1945 05 22 0.661000 0 0
1945 05 23 0.661000 0 0
1945 05 24 0.661000 0 0
1945 05 25 0.686000 0 0
1945 05 26 0.661000 0 0
1945 05 27 0.712000 0 0
1945 05 28 1.252000 0 0
1945 05 29 1.009000 0 0
1945 05 30 0.863000 0 0
1945 05 31 0.765000 0 0
1945 06 01 0.752000 0 0
1945 06 02 0.738000 0 0
1945 06 03 0.752000 0 0
1945 06 04 0.738000 0 0
1945 06 05 0.686000 0 0
1945 06 06 0.712000 0 0
1945 06 07 0.712000 0 0
1945 06 08 0.661000 0 0
1945 06 09 0.712000 0 0
1945 06 10 0.686000 0 0
1945 06 11 0.712000 0 0
1945 06 12 0.661000 0 0
1945 06 13 0.661000 0 0
1945 06 14 0.674000 0 0
1945 06 15 0.794000 0 0
1945 06 16 0.686000 0 0
1945 06 17 0.686000 0 0
1945 06 18 0.686000 0 0
1945 06 19 0.661000 0 0
1945 06 20 1.087000 0 0
1945 06 21 4.886000 0 0
1945 06 22 5.118000 0 0
1945 06 23 2.826000 0 0
1945 06 24 3.591000 0 0
1945 06 25 3.425000 0 0
1945 06 26 2.275000 0 0
1945 06 27 1.590000 0 0
1945 06 28 1.252000 0 0
1945 06 29 1.196000 0 0
1945 06 30 1.114000 0 0
1945 07 01 1.061000 0 0
1945 07 02 1.035000 0 0
1945 07 03 1.061000 0 0
1945 07 04 1.009000 0 0
1945 07 05 1.400000 0 0
1945 07 06 1.656000 0 0
1945 07 07 1.623000 0 0
1945 07 08 1.590000 0 0
1945 07 09 1.114000 0 0
1945 07 10 1.061000 0 0
1945 07 11 1.009000 0 0
1945 07 12 1.009000 0 0
1945 07 13 1.009000 0 0
1945 07 14 0.984000 0 0
1945 07 15 0.984000 0 0
1945 07 16 0.959000 0 0
1945 07 17 0.959000 0 0
1945 07 18 0.886000 0 0
1945 07 19 0.934000 0 0
1945 07 20 0.886000 0 0
1945 07 21 0.863000 0 0
1945 07 22 0.863000 0 0
1945 07 23 0.886000 0 0
1945 07 24 0.863000 0 0
1945 07 25 0.863000 0 0
1945 07 26 0.817000 0 0
1945 07 27 0.817000 0 0
1945 07 28 0.817000 0 0
1945 07 29 0.817000 0 0
1945 07 30 0.839000 0 0
1945 07 31 0.863000 0 0
1945 08 01 0.839000 0 0
1945 08 02 0.863000 0 0
1945 08 03 0.839000 0 0
1945 08 04 0.863000 0 0
1945 08 05 0.863000 0 0
1945 08 06 0.817000 0 0
1945 08 07 0.817000 0 0
1945 08 08 0.817000 0 0
1945 08 09 0.765000 0 0
1945 08 10 0.794000 0 0
1945 08 11 0.817000 0 0
1945 08 12 0.794000 0 0
1945 08 13 0.765000 0 0
1945 08 14 0.752000 0 0
1945 08 15 0.794000 0 0
1945 08 16 0.794000 0 0
1945 08 17 0.738000 0 0
1945 08 18 0.712000 0 0
1945 08 19 0.752000 0 0
1945 08 20 0.765000 0 0
1945 08 21 0.752000 0 0
1945 08 22 0.817000 0 0
1945 08 23 0.817000 0 0
1945 08 24 0.817000 0 0
1945 08 25 0.752000 0 0
1945 08 26 0.765000 0 0
1945 08 27 0.817000 0 0
1945 08 28 0.817000 0 0
1945 08 29 0.752000 0 0
1945 08 30 0.712000 0 0
1945 08 31 0.765000 0 0
1945 09 01 0.725000 0 0
1945 09 02 0.817000 0 0
1945 09 03 0.752000 0 0
1945 09 04 0.738000 0 0
1945 09 05 0.725000 0 0
1945 09 06 0.686000 0 0
1945 09 07 0.712000 0 0
1945 09 08 0.738000 0 0
1945 09 09 0.725000 0 0
1945 09 10 0.712000 0 0
1945 09 11 0.686000 0 0
1945 09 12 0.699000 0 0
1945 09 13 0.686000 0 0
1945 09 14 0.712000 0 0
1945 09 15 0.686000 0 0
1945 09 16 0.794000 0 0
1945 09 17 0.910000 0 0
1945 09 18 0.910000 0 0
1945 09 19 0.765000 0 0
1945 09 20 0.712000 0 0
1945 09 21 0.738000 0 0
1945 09 22 0.725000 0 0
1945 09 23 0.725000 0 0
1945 09 24 0.674000 0 0
1945 09 25 0.674000 0 0
1945 09 26 0.686000 0 0
1945 09 27 0.661000 0 0
1945 09 28 0.686000 0 0
1945 09 29 0.674000 0 0
1945 09 30 0.674000 0 0
1945 10 01 0.686000 0 0
1945 10 02 0.661000 0 0
1945 10 03 0.661000 0 0
1945 10 04 0.712000 0 0
1945 10 05 0.817000 0 0
1945 10 06 0.817000 0 0
1945 10 07 0.817000 0 0
1945 10 08 0.738000 0 0
1945 10 09 0.959000 0 0
1945 10 10 1.141000 0 0
1945 10 11 0.886000 0 0
1945 10 12 0.738000 0 0
1945 10 13 0.686000 0 0
1945 10 14 0.686000 0 0
1945 10 15 0.686000 0 0
1945 10 16 0.686000 0 0
1945 10 17 0.661000 0 0
1945 10 18 0.674000 0 0
1945 10 19 0.661000 0 0
1945 10 20 0.674000 0 0
1945 10 21 0.661000 0 0
1945 10 22 0.649000 0 0
1945 10 23 0.636000 0 0
1945 10 24 0.624000 0 0
1945 10 25 0.624000 0 0
1945 10 26 0.624000 0 0
1945 10 27 0.636000 0 0
1945 10 28 0.738000 0 0
1945 10 29 0.699000 0 0
1945 10 30 0.817000 0 0
1945 10 31 0.817000 0 0
1945 11 01 1.462000 0 0
1945 11 02 1.340000 0 0
1945 11 03 1.310000 0 0
1945 11 04 1.061000 0 0
1945 11 05 1.370000 0 0
1945 11 06 1.087000 0 0
1945 11 07 0.959000 0 0
1945 11 08 0.817000 0 0
1945 11 09 1.462000 0 0
1945 11 10 1.252000 0 0
1945 11 11 1.114000 0 0
1945 11 12 0.886000 0 0
1945 11 13 2.890000 0 0
1945 11 14 1.689000 0 0
1945 11 15 1.462000 0 0
1945 11 16 0.959000 0 0
1945 11 17 0.863000 0 0
1945 11 18 0.839000 0 0
1945 11 19 0.839000 0 0
1945 11 20 0.839000 0 0
1945 11 21 0.910000 0 0
1945 11 22 4.110000 0 0
1945 11 23 1.723000 0 0
1945 11 24 1.310000 0 0
1945 11 25 0.984000 0 0
1945 11 26 0.934000 0 0
1945 11 27 0.863000 0 0
1945 11 28 1.310000 0 0
1945 11 29 1.114000 0 0
1945 11 30 0.934000 0 0
1945 12 01 0.863000 0 0
1945 12 02 0.886000 0 0
1945 12 03 0.839000 0 0
1945 12 04 0.765000 0 0
1945 12 05 0.817000 0 0
1945 12 06 0.839000 0 0
1945 12 07 0.863000 0 0
1945 12 08 0.910000 0 0
1945 12 09 0.910000 0 0
1945 12 10 0.839000 0 0
1945 12 11 0.863000 0 0
1945 12 12 0.725000 0 0
1945 12 13 0.817000 0 0
1945 12 14 1.281000 0 0
1945 12 15 2.046000 0 0
1945 12 16 2.275000 0 0
1945 12 17 1.723000 0 0
1945 12 18 1.370000 0 0
1945 12 19 1.141000 0 0
1945 12 20 0.817000 0 0
1945 12 21 1.009000 0 0
1945 12 22 0.934000 0 0
1945 12 23 0.910000 0 0
1945 12 24 0.817000 0 0
1945 12 25 0.817000 0 0
1945 12 26 0.817000 0 0
1945 12 27 1.370000 0 0
1945 12 28 3.692000 0 0
1945 12 29 3.425000 0 0
1945 12 30 1.723000 0 0
1945 12 31 1.431000 0 0
1946 01 01 1.340000 0 0
1946 01 02 1.340000 0 0
1946 01 03 1.252000 0 0
1946 01 04 1.400000 0 0
1946 01 05 1.462000 0 0
1946 01 06 2.890000 0 0
1946 01 07 2.762000 0 0
1946 01 08 5.595000 0 0
1946 01 09 4.435000 0 0
1946 01 10 1.623000 0 0
1946 01 11 3.086000 0 0
1946 01 12 1.557000 0 0
1946 01 13 1.493000 0 0
1946 01 14 1.431000 0 0
1946 01 15 2.102000 0 0
1946 01 16 1.656000 0 0
1946 01 17 1.525000 0 0
1946 01 18 1.370000 0 0
1946 01 19 1.370000 0 0
1946 01 20 1.340000 0 0
1946 01 21 1.400000 0 0
1946 01 22 1.340000 0 0
1946 01 23 1.340000 0 0
1946 01 24 2.699000 0 0
1946 01 25 1.370000 0 0
1946 01 26 1.340000 0 0
1946 01 27 1.340000 0 0
1946 01 28 6.736000 0 0
1946 01 29 3.495000 0 0
1946 01 30 2.955000 0 0
1946 01 31 1.828000 0 0
1946 02 01 1.525000 0 0
1946 02 02 1.493000 0 0
1946 02 03 1.623000 0 0
1946 02 04 1.557000 0 0
1946 02 05 1.493000 0 0
1946 02 06 1.340000 0 0
1946 02 07 1.340000 0 0
1946 02 08 1.400000 0 0
1946 02 09 1.493000 0 0
1946 02 10 1.991000 0 0
1946 02 11 1.656000 0 0
1946 02 12 1.462000 0 0
1946 02 13 1.370000 0 0
1946 02 14 1.462000 0 0
1946 02 15 2.393000 0 0
1946 02 16 4.004000 0 0
1946 02 17 6.736000 0 0
1946 02 18 4.217000 0 0
1946 02 19 2.334000 0 0
1946 02 20 1.828000 0 0
1946 02 21 1.656000 0 0
1946 02 22 4.217000 0 0
1946 02 23 4.217000 0 0
1946 02 24 3.692000 0 0
1946 02 25 3.086000 0 0
1946 02 26 2.453000 0 0
1946 02 27 1.936000 0 0
1946 02 28 1.775000 0 0
1946 03 01 1.590000 0 0
1946 03 02 7.684000 0 0
1946 03 03 3.795000 0 0
1946 03 04 2.955000 0 0
1946 03 05 2.217000 0 0
1946 03 06 2.159000 0 0
1946 03 07 1.723000 0 0
1946 03 08 1.991000 0 0
1946 03 09 1.828000 0 0
1946 03 10 2.046000 0 0
1946 03 11 2.159000 0 0
1946 03 12 2.762000 0 0
1946 03 13 2.762000 0 0
1946 03 14 2.762000 0 0
1946 03 15 6.868000 0 0
1946 03 16 5.235000 0 0
1946 03 17 2.890000 0 0
1946 03 18 2.762000 0 0
1946 03 19 2.453000 0 0
1946 03 20 2.890000 0 0
1946 03 21 3.425000 0 0
1946 03 22 3.153000 0 0
1946 03 23 2.762000 0 0
1946 03 24 2.826000 0 0
1946 03 25 2.699000 0 0
1946 03 26 2.636000 0 0
1946 03 27 2.334000 0 0
1946 03 28 2.217000 0 0
1946 03 29 2.159000 0 0
1946 03 30 2.102000 0 0
1946 03 31 2.046000 0 0
1946 04 01 2.826000 0 0
1946 04 02 2.762000 0 0
1946 04 03 2.513000 0 0
1946 04 04 2.159000 0 0
1946 04 05 1.936000 0 0
1946 04 06 2.046000 0 0
1946 04 07 1.828000 0 0
1946 04 08 1.991000 0 0
1946 04 09 1.991000 0 0
1946 04 10 1.775000 0 0
1946 04 11 1.723000 0 0
1946 04 12 1.723000 0 0
1946 04 13 1.623000 0 0
1946 04 14 1.656000 0 0
1946 04 15 1.623000 0 0
1946 04 16 1.557000 0 0
1946 04 17 1.590000 0 0
1946 04 18 1.656000 0 0
1946 04 19 1.656000 0 0
1946 04 20 1.656000 0 0
1946 04 21 1.623000 0 0
1946 04 22 1.590000 0 0
1946 04 23 1.590000 0 0
1946 04 24 1.557000 0 0
1946 04 25 1.557000 0 0
1946 04 26 1.525000 0 0
1946 04 27 1.525000 0 0
1946 04 28 1.493000 0 0
1946 04 29 1.493000 0 0
1946 04 30 1.493000 0 0
1946 05 01 1.462000 0 0
1946 05 02 1.462000 0 0
1946 05 03 1.431000 0 0
1946 05 04 1.400000 0 0
1946 05 05 1.370000 0 0
1946 05 06 1.340000 0 0
1946 05 07 1.340000 0 0
1946 05 08 1.340000 0 0
1946 05 09 1.340000 0 0
1946 05 10 1.340000 0 0
1946 05 11 1.340000 0 0
1946 05 12 1.340000 0 0
1946 05 13 1.775000 0 0
1946 05 14 1.590000 0 0
1946 05 15 1.431000 0 0
1946 05 16 1.370000 0 0
1946 05 17 1.340000 0 0
1946 05 18 1.340000 0 0
1946 05 19 1.340000 0 0
1946 05 20 1.340000 0 0
1946 05 21 1.310000 0 0
1946 05 22 1.370000 0 0
1946 05 23 1.340000 0 0
1946 05 24 1.310000 0 0
1946 05 25 1.310000 0 0
1946 05 26 1.310000 0 0
1946 05 27 1.281000 0 0
1946 05 28 1.252000 0 0
1946 05 29 1.252000 0 0
1946 05 30 1.224000 0 0
1946 05 31 1.224000 0 0
1946 06 01 1.310000 0 0
1946 06 02 1.590000 0 0
1946 06 03 1.590000 0 0
1946 06 04 1.493000 0 0
1946 06 05 1.400000 0 0
1946 06 06 1.310000 0 0
1946 06 07 1.281000 0 0
1946 06 08 1.281000 0 0
1946 06 09 1.252000 0 0
1946 06 10 1.252000 0 0
1946 06 11 1.252000 0 0
1946 06 12 1.224000 0 0
1946 06 13 1.196000 0 0
1946 06 14 1.196000 0 0
1946 06 15 1.252000 0 0
1946 06 16 1.462000 0 0
1946 06 17 1.340000 0 0
1946 06 18 1.252000 0 0
1946 06 19 1.196000 0 0
1946 06 20 1.196000 0 0
1946 06 21 1.196000 0 0
1946 06 22 1.196000 0 0
1946 06 23 1.114000 0 0
1946 06 24 1.087000 0 0
1946 06 25 1.061000 0 0
1946 06 26 1.035000 0 0
1946 06 27 1.035000 0 0
1946 06 28 1.009000 0 0
1946 06 29 1.009000 0 0
1946 06 30 1.009000 0 0
1946 07 01 1.009000 0 0
1946 07 02 1.009000 0 0
1946 07 03 0.984000 0 0
1946 07 04 0.984000 0 0
1946 07 05 0.984000 0 0
1946 07 06 0.984000 0 0
1946 07 07 1.009000 0 0
1946 07 08 1.009000 0 0
1946 07 09 1.168000 0 0
1946 07 10 1.035000 0 0
1946 07 11 1.035000 0 0
1946 07 12 1.168000 0 0
1946 07 13 1.310000 0 0
1946 07 14 1.656000 0 0
1946 07 15 1.431000 0 0
1946 07 16 1.775000 0 0
1946 07 17 1.525000 0 0
1946 07 18 1.340000 0 0
1946 07 19 1.141000 0 0
1946 07 20 1.035000 0 0
1946 07 21 1.009000 0 0
1946 07 22 1.009000 0 0
1946 07 23 1.009000 0 0
1946 07 24 1.061000 0 0
1946 07 25 1.061000 0 0
1946 07 26 0.984000 0 0
1946 07 27 0.984000 0 0
1946 07 28 0.984000 0 0
1946 07 29 0.984000 0 0
1946 07 30 0.959000 0 0
1946 07 31 0.959000 0 0
1946 08 01 0.959000 0 0
1946 08 02 0.934000 0 0
1946 08 03 0.934000 0 0
1946 08 04 0.934000 0 0
1946 08 05 0.910000 0 0
1946 08 06 0.910000 0 0
1946 08 07 0.886000 0 0
1946 08 08 0.886000 0 0
1946 08 09 0.863000 0 0
1946 08 10 0.886000 0 0
1946 08 11 0.863000 0 0
1946 08 12 0.863000 0 0
1946 08 13 0.839000 0 0
1946 08 14 0.839000 0 0
1946 08 15 0.839000 0 0
1946 08 16 0.839000 0 0
1946 08 17 0.839000 0 0
1946 08 18 0.839000 0 0
1946 08 19 0.839000 0 0
1946 08 20 0.817000 0 0
1946 08 21 0.817000 0 0
1946 08 22 0.817000 0 0
1946 08 23 0.817000 0 0
1946 08 24 0.794000 0 0
1946 08 25 0.794000 0 0
1946 08 26 0.794000 0 0
1946 08 27 0.794000 0 0
1946 08 28 0.794000 0 0
1946 08 29 0.794000 0 0
1946 08 30 0.794000 0 0
1946 08 31 0.794000 0 0
1946 09 01 0.794000 0 0
1946 09 02 0.794000 0 0
1946 09 03 0.794000 0 0
1946 09 04 0.765000 0 0
1946 09 05 0.752000 0 0
1946 09 06 0.738000 0 0
1946 09 07 0.725000 0 0
1946 09 08 0.738000 0 0
1946 09 09 0.752000 0 0
1946 09 10 0.752000 0 0
1946 09 11 0.752000 0 0
1946 09 12 0.738000 0 0
1946 09 13 0.752000 0 0
1946 09 14 0.725000 0 0
1946 09 15 0.725000 0 0
1946 09 16 0.738000 0 0
1946 09 17 0.752000 0 0
1946 09 18 0.738000 0 0
1946 09 19 0.738000 0 0
1946 09 20 0.712000 0 0
1946 09 21 0.686000 0 0
1946 09 22 0.738000 0 0
1946 09 23 0.649000 0 0
1946 09 24 0.752000 0 0
1946 09 25 0.725000 0 0
1946 09 26 0.765000 0 0
1946 09 27 0.738000 0 0
1946 09 28 0.738000 0 0
1946 09 29 0.910000 0 0
1946 09 30 0.910000 0 0
1946 10 01 0.839000 0 0
1946 10 02 0.794000 0 0
1946 10 03 0.752000 0 0
1946 10 04 0.752000 0 0
1946 10 05 0.686000 0 0
1946 10 06 0.725000 0 0
1946 10 07 0.765000 0 0
1946 10 08 0.674000 0 0
1946 10 09 1.009000 0 0
1946 10 10 0.765000 0 0
1946 10 11 0.934000 0 0
1946 10 12 0.959000 0 0
1946 10 13 0.984000 0 0
1946 10 14 0.863000 0 0
1946 10 15 0.839000 0 0
1946 10 16 0.863000 0 0
1946 10 17 0.886000 0 0
1946 10 18 0.984000 0 0
1946 10 19 1.009000 0 0
1946 10 20 1.035000 0 0
1946 10 21 1.061000 0 0
1946 10 22 0.863000 0 0
1946 10 23 0.839000 0 0
1946 10 24 0.817000 0 0
1946 10 25 0.752000 0 0
1946 10 26 0.765000 0 0
1946 10 27 0.712000 0 0
1946 10 28 0.686000 0 0
1946 10 29 0.674000 0 0
1946 10 30 0.674000 0 0
1946 10 31 0.686000 0 0
1946 11 01 0.686000 0 0
1946 11 02 1.009000 0 0
1946 11 03 1.114000 0 0
1946 11 04 0.839000 0 0
1946 11 05 1.009000 0 0
1946 11 06 0.738000 0 0
1946 11 07 0.712000 0 0
1946 11 08 0.817000 0 0
1946 11 09 0.959000 0 0
1946 11 10 0.910000 0 0
1946 11 11 0.765000 0 0
1946 11 12 0.699000 0 0
1946 11 13 0.661000 0 0
1946 11 14 0.624000 0 0
1946 11 15 0.636000 0 0
1946 11 16 0.712000 0 0
1946 11 17 0.661000 0 0
1946 11 18 0.649000 0 0
1946 11 19 0.624000 0 0
1946 11 20 0.661000 0 0
1946 11 21 0.649000 0 0
1946 11 22 0.712000 0 0
1946 11 23 0.686000 0 0
1946 11 24 0.661000 0 0
1946 11 25 0.699000 0 0
1946 11 26 0.765000 0 0
1946 11 27 0.699000 0 0
1946 11 28 0.661000 0 0
1946 11 29 0.649000 0 0
1946 11 30 0.674000 0 0
1946 12 01 0.674000 0 0
1946 12 02 0.649000 0 0
1946 12 03 0.636000 0 0
1946 12 04 0.624000 0 0
1946 12 05 0.600000 0 0
1946 12 06 0.600000 0 0
1946 12 07 0.588000 0 0
1946 12 08 0.934000 0 0
1946 12 09 1.035000 0 0
1946 12 10 1.009000 0 0
1946 12 11 1.009000 0 0
1946 12 12 0.794000 0 0
1946 12 13 0.712000 0 0
1946 12 14 0.661000 0 0
1946 12 15 0.738000 0 0
1946 12 16 0.765000 0 0
1946 12 17 0.765000 0 0
1946 12 18 0.863000 0 0
1946 12 19 0.752000 0 0
1946 12 20 0.725000 0 0
1946 12 21 0.686000 0 0
1946 12 22 0.725000 0 0
1946 12 23 0.661000 0 0
1946 12 24 0.959000 0 0
1946 12 25 1.035000 0 0
1946 12 26 0.959000 0 0
1946 12 27 1.087000 0 0
1946 12 28 1.087000 0 0
1946 12 29 0.984000 0 0
1946 12 30 0.817000 0 0
1946 12 31 0.934000 0 0
1947 01 01 1.370000 0 0
1947 01 02 1.224000 0 0
1947 01 03 1.623000 0 0
1947 01 04 1.462000 0 0
1947 01 05 1.991000 0 0
1947 01 06 4.771000 0 0
1947 01 07 1.623000 0 0
1947 01 08 1.168000 0 0
1947 01 09 1.168000 0 0
1947 01 10 1.114000 0 0
1947 01 11 1.087000 0 0
1947 01 12 1.340000 0 0
1947 01 13 1.141000 0 0
1947 01 14 1.310000 0 0
1947 01 15 1.623000 0 0
1947 01 16 1.775000 0 0
1947 01 17 1.400000 0 0
1947 01 18 1.196000 0 0
1947 01 19 1.061000 0 0
1947 01 20 4.217000 0 0
1947 01 21 3.692000 0 0
1947 01 22 2.275000 0 0
1947 01 23 1.310000 0 0
1947 01 24 1.224000 0 0
1947 01 25 1.525000 0 0
1947 01 26 1.557000 0 0
1947 01 27 1.882000 0 0
1947 01 28 2.102000 0 0
1947 01 29 2.334000 0 0
1947 01 30 1.991000 0 0
1947 01 31 1.462000 0 0
1947 02 01 1.340000 0 0
1947 02 02 1.340000 0 0
1947 02 03 1.252000 0 0
1947 02 04 1.252000 0 0
1947 02 05 1.252000 0 0
1947 02 06 1.252000 0 0
1947 02 07 1.281000 0 0
1947 02 08 1.252000 0 0
1947 02 09 1.310000 0 0
1947 02 10 1.370000 0 0
1947 02 11 1.340000 0 0
1947 02 12 1.340000 0 0
1947 02 13 1.340000 0 0
1947 02 14 1.340000 0 0
1947 02 15 1.400000 0 0
1947 02 16 1.936000 0 0
1947 02 17 3.220000 0 0
1947 02 18 6.218000 0 0
1947 02 19 12.849000 0 0
1947 02 20 5.841000 0 0
1947 02 21 4.771000 0 0
1947 02 22 3.692000 0 0
1947 02 23 3.220000 0 0
1947 02 24 4.217000 0 0
1947 02 25 3.495000 0 0
1947 02 26 4.326000 0 0
1947 02 27 4.435000 0 0
1947 02 28 3.495000 0 0
1947 03 01 3.086000 0 0
1947 03 02 3.899000 0 0
1947 03 03 3.356000 0 0
1947 03 04 3.020000 0 0
1947 03 05 3.692000 0 0
1947 03 06 7.408000 0 0
1947 03 07 5.718000 0 0
1947 03 08 3.899000 0 0
1947 03 09 3.220000 0 0
1947 03 10 3.495000 0 0
1947 03 11 3.899000 0 0
1947 03 12 3.692000 0 0
1947 03 13 2.955000 0 0
1947 03 14 2.826000 0 0
1947 03 15 2.762000 0 0
1947 03 16 3.086000 0 0
1947 03 17 2.955000 0 0
1947 03 18 3.356000 0 0
1947 03 19 3.086000 0 0
1947 03 20 2.826000 0 0
1947 03 21 2.636000 0 0
1947 03 22 2.393000 0 0
1947 03 23 2.275000 0 0
1947 03 24 2.275000 0 0
1947 03 25 2.159000 0 0
1947 03 26 2.217000 0 0
1947 03 27 2.217000 0 0
1947 03 28 2.699000 0 0
1947 03 29 2.217000 0 0
1947 03 30 2.102000 0 0
1947 03 31 2.046000 0 0
1947 04 01 1.936000 0 0
1947 04 02 1.882000 0 0
1947 04 03 1.828000 0 0
1947 04 04 1.828000 0 0
1947 04 05 1.723000 0 0
1947 04 06 1.723000 0 0
1947 04 07 1.723000 0 0
1947 04 08 1.775000 0 0
1947 04 09 1.775000 0 0
1947 04 10 1.775000 0 0
1947 04 11 1.689000 0 0
1947 04 12 1.689000 0 0
1947 04 13 1.775000 0 0
1947 04 14 1.723000 0 0
1947 04 15 1.689000 0 0
1947 04 16 1.623000 0 0
1947 04 17 1.623000 0 0
1947 04 18 1.590000 0 0
1947 04 19 1.462000 0 0
1947 04 20 1.557000 0 0
1947 04 21 1.525000 0 0
1947 04 22 1.493000 0 0
1947 04 23 1.400000 0 0
1947 04 24 1.400000 0 0
1947 04 25 1.400000 0 0
1947 04 26 1.340000 0 0
1947 04 27 1.340000 0 0
1947 04 28 1.340000 0 0
1947 04 29 1.340000 0 0
1947 04 30 1.340000 0 0
1947 05 01 1.340000 0 0
1947 05 02 1.340000 0 0
1947 05 03 1.493000 0 0
1947 05 04 1.991000 0 0
1947 05 05 1.775000 0 0
1947 05 06 1.431000 0 0
1947 05 07 1.340000 0 0
1947 05 08 1.340000 0 0
1947 05 09 1.310000 0 0
1947 05 10 1.310000 0 0
1947 05 11 1.281000 0 0
1947 05 12 1.281000 0 0
1947 05 13 1.281000 0 0
1947 05 14 1.281000 0 0
1947 05 15 1.281000 0 0
1947 05 16 1.252000 0 0
1947 05 17 1.252000 0 0
1947 05 18 1.252000 0 0
1947 05 19 1.224000 0 0
1947 05 20 1.590000 0 0
1947 05 21 1.400000 0 0
1947 05 22 1.340000 0 0
1947 05 23 1.340000 0 0
1947 05 24 1.340000 0 0
1947 05 25 1.370000 0 0
1947 05 26 1.310000 0 0
1947 05 27 1.340000 0 0
1947 05 28 1.310000 0 0
1947 05 29 1.310000 0 0
1947 05 30 1.310000 0 0
1947 05 31 1.281000 0 0
1947 06 01 1.281000 0 0
1947 06 02 1.281000 0 0
1947 06 03 1.224000 0 0
1947 06 04 1.196000 0 0
1947 06 05 1.114000 0 0
1947 06 06 1.114000 0 0
1947 06 07 1.114000 0 0
1947 06 08 1.114000 0 0
1947 06 09 1.061000 0 0
1947 06 10 1.061000 0 0
1947 06 11 1.061000 0 0
1947 06 12 1.061000 0 0
1947 06 13 1.009000 0 0
1947 06 14 1.009000 0 0
1947 06 15 1.009000 0 0
1947 06 16 1.009000 0 0
1947 06 17 1.009000 0 0
1947 06 18 1.009000 0 0
1947 06 19 1.009000 0 0
1947 06 20 1.061000 0 0
1947 06 21 1.061000 0 0
1947 06 22 1.114000 0 0
1947 06 23 1.087000 0 0
1947 06 24 1.061000 0 0
1947 06 25 1.061000 0 0
1947 06 26 1.061000 0 0
1947 06 27 1.035000 0 0
1947 06 28 1.035000 0 0
1947 06 29 1.009000 0 0
1947 06 30 0.984000 0 0
1947 07 01 0.959000 0 0
1947 07 02 0.959000 0 0
1947 07 03 0.959000 0 0
1947 07 04 0.984000 0 0
1947 07 05 1.009000 0 0
1947 07 06 1.009000 0 0
1947 07 07 1.009000 0 0
1947 07 08 1.035000 0 0
1947 07 09 1.114000 0 0
1947 07 10 1.281000 0 0
1947 07 11 1.168000 0 0
1947 07 12 1.087000 0 0
1947 07 13 0.984000 0 0
1947 07 14 0.984000 0 0
1947 07 15 0.959000 0 0
1947 07 16 0.959000 0 0
1947 07 17 0.934000 0 0
1947 07 18 0.959000 0 0
1947 07 19 0.959000 0 0
1947 07 20 0.959000 0 0
1947 07 21 0.959000 0 0
1947 07 22 0.959000 0 0
1947 07 23 0.934000 0 0
1947 07 24 0.934000 0 0
1947 07 25 0.934000 0 0
1947 07 26 0.934000 0 0
1947 07 27 0.959000 0 0
1947 07 28 1.114000 0 0
1947 07 29 1.196000 0 0
1947 07 30 1.114000 0 0
1947 07 31 1.009000 0 0
1947 08 01 1.035000 0 0
1947 08 02 1.114000 0 0
1947 08 03 1.087000 0 0
1947 08 04 0.984000 0 0
1947 08 05 0.934000 0 0
1947 08 06 0.934000 0 0
1947 08 07 0.886000 0 0
1947 08 08 0.863000 0 0
1947 08 09 0.886000 0 0
1947 08 10 0.910000 0 0
1947 08 11 0.984000 0 0
1947 08 12 0.934000 0 0
1947 08 13 0.886000 0 0
1947 08 14 0.863000 0 0
1947 08 15 0.863000 0 0
1947 08 16 0.839000 0 0
1947 08 17 0.817000 0 0
1947 08 18 0.817000 0 0
1947 08 19 0.817000 0 0
1947 08 20 0.794000 0 0
1947 08 21 0.765000 0 0
1947 08 22 0.765000 0 0
1947 08 23 0.765000 0 0
1947 08 24 0.817000 0 0
1947 08 25 0.794000 0 0
1947 08 26 0.839000 0 0
1947 08 27 0.794000 0 0
1947 08 28 0.984000 0 0
1947 08 29 1.281000 0 0
1947 08 30 1.141000 0 0
1947 08 31 1.114000 0 0
1947 09 01 1.087000 0 0
1947 09 02 0.934000 0 0
1947 09 03 0.863000 0 0
1947 09 04 0.863000 0 0
1947 09 05 0.863000 0 0
1947 09 06 0.863000 0 0
1947 09 07 0.817000 0 0
1947 09 08 0.794000 0 0
1947 09 09 1.431000 0 0
1947 09 10 1.224000 0 0
1947 09 11 1.035000 0 0
1947 09 12 0.839000 0 0
1947 09 13 0.817000 0 0
1947 09 14 0.817000 0 0
1947 09 15 0.817000 0 0
1947 09 16 0.794000 0 0
1947 09 17 0.817000 0 0
1947 09 18 0.984000 0 0
1947 09 19 1.196000 0 0
1947 09 20 1.087000 0 0
1947 09 21 0.886000 0 0
1947 09 22 0.817000 0 0
1947 09 23 0.817000 0 0
1947 09 24 0.839000 0 0
1947 09 25 1.252000 0 0
1947 09 26 1.370000 0 0
1947 09 27 1.281000 0 0
1947 09 28 1.035000 0 0
1947 09 29 0.910000 0 0
1947 09 30 0.863000 0 0
1947 10 01 0.839000 0 0
1947 10 02 1.689000 0 0
1947 10 03 1.775000 0 0
1947 10 04 1.114000 0 0
1947 10 05 0.984000 0 0
1947 10 06 0.910000 0 0
1947 10 07 0.839000 0 0
1947 10 08 0.934000 0 0
1947 10 09 1.590000 0 0
1947 10 10 1.310000 0 0
1947 10 11 1.035000 0 0
1947 10 12 0.910000 0 0
1947 10 13 0.886000 0 0
1947 10 14 0.863000 0 0
1947 10 15 0.863000 0 0
1947 10 16 0.910000 0 0
1947 10 17 0.910000 0 0
1947 10 18 0.839000 0 0
1947 10 19 0.863000 0 0
1947 10 20 0.863000 0 0
1947 10 21 0.839000 0 0
1947 10 22 0.817000 0 0
1947 10 23 0.839000 0 0
1947 10 24 1.009000 0 0
1947 10 25 1.196000 0 0
1947 10 26 1.035000 0 0
1947 10 27 0.910000 0 0
1947 10 28 0.839000 0 0
1947 10 29 0.817000 0 0
1947 10 30 0.817000 0 0
1947 10 31 0.817000 0 0
1947 11 01 0.817000 0 0
1947 11 02 0.817000 0 0
1947 11 03 0.817000 0 0
1947 11 04 0.839000 0 0
1947 11 05 0.839000 0 0
1947 11 06 0.765000 0 0
1947 11 07 0.794000 0 0
1947 11 08 0.765000 0 0
1947 11 09 0.765000 0 0
1947 11 10 0.794000 0 0
1947 11 11 0.765000 0 0
1947 11 12 0.765000 0 0
1947 11 13 0.910000 0 0
1947 11 14 1.009000 0 0
1947 11 15 0.839000 0 0
1947 11 16 0.794000 0 0
1947 11 17 0.765000 0 0
1947 11 18 0.765000 0 0
1947 11 19 0.794000 0 0
1947 11 20 0.765000 0 0
1947 11 21 0.752000 0 0
1947 11 22 0.752000 0 0
1947 11 23 0.817000 0 0
1947 11 24 0.765000 0 0
1947 11 25 0.984000 0 0
1947 11 26 1.035000 0 0
1947 11 27 1.252000 0 0
1947 11 28 1.370000 0 0
1947 11 29 1.224000 0 0
1947 11 30 1.224000 0 0
1947 12 01 0.886000 0 0
1947 12 02 0.863000 0 0
1947 12 03 0.817000 0 0
1947 12 04 0.794000 0 0
1947 12 05 0.765000 0 0
1947 12 06 0.765000 0 0
1947 12 07 0.765000 0 0
1947 12 08 0.765000 0 0
1947 12 09 0.752000 0 0
1947 12 10 0.794000 0 0
1947 12 11 1.590000 0 0
1947 12 12 1.689000 0 0
1947 12 13 1.462000 0 0
1947 12 14 1.252000 0 0
1947 12 15 2.393000 0 0
1947 12 16 1.310000 0 0
1947 12 17 3.020000 0 0
1947 12 18 1.723000 0 0
1947 12 19 1.400000 0 0
1947 12 20 3.425000 0 0
1947 12 21 6.218000 0 0
1947 12 22 3.425000 0 0
1947 12 23 2.046000 0 0
1947 12 24 1.689000 0 0
1947 12 25 1.775000 0 0
1947 12 26 1.936000 0 0
1947 12 27 1.775000 0 0
1947 12 28 1.656000 0 0
1947 12 29 1.557000 0 0
1947 12 30 1.493000 0 0
1947 12 31 1.431000 0 0
1948 01 01 1.370000 0 0
1948 01 02 1.224000 0 0
1948 01 03 1.623000 0 0
1948 01 04 1.462000 0 0
1948 01 05 1.991000 0 0
1948 01 06 4.771000 0 0
1948 01 07 1.623000 0 0
1948 01 08 1.168000 0 0
1948 01 09 1.168000 0 0
1948 01 10 1.114000 0 0
1948 01 11 1.087000 0 0
1948 01 12 1.340000 0 0
1948 01 13 1.141000 0 0
1948 01 14 1.310000 0 0
1948 01 15 100000.000000 0 0
1948 01 16 100000.000000 0 0
1948 01 17 100000.000000 0 0
1948 01 18 100000.000000 0 0
1948 01 19 100000.000000 0 0
1948 01 20 100000.000000 0 0
1948 01 21 100000.000000 0 0
1948 01 22 100000.000000 0 0
1948 01 23 100000.000000 0 0
1948 01 24 100000.000000 0 0
1948 01 25 100000.000000 0 0
1948 01 26 100000.000000 0 0
1948 01 27 100000.000000 0 0
1948 01 28 100000.000000 0 0
1948 01 29 100000.000000 0 0
1948 01 30 100000.000000 0 0
1948 01 31 100000.000000 0 0
1948 02 01 100000.000000 0 0
1948 02 02 100000.000000 0 0
1948 02 03 100000.000000 0 0
1948 02 04 100000.000000 0 0
1948 02 05 100000.000000 0 0
1948 02 06 100000.000000 0 0
1948 02 07 100000.000000 0 0
1948 02 08 100000.000000 0 0
1948 02 09 100000.000000 0 0
1948 02 10 100000.000000 0 0
1948 02 11 100000.000000 0 0
1948 02 12 100000.000000 0 0
1948 02 13 100000.000000 0 0
1948 02 14 100000.000000 0 0
1948 02 15 100000.000000 0 0
1948 02 16 100000.000000 0 0
1948 02 17 100000.000000 0 0
1948 02 18 100000.000000 0 0
1948 02 19 100000.000000 0 0
1948 02 20 100000.000000 0 0
1948 02 21 100000.000000 0 0
1948 02 22 100000.000000 0 0
1948 02 23 100000.000000 0 0
1948 02 24 100000.000000 0 0
1948 02 25 100000.000000 0 0
1948 02 26 100000.000000 0 0
1948 02 27 100000.000000 0 0
1948 02 28 100000.000000 0 0
1948 02 29 100000.000000 0 0
1948 03 01 100000.000000 0 0
1948 03 02 100000.000000 0 0
1948 03 03 100000.000000 0 0
1948 03 04 100000.000000 0 0
1948 03 05 100000.000000 0 0
1948 03 06 100000.000000 0 0
1948 03 07 100000.000000 0 0
1948 03 08 100000.000000 0 0
1948 03 09 100000.000000 0 0
1948 03 10 100000.000000 0 0
1948 03 11 100000.000000 0 0
1948 03 12 100000.000000 0 0
1948 03 13 100000.000000 0 0
1948 03 14 100000.000000 0 0
1948 03 15 100000.000000 0 0
1948 03 16 100000.000000 0 0
1948 03 17 100000.000000 0 0
1948 03 18 100000.000000 0 0
1948 03 19 100000.000000 0 0
1948 03 20 100000.000000 0 0
1948 03 21 100000.000000 0 0
1948 03 22 100000.000000 0 0
1948 03 23 100000.000000 0 0
1948 03 24 100000.000000 0 0
1948 03 25 100000.000000 0 0
1948 03 26 100000.000000 0 0
1948 03 27 100000.000000 0 0
1948 03 28 100000.000000 0 0
1948 03 29 100000.000000 0 0
1948 03 30 100000.000000 0 0
1948 03 31 100000.000000 0 0
1948 04 01 100000.000000 0 0
1948 04 02 100000.000000 0 0
1948 04 03 100000.000000 0 0
1948 04 04 100000.000000 0 0
1948 04 05 100000.000000 0 0
1948 04 06 100000.000000 0 0
1948 04 07 100000.000000 0 0
1948 04 08 100000.000000 0 0
1948 04 09 100000.000000 0 0
1948 04 10 100000.000000 0 0
1948 04 11 100000.000000 0 0
1948 04 12 100000.000000 0 0
1948 04 13 100000.000000 0 0
1948 04 14 100000.000000 0 0
1948 04 15 100000.000000 0 0
1948 04 16 100000.000000 0 0
1948 04 17 100000.000000 0 0
1948 04 18 100000.000000 0 0
1948 04 19 100000.000000 0 0
1948 04 20 100000.000000 0 0
1948 04 21 100000.000000 0 0
1948 04 22 100000.000000 0 0
1948 04 23 100000.000000 0 0
1948 04 24 100000.000000 0 0
1948 04 25 100000.000000 0 0
1948 04 26 100000.000000 0 0
1948 04 27 100000.000000 0 0
1948 04 28 100000.000000 0 0
1948 04 29 100000.000000 0 0
1948 04 30 100000.000000 0 0
1948 05 01 100000.000000 0 0
1948 05 02 100000.000000 0 0
1948 05 03 100000.000000 0 0
1948 05 04 100000.000000 0 0
1948 05 05 100000.000000 0 0
1948 05 06 100000.000000 0 0
1948 05 07 100000.000000 0 0
1948 05 08 100000.000000 0 0
1948 05 09 100000.000000 0 0
1948 05 10 100000.000000 0 0
1948 05 11 100000.000000 0 0
1948 05 12 100000.000000 0 0
1948 05 13 100000.000000 0 0
1948 05 14 100000.000000 0 0
1948 05 15 100000.000000 0 0
1948 05 16 100000.000000 0 0
1948 05 17 100000.000000 0 0
1948 05 18 100000.000000 0 0
1948 05 19 100000.000000 0 0
1948 05 20 100000.000000 0 0
1948 05 21 100000.000000 0 0
1948 05 22 100000.000000 0 0
1948 05 23 100000.000000 0 0
1948 05 24 100000.000000 0 0
1948 05 25 100000.000000 0 0
1948 05 26 100000.000000 0 0
1948 05 27 100000.000000 0 0
1948 05 28 100000.000000 0 0
1948 05 29 100000.000000 0 0
1948 05 30 100000.000000 0 0
1948 05 31 100000.000000 0 0
1948 06 01 100000.000000 0 0
1948 06 02 100000.000000 0 0
1948 06 03 100000.000000 0 0
1948 06 04 100000.000000 0 0
1948 06 05 100000.000000 0 0
1948 06 06 100000.000000 0 0
1948 06 07 100000.000000 0 0
1948 06 08 100000.000000 0 0
1948 06 09 100000.000000 0 0
1948 06 10 100000.000000 0 0
1948 06 11 100000.000000 0 0
1948 06 12 100000.000000 0 0
1948 06 13 100000.000000 0 0
1948 06 14 100000.000000 0 0
1948 06 15 100000.000000 0 0
1948 06 16 100000.000000 0 0
1948 06 17 100000.000000 0 0
1948 06 18 100000.000000 0 0
1948 06 19 100000.000000 0 0
1948 06 20 100000.000000 0 0
1948 06 21 100000.000000 0 0
1948 06 22 100000.000000 0 0
1948 06 23 100000.000000 0 0
1948 06 24 100000.000000 0 0
1948 06 25 100000.000000 0 0
1948 06 26 100000.000000 0 0
1948 06 27 100000.000000 0 0
1948 06 28 100000.000000 0 0
1948 06 29 100000.000000 0 0
1948 06 30 100000.000000 0 0
1948 07 01 100000.000000 0 0
1948 07 02 100000.000000 0 0
1948 07 03 100000.000000 0 0
1948 07 04 100000.000000 0 0
1948 07 05 100000.000000 0 0
1948 07 06 100000.000000 0 0
1948 07 07 100000.000000 0 0
1948 07 08 100000.000000 0 0
1948 07 09 100000.000000 0 0
1948 07 10 100000.000000 0 0
1948 07 11 100000.000000 0 0
1948 07 12 100000.000000 0 0
1948 07 13 100000.000000 0 0
1948 07 14 100000.000000 0 0
1948 07 15 100000.000000 0 0
1948 07 16 100000.000000 0 0
1948 07 17 100000.000000 0 0
1948 07 18 100000.000000 0 0
1948 07 19 100000.000000 0 0
1948 07 20 100000.000000 0 0
1948 07 21 100000.000000 0 0
1948 07 22 100000.000000 0 0
1948 07 23 100000.000000 0 0
1948 07 24 100000.000000 0 0
1948 07 25 100000.000000 0 0
1948 07 26 100000.000000 0 0
1948 07 27 100000.000000 0 0
1948 07 28 100000.000000 0 0
1948 07 29 100000.000000 0 0
1948 07 30 100000.000000 0 0
1948 07 31 100000.000000 0 0
1948 08 01 100000.000000 0 0
1948 08 02 100000.000000 0 0
1948 08 03 100000.000000 0 0
1948 08 04 100000.000000 0 0
1948 08 05 100000.000000 0 0
1948 08 06 100000.000000 0 0
1948 08 07 100000.000000 0 0
1948 08 08 100000.000000 0 0
1948 08 09 100000.000000 0 0
1948 08 10 100000.000000 0 0
1948 08 11 100000.000000 0 0
1948 08 12 100000.000000 0 0
1948 08 13 100000.000000 0 0
1948 08 14 100000.000000 0 0
1948 08 15 100000.000000 0 0
1948 08 16 100000.000000 0 0
1948 08 17 100000.000000 0 0
1948 08 18 100000.000000 0 0
1948 08 19 100000.000000 0 0
1948 08 20 100000.000000 0 0
1948 08 21 100000.000000 0 0
1948 08 22 100000.000000 0 0
1948 08 23 100000.000000 0 0
1948 08 24 100000.000000 0 0
1948 08 25 100000.000000 0 0
1948 08 26 100000.000000 0 0
1948 08 27 100000.000000 0 0
1948 08 28 100000.000000 0 0
1948 08 29 100000.000000 0 0
1948 08 30 100000.000000 0 0
1948 08 31 100000.000000 0 0
1948 09 01 100000.000000 0 0
1948 09 02 100000.000000 0 0
1948 09 03 100000.000000 0 0
1948 09 04 100000.000000 0 0
1948 09 05 100000.000000 0 0
1948 09 06 100000.000000 0 0
1948 09 07 100000.000000 0 0
1948 09 08 100000.000000 0 0
1948 09 09 100000.000000 0 0
1948 09 10 100000.000000 0 0
1948 09 11 100000.000000 0 0
1948 09 12 100000.000000 0 0
1948 09 13 100000.000000 0 0
1948 09 14 100000.000000 0 0
1948 09 15 100000.000000 0 0
1948 09 16 100000.000000 0 0
1948 09 17 100000.000000 0 0
1948 09 18 100000.000000 0 0
1948 09 19 100000.000000 0 0
1948 09 20 100000.000000 0 0
1948 09 21 100000.000000 0 0
1948 09 22 100000.000000 0 0
1948 09 23 100000.000000 0 0
1948 09 24 100000.000000 0 0
1948 09 25 100000.000000 0 0
1948 09 26 100000.000000 0 0
1948 09 27 100000.000000 0 0
1948 09 28 100000.000000 0 0
1948 09 29 100000.000000 0 0
1948 09 30 100000.000000 0 0
