year month day streamflow_m3s qual_control_by_ana qual_flag
1973 01 01 nan nan nan
1973 01 02 nan nan nan
1973 01 03 nan nan nan
1973 01 04 nan nan nan
1973 01 05 nan nan nan
1973 01 06 nan nan nan
1973 01 07 nan nan nan
1973 01 08 nan nan nan
1973 01 09 nan nan nan
1973 01 10 0.180000 0 1
1973 01 11 0.200000 0 1
1973 01 12 0.220000 0 1
1973 01 13 0.160000 0 1
1973 01 14 14.600000 0 1
1973 01 15 0.300000 0 1
1973 01 16 0.280000 0 1
1973 01 17 0.240000 0 1
1973 01 18 0.210000 0 1
1973 01 19 0.220000 0 1
1973 01 20 0.420000 0 1
1973 01 21 0.840000 0 1
1973 01 22 23.000000 0 1
1973 01 23 20.900000 0 1
1973 01 24 31.400000 0 1
1973 01 25 2.080000 0 1
1973 01 26 1.000000 0 1
1973 01 27 0.840000 0 1
1973 01 28 0.540000 0 1
1973 01 29 0.420000 0 1
1973 01 30 0.360000 0 1
1973 01 31 0.260000 0 1
1973 02 01 0.260000 0 1
1973 02 02 0.260000 0 1
1973 02 03 0.260000 0 1
1973 02 04 0.260000 0 1
1973 02 05 0.420000 0 1
1973 02 06 0.300000 0 1
1973 02 07 0.300000 0 1
1973 02 08 0.300000 0 1
1973 02 09 0.280000 0 1
1973 02 10 0.260000 0 1
1973 02 11 0.300000 0 1
1973 02 12 0.280000 0 1
1973 02 13 0.260000 0 1
1973 02 14 0.260000 0 1
1973 02 15 0.840000 0 1
1973 02 16 0.840000 0 1
1973 02 17 1.360000 0 1
1973 02 18 6.300000 0 1
1973 02 19 0.760000 0 1
1973 02 20 0.600000 0 1
1973 02 21 0.480000 0 1
1973 02 22 0.360000 0 1
1973 02 23 0.360000 0 1
1973 02 24 0.360000 0 1
1973 02 25 0.360000 0 1
1973 02 26 0.300000 0 1
1973 02 27 0.300000 0 1
1973 02 28 0.280000 0 1
1973 03 01 0.280000 0 1
1973 03 02 0.260000 0 1
1973 03 03 0.260000 0 1
1973 03 04 0.920000 0 1
1973 03 05 0.920000 0 1
1973 03 06 0.300000 0 1
1973 03 07 0.280000 0 1
1973 03 08 54.500000 0 1
1973 03 09 0.840000 0 1
1973 03 10 0.480000 0 1
1973 03 11 0.420000 0 1
1973 03 12 0.300000 0 1
1973 03 13 0.300000 0 1
1973 03 14 0.300000 0 1
1973 03 15 0.300000 0 1
1973 03 16 0.300000 0 1
1973 03 17 0.300000 0 1
1973 03 18 0.280000 0 1
1973 03 19 0.280000 0 1
1973 03 20 0.300000 0 1
1973 03 21 0.300000 0 1
1973 03 22 0.300000 0 1
1973 03 23 0.300000 0 1
1973 03 24 0.300000 0 1
1973 03 25 0.280000 0 1
1973 03 26 0.260000 0 1
1973 03 27 0.280000 0 1
1973 03 28 0.260000 0 1
1973 03 29 0.280000 0 1
1973 03 30 0.260000 0 1
1973 03 31 0.260000 0 1
1973 04 01 0.260000 0 1
1973 04 02 0.260000 0 1
1973 04 03 0.260000 0 1
1973 04 04 0.260000 0 1
1973 04 05 0.260000 0 1
1973 04 06 0.260000 0 1
1973 04 07 0.220000 0 1
1973 04 08 0.220000 0 1
1973 04 09 0.220000 0 1
1973 04 10 0.220000 0 1
1973 04 11 0.220000 0 1
1973 04 12 0.220000 0 1
1973 04 13 0.220000 0 1
1973 04 14 0.220000 0 1
1973 04 15 0.220000 0 1
1973 04 16 0.220000 0 1
1973 04 17 0.220000 0 1
1973 04 18 0.220000 0 1
1973 04 19 0.220000 0 1
1973 04 20 0.220000 0 1
1973 04 21 0.220000 0 1
1973 04 22 0.210000 0 1
1973 04 23 0.190000 0 1
1973 04 24 0.180000 0 1
1973 04 25 0.180000 0 1
1973 04 26 0.180000 0 1
1973 04 27 0.180000 0 1
1973 04 28 0.180000 0 1
1973 04 29 0.180000 0 1
1973 04 30 0.540000 0 1
1973 05 01 0.300000 0 1
1973 05 02 0.260000 0 1
1973 05 03 0.840000 0 1
1973 05 04 0.240000 0 1
1973 05 05 0.300000 0 1
1973 05 06 0.240000 0 1
1973 05 07 0.260000 0 1
1973 05 08 0.260000 0 1
1973 05 09 0.360000 0 1
1973 05 10 0.280000 0 1
1973 05 11 0.240000 0 1
1973 05 12 0.220000 0 1
1973 05 13 0.220000 0 1
1973 05 14 0.180000 0 1
1973 05 15 0.180000 0 1
1973 05 16 0.180000 0 1
1973 05 17 0.180000 0 1
1973 05 18 0.180000 0 1
1973 05 19 0.180000 0 1
1973 05 20 0.180000 0 1
1973 05 21 0.600000 0 1
1973 05 22 0.300000 0 1
1973 05 23 0.220000 0 1
1973 05 24 0.200000 0 1
1973 05 25 0.180000 0 1
1973 05 26 0.180000 0 1
1973 05 27 0.180000 0 1
1973 05 28 0.180000 0 1
1973 05 29 0.180000 0 1
1973 05 30 0.180000 0 1
1973 05 31 0.180000 0 1
1973 06 01 0.220000 0 1
1973 06 02 0.180000 0 1
1973 06 03 0.180000 0 1
1973 06 04 0.180000 0 1
1973 06 05 0.140000 0 1
1973 06 06 0.120000 0 1
1973 06 07 0.100000 0 1
1973 06 08 0.100000 0 1
1973 06 09 0.180000 0 1
1973 06 10 0.200000 0 1
1973 06 11 0.140000 0 1
1973 06 12 0.140000 0 1
1973 06 13 0.140000 0 1
1973 06 14 0.140000 0 1
1973 06 15 0.100000 0 1
1973 06 16 0.100000 0 1
1973 06 17 0.100000 0 1
1973 06 18 0.240000 0 1
1973 06 19 0.200000 0 1
1973 06 20 0.180000 0 1
1973 06 21 0.180000 0 1
1973 06 22 0.140000 0 1
1973 06 23 0.140000 0 1
1973 06 24 0.140000 0 1
1973 06 25 0.140000 0 1
1973 06 26 0.200000 0 1
1973 06 27 0.180000 0 1
1973 06 28 0.180000 0 1
1973 06 29 0.180000 0 1
1973 06 30 0.140000 0 1
1973 07 01 0.260000 0 1
1973 07 02 0.680000 0 1
1973 07 03 0.540000 0 1
1973 07 04 0.360000 0 1
1973 07 05 0.280000 0 1
1973 07 06 0.240000 0 1
1973 07 07 0.180000 0 1
1973 07 08 0.180000 0 1
1973 07 09 0.180000 0 1
1973 07 10 0.180000 0 1
1973 07 11 0.180000 0 1
1973 07 12 0.180000 0 1
1973 07 13 0.180000 0 1
1973 07 14 0.160000 0 1
1973 07 15 0.140000 0 1
1973 07 16 0.140000 0 1
1973 07 17 0.140000 0 1
1973 07 18 0.140000 0 1
1973 07 19 0.180000 0 1
1973 07 20 0.180000 0 1
1973 07 21 0.140000 0 1
1973 07 22 0.140000 0 1
1973 07 23 0.140000 0 1
1973 07 24 0.140000 0 1
1973 07 25 0.140000 0 1
1973 07 26 0.140000 0 1
1973 07 27 0.140000 0 1
1973 07 28 0.140000 0 1
1973 07 29 0.120000 0 1
1973 07 30 0.100000 0 1
1973 07 31 0.100000 0 1
1973 08 01 0.140000 0 1
1973 08 02 0.140000 0 1
1973 08 03 0.140000 0 1
1973 08 04 0.140000 0 1
1973 08 05 0.140000 0 1
1973 08 06 0.140000 0 1
1973 08 07 0.140000 0 1
1973 08 08 0.140000 0 1
1973 08 09 0.100000 0 1
1973 08 10 0.100000 0 1
1973 08 11 0.100000 0 1
1973 08 12 0.100000 0 1
1973 08 13 0.080000 0 1
1973 08 14 0.060000 0 1
1973 08 15 0.060000 0 1
1973 08 16 0.060000 0 1
1973 08 17 0.060000 0 1
1973 08 18 0.060000 0 1
1973 08 19 0.060000 0 1
1973 08 20 0.060000 0 1
1973 08 21 0.060000 0 1
1973 08 22 0.060000 0 1
1973 08 23 0.060000 0 1
1973 08 24 0.060000 0 1
1973 08 25 0.200000 0 1
1973 08 26 0.540000 0 1
1973 08 27 4.200000 0 1
1973 08 28 1.360000 0 1
1973 08 29 0.920000 0 1
1973 08 30 0.760000 0 1
1973 08 31 0.600000 0 1
1973 09 01 0.760000 0 1
1973 09 02 0.540000 0 1
1973 09 03 0.280000 0 1
1973 09 04 0.280000 0 1
1973 09 05 0.280000 0 1
1973 09 06 0.220000 0 1
1973 09 07 0.220000 0 1
1973 09 08 0.220000 0 1
1973 09 09 0.180000 0 1
1973 09 10 0.220000 0 1
1973 09 11 0.180000 0 1
1973 09 12 0.180000 0 1
1973 09 13 0.180000 0 1
1973 09 14 0.180000 0 1
1973 09 15 0.180000 0 1
1973 09 16 0.180000 0 1
1973 09 17 0.140000 0 1
1973 09 18 0.140000 0 1
1973 09 19 0.140000 0 1
1973 09 20 0.140000 0 1
1973 09 21 0.120000 0 1
1973 09 22 0.100000 0 1
1973 09 23 0.100000 0 1
1973 09 24 0.100000 0 1
1973 09 25 0.100000 0 1
1973 09 26 0.140000 0 1
1973 09 27 0.120000 0 1
1973 09 28 0.140000 0 1
1973 09 29 0.140000 0 1
1973 09 30 0.140000 0 1
1973 10 01 0.140000 0 1
1973 10 02 0.100000 0 1
1973 10 03 0.100000 0 1
1973 10 04 0.100000 0 1
1973 10 05 0.100000 0 1
1973 10 06 0.100000 0 1
1973 10 07 0.600000 0 1
1973 10 08 0.480000 0 1
1973 10 09 0.280000 0 1
1973 10 10 0.240000 0 1
1973 10 11 nan nan 0
1973 10 12 0.840000 0 1
1973 10 13 0.480000 0 1
1973 10 14 0.300000 0 1
1973 10 15 0.280000 0 1
1973 10 16 0.260000 0 1
1973 10 17 0.300000 0 1
1973 10 18 0.360000 0 1
1973 10 19 0.360000 0 1
1973 10 20 0.240000 0 1
1973 10 21 0.220000 0 1
1973 10 22 0.220000 0 1
1973 10 23 0.220000 0 1
1973 10 24 0.200000 0 1
1973 10 25 0.180000 0 1
1973 10 26 0.200000 0 1
1973 10 27 0.240000 0 1
1973 10 28 0.200000 0 1
1973 10 29 0.180000 0 1
1973 10 30 0.280000 0 1
1973 10 31 0.640000 0 1
1973 11 01 5.600000 0 1
1973 11 02 1.720000 0 1
1973 11 03 0.360000 0 1
1973 11 04 0.280000 0 1
1973 11 05 0.240000 0 1
1973 11 06 0.220000 0 1
1973 11 07 0.180000 0 1
1973 11 08 0.180000 0 1
1973 11 09 0.180000 0 1
1973 11 10 0.140000 0 1
1973 11 11 0.140000 0 1
1973 11 12 0.100000 0 1
1973 11 13 0.240000 0 1
1973 11 14 0.240000 0 1
1973 11 15 0.240000 0 1
1973 11 16 0.220000 0 1
1973 11 17 0.180000 0 1
1973 11 18 0.840000 0 1
1973 11 19 0.420000 0 1
1973 11 20 0.240000 0 1
1973 11 21 0.220000 0 1
1973 11 22 0.220000 0 1
1973 11 23 0.240000 0 1
1973 11 24 0.220000 0 1
1973 11 25 0.220000 0 1
1973 11 26 0.220000 0 1
1973 11 27 0.180000 0 1
1973 11 28 0.200000 0 1
1973 11 29 0.200000 0 1
1973 11 30 0.180000 0 1
1973 12 01 0.180000 0 1
1973 12 02 0.180000 0 1
1973 12 03 0.760000 0 1
1973 12 04 1.720000 0 1
1973 12 05 2.440000 0 1
1973 12 06 0.540000 0 1
1973 12 07 0.360000 0 1
1973 12 08 0.920000 0 1
1973 12 09 1.000000 0 1
1973 12 10 0.840000 0 1
1973 12 11 0.540000 0 1
1973 12 12 0.420000 0 1
1973 12 13 0.360000 0 1
1973 12 14 0.300000 0 1
1973 12 15 0.260000 0 1
1973 12 16 0.220000 0 1
1973 12 17 1.360000 0 1
1973 12 18 0.680000 0 1
1973 12 19 0.360000 0 1
1973 12 20 0.480000 0 1
1973 12 21 0.360000 0 1
1973 12 22 0.420000 0 1
1973 12 23 0.360000 0 1
1973 12 24 0.420000 0 1
1973 12 25 0.300000 0 1
1973 12 26 0.300000 0 1
1973 12 27 0.300000 0 1
1973 12 28 0.300000 0 1
1973 12 29 0.360000 0 1
1973 12 30 0.420000 0 1
1973 12 31 2.080000 0 1
1974 01 01 0.920000 0 1
1974 01 02 0.600000 0 1
1974 01 03 0.680000 0 1
1974 01 04 0.540000 0 1
1974 01 05 0.480000 0 1
1974 01 06 0.420000 0 1
1974 01 07 0.420000 0 1
1974 01 08 0.420000 0 1
1974 01 09 0.420000 0 1
1974 01 10 0.680000 0 1
1974 01 11 0.840000 0 1
1974 01 12 0.600000 0 1
1974 01 13 3.500000 0 1
1974 01 14 2.800000 0 1
1974 01 15 1.720000 0 1
1974 01 16 0.960000 0 1
1974 01 17 0.680000 0 1
1974 01 18 0.540000 0 1
1974 01 19 0.600000 0 1
1974 01 20 1.000000 0 1
1974 01 21 0.760000 0 1
1974 01 22 0.540000 0 1
1974 01 23 0.760000 0 1
1974 01 24 0.760000 0 1
1974 01 25 0.540000 0 1
1974 01 26 0.920000 0 1
1974 01 27 0.600000 0 1
1974 01 28 0.480000 0 1
1974 01 29 0.360000 0 1
1974 01 30 0.540000 0 1
1974 01 31 0.680000 0 1
1974 02 01 0.680000 0 1
1974 02 02 0.680000 0 1
1974 02 03 0.600000 0 1
1974 02 04 0.540000 0 1
1974 02 05 0.540000 0 1
1974 02 06 0.420000 0 1
1974 02 07 0.540000 0 1
1974 02 08 0.600000 0 1
1974 02 09 0.480000 0 1
1974 02 10 0.300000 0 1
1974 02 11 0.360000 0 1
1974 02 12 0.360000 0 1
1974 02 13 0.300000 0 1
1974 02 14 0.300000 0 1
1974 02 15 0.300000 0 1
1974 02 16 0.360000 0 1
1974 02 17 0.360000 0 1
1974 02 18 0.300000 0 1
1974 02 19 0.280000 0 1
1974 02 20 0.260000 0 1
1974 02 21 0.300000 0 1
1974 02 22 0.280000 0 1
1974 02 23 0.260000 0 1
1974 02 24 0.420000 0 1
1974 02 25 0.300000 0 1
1974 02 26 0.300000 0 1
1974 02 27 0.280000 0 1
1974 02 28 0.260000 0 1
1974 03 01 0.260000 0 1
1974 03 02 0.300000 0 1
1974 03 03 0.280000 0 1
1974 03 04 0.260000 0 1
1974 03 05 0.220000 0 1
1974 03 06 0.600000 0 1
1974 03 07 0.680000 0 1
1974 03 08 0.360000 0 1
1974 03 09 0.280000 0 1
1974 03 10 0.480000 0 1
1974 03 11 0.360000 0 1
1974 03 12 0.840000 0 1
1974 03 13 2.800000 0 1
1974 03 14 2.080000 0 1
1974 03 15 0.760000 0 1
1974 03 16 0.480000 0 1
1974 03 17 33.500000 0 1
1974 03 18 nan nan 0
1974 03 19 39.800000 0 1
1974 03 20 16.700000 0 1
1974 03 21 3.500000 0 1
1974 03 22 1.360000 0 1
1974 03 23 0.880000 0 1
1974 03 24 0.840000 0 1
1974 03 25 0.680000 0 1
1974 03 26 0.540000 0 1
1974 03 27 0.540000 0 1
1974 03 28 0.420000 0 1
1974 03 29 0.300000 0 1
1974 03 30 0.280000 0 1
1974 03 31 0.250000 0 1
1974 04 01 0.230000 0 1
1974 04 02 0.680000 0 1
1974 04 03 0.540000 0 1
1974 04 04 0.540000 0 1
1974 04 05 0.600000 0 1
1974 04 06 0.680000 0 1
1974 04 07 0.540000 0 1
1974 04 08 0.480000 0 1
1974 04 09 0.420000 0 1
1974 04 10 0.420000 0 1
1974 04 11 0.420000 0 1
1974 04 12 0.420000 0 1
1974 04 13 0.360000 0 1
1974 04 14 0.330000 0 1
1974 04 15 0.300000 0 1
1974 04 16 0.300000 0 1
1974 04 17 0.300000 0 1
1974 04 18 0.300000 0 1
1974 04 19 0.270000 0 1
1974 04 20 0.280000 0 1
1974 04 21 0.300000 0 1
1974 04 22 0.420000 0 1
1974 04 23 0.300000 0 1
1974 04 24 0.300000 0 1
1974 04 25 0.300000 0 1
1974 04 26 0.300000 0 1
1974 04 27 0.260000 0 1
1974 04 28 0.260000 0 1
1974 04 29 0.260000 0 1
1974 04 30 0.260000 0 1
1974 05 01 0.260000 0 1
1974 05 02 0.280000 0 1
1974 05 03 0.300000 0 1
1974 05 04 0.260000 0 1
1974 05 05 0.260000 0 1
1974 05 06 0.250000 0 1
1974 05 07 0.230000 0 1
1974 05 08 0.220000 0 1
1974 05 09 0.220000 0 1
1974 05 10 0.220000 0 1
1974 05 11 0.220000 0 1
1974 05 12 0.240000 0 1
1974 05 13 0.250000 0 1
1974 05 14 0.230000 0 1
1974 05 15 0.220000 0 1
1974 05 16 0.220000 0 1
1974 05 17 0.180000 0 1
1974 05 18 0.180000 0 1
1974 05 19 5.600000 0 1
1974 05 20 2.080000 0 1
1974 05 21 0.920000 0 1
1974 05 22 0.840000 0 1
1974 05 23 0.480000 0 1
1974 05 24 0.240000 0 1
1974 05 25 0.260000 0 1
1974 05 26 0.540000 0 1
1974 05 27 0.280000 0 1
1974 05 28 0.230000 0 1
1974 05 29 0.220000 0 1
1974 05 30 0.220000 0 1
1974 05 31 0.220000 0 1
1974 06 01 0.220000 0 1
1974 06 02 0.920000 0 1
1974 06 03 0.540000 0 1
1974 06 04 0.420000 0 1
1974 06 05 0.360000 0 1
1974 06 06 0.300000 0 1
1974 06 07 0.300000 0 1
1974 06 08 0.260000 0 1
1974 06 09 0.240000 0 1
1974 06 10 0.220000 0 1
1974 06 11 0.450000 0 1
1974 06 12 0.800000 0 1
1974 06 13 0.600000 0 1
1974 06 14 0.450000 0 1
1974 06 15 0.300000 0 1
1974 06 16 0.270000 0 1
1974 06 17 0.260000 0 1
1974 06 18 0.260000 0 1
1974 06 19 0.300000 0 1
1974 06 20 0.260000 0 1
1974 06 21 0.300000 0 1
1974 06 22 0.360000 0 1
1974 06 23 0.260000 0 1
1974 06 24 0.260000 0 1
1974 06 25 0.680000 0 1
1974 06 26 0.680000 0 1
1974 06 27 0.570000 0 1
1974 06 28 0.450000 0 1
1974 06 29 0.390000 0 1
1974 06 30 0.330000 0 1
1974 07 01 0.300000 0 1
1974 07 02 0.300000 0 1
1974 07 03 0.300000 0 1
1974 07 04 0.290000 0 1
1974 07 05 0.270000 0 1
1974 07 06 0.260000 0 1
1974 07 07 0.260000 0 1
1974 07 08 0.240000 0 1
1974 07 09 0.230000 0 1
1974 07 10 0.240000 0 1
1974 07 11 0.260000 0 1
1974 07 12 0.240000 0 1
1974 07 13 0.220000 0 1
1974 07 14 0.220000 0 1
1974 07 15 0.220000 0 1
1974 07 16 0.220000 0 1
1974 07 17 0.220000 0 1
1974 07 18 0.280000 0 1
1974 07 19 0.290000 0 1
1974 07 20 0.260000 0 1
1974 07 21 0.250000 0 1
1974 07 22 0.220000 0 1
1974 07 23 0.220000 0 1
1974 07 24 0.210000 0 1
1974 07 25 0.230000 0 1
1974 07 26 0.230000 0 1
1974 07 27 0.220000 0 1
1974 07 28 0.200000 0 1
1974 07 29 0.170000 0 1
1974 07 30 0.170000 0 1
1974 07 31 0.180000 0 1
1974 08 01 0.180000 0 1
1974 08 02 0.180000 0 1
1974 08 03 0.180000 0 1
1974 08 04 0.170000 0 1
1974 08 05 0.160000 0 1
1974 08 06 0.140000 0 1
1974 08 07 0.140000 0 1
1974 08 08 0.190000 0 1
1974 08 09 0.180000 0 1
1974 08 10 0.180000 0 1
1974 08 11 0.180000 0 1
1974 08 12 0.180000 0 1
1974 08 13 0.160000 0 1
1974 08 14 0.140000 0 1
1974 08 15 0.280000 0 1
1974 08 16 0.250000 0 1
1974 08 17 0.200000 0 1
1974 08 18 0.180000 0 1
1974 08 19 0.180000 0 1
1974 08 20 0.180000 0 1
1974 08 21 0.180000 0 1
1974 08 22 0.180000 0 1
1974 08 23 0.160000 0 1
1974 08 24 0.140000 0 1
1974 08 25 0.140000 0 1
1974 08 26 0.140000 0 1
1974 08 27 0.140000 0 1
1974 08 28 0.220000 0 1
1974 08 29 0.280000 0 1
1974 08 30 0.360000 0 1
1974 08 31 0.260000 0 1
1974 09 01 0.220000 0 1
1974 09 02 0.220000 0 1
1974 09 03 0.220000 0 1
1974 09 04 0.180000 0 1
1974 09 05 0.180000 0 1
1974 09 06 0.170000 0 1
1974 09 07 0.150000 0 1
1974 09 08 0.140000 0 1
1974 09 09 0.180000 0 1
1974 09 10 0.180000 0 1
1974 09 11 0.180000 0 1
1974 09 12 0.170000 0 1
1974 09 13 0.160000 0 1
1974 09 14 0.160000 0 1
1974 09 15 0.140000 0 1
1974 09 16 0.140000 0 1
1974 09 17 0.120000 0 1
1974 09 18 0.100000 0 1
1974 09 19 0.100000 0 1
1974 09 20 0.140000 0 1
1974 09 21 0.140000 0 1
1974 09 22 0.100000 0 1
1974 09 23 0.100000 0 1
1974 09 24 0.100000 0 1
1974 09 25 0.100000 0 1
1974 09 26 0.100000 0 1
1974 09 27 0.200000 0 1
1974 09 28 0.200000 0 1
1974 09 29 0.200000 0 1
1974 09 30 0.200000 0 1
1974 10 01 0.180000 0 1
1974 10 02 0.200000 0 1
1974 10 03 0.260000 0 1
1974 10 04 0.600000 0 1
1974 10 05 0.300000 0 1
1974 10 06 0.260000 0 1
1974 10 07 0.220000 0 1
1974 10 08 0.180000 0 1
1974 10 09 0.160000 0 1
1974 10 10 0.140000 0 1
1974 10 11 0.120000 0 1
1974 10 12 0.100000 0 1
1974 10 13 0.100000 0 1
1974 10 14 0.100000 0 1
1974 10 15 0.100000 0 1
1974 10 16 0.100000 0 1
1974 10 17 0.100000 0 1
1974 10 18 0.160000 0 1
1974 10 19 0.160000 0 1
1974 10 20 0.140000 0 1
1974 10 21 0.140000 0 1
1974 10 22 0.100000 0 1
1974 10 23 0.160000 0 1
1974 10 24 0.240000 0 1
1974 10 25 0.760000 0 1
1974 10 26 1.360000 0 1
1974 10 27 39.800000 0 1
1974 10 28 5.600000 0 1
1974 10 29 nan nan 0
1974 10 30 10.020000 0 1
1974 10 31 0.920000 0 1
1974 11 01 0.840000 0 1
1974 11 02 0.600000 0 1
1974 11 03 0.360000 0 1
1974 11 04 0.300000 0 1
1974 11 05 4.900000 0 1
1974 11 06 2.800000 0 1
1974 11 07 1.360000 0 1
1974 11 08 0.680000 0 1
1974 11 09 0.360000 0 1
1974 11 10 0.240000 0 1
1974 11 11 0.180000 0 1
1974 11 12 0.240000 0 1
1974 11 13 0.240000 0 1
1974 11 14 0.180000 0 1
1974 11 15 0.140000 0 1
1974 11 16 0.100000 0 1
1974 11 17 0.080000 0 1
1974 11 18 0.060000 0 1
1974 11 19 0.020000 0 1
1974 11 20 0.000000 0 1
1974 11 21 0.160000 0 1
1974 11 22 0.200000 0 1
1974 11 23 0.180000 0 1
1974 11 24 0.160000 0 1
1974 11 25 0.140000 0 1
1974 11 26 0.100000 0 1
1974 11 27 0.100000 0 1
1974 11 28 0.140000 0 1
1974 11 29 0.140000 0 1
1974 11 30 58.700000 0 1
1974 12 01 60.800000 0 1
1974 12 02 50.300000 0 1
1974 12 03 29.300000 0 1
1974 12 04 2.080000 0 1
1974 12 05 0.480000 0 1
1974 12 06 0.300000 0 1
1974 12 07 0.260000 0 1
1974 12 08 0.220000 0 1
1974 12 09 0.200000 0 1
1974 12 10 0.180000 0 1
1974 12 11 0.240000 0 1
1974 12 12 0.280000 0 1
1974 12 13 0.240000 0 1
1974 12 14 0.200000 0 1
1974 12 15 0.180000 0 1
1974 12 16 0.180000 0 1
1974 12 17 5.600000 0 1
1974 12 18 1.720000 0 1
1974 12 19 0.840000 0 1
1974 12 20 0.680000 0 1
1974 12 21 4.200000 0 1
1974 12 22 4.200000 0 1
1974 12 23 4.900000 0 1
1974 12 24 11.260000 0 1
1974 12 25 11.260000 0 1
1974 12 26 4.900000 0 1
1974 12 27 1.720000 0 1
1974 12 28 2.440000 0 1
1974 12 29 5.600000 0 1
1974 12 30 2.800000 0 1
1974 12 31 1.360000 0 1
1975 01 01 0.920000 0 1
1975 01 02 0.480000 0 1
1975 01 03 0.640000 0 1
1975 01 04 0.840000 0 1
1975 01 05 0.680000 0 1
1975 01 06 0.680000 0 1
1975 01 07 0.540000 0 1
1975 01 08 0.540000 0 1
1975 01 09 0.480000 0 1
1975 01 10 0.420000 0 1
1975 01 11 0.680000 0 1
1975 01 12 0.540000 0 1
1975 01 13 0.680000 0 1
1975 01 14 0.680000 0 1
1975 01 15 0.420000 0 1
1975 01 16 0.280000 0 1
1975 01 17 0.300000 0 1
1975 01 18 0.540000 0 1
1975 01 19 0.420000 0 1
1975 01 20 0.420000 0 1
1975 01 21 0.360000 0 1
1975 01 22 0.300000 0 1
1975 01 23 0.300000 0 1
1975 01 24 0.300000 0 1
1975 01 25 0.300000 0 1
1975 01 26 0.300000 0 1
1975 01 27 0.300000 0 1
1975 01 28 0.300000 0 1
1975 01 29 0.300000 0 1
1975 01 30 0.300000 0 1
1975 01 31 0.420000 0 1
1975 02 01 0.540000 0 1
1975 02 02 2.800000 0 1
1975 02 03 1.360000 0 1
1975 02 04 1.000000 0 1
1975 02 05 3.500000 0 1
1975 02 06 3.500000 0 1
1975 02 07 2.440000 0 1
1975 02 08 2.080000 0 1
1975 02 09 1.360000 0 1
1975 02 10 1.000000 0 1
1975 02 11 0.680000 0 1
1975 02 12 0.540000 0 1
1975 02 13 0.420000 0 1
1975 02 14 0.300000 0 1
1975 02 15 0.260000 0 1
1975 02 16 0.260000 0 1
1975 02 17 0.240000 0 1
1975 02 18 0.220000 0 1
1975 02 19 0.200000 0 1
1975 02 20 0.180000 0 1
1975 02 21 0.180000 0 1
1975 02 22 0.140000 0 1
1975 02 23 0.220000 0 1
1975 02 24 0.420000 0 1
1975 02 25 0.420000 0 1
1975 02 26 0.760000 0 1
1975 02 27 0.600000 0 1
1975 02 28 0.480000 0 1
1975 03 01 0.360000 0 1
1975 03 02 0.300000 0 1
1975 03 03 0.420000 0 1
1975 03 04 0.760000 0 1
1975 03 05 0.840000 0 1
1975 03 06 0.680000 0 1
1975 03 07 0.540000 0 1
1975 03 08 0.480000 0 1
1975 03 09 0.360000 0 1
1975 03 10 0.300000 0 1
1975 03 11 0.260000 0 1
1975 03 12 0.240000 0 1
1975 03 13 0.220000 0 1
1975 03 14 0.220000 0 1
1975 03 15 0.220000 0 1
1975 03 16 0.180000 0 1
1975 03 17 0.180000 0 1
1975 03 18 0.180000 0 1
1975 03 19 0.140000 0 1
1975 03 20 0.600000 0 1
1975 03 21 0.360000 0 1
1975 03 22 0.420000 0 1
1975 03 23 0.300000 0 1
1975 03 24 0.200000 0 1
1975 03 25 0.180000 0 1
1975 03 26 0.160000 0 1
1975 03 27 0.120000 0 1
1975 03 28 0.100000 0 1
1975 03 29 0.160000 0 1
1975 03 30 0.840000 0 1
1975 03 31 0.480000 0 1
1975 04 01 0.420000 0 1
1975 04 02 0.300000 0 1
1975 04 03 0.280000 0 1
1975 04 04 0.260000 0 1
1975 04 05 0.220000 0 1
1975 04 06 0.220000 0 1
1975 04 07 0.220000 0 1
1975 04 08 0.220000 0 1
1975 04 09 0.180000 0 1
1975 04 10 0.300000 0 1
1975 04 11 0.260000 0 1
1975 04 12 0.220000 0 1
1975 04 13 0.180000 0 1
1975 04 14 0.100000 0 1
1975 04 15 0.360000 0 1
1975 04 16 0.260000 0 1
1975 04 17 0.220000 0 1
1975 04 18 0.220000 0 1
1975 04 19 0.200000 0 1
1975 04 20 0.180000 0 1
1975 04 21 0.180000 0 1
1975 04 22 0.220000 0 1
1975 04 23 0.180000 0 1
1975 04 24 0.140000 0 1
1975 04 25 0.120000 0 1
1975 04 26 0.140000 0 1
1975 04 27 0.100000 0 1
1975 04 28 0.060000 0 1
1975 04 29 0.060000 0 1
1975 04 30 0.110000 0 1
1975 05 01 0.140000 0 1
1975 05 02 0.140000 0 1
1975 05 03 0.120000 0 1
1975 05 04 0.100000 0 1
1975 05 05 0.120000 0 1
1975 05 06 0.140000 0 1
1975 05 07 0.140000 0 1
1975 05 08 0.100000 0 1
1975 05 09 0.100000 0 1
1975 05 10 0.120000 0 1
1975 05 11 0.120000 0 1
1975 05 12 0.080000 0 1
1975 05 13 0.060000 0 1
1975 05 14 0.060000 0 1
1975 05 15 0.060000 0 1
1975 05 16 0.060000 0 1
1975 05 17 0.060000 0 1
1975 05 18 0.060000 0 1
1975 05 19 0.020000 0 1
1975 05 20 0.020000 0 1
1975 05 21 0.000000 0 1
1975 05 22 0.000000 0 1
1975 05 23 0.000000 0 1
1975 05 24 0.000000 0 1
1975 05 25 0.000000 0 1
1975 05 26 0.000000 0 1
1975 05 27 0.000000 0 1
1975 05 28 0.000000 0 1
1975 05 29 0.000000 0 1
1975 05 30 0.020000 0 1
1975 05 31 0.020000 0 1
1975 06 01 0.020000 0 1
1975 06 02 0.060000 0 1
1975 06 03 0.080000 0 1
1975 06 04 0.140000 0 1
1975 06 05 0.140000 0 1
1975 06 06 0.100000 0 1
1975 06 07 0.100000 0 1
1975 06 08 0.080000 0 1
1975 06 09 0.040000 0 1
1975 06 10 0.020000 0 1
1975 06 11 0.020000 0 1
1975 06 12 0.020000 0 1
1975 06 13 0.020000 0 1
1975 06 14 0.020000 0 1
1975 06 15 0.020000 0 1
1975 06 16 0.020000 0 1
1975 06 17 0.020000 0 1
1975 06 18 0.020000 0 1
1975 06 19 0.020000 0 1
1975 06 20 0.020000 0 1
1975 06 21 0.020000 0 1
1975 06 22 0.020000 0 1
1975 06 23 0.070000 0 1
1975 06 24 0.050000 0 1
1975 06 25 0.040000 0 1
1975 06 26 0.040000 0 1
1975 06 27 0.040000 0 1
1975 06 28 0.040000 0 1
1975 06 29 0.040000 0 1
1975 06 30 0.000000 0 1
1975 07 01 0.020000 0 1
1975 07 02 0.060000 0 1
1975 07 03 0.100000 0 1
1975 07 04 0.100000 0 1
1975 07 05 0.160000 0 1
1975 07 06 0.160000 0 1
1975 07 07 0.120000 0 1
1975 07 08 0.100000 0 1
1975 07 09 0.080000 0 1
1975 07 10 0.060000 0 1
1975 07 11 0.030000 0 1
1975 07 12 0.000000 0 1
1975 07 13 0.000000 0 1
1975 07 14 0.000000 0 1
1975 07 15 0.000000 0 1
1975 07 16 0.040000 0 1
1975 07 17 0.120000 0 1
1975 07 18 0.100000 0 1
1975 07 19 0.060000 0 1
1975 07 20 0.060000 0 1
1975 07 21 0.060000 0 1
1975 07 22 0.060000 0 1
1975 07 23 0.060000 0 1
1975 07 24 0.060000 0 1
1975 07 25 0.060000 0 1
1975 07 26 0.040000 0 1
1975 07 27 0.040000 0 1
1975 07 28 0.030000 0 1
1975 07 29 0.020000 0 1
1975 07 30 0.000000 0 1
1975 07 31 0.000000 0 1
1975 08 01 0.000000 0 1
1975 08 02 0.000000 0 1
1975 08 03 0.000000 0 1
1975 08 04 0.000000 0 1
1975 08 05 0.000000 0 1
1975 08 06 0.000000 0 1
1975 08 07 0.080000 0 1
1975 08 08 0.020000 0 1
1975 08 09 0.000000 0 1
1975 08 10 0.000000 0 1
1975 08 11 0.000000 0 1
1975 08 12 0.000000 0 1
1975 08 13 0.000000 0 1
1975 08 14 0.000000 0 1
1975 08 15 0.000000 0 1
1975 08 16 0.000000 0 1
1975 08 17 0.000000 0 1
1975 08 18 0.000000 0 1
1975 08 19 0.000000 0 1
1975 08 20 0.000000 0 1
1975 08 21 0.000000 0 1
1975 08 22 0.000000 0 1
1975 08 23 0.000000 0 1
1975 08 24 0.000000 0 1
1975 08 25 0.000000 0 1
1975 08 26 0.000000 0 1
1975 08 27 0.000000 0 1
1975 08 28 0.000000 0 1
1975 08 29 0.000000 0 1
1975 08 30 0.000000 0 1
1975 08 31 0.000000 0 1
1975 09 01 0.000000 0 1
1975 09 02 0.000000 0 1
1975 09 03 0.000000 0 1
1975 09 04 0.000000 0 1
1975 09 05 0.000000 0 1
1975 09 06 0.000000 0 1
1975 09 07 0.000000 0 1
1975 09 08 0.000000 0 1
1975 09 09 0.000000 0 1
1975 09 10 0.000000 0 1
1975 09 11 0.000000 0 1
1975 09 12 0.000000 0 1
1975 09 13 0.000000 0 1
1975 09 14 0.000000 0 1
1975 09 15 0.000000 0 1
1975 09 16 0.000000 0 1
1975 09 17 0.000000 0 1
1975 09 18 0.000000 0 1
1975 09 19 0.000000 0 1
1975 09 20 0.000000 0 1
1975 09 21 0.000000 0 1
1975 09 22 0.000000 0 1
1975 09 23 0.000000 0 1
1975 09 24 0.000000 0 1
1975 09 25 0.000000 0 1
1975 09 26 0.000000 0 1
1975 09 27 0.000000 0 1
1975 09 28 0.000000 0 1
1975 09 29 0.000000 0 1
1975 09 30 0.240000 0 1
1975 10 01 0.240000 0 1
1975 10 02 0.280000 0 1
1975 10 03 0.840000 0 1
1975 10 04 0.760000 0 1
1975 10 05 4.200000 0 1
1975 10 06 0.480000 0 1
1975 10 07 0.920000 0 1
1975 10 08 0.480000 0 1
1975 10 09 0.360000 0 1
1975 10 10 0.280000 0 1
1975 10 11 0.240000 0 1
1975 10 12 0.200000 0 1
1975 10 13 0.100000 0 1
1975 10 14 0.100000 0 1
1975 10 15 0.100000 0 1
1975 10 16 0.130000 0 1
1975 10 17 0.760000 0 1
1975 10 18 2.080000 0 1
1975 10 19 1.000000 0 1
1975 10 20 0.300000 0 1
1975 10 21 0.080000 0 1
1975 10 22 0.080000 0 1
1975 10 23 0.080000 0 1
1975 10 24 0.060000 0 1
1975 10 25 0.060000 0 1
1975 10 26 0.060000 0 1
1975 10 27 0.040000 0 1
1975 10 28 0.040000 0 1
1975 10 29 0.030000 0 1
1975 10 30 0.060000 0 1
1975 10 31 0.030000 0 1
1975 11 01 0.300000 0 1
1975 11 02 0.120000 0 1
1975 11 03 0.080000 0 1
1975 11 04 0.060000 0 1
1975 11 05 0.060000 0 1
1975 11 06 0.760000 0 1
1975 11 07 0.240000 0 1
1975 11 08 0.160000 0 1
1975 11 09 0.510000 0 1
1975 11 10 0.300000 0 1
1975 11 11 0.200000 0 1
1975 11 12 0.180000 0 1
1975 11 13 0.180000 0 1
1975 11 14 0.100000 0 1
1975 11 15 0.080000 0 1
1975 11 16 0.160000 0 1
1975 11 17 0.160000 0 1
1975 11 18 0.140000 0 1
1975 11 19 0.100000 0 1
1975 11 20 0.280000 0 1
1975 11 21 0.680000 0 1
1975 11 22 0.540000 0 1
1975 11 23 0.480000 0 1
1975 11 24 0.680000 0 1
1975 11 25 0.540000 0 1
1975 11 26 4.200000 0 1
1975 11 27 46.100000 0 1
1975 11 28 50.300000 0 1
1975 11 29 50.300000 0 1
1975 11 30 29.300000 0 1
1975 12 01 10.020000 0 1
1975 12 02 2.800000 0 1
1975 12 03 6.300000 0 1
1975 12 04 20.900000 0 1
1975 12 05 8.780000 0 1
1975 12 06 2.080000 0 1
1975 12 07 0.680000 0 1
1975 12 08 0.420000 0 1
1975 12 09 0.300000 0 1
1975 12 10 0.300000 0 1
1975 12 11 0.300000 0 1
1975 12 12 0.260000 0 1
1975 12 13 0.840000 0 1
1975 12 14 7.540000 0 1
1975 12 15 2.440000 0 1
1975 12 16 1.360000 0 1
1975 12 17 0.480000 0 1
1975 12 18 0.300000 0 1
1975 12 19 0.260000 0 1
1975 12 20 0.200000 0 1
1975 12 21 0.180000 0 1
1975 12 22 0.140000 0 1
1975 12 23 0.540000 0 1
1975 12 24 0.760000 0 1
1975 12 25 0.280000 0 1
1975 12 26 0.220000 0 1
1975 12 27 0.140000 0 1
1975 12 28 0.120000 0 1
1975 12 29 0.140000 0 1
1975 12 30 0.200000 0 1
1975 12 31 0.140000 0 1
