year month day streamflow_m3s qual_control_by_ana qual_flag
1999 08 01 nan nan nan
1999 08 02 nan nan nan
1999 08 03 nan nan nan
1999 08 04 nan nan nan
1999 08 05 nan nan nan
1999 08 06 nan nan nan
1999 08 07 nan nan nan
1999 08 08 nan nan nan
1999 08 09 nan nan nan
1999 08 10 nan nan nan
1999 08 11 nan nan 0
1999 08 12 2.150000 0 1
1999 08 13 2.450000 0 1
1999 08 14 2.150000 0 1
1999 08 15 1.020000 0 1
1999 08 16 1.160000 0 1
1999 08 17 2.000000 0 1
1999 08 18 1.720000 0 1
1999 08 19 2.000000 0 1
1999 08 20 2.150000 0 1
1999 08 21 2.300000 0 1
1999 08 22 nan nan nan
1999 08 23 nan nan nan
1999 08 24 nan nan nan
1999 08 25 nan nan nan
1999 08 26 nan nan nan
1999 08 27 nan nan nan
1999 08 28 nan nan nan
1999 08 29 nan nan nan
1999 08 30 nan nan nan
1999 08 31 nan nan nan
1999 09 01 3.350000 0 1
1999 09 02 2.300000 0 1
1999 09 03 2.150000 0 1
1999 09 04 1.860000 0 1
1999 09 05 1.860000 0 1
1999 09 06 2.300000 0 1
1999 09 07 2.450000 0 1
1999 09 08 2.150000 0 1
1999 09 09 9.800000 0 1
1999 09 10 5.840000 0 1
1999 09 11 2.450000 0 1
1999 09 12 11.900000 0 1
1999 09 13 4.250000 0 1
1999 09 14 8.060000 0 1
1999 09 15 13.400000 0 1
1999 09 16 5.000000 0 1
1999 09 17 3.650000 0 1
1999 09 18 3.200000 0 1
1999 09 19 2.900000 0 1
1999 09 20 2.750000 0 1
1999 09 21 2.750000 0 1
1999 09 22 2.150000 0 1
1999 09 23 2.000000 0 1
1999 09 24 2.000000 0 1
1999 09 25 2.450000 0 1
1999 09 26 2.750000 0 1
1999 09 27 2.450000 0 1
1999 09 28 2.750000 0 1
1999 09 29 18.700000 0 1
1999 09 30 2.450000 0 1
1999 10 01 2.900000 0 1
1999 10 02 6.260000 0 1
1999 10 03 2.450000 0 1
1999 10 04 2.150000 0 1
1999 10 05 2.300000 0 1
1999 10 06 2.000000 0 1
1999 10 07 2.000000 0 1
1999 10 08 5.980000 0 1
1999 10 09 2.900000 0 1
1999 10 10 2.150000 0 1
1999 10 11 1.860000 0 1
1999 10 12 1.580000 0 1
1999 10 13 2.750000 0 1
1999 10 14 2.150000 0 1
1999 10 15 2.300000 0 1
1999 10 16 22.700000 0 1
1999 10 17 10.100000 0 1
1999 10 18 5.980000 0 1
1999 10 19 4.550000 0 1
1999 10 20 3.950000 0 1
1999 10 21 3.650000 0 1
1999 10 22 3.350000 0 1
1999 10 23 3.650000 0 1
1999 10 24 3.500000 0 1
1999 10 25 3.200000 0 1
1999 10 26 3.650000 0 1
1999 10 27 15.120000 0 1
1999 10 28 5.280000 0 1
1999 10 29 10.250000 0 1
1999 10 30 4.550000 0 1
1999 10 31 3.800000 0 1
1999 11 01 3.200000 0 1
1999 11 02 3.200000 0 1
1999 11 03 3.650000 0 1
1999 11 04 3.050000 0 1
1999 11 05 6.700000 0 1
1999 11 06 3.350000 0 1
1999 11 07 2.750000 0 1
1999 11 08 3.050000 0 1
1999 11 09 3.050000 0 1
1999 11 10 2.300000 0 1
1999 11 11 2.300000 0 1
1999 11 12 11.300000 0 1
1999 11 13 5.420000 0 1
1999 11 14 3.500000 0 1
1999 11 15 3.650000 0 1
1999 11 16 2.750000 0 1
1999 11 17 2.600000 0 1
1999 11 18 2.900000 0 1
1999 11 19 2.750000 0 1
1999 11 20 2.150000 0 1
1999 11 21 2.600000 0 1
1999 11 22 2.900000 0 1
1999 11 23 2.900000 0 1
1999 11 24 2.900000 0 1
1999 11 25 2.150000 0 1
1999 11 26 2.000000 0 1
1999 11 27 2.450000 0 1
1999 11 28 1.860000 0 1
1999 11 29 1.860000 0 1
1999 11 30 1.860000 0 1
1999 12 01 2.450000 0 1
1999 12 02 2.300000 0 1
1999 12 03 2.600000 0 1
1999 12 04 5.840000 0 1
1999 12 05 2.600000 0 1
1999 12 06 5.560000 0 1
1999 12 07 4.250000 0 1
1999 12 08 10.250000 0 1
1999 12 09 3.050000 0 1
1999 12 10 2.300000 0 1
1999 12 11 4.100000 0 1
1999 12 12 2.450000 0 1
1999 12 13 5.560000 0 1
1999 12 14 4.850000 0 1
1999 12 15 3.050000 0 1
1999 12 16 2.450000 0 1
1999 12 17 2.900000 0 1
1999 12 18 2.900000 0 1
1999 12 19 2.000000 0 1
1999 12 20 2.300000 0 1
1999 12 21 2.900000 0 1
1999 12 22 1.440000 0 1
1999 12 23 1.020000 0 1
1999 12 24 1.160000 0 1
1999 12 25 1.020000 0 1
1999 12 26 1.580000 0 1
1999 12 27 18.540000 0 1
1999 12 28 5.560000 0 1
1999 12 29 2.750000 0 1
1999 12 30 0.540000 0 1
1999 12 31 4.400000 0 1
2000 01 01 2.900000 0 1
2000 01 02 4.250000 0 1
2000 01 03 2.300000 0 1
2000 01 04 2.000000 0 1
2000 01 05 2.750000 0 1
2000 01 06 2.150000 0 1
2000 01 07 2.750000 0 1
2000 01 08 2.600000 0 1
2000 01 09 2.150000 0 1
2000 01 10 2.000000 0 1
2000 01 11 2.300000 0 1
2000 01 12 2.150000 0 1
2000 01 13 3.350000 0 1
2000 01 14 1.860000 0 1
2000 01 15 6.550000 0 1
2000 01 16 3.800000 0 1
2000 01 17 6.550000 0 1
2000 01 18 4.700000 0 1
2000 01 19 8.220000 0 1
2000 01 20 4.400000 0 1
2000 01 21 3.800000 0 1
2000 01 22 3.500000 0 1
2000 01 23 3.200000 0 1
2000 01 24 3.800000 0 1
2000 01 25 3.650000 0 1
2000 01 26 5.840000 0 1
2000 01 27 2.600000 0 1
2000 01 28 2.450000 0 1
2000 01 29 2.450000 0 1
2000 01 30 2.300000 0 1
2000 01 31 50.470000 0 1
2000 02 01 11.750000 0 1
2000 02 02 5.420000 0 1
2000 02 03 4.550000 0 1
2000 02 04 4.400000 0 1
2000 02 05 5.000000 0 1
2000 02 06 3.500000 0 1
2000 02 07 3.500000 0 1
2000 02 08 3.200000 0 1
2000 02 09 3.350000 0 1
2000 02 10 3.650000 0 1
2000 02 11 3.200000 0 1
2000 02 12 3.350000 0 1
2000 02 13 3.800000 0 1
2000 02 14 5.000000 0 1
2000 02 15 19.900000 0 1
2000 02 16 50.140000 0 1
2000 02 17 15.120000 0 1
2000 02 18 8.700000 0 1
2000 02 19 6.260000 0 1
2000 02 20 5.280000 0 1
2000 02 21 4.850000 0 1
2000 02 22 5.420000 0 1
2000 02 23 4.850000 0 1
2000 02 24 4.550000 0 1
2000 02 25 4.100000 0 1
2000 02 26 4.400000 0 1
2000 02 27 5.980000 0 1
2000 02 28 36.960000 0 1
2000 02 29 8.860000 0 1
2000 03 01 7.900000 0 1
2000 03 02 5.280000 0 1
2000 03 03 4.550000 0 1
2000 03 04 4.550000 0 1
2000 03 05 4.400000 0 1
2000 03 06 10.700000 0 1
2000 03 07 7.750000 0 1
2000 03 08 5.420000 0 1
2000 03 09 4.550000 0 1
2000 03 10 4.250000 0 1
2000 03 11 4.100000 0 1
2000 03 12 3.650000 0 1
2000 03 13 3.500000 0 1
2000 03 14 3.350000 0 1
2000 03 15 3.350000 0 1
2000 03 16 3.500000 0 1
2000 03 17 3.500000 0 1
2000 03 18 2.750000 0 1
2000 03 19 2.450000 0 1
2000 03 20 2.600000 0 1
2000 03 21 2.300000 0 1
2000 03 22 2.750000 0 1
2000 03 23 3.050000 0 1
2000 03 24 3.650000 0 1
2000 03 25 3.200000 0 1
2000 03 26 2.750000 0 1
2000 03 27 6.120000 0 1
2000 03 28 3.350000 0 1
2000 03 29 1.860000 0 1
2000 03 30 2.450000 0 1
2000 03 31 2.300000 0 1
2000 04 01 2.750000 0 1
2000 04 02 2.000000 0 1
2000 04 03 1.860000 0 1
2000 04 04 2.000000 0 1
2000 04 05 2.300000 0 1
2000 04 06 2.300000 0 1
2000 04 07 2.300000 0 1
2000 04 08 2.750000 0 1
2000 04 09 2.450000 0 1
2000 04 10 2.300000 0 1
2000 04 11 2.150000 0 1
2000 04 12 2.300000 0 1
2000 04 13 2.150000 0 1
2000 04 14 2.450000 0 1
2000 04 15 2.300000 0 1
2000 04 16 2.000000 0 1
2000 04 17 2.150000 0 1
2000 04 18 2.750000 0 1
2000 04 19 2.300000 0 1
2000 04 20 1.720000 0 1
2000 04 21 1.860000 0 1
2000 04 22 1.720000 0 1
2000 04 23 2.150000 0 1
2000 04 24 2.150000 0 1
2000 04 25 1.440000 0 1
2000 04 26 1.580000 0 1
2000 04 27 1.720000 0 1
2000 04 28 2.000000 0 1
2000 04 29 1.580000 0 1
2000 04 30 1.720000 0 1
2000 05 01 1.720000 0 1
2000 05 02 1.720000 0 1
2000 05 03 1.720000 0 1
2000 05 04 2.000000 0 1
2000 05 05 2.000000 0 1
2000 05 06 1.580000 0 1
2000 05 07 0.880000 0 1
2000 05 08 1.020000 0 1
2000 05 09 1.160000 0 1
2000 05 10 1.160000 0 1
2000 05 11 0.740000 0 1
2000 05 12 1.300000 0 1
2000 05 13 1.300000 0 1
2000 05 14 1.160000 0 1
2000 05 15 1.580000 0 1
2000 05 16 1.300000 0 1
2000 05 17 2.150000 0 1
2000 05 18 0.480000 0 1
2000 05 19 0.600000 0 1
2000 05 20 0.880000 0 1
2000 05 21 0.540000 0 1
2000 05 22 0.740000 0 1
2000 05 23 0.740000 0 1
2000 05 24 0.740000 0 1
2000 05 25 1.160000 0 1
2000 05 26 0.600000 0 1
2000 05 27 1.160000 0 1
2000 05 28 0.300000 0 1
2000 05 29 0.420000 0 1
2000 05 30 0.480000 0 1
2000 05 31 0.600000 0 1
2000 06 01 0.480000 0 1
2000 06 02 0.600000 0 1
2000 06 03 0.740000 0 1
2000 06 04 0.600000 0 1
2000 06 05 1.020000 0 1
2000 06 06 1.160000 0 1
2000 06 07 0.740000 0 1
2000 06 08 0.600000 0 1
2000 06 09 0.880000 0 1
2000 06 10 0.600000 0 1
2000 06 11 0.600000 0 1
2000 06 12 0.740000 0 1
2000 06 13 0.600000 0 1
2000 06 14 0.600000 0 1
2000 06 15 0.740000 0 1
2000 06 16 1.020000 0 1
2000 06 17 0.600000 0 1
2000 06 18 23.620000 0 1
2000 06 19 5.140000 0 1
2000 06 20 23.460000 0 1
2000 06 21 9.180000 0 1
2000 06 22 3.050000 0 1
2000 06 23 2.000000 0 1
2000 06 24 1.860000 0 1
2000 06 25 1.720000 0 1
2000 06 26 4.700000 0 1
2000 06 27 7.750000 0 1
2000 06 28 3.350000 0 1
2000 06 29 2.150000 0 1
2000 06 30 7.150000 0 1
2000 07 01 1.860000 0 1
2000 07 02 1.720000 0 1
2000 07 03 1.440000 0 1
2000 07 04 1.160000 0 1
2000 07 05 1.300000 0 1
2000 07 06 0.880000 0 1
2000 07 07 0.880000 0 1
2000 07 08 0.740000 0 1
2000 07 09 0.740000 0 1
2000 07 10 1.020000 0 1
2000 07 11 0.880000 0 1
2000 07 12 0.480000 0 1
2000 07 13 0.300000 0 1
2000 07 14 0.180000 0 1
2000 07 15 1.580000 0 1
2000 07 16 1.160000 0 1
2000 07 17 0.360000 0 1
2000 07 18 0.240000 0 1
2000 07 19 0.180000 0 1
2000 07 20 0.060000 0 1
2000 07 21 0.180000 0 1
2000 07 22 13.250000 0 1
2000 07 23 14.480000 0 1
2000 07 24 4.700000 0 1
2000 07 25 2.750000 0 1
2000 07 26 1.720000 0 1
2000 07 27 1.300000 0 1
2000 07 28 1.300000 0 1
2000 07 29 1.300000 0 1
2000 07 30 1.020000 0 1
2000 07 31 0.880000 0 1
2000 08 01 1.440000 0 1
2000 08 02 1.160000 0 1
2000 08 03 11.000000 0 1
2000 08 04 2.450000 0 1
2000 08 05 1.020000 0 1
2000 08 06 0.600000 0 1
2000 08 07 0.880000 0 1
2000 08 08 0.880000 0 1
2000 08 09 0.740000 0 1
2000 08 10 1.720000 0 1
2000 08 11 0.880000 0 1
2000 08 12 0.740000 0 1
2000 08 13 0.480000 0 1
2000 08 14 0.740000 0 1
2000 08 15 2.150000 0 1
2000 08 16 0.540000 0 1
2000 08 17 0.600000 0 1
2000 08 18 0.600000 0 1
2000 08 19 0.880000 0 1
2000 08 20 0.740000 0 1
2000 08 21 0.740000 0 1
2000 08 22 0.880000 0 1
2000 08 23 0.740000 0 1
2000 08 24 0.540000 0 1
2000 08 25 0.600000 0 1
2000 08 26 4.400000 0 1
2000 08 27 24.420000 0 1
2000 08 28 9.650000 0 1
2000 08 29 4.700000 0 1
2000 08 30 2.750000 0 1
2000 08 31 1.720000 0 1
2000 09 01 1.580000 0 1
2000 09 02 10.400000 0 1
2000 09 03 4.850000 0 1
2000 09 04 2.600000 0 1
2000 09 05 2.000000 0 1
2000 09 06 1.720000 0 1
2000 09 07 1.440000 0 1
2000 09 08 1.300000 0 1
2000 09 09 1.860000 0 1
2000 09 10 1.580000 0 1
2000 09 11 7.150000 0 1
2000 09 12 42.140000 0 1
2000 09 13 20.680000 0 1
2000 09 14 10.700000 0 1
2000 09 15 18.700000 0 1
2000 09 16 32.480000 0 1
2000 09 17 21.320000 0 1
2000 09 18 11.900000 0 1
2000 09 19 12.800000 0 1
2000 09 20 8.220000 0 1
2000 09 21 5.560000 0 1
2000 09 22 4.100000 0 1
2000 09 23 3.650000 0 1
2000 09 24 6.120000 0 1
2000 09 25 5.280000 0 1
2000 09 26 2.150000 0 1
2000 09 27 1.860000 0 1
2000 09 28 2.450000 0 1
2000 09 29 2.300000 0 1
2000 09 30 2.150000 0 1
2000 10 01 1.720000 0 1
2000 10 02 1.860000 0 1
2000 10 03 1.860000 0 1
2000 10 04 5.140000 0 1
2000 10 05 6.550000 0 1
2000 10 06 2.450000 0 1
2000 10 07 1.720000 0 1
2000 10 08 1.580000 0 1
2000 10 09 1.720000 0 1
2000 10 10 32.800000 0 1
2000 10 11 5.980000 0 1
2000 10 12 3.800000 0 1
2000 10 13 30.080000 0 1
2000 10 14 25.700000 0 1
2000 10 15 8.540000 0 1
2000 10 16 5.980000 0 1
2000 10 17 4.850000 0 1
2000 10 18 4.250000 0 1
2000 10 19 3.950000 0 1
2000 10 20 3.500000 0 1
2000 10 21 3.350000 0 1
2000 10 22 2.900000 0 1
2000 10 23 2.600000 0 1
2000 10 24 4.100000 0 1
2000 10 25 2.000000 0 1
2000 10 26 2.000000 0 1
2000 10 27 7.900000 0 1
2000 10 28 3.500000 0 1
2000 10 29 2.300000 0 1
2000 10 30 2.000000 0 1
2000 10 31 1.720000 0 1
2000 11 01 1.580000 0 1
2000 11 02 1.720000 0 1
2000 11 03 1.860000 0 1
2000 11 04 1.300000 0 1
2000 11 05 1.020000 0 1
2000 11 06 1.860000 0 1
2000 11 07 1.440000 0 1
2000 11 08 1.440000 0 1
2000 11 09 2.000000 0 1
2000 11 10 2.900000 0 1
2000 11 11 1.580000 0 1
2000 11 12 1.020000 0 1
2000 11 13 1.020000 0 1
2000 11 14 6.850000 0 1
2000 11 15 1.440000 0 1
2000 11 16 0.740000 0 1
2000 11 17 0.740000 0 1
2000 11 18 3.650000 0 1
2000 11 19 1.580000 0 1
2000 11 20 2.300000 0 1
2000 11 21 23.300000 0 1
2000 11 22 5.280000 0 1
2000 11 23 2.900000 0 1
2000 11 24 2.000000 0 1
2000 11 25 11.600000 0 1
2000 11 26 2.300000 0 1
2000 11 27 1.860000 0 1
2000 11 28 1.580000 0 1
2000 11 29 1.300000 0 1
2000 11 30 13.100000 0 1
2000 12 01 7.300000 0 1
2000 12 02 3.200000 0 1
2000 12 03 2.450000 0 1
2000 12 04 13.400000 0 1
2000 12 05 4.250000 0 1
2000 12 06 2.300000 0 1
2000 12 07 2.000000 0 1
2000 12 08 1.720000 0 1
2000 12 09 1.720000 0 1
2000 12 10 1.720000 0 1
2000 12 11 1.440000 0 1
2000 12 12 1.440000 0 1
2000 12 13 1.160000 0 1
2000 12 14 1.860000 0 1
2000 12 15 5.000000 0 1
2000 12 16 3.050000 0 1
2000 12 17 1.160000 0 1
2000 12 18 0.880000 0 1
2000 12 19 0.880000 0 1
2000 12 20 4.400000 0 1
2000 12 21 0.740000 0 1
2000 12 22 0.600000 0 1
2000 12 23 0.740000 0 1
2000 12 24 46.300000 0 1
2000 12 25 12.050000 0 1
2000 12 26 5.700000 0 1
2000 12 27 13.700000 0 1
2000 12 28 54.040000 0 1
2000 12 29 18.850000 0 1
2000 12 30 7.000000 0 1
2000 12 31 5.280000 0 1
2001 01 01 4.100000 0 1
2001 01 02 3.950000 0 1
2001 01 03 3.350000 0 1
2001 01 04 3.050000 0 1
2001 01 05 3.200000 0 1
2001 01 06 5.700000 0 1
2001 01 07 2.750000 0 1
2001 01 08 3.050000 0 1
2001 01 09 2.900000 0 1
2001 01 10 3.050000 0 1
2001 01 11 2.150000 0 1
2001 01 12 7.900000 0 1
2001 01 13 5.840000 0 1
2001 01 14 3.350000 0 1
2001 01 15 3.050000 0 1
2001 01 16 3.050000 0 1
2001 01 17 2.900000 0 1
2001 01 18 2.600000 0 1
2001 01 19 2.300000 0 1
2001 01 20 2.750000 0 1
2001 01 21 4.400000 0 1
2001 01 22 3.800000 0 1
2001 01 23 2.150000 0 1
2001 01 24 5.000000 0 1
2001 01 25 5.000000 0 1
2001 01 26 3.500000 0 1
2001 01 27 3.200000 0 1
2001 01 28 2.600000 0 1
2001 01 29 2.300000 0 1
2001 01 30 9.650000 0 1
2001 01 31 14.320000 0 1
2001 02 01 9.650000 0 1
2001 02 02 3.500000 0 1
2001 02 03 4.400000 0 1
2001 02 04 9.800000 0 1
2001 02 05 7.750000 0 1
2001 02 06 19.300000 0 1
2001 02 07 19.300000 0 1
2001 02 08 6.120000 0 1
2001 02 09 37.120000 0 1
2001 02 10 7.600000 0 1
2001 02 11 6.550000 0 1
2001 02 12 5.840000 0 1
2001 02 13 7.450000 0 1
2001 02 14 23.150000 0 1
2001 02 15 15.440000 0 1
2001 02 16 7.600000 0 1
2001 02 17 8.380000 0 1
2001 02 18 10.100000 0 1
2001 02 19 4.250000 0 1
2001 02 20 53.190000 0 1
2001 02 21 12.500000 0 1
2001 02 22 13.100000 0 1
2001 02 23 7.900000 0 1
2001 02 24 23.300000 0 1
2001 02 25 6.120000 0 1
2001 02 26 4.550000 0 1
2001 02 27 3.650000 0 1
2001 02 28 3.800000 0 1
2001 03 01 3.500000 0 1
2001 03 02 2.900000 0 1
2001 03 03 2.600000 0 1
2001 03 04 2.450000 0 1
2001 03 05 7.000000 0 1
2001 03 06 2.300000 0 1
2001 03 07 2.450000 0 1
2001 03 08 3.950000 0 1
2001 03 09 2.300000 0 1
2001 03 10 15.750000 0 1
2001 03 11 5.000000 0 1
2001 03 12 4.100000 0 1
2001 03 13 3.200000 0 1
2001 03 14 28.850000 0 1
2001 03 15 3.650000 0 1
2001 03 16 16.800000 0 1
2001 03 17 27.940000 0 1
2001 03 18 17.580000 0 1
2001 03 19 6.700000 0 1
2001 03 20 4.850000 0 1
2001 03 21 3.950000 0 1
2001 03 22 4.100000 0 1
2001 03 23 3.650000 0 1
2001 03 24 2.750000 0 1
2001 03 25 2.300000 0 1
2001 03 26 3.650000 0 1
2001 03 27 4.850000 0 1
2001 03 28 2.450000 0 1
2001 03 29 2.300000 0 1
2001 03 30 1.720000 0 1
2001 03 31 1.720000 0 1
2001 04 01 1.440000 0 1
2001 04 02 1.720000 0 1
2001 04 03 1.160000 0 1
2001 04 04 1.160000 0 1
2001 04 05 1.160000 0 1
2001 04 06 1.160000 0 1
2001 04 07 0.880000 0 1
2001 04 08 1.160000 0 1
2001 04 09 5.840000 0 1
2001 04 10 1.720000 0 1
2001 04 11 2.600000 0 1
2001 04 12 1.300000 0 1
2001 04 13 0.740000 0 1
2001 04 14 0.740000 0 1
2001 04 15 0.600000 0 1
2001 04 16 0.880000 0 1
2001 04 17 0.880000 0 1
2001 04 18 1.020000 0 1
2001 04 19 1.020000 0 1
2001 04 20 0.540000 0 1
2001 04 21 0.540000 0 1
2001 04 22 0.480000 0 1
2001 04 23 4.700000 0 1
2001 04 24 1.720000 0 1
2001 04 25 3.050000 0 1
2001 04 26 1.300000 0 1
2001 04 27 0.600000 0 1
2001 04 28 0.420000 0 1
2001 04 29 0.360000 0 1
2001 04 30 0.480000 0 1
2001 05 01 0.480000 0 1
2001 05 02 0.480000 0 1
2001 05 03 11.150000 0 1
2001 05 04 55.910000 0 1
2001 05 05 16.500000 0 1
2001 05 06 8.060000 0 1
2001 05 07 6.120000 0 1
2001 05 08 5.280000 0 1
2001 05 09 4.550000 0 1
2001 05 10 5.420000 0 1
2001 05 11 9.500000 0 1
2001 05 12 4.250000 0 1
2001 05 13 14.960000 0 1
2001 05 14 5.700000 0 1
2001 05 15 3.500000 0 1
2001 05 16 90.760000 0 1
2001 05 17 27.140000 0 1
2001 05 18 12.800000 0 1
2001 05 19 10.100000 0 1
2001 05 20 7.750000 0 1
2001 05 21 7.300000 0 1
2001 05 22 6.120000 0 1
2001 05 23 5.700000 0 1
2001 05 24 5.280000 0 1
2001 05 25 7.600000 0 1
2001 05 26 41.340000 0 1
2001 05 27 80.560000 0 1
2001 05 28 91.100000 0 1
2001 05 29 68.320000 0 1
2001 05 30 73.080000 0 1
2001 05 31 73.250000 0 1
2001 06 01 nan nan 0
2001 06 02 nan nan 0
2001 06 03 nan nan 0
2001 06 04 nan nan 0
2001 06 05 nan nan 0
2001 06 06 nan nan 0
2001 06 07 nan nan 0
2001 06 08 nan nan 0
2001 06 09 nan nan 0
2001 06 10 nan nan 0
2001 06 11 nan nan 0
2001 06 12 nan nan 0
2001 06 13 nan nan 0
2001 06 14 nan nan 0
2001 06 15 nan nan 0
2001 06 16 nan nan 0
2001 06 17 nan nan 0
2001 06 18 nan nan 0
2001 06 19 nan nan 0
2001 06 20 nan nan 0
2001 06 21 nan nan 0
2001 06 22 nan nan 0
2001 06 23 nan nan 0
2001 06 24 nan nan 0
2001 06 25 nan nan 0
2001 06 26 nan nan 0
2001 06 27 nan nan 0
2001 06 28 19.550000 0 1
2001 06 29 14.600000 0 1
2001 06 30 15.400000 0 1
2001 07 01 11.450000 0 1
2001 07 02 9.300000 0 1
2001 07 03 11.450000 0 1
2001 07 04 10.700000 0 1
2001 07 05 10.000000 0 1
2001 07 06 10.000000 0 1
2001 07 07 10.000000 0 1
2001 07 08 10.000000 0 1
2001 07 09 12.200000 0 1
2001 07 10 10.000000 0 1
2001 07 11 9.000000 0 1
2001 07 12 12.200000 0 1
2001 07 13 6.750000 0 1
2001 07 14 7.300000 0 1
2001 07 15 7.300000 0 1
2001 07 16 7.600000 0 1
2001 07 17 7.300000 0 1
2001 07 18 7.000000 0 1
2001 07 19 87.350000 0 1
2001 07 20 12.200000 0 1
2001 07 21 9.300000 0 1
2001 07 22 57.700000 0 1
2001 07 23 13.000000 0 1
2001 07 24 12.200000 0 1
2001 07 25 164.800000 0 1
2001 07 26 297.300000 0 1
2001 07 27 865.700000 0 1
2001 07 28 124.700000 0 1
2001 07 29 47.050000 0 1
2001 07 30 25.600000 0 1
2001 07 31 22.100000 0 1
2001 08 01 17.000000 0 1
2001 08 02 6.750000 0 1
2001 08 03 5.750000 0 1
2001 08 04 6.000000 0 1
2001 08 05 5.500000 0 1
2001 08 06 nan nan 0
2001 08 07 nan nan nan
2001 08 08 nan nan 0
2001 08 09 0.050000 0 1
2001 08 10 0.050000 0 1
2001 08 11 0.100000 0 1
2001 08 12 0.250000 0 1
2001 08 13 0.550000 0 1
2001 08 14 nan nan 0
2001 08 15 nan nan 0
2001 08 16 nan nan 0
2001 08 17 2.600000 0 1
2001 08 18 nan nan 0
2001 08 19 nan nan 0
2001 08 20 nan nan nan
2001 08 21 17.000000 0 1
2001 08 22 3.500000 0 1
2001 08 23 2.000000 0 1
2001 08 24 2.850000 0 1
2001 08 25 3.300000 0 1
2001 08 26 3.500000 0 1
2001 08 27 3.300000 0 1
2001 08 28 21.250000 0 1
2001 08 29 4.000000 0 1
2001 08 30 94.600000 0 1
2001 08 31 13.800000 0 1
2001 09 01 8.700000 0 1
2001 09 02 7.850000 0 1
2001 09 03 7.850000 0 1
2001 09 04 7.300000 0 1
2001 09 05 6.250000 0 1
2001 09 06 5.750000 0 1
2001 09 07 5.750000 0 1
2001 09 08 5.750000 0 1
2001 09 09 5.750000 0 1
2001 09 10 6.250000 0 1
2001 09 11 6.500000 0 1
2001 09 12 5.250000 0 1
2001 09 13 5.250000 0 1
2001 09 14 10.700000 0 1
2001 09 15 8.400000 0 1
2001 09 16 3.750000 0 1
2001 09 17 2.850000 0 1
2001 09 18 3.100000 0 1
2001 09 19 3.300000 0 1
2001 09 20 3.300000 0 1
2001 09 21 3.750000 0 1
2001 09 22 4.500000 0 1
2001 09 23 7.300000 0 1
2001 09 24 5.000000 0 1
2001 09 25 7.300000 0 1
2001 09 26 11.450000 0 1
2001 09 27 4.500000 0 1
2001 09 28 19.550000 0 1
2001 09 29 6.000000 0 1
2001 09 30 3.750000 0 1
2001 10 01 1202.100000 0 1
2001 10 02 148.500000 0 1
2001 10 03 15.400000 0 1
2001 10 04 7.600000 0 1
2001 10 05 5.500000 0 1
2001 10 06 3.500000 0 1
2001 10 07 97.050000 0 1
2001 10 08 285.700000 0 1
2001 10 09 23.800000 0 1
2001 10 10 9.000000 0 1
2001 10 11 7.000000 0 1
2001 10 12 4.500000 0 1
2001 10 13 4.250000 0 1
2001 10 14 4.000000 0 1
2001 10 15 4.000000 0 1
2001 10 16 3.500000 0 1
2001 10 17 3.100000 0 1
2001 10 18 4.000000 0 1
2001 10 19 51.250000 0 1
2001 10 20 27.450000 0 1
2001 10 21 4.750000 0 1
2001 10 22 6.500000 0 1
2001 10 23 2.850000 0 1
2001 10 24 2.000000 0 1
2001 10 25 1.800000 0 1
2001 10 26 1.400000 0 1
2001 10 27 1.200000 0 1
2001 10 28 1.000000 0 1
2001 10 29 1.000000 0 1
2001 10 30 0.250000 0 1
2001 10 31 1.000000 0 1
2001 11 01 0.400000 0 1
2001 11 02 0.100000 0 1
2001 11 03 0.250000 0 1
2001 11 04 0.050000 0 1
2001 11 05 0.400000 0 1
2001 11 06 0.050000 0 1
2001 11 07 0.050000 0 1
2001 11 08 0.700000 0 1
2001 11 09 0.050000 0 1
2001 11 10 0.250000 0 1
2001 11 11 47.050000 0 1
2001 11 12 3.300000 0 1
2001 11 13 0.050000 0 1
2001 11 14 0.000000 0 1
2001 11 15 0.000000 0 1
2001 11 16 0.000000 0 1
2001 11 17 1.200000 0 1
2001 11 18 nan nan 0
2001 11 19 nan nan 0
2001 11 20 nan nan 0
2001 11 21 nan nan 0
2001 11 22 nan nan 0
2001 11 23 nan nan 0
2001 11 24 nan nan 0
2001 11 25 nan nan 0
2001 11 26 nan nan 0
2001 11 27 nan nan 0
2001 11 28 17.850000 0 1
2001 11 29 4.000000 0 1
2001 11 30 101.950000 0 1
2001 12 01 2.600000 0 1
2001 12 02 0.000000 0 1
2001 12 03 nan nan 0
2001 12 04 nan nan 0
2001 12 05 nan nan 0
2001 12 06 7.600000 0 1
2001 12 07 0.000000 0 1
2001 12 08 nan nan 0
2001 12 09 1.600000 0 1
2001 12 10 nan nan 0
2001 12 11 nan nan 0
2001 12 12 1.200000 0 1
2001 12 13 1.200000 0 1
2001 12 14 2.850000 0 1
2001 12 15 0.000000 0 1
2001 12 16 8.100000 0 1
2001 12 17 1.000000 0 1
2001 12 18 nan nan 0
2001 12 19 nan nan 0
2001 12 20 nan nan 0
2001 12 21 nan nan 0
2001 12 22 0.000000 0 1
2001 12 23 2.600000 0 1
2001 12 24 nan nan 0
2001 12 25 nan nan 0
2001 12 26 nan nan 0
2001 12 27 nan nan 0
2001 12 28 nan nan 0
2001 12 29 nan nan nan
2001 12 30 nan nan 0
2001 12 31 nan nan 0
2002 01 01 nan nan 0
2002 01 02 nan nan 0
2002 01 03 nan nan 0
2002 01 04 nan nan 0
2002 01 05 nan nan 0
2002 01 06 nan nan 0
2002 01 07 nan nan 0
2002 01 08 nan nan 0
2002 01 09 nan nan 0
2002 01 10 nan nan 0
2002 01 11 0.100000 0 1
2002 01 12 224.800000 0 1
2002 01 13 151.200000 0 1
2002 01 14 47.050000 0 1
2002 01 15 9.300000 0 1
2002 01 16 6.000000 0 1
2002 01 17 2.600000 0 1
2002 01 18 1.000000 0 1
2002 01 19 1.200000 0 1
2002 01 20 0.850000 0 1
2002 01 21 1.600000 0 1
2002 01 22 3.100000 0 1
2002 01 23 5.000000 0 1
2002 01 24 0.850000 0 1
2002 01 25 68.750000 0 1
2002 01 26 2.200000 0 1
2002 01 27 0.550000 0 1
2002 01 28 2.850000 0 1
2002 01 29 0.000000 0 1
2002 01 30 0.850000 0 1
2002 01 31 4.250000 0 1
2002 02 01 2.400000 0 1
2002 02 02 1.600000 0 1
2002 02 03 1.000000 0 1
2002 02 04 0.700000 0 1
2002 02 05 0.100000 0 1
2002 02 06 0.700000 0 1
2002 02 07 0.000000 0 1
2002 02 08 170.350000 0 1
2002 02 09 2.600000 0 1
2002 02 10 0.400000 0 1
2002 02 11 1.000000 0 1
2002 02 12 0.000000 0 1
2002 02 13 0.400000 0 1
2002 02 14 5.250000 0 1
2002 02 15 3.100000 0 1
2002 02 16 6.000000 0 1
2002 02 17 0.850000 0 1
2002 02 18 0.250000 0 1
2002 02 19 nan nan 0
2002 02 20 0.000000 0 1
2002 02 21 59.900000 0 1
2002 02 22 17.000000 0 1
2002 02 23 4.250000 0 1
2002 02 24 1.800000 0 1
2002 02 25 0.250000 0 1
2002 02 26 0.050000 0 1
2002 02 27 0.050000 0 1
2002 02 28 0.000000 0 1
2002 03 01 3.100000 0 1
2002 03 02 1.800000 0 1
2002 03 03 nan nan 0
2002 03 04 0.050000 0 1
2002 03 05 12.200000 0 1
2002 03 06 0.550000 0 1
2002 03 07 0.000000 0 1
2002 03 08 0.250000 0 1
2002 03 09 2.400000 0 1
2002 03 10 0.700000 0 1
2002 03 11 nan nan 0
2002 03 12 nan nan 0
2002 03 13 nan nan 0
2002 03 14 1.800000 0 1
2002 03 15 nan nan 0
2002 03 16 nan nan 0
2002 03 17 nan nan 0
2002 03 18 nan nan 0
2002 03 19 nan nan 0
2002 03 20 nan nan 0
2002 03 21 1.200000 0 1
2002 03 22 nan nan 0
2002 03 23 0.000000 0 1
2002 03 24 nan nan 0
2002 03 25 nan nan 0
2002 03 26 nan nan 0
2002 03 27 nan nan 0
2002 03 28 nan nan 0
2002 03 29 nan nan 0
2002 03 30 nan nan 0
2002 03 31 nan nan 0
2002 04 01 nan nan nan
2002 04 02 nan nan nan
2002 04 03 nan nan nan
2002 04 04 nan nan nan
2002 04 05 nan nan nan
2002 04 06 nan nan nan
2002 04 07 nan nan nan
2002 04 08 nan nan nan
2002 04 09 nan nan nan
2002 04 10 nan nan nan
2002 04 11 nan nan nan
2002 04 12 nan nan nan
2002 04 13 nan nan nan
2002 04 14 nan nan nan
2002 04 15 nan nan nan
2002 04 16 nan nan nan
2002 04 17 nan nan nan
2002 04 18 nan nan nan
2002 04 19 nan nan nan
2002 04 20 nan nan nan
2002 04 21 nan nan nan
2002 04 22 nan nan nan
2002 04 23 nan nan nan
2002 04 24 nan nan nan
2002 04 25 nan nan nan
2002 04 26 nan nan nan
2002 04 27 nan nan nan
2002 04 28 nan nan nan
2002 04 29 nan nan nan
2002 04 30 nan nan nan
2002 05 01 nan nan nan
2002 05 02 nan nan nan
2002 05 03 nan nan nan
2002 05 04 nan nan nan
2002 05 05 nan nan nan
2002 05 06 nan nan nan
2002 05 07 nan nan nan
2002 05 08 nan nan nan
2002 05 09 nan nan nan
2002 05 10 nan nan nan
2002 05 11 nan nan nan
2002 05 12 nan nan nan
2002 05 13 nan nan nan
2002 05 14 nan nan nan
2002 05 15 nan nan nan
2002 05 16 nan nan nan
2002 05 17 nan nan nan
2002 05 18 nan nan nan
2002 05 19 nan nan nan
2002 05 20 nan nan nan
2002 05 21 nan nan nan
2002 05 22 nan nan nan
2002 05 23 nan nan nan
2002 05 24 nan nan nan
2002 05 25 nan nan nan
2002 05 26 nan nan nan
2002 05 27 nan nan nan
2002 05 28 nan nan nan
2002 05 29 nan nan nan
2002 05 30 nan nan nan
2002 05 31 nan nan nan
2002 06 01 nan nan nan
2002 06 02 nan nan nan
2002 06 03 nan nan nan
2002 06 04 nan nan nan
2002 06 05 nan nan nan
2002 06 06 nan nan nan
2002 06 07 nan nan nan
2002 06 08 nan nan nan
2002 06 09 nan nan nan
2002 06 10 nan nan nan
2002 06 11 nan nan nan
2002 06 12 nan nan nan
2002 06 13 nan nan nan
2002 06 14 nan nan nan
2002 06 15 nan nan nan
2002 06 16 nan nan nan
2002 06 17 nan nan nan
2002 06 18 nan nan nan
2002 06 19 nan nan nan
2002 06 20 nan nan nan
2002 06 21 nan nan nan
2002 06 22 nan nan nan
2002 06 23 nan nan nan
2002 06 24 nan nan nan
2002 06 25 nan nan nan
2002 06 26 nan nan nan
2002 06 27 nan nan nan
2002 06 28 nan nan nan
2002 06 29 nan nan nan
2002 06 30 nan nan nan
2002 07 01 nan nan nan
2002 07 02 nan nan nan
2002 07 03 nan nan nan
2002 07 04 nan nan nan
2002 07 05 nan nan nan
2002 07 06 nan nan nan
2002 07 07 nan nan nan
2002 07 08 nan nan nan
2002 07 09 nan nan nan
2002 07 10 nan nan nan
2002 07 11 nan nan nan
2002 07 12 nan nan nan
2002 07 13 nan nan nan
2002 07 14 nan nan nan
2002 07 15 nan nan nan
2002 07 16 nan nan nan
2002 07 17 nan nan nan
2002 07 18 nan nan nan
2002 07 19 nan nan nan
2002 07 20 nan nan nan
2002 07 21 nan nan nan
2002 07 22 nan nan nan
2002 07 23 nan nan nan
2002 07 24 nan nan nan
2002 07 25 nan nan nan
2002 07 26 nan nan nan
2002 07 27 nan nan nan
2002 07 28 nan nan nan
2002 07 29 nan nan nan
2002 07 30 nan nan nan
2002 07 31 nan nan nan
2002 08 01 nan nan nan
2002 08 02 nan nan nan
2002 08 03 nan nan nan
2002 08 04 nan nan nan
2002 08 05 nan nan nan
2002 08 06 nan nan nan
2002 08 07 nan nan nan
2002 08 08 nan nan nan
2002 08 09 nan nan nan
2002 08 10 nan nan nan
2002 08 11 nan nan nan
2002 08 12 nan nan nan
2002 08 13 nan nan nan
2002 08 14 nan nan nan
2002 08 15 nan nan nan
2002 08 16 nan nan nan
2002 08 17 nan nan nan
2002 08 18 nan nan nan
2002 08 19 nan nan nan
2002 08 20 nan nan nan
2002 08 21 nan nan nan
2002 08 22 nan nan nan
2002 08 23 nan nan nan
2002 08 24 nan nan nan
2002 08 25 nan nan nan
2002 08 26 nan nan nan
2002 08 27 nan nan nan
2002 08 28 nan nan nan
2002 08 29 nan nan nan
2002 08 30 nan nan nan
2002 08 31 nan nan nan
2002 09 01 nan nan nan
2002 09 02 nan nan nan
2002 09 03 nan nan nan
2002 09 04 nan nan nan
2002 09 05 nan nan nan
2002 09 06 nan nan nan
2002 09 07 nan nan nan
2002 09 08 nan nan nan
2002 09 09 nan nan nan
2002 09 10 nan nan nan
2002 09 11 nan nan nan
2002 09 12 nan nan nan
2002 09 13 nan nan nan
2002 09 14 nan nan nan
2002 09 15 nan nan nan
2002 09 16 nan nan nan
2002 09 17 nan nan nan
2002 09 18 nan nan nan
2002 09 19 nan nan nan
2002 09 20 nan nan nan
2002 09 21 nan nan nan
2002 09 22 nan nan nan
2002 09 23 nan nan nan
2002 09 24 nan nan nan
2002 09 25 nan nan nan
2002 09 26 nan nan nan
2002 09 27 nan nan nan
2002 09 28 nan nan nan
2002 09 29 nan nan nan
2002 09 30 nan nan nan
2002 10 01 nan nan nan
2002 10 02 nan nan nan
2002 10 03 nan nan nan
2002 10 04 nan nan nan
2002 10 05 nan nan nan
2002 10 06 nan nan nan
2002 10 07 nan nan nan
2002 10 08 nan nan nan
2002 10 09 nan nan nan
2002 10 10 nan nan nan
2002 10 11 nan nan nan
2002 10 12 nan nan nan
2002 10 13 nan nan nan
2002 10 14 nan nan nan
2002 10 15 nan nan nan
2002 10 16 nan nan nan
2002 10 17 nan nan nan
2002 10 18 nan nan nan
2002 10 19 nan nan nan
2002 10 20 nan nan nan
2002 10 21 nan nan nan
2002 10 22 nan nan nan
2002 10 23 nan nan nan
2002 10 24 nan nan nan
2002 10 25 nan nan nan
2002 10 26 nan nan nan
2002 10 27 nan nan nan
2002 10 28 nan nan nan
2002 10 29 nan nan nan
2002 10 30 nan nan nan
2002 10 31 nan nan nan
2002 11 01 nan nan nan
2002 11 02 nan nan nan
2002 11 03 nan nan nan
2002 11 04 nan nan nan
2002 11 05 nan nan nan
2002 11 06 nan nan nan
2002 11 07 nan nan nan
2002 11 08 nan nan nan
2002 11 09 nan nan nan
2002 11 10 nan nan nan
2002 11 11 nan nan nan
2002 11 12 nan nan nan
2002 11 13 nan nan nan
2002 11 14 nan nan nan
2002 11 15 nan nan nan
2002 11 16 nan nan nan
2002 11 17 nan nan nan
2002 11 18 nan nan nan
2002 11 19 nan nan nan
2002 11 20 nan nan nan
2002 11 21 nan nan nan
2002 11 22 nan nan nan
2002 11 23 nan nan nan
2002 11 24 nan nan nan
2002 11 25 nan nan nan
2002 11 26 nan nan nan
2002 11 27 nan nan nan
2002 11 28 nan nan nan
2002 11 29 nan nan nan
2002 11 30 nan nan nan
2002 12 01 nan nan nan
2002 12 02 nan nan nan
2002 12 03 nan nan nan
2002 12 04 nan nan nan
2002 12 05 nan nan nan
2002 12 06 nan nan nan
2002 12 07 nan nan nan
2002 12 08 nan nan nan
2002 12 09 nan nan nan
2002 12 10 nan nan nan
2002 12 11 nan nan nan
2002 12 12 nan nan nan
2002 12 13 nan nan nan
2002 12 14 nan nan nan
2002 12 15 nan nan nan
2002 12 16 nan nan nan
2002 12 17 nan nan nan
2002 12 18 nan nan nan
2002 12 19 nan nan nan
2002 12 20 nan nan nan
2002 12 21 nan nan nan
2002 12 22 nan nan nan
2002 12 23 nan nan nan
2002 12 24 nan nan nan
2002 12 25 nan nan nan
2002 12 26 nan nan nan
2002 12 27 nan nan nan
2002 12 28 nan nan nan
2002 12 29 nan nan nan
2002 12 30 nan nan nan
2002 12 31 nan nan nan
2003 01 01 nan nan nan
2003 01 02 nan nan nan
2003 01 03 nan nan nan
2003 01 04 nan nan nan
2003 01 05 nan nan nan
2003 01 06 nan nan nan
2003 01 07 nan nan nan
2003 01 08 nan nan nan
2003 01 09 nan nan nan
2003 01 10 nan nan nan
2003 01 11 nan nan nan
2003 01 12 nan nan nan
2003 01 13 nan nan nan
2003 01 14 nan nan nan
2003 01 15 nan nan nan
2003 01 16 nan nan nan
2003 01 17 nan nan nan
2003 01 18 nan nan nan
2003 01 19 nan nan nan
2003 01 20 nan nan nan
2003 01 21 nan nan nan
2003 01 22 nan nan nan
2003 01 23 nan nan nan
2003 01 24 nan nan nan
2003 01 25 nan nan nan
2003 01 26 nan nan nan
2003 01 27 nan nan nan
2003 01 28 nan nan nan
2003 01 29 nan nan nan
2003 01 30 nan nan nan
2003 01 31 nan nan nan
2003 02 01 nan nan nan
2003 02 02 nan nan nan
2003 02 03 nan nan nan
2003 02 04 nan nan nan
2003 02 05 nan nan nan
2003 02 06 nan nan nan
2003 02 07 nan nan nan
2003 02 08 nan nan nan
2003 02 09 nan nan nan
2003 02 10 nan nan nan
2003 02 11 nan nan nan
2003 02 12 nan nan nan
2003 02 13 nan nan nan
2003 02 14 nan nan nan
2003 02 15 nan nan nan
2003 02 16 nan nan nan
2003 02 17 nan nan nan
2003 02 18 nan nan nan
2003 02 19 nan nan nan
2003 02 20 nan nan nan
2003 02 21 nan nan nan
2003 02 22 nan nan nan
2003 02 23 nan nan nan
2003 02 24 nan nan nan
2003 02 25 nan nan nan
2003 02 26 nan nan nan
2003 02 27 nan nan nan
2003 02 28 nan nan nan
2003 03 01 nan nan nan
2003 03 02 nan nan nan
2003 03 03 nan nan nan
2003 03 04 nan nan nan
2003 03 05 nan nan nan
2003 03 06 nan nan nan
2003 03 07 nan nan nan
2003 03 08 nan nan nan
2003 03 09 nan nan nan
2003 03 10 nan nan nan
2003 03 11 nan nan nan
2003 03 12 nan nan nan
2003 03 13 nan nan nan
2003 03 14 nan nan nan
2003 03 15 nan nan nan
2003 03 16 nan nan nan
2003 03 17 nan nan nan
2003 03 18 nan nan nan
2003 03 19 nan nan nan
2003 03 20 nan nan nan
2003 03 21 nan nan nan
2003 03 22 nan nan nan
2003 03 23 nan nan nan
2003 03 24 nan nan nan
2003 03 25 nan nan nan
2003 03 26 nan nan nan
2003 03 27 nan nan nan
2003 03 28 nan nan nan
2003 03 29 nan nan nan
2003 03 30 nan nan nan
2003 03 31 nan nan nan
2003 04 01 nan nan nan
2003 04 02 nan nan nan
2003 04 03 nan nan nan
2003 04 04 nan nan nan
2003 04 05 nan nan nan
2003 04 06 nan nan nan
2003 04 07 nan nan nan
2003 04 08 nan nan nan
2003 04 09 nan nan nan
2003 04 10 nan nan nan
2003 04 11 nan nan nan
2003 04 12 nan nan nan
2003 04 13 nan nan nan
2003 04 14 nan nan nan
2003 04 15 nan nan nan
2003 04 16 nan nan nan
2003 04 17 nan nan nan
2003 04 18 nan nan nan
2003 04 19 nan nan nan
2003 04 20 nan nan nan
2003 04 21 nan nan nan
2003 04 22 nan nan nan
2003 04 23 nan nan nan
2003 04 24 nan nan nan
2003 04 25 nan nan nan
2003 04 26 nan nan nan
2003 04 27 nan nan nan
2003 04 28 nan nan nan
2003 04 29 nan nan nan
2003 04 30 nan nan nan
2003 05 01 nan nan nan
2003 05 02 nan nan nan
2003 05 03 nan nan nan
2003 05 04 nan nan nan
2003 05 05 nan nan nan
2003 05 06 nan nan nan
2003 05 07 nan nan nan
2003 05 08 nan nan nan
2003 05 09 nan nan nan
2003 05 10 nan nan nan
2003 05 11 nan nan nan
2003 05 12 nan nan nan
2003 05 13 nan nan nan
2003 05 14 nan nan nan
2003 05 15 nan nan nan
2003 05 16 nan nan nan
2003 05 17 nan nan nan
2003 05 18 nan nan nan
2003 05 19 nan nan nan
2003 05 20 nan nan nan
2003 05 21 nan nan nan
2003 05 22 nan nan nan
2003 05 23 nan nan nan
2003 05 24 nan nan nan
2003 05 25 nan nan nan
2003 05 26 nan nan nan
2003 05 27 nan nan nan
2003 05 28 nan nan nan
2003 05 29 nan nan nan
2003 05 30 nan nan nan
2003 05 31 nan nan nan
2003 06 01 nan nan nan
2003 06 02 nan nan nan
2003 06 03 nan nan nan
2003 06 04 nan nan nan
2003 06 05 nan nan nan
2003 06 06 nan nan nan
2003 06 07 nan nan nan
2003 06 08 nan nan nan
2003 06 09 nan nan nan
2003 06 10 nan nan nan
2003 06 11 nan nan nan
2003 06 12 nan nan nan
2003 06 13 nan nan nan
2003 06 14 nan nan nan
2003 06 15 nan nan nan
2003 06 16 nan nan nan
2003 06 17 nan nan nan
2003 06 18 nan nan nan
2003 06 19 nan nan nan
2003 06 20 nan nan nan
2003 06 21 nan nan nan
2003 06 22 nan nan nan
2003 06 23 nan nan nan
2003 06 24 nan nan nan
2003 06 25 nan nan nan
2003 06 26 nan nan nan
2003 06 27 nan nan nan
2003 06 28 nan nan nan
2003 06 29 nan nan nan
2003 06 30 nan nan nan
2003 07 01 nan nan nan
2003 07 02 nan nan nan
2003 07 03 nan nan nan
2003 07 04 nan nan nan
2003 07 05 nan nan nan
2003 07 06 nan nan nan
2003 07 07 nan nan nan
2003 07 08 nan nan nan
2003 07 09 nan nan nan
2003 07 10 nan nan nan
2003 07 11 nan nan nan
2003 07 12 nan nan nan
2003 07 13 nan nan nan
2003 07 14 nan nan nan
2003 07 15 nan nan nan
2003 07 16 nan nan nan
2003 07 17 nan nan nan
2003 07 18 nan nan nan
2003 07 19 nan nan nan
2003 07 20 nan nan nan
2003 07 21 nan nan nan
2003 07 22 nan nan nan
2003 07 23 nan nan nan
2003 07 24 nan nan nan
2003 07 25 nan nan nan
2003 07 26 nan nan nan
2003 07 27 nan nan nan
2003 07 28 nan nan nan
2003 07 29 nan nan nan
2003 07 30 nan nan nan
2003 07 31 nan nan nan
2003 08 01 nan nan nan
2003 08 02 nan nan nan
2003 08 03 nan nan nan
2003 08 04 nan nan nan
2003 08 05 nan nan nan
2003 08 06 nan nan nan
2003 08 07 nan nan nan
2003 08 08 nan nan nan
2003 08 09 nan nan nan
2003 08 10 nan nan nan
2003 08 11 nan nan nan
2003 08 12 nan nan nan
2003 08 13 nan nan nan
2003 08 14 nan nan nan
2003 08 15 nan nan nan
2003 08 16 nan nan nan
2003 08 17 nan nan nan
2003 08 18 nan nan nan
2003 08 19 nan nan nan
2003 08 20 nan nan nan
2003 08 21 nan nan nan
2003 08 22 nan nan nan
2003 08 23 nan nan nan
2003 08 24 nan nan nan
2003 08 25 nan nan nan
2003 08 26 nan nan nan
2003 08 27 nan nan nan
2003 08 28 nan nan nan
2003 08 29 nan nan nan
2003 08 30 nan nan nan
2003 08 31 nan nan nan
2003 09 01 nan nan nan
2003 09 02 nan nan nan
2003 09 03 nan nan nan
2003 09 04 nan nan nan
2003 09 05 nan nan nan
2003 09 06 nan nan nan
2003 09 07 nan nan nan
2003 09 08 nan nan nan
2003 09 09 nan nan nan
2003 09 10 nan nan nan
2003 09 11 nan nan nan
2003 09 12 nan nan nan
2003 09 13 nan nan nan
2003 09 14 nan nan nan
2003 09 15 nan nan nan
2003 09 16 nan nan nan
2003 09 17 nan nan nan
2003 09 18 nan nan nan
2003 09 19 nan nan nan
2003 09 20 nan nan nan
2003 09 21 nan nan nan
2003 09 22 nan nan nan
2003 09 23 nan nan nan
2003 09 24 nan nan nan
2003 09 25 nan nan nan
2003 09 26 nan nan nan
2003 09 27 nan nan nan
2003 09 28 nan nan nan
2003 09 29 nan nan nan
2003 09 30 nan nan nan
2003 10 01 nan nan nan
2003 10 02 nan nan nan
2003 10 03 nan nan nan
2003 10 04 nan nan nan
2003 10 05 nan nan nan
2003 10 06 nan nan nan
2003 10 07 nan nan nan
2003 10 08 nan nan nan
2003 10 09 nan nan nan
2003 10 10 nan nan nan
2003 10 11 nan nan nan
2003 10 12 nan nan nan
2003 10 13 nan nan nan
2003 10 14 nan nan nan
2003 10 15 nan nan nan
2003 10 16 nan nan nan
2003 10 17 nan nan nan
2003 10 18 nan nan nan
2003 10 19 nan nan nan
2003 10 20 nan nan nan
2003 10 21 nan nan nan
2003 10 22 nan nan nan
2003 10 23 nan nan nan
2003 10 24 nan nan nan
2003 10 25 nan nan nan
2003 10 26 nan nan nan
2003 10 27 nan nan nan
2003 10 28 nan nan nan
2003 10 29 nan nan nan
2003 10 30 nan nan nan
2003 10 31 nan nan nan
2003 11 01 nan nan nan
2003 11 02 nan nan nan
2003 11 03 nan nan nan
2003 11 04 nan nan nan
2003 11 05 nan nan nan
2003 11 06 nan nan nan
2003 11 07 nan nan nan
2003 11 08 nan nan nan
2003 11 09 nan nan nan
2003 11 10 nan nan nan
2003 11 11 nan nan nan
2003 11 12 nan nan nan
2003 11 13 nan nan nan
2003 11 14 nan nan nan
2003 11 15 nan nan nan
2003 11 16 nan nan nan
2003 11 17 nan nan nan
2003 11 18 nan nan nan
2003 11 19 nan nan nan
2003 11 20 nan nan nan
2003 11 21 nan nan nan
2003 11 22 nan nan nan
2003 11 23 nan nan nan
2003 11 24 nan nan nan
2003 11 25 nan nan nan
2003 11 26 nan nan nan
2003 11 27 nan nan nan
2003 11 28 nan nan nan
2003 11 29 nan nan nan
2003 11 30 nan nan nan
2003 12 01 nan nan nan
2003 12 02 nan nan nan
2003 12 03 nan nan nan
2003 12 04 nan nan nan
2003 12 05 nan nan nan
2003 12 06 nan nan nan
2003 12 07 nan nan nan
2003 12 08 nan nan nan
2003 12 09 nan nan nan
2003 12 10 nan nan nan
2003 12 11 nan nan nan
2003 12 12 nan nan nan
2003 12 13 nan nan nan
2003 12 14 nan nan nan
2003 12 15 nan nan nan
2003 12 16 nan nan nan
2003 12 17 nan nan nan
2003 12 18 nan nan nan
2003 12 19 nan nan nan
2003 12 20 nan nan nan
2003 12 21 nan nan nan
2003 12 22 nan nan nan
2003 12 23 nan nan nan
2003 12 24 nan nan nan
2003 12 25 nan nan nan
2003 12 26 nan nan nan
2003 12 27 nan nan nan
2003 12 28 nan nan nan
2003 12 29 nan nan nan
2003 12 30 nan nan nan
2003 12 31 nan nan nan
2004 01 01 nan nan nan
2004 01 02 nan nan nan
2004 01 03 nan nan nan
2004 01 04 nan nan nan
2004 01 05 nan nan nan
2004 01 06 nan nan nan
2004 01 07 nan nan nan
2004 01 08 nan nan nan
2004 01 09 nan nan nan
2004 01 10 nan nan nan
2004 01 11 nan nan nan
2004 01 12 nan nan nan
2004 01 13 nan nan nan
2004 01 14 nan nan nan
2004 01 15 nan nan nan
2004 01 16 nan nan nan
2004 01 17 nan nan nan
2004 01 18 nan nan nan
2004 01 19 nan nan nan
2004 01 20 nan nan nan
2004 01 21 nan nan nan
2004 01 22 nan nan nan
2004 01 23 nan nan nan
2004 01 24 nan nan nan
2004 01 25 nan nan nan
2004 01 26 nan nan nan
2004 01 27 nan nan nan
2004 01 28 nan nan nan
2004 01 29 nan nan nan
2004 01 30 nan nan nan
2004 01 31 nan nan nan
2004 02 01 nan nan nan
2004 02 02 nan nan nan
2004 02 03 nan nan nan
2004 02 04 nan nan nan
2004 02 05 nan nan nan
2004 02 06 nan nan nan
2004 02 07 nan nan nan
2004 02 08 nan nan nan
2004 02 09 nan nan nan
2004 02 10 nan nan nan
2004 02 11 nan nan nan
2004 02 12 nan nan nan
2004 02 13 nan nan nan
2004 02 14 nan nan nan
2004 02 15 nan nan nan
2004 02 16 nan nan nan
2004 02 17 nan nan nan
2004 02 18 nan nan nan
2004 02 19 nan nan nan
2004 02 20 nan nan nan
2004 02 21 nan nan nan
2004 02 22 nan nan nan
2004 02 23 nan nan nan
2004 02 24 nan nan nan
2004 02 25 nan nan nan
2004 02 26 nan nan nan
2004 02 27 nan nan nan
2004 02 28 nan nan nan
2004 02 29 nan nan nan
2004 03 01 nan nan nan
2004 03 02 nan nan nan
2004 03 03 nan nan nan
2004 03 04 nan nan nan
2004 03 05 nan nan nan
2004 03 06 nan nan nan
2004 03 07 nan nan nan
2004 03 08 nan nan nan
2004 03 09 nan nan nan
2004 03 10 nan nan nan
2004 03 11 nan nan nan
2004 03 12 nan nan nan
2004 03 13 nan nan nan
2004 03 14 nan nan nan
2004 03 15 nan nan nan
2004 03 16 nan nan nan
2004 03 17 nan nan nan
2004 03 18 nan nan nan
2004 03 19 nan nan nan
2004 03 20 nan nan nan
2004 03 21 nan nan nan
2004 03 22 nan nan nan
2004 03 23 nan nan nan
2004 03 24 nan nan nan
2004 03 25 nan nan nan
2004 03 26 nan nan nan
2004 03 27 nan nan nan
2004 03 28 nan nan nan
2004 03 29 nan nan nan
2004 03 30 nan nan nan
2004 03 31 nan nan nan
2004 04 01 nan nan nan
2004 04 02 nan nan nan
2004 04 03 nan nan nan
2004 04 04 nan nan nan
2004 04 05 nan nan nan
2004 04 06 nan nan nan
2004 04 07 nan nan nan
2004 04 08 nan nan nan
2004 04 09 nan nan nan
2004 04 10 nan nan nan
2004 04 11 nan nan nan
2004 04 12 nan nan nan
2004 04 13 nan nan nan
2004 04 14 nan nan nan
2004 04 15 nan nan nan
2004 04 16 nan nan nan
2004 04 17 nan nan nan
2004 04 18 nan nan nan
2004 04 19 nan nan nan
2004 04 20 nan nan nan
2004 04 21 nan nan nan
2004 04 22 nan nan nan
2004 04 23 nan nan nan
2004 04 24 nan nan nan
2004 04 25 nan nan nan
2004 04 26 nan nan nan
2004 04 27 nan nan nan
2004 04 28 nan nan nan
2004 04 29 nan nan nan
2004 04 30 nan nan nan
2004 05 01 nan nan nan
2004 05 02 nan nan nan
2004 05 03 nan nan nan
2004 05 04 nan nan nan
2004 05 05 nan nan nan
2004 05 06 nan nan nan
2004 05 07 nan nan nan
2004 05 08 nan nan nan
2004 05 09 nan nan nan
2004 05 10 nan nan nan
2004 05 11 nan nan nan
2004 05 12 nan nan nan
2004 05 13 nan nan nan
2004 05 14 nan nan nan
2004 05 15 nan nan nan
2004 05 16 nan nan nan
2004 05 17 nan nan nan
2004 05 18 nan nan nan
2004 05 19 nan nan nan
2004 05 20 nan nan nan
2004 05 21 nan nan nan
2004 05 22 nan nan nan
2004 05 23 nan nan nan
2004 05 24 nan nan nan
2004 05 25 nan nan nan
2004 05 26 nan nan nan
2004 05 27 nan nan nan
2004 05 28 nan nan nan
2004 05 29 nan nan nan
2004 05 30 nan nan nan
2004 05 31 nan nan nan
2004 06 01 nan nan nan
2004 06 02 nan nan nan
2004 06 03 nan nan nan
2004 06 04 nan nan nan
2004 06 05 nan nan nan
2004 06 06 nan nan nan
2004 06 07 nan nan nan
2004 06 08 nan nan nan
2004 06 09 nan nan nan
2004 06 10 nan nan nan
2004 06 11 nan nan nan
2004 06 12 nan nan nan
2004 06 13 nan nan nan
2004 06 14 nan nan nan
2004 06 15 nan nan nan
2004 06 16 nan nan nan
2004 06 17 nan nan nan
2004 06 18 nan nan nan
2004 06 19 nan nan nan
2004 06 20 nan nan nan
2004 06 21 nan nan nan
2004 06 22 nan nan nan
2004 06 23 nan nan nan
2004 06 24 nan nan nan
2004 06 25 nan nan nan
2004 06 26 nan nan nan
2004 06 27 nan nan nan
2004 06 28 nan nan nan
2004 06 29 nan nan nan
2004 06 30 nan nan nan
2004 07 01 nan nan nan
2004 07 02 nan nan nan
2004 07 03 nan nan nan
2004 07 04 nan nan nan
2004 07 05 nan nan nan
2004 07 06 nan nan nan
2004 07 07 nan nan nan
2004 07 08 nan nan nan
2004 07 09 nan nan nan
2004 07 10 nan nan nan
2004 07 11 nan nan nan
2004 07 12 nan nan nan
2004 07 13 nan nan nan
2004 07 14 nan nan nan
2004 07 15 nan nan nan
2004 07 16 nan nan nan
2004 07 17 nan nan nan
2004 07 18 nan nan nan
2004 07 19 nan nan nan
2004 07 20 nan nan nan
2004 07 21 nan nan nan
2004 07 22 nan nan nan
2004 07 23 nan nan nan
2004 07 24 nan nan nan
2004 07 25 nan nan nan
2004 07 26 nan nan nan
2004 07 27 nan nan nan
2004 07 28 nan nan nan
2004 07 29 nan nan nan
2004 07 30 nan nan nan
2004 07 31 nan nan nan
2004 08 01 nan nan nan
2004 08 02 nan nan nan
2004 08 03 nan nan nan
2004 08 04 nan nan nan
2004 08 05 nan nan nan
2004 08 06 nan nan nan
2004 08 07 nan nan nan
2004 08 08 nan nan nan
2004 08 09 nan nan nan
2004 08 10 nan nan nan
2004 08 11 nan nan nan
2004 08 12 nan nan nan
2004 08 13 nan nan nan
2004 08 14 nan nan nan
2004 08 15 nan nan nan
2004 08 16 nan nan nan
2004 08 17 nan nan nan
2004 08 18 nan nan nan
2004 08 19 nan nan nan
2004 08 20 nan nan nan
2004 08 21 nan nan nan
2004 08 22 nan nan nan
2004 08 23 nan nan nan
2004 08 24 nan nan nan
2004 08 25 nan nan nan
2004 08 26 nan nan nan
2004 08 27 nan nan nan
2004 08 28 nan nan nan
2004 08 29 nan nan nan
2004 08 30 nan nan nan
2004 08 31 nan nan nan
2004 09 01 nan nan nan
2004 09 02 nan nan nan
2004 09 03 nan nan nan
2004 09 04 nan nan nan
2004 09 05 nan nan nan
2004 09 06 nan nan nan
2004 09 07 nan nan nan
2004 09 08 nan nan nan
2004 09 09 nan nan nan
2004 09 10 nan nan nan
2004 09 11 nan nan nan
2004 09 12 nan nan nan
2004 09 13 nan nan nan
2004 09 14 nan nan nan
2004 09 15 nan nan nan
2004 09 16 nan nan nan
2004 09 17 nan nan nan
2004 09 18 nan nan nan
2004 09 19 nan nan nan
2004 09 20 nan nan nan
2004 09 21 nan nan nan
2004 09 22 nan nan nan
2004 09 23 nan nan nan
2004 09 24 nan nan nan
2004 09 25 nan nan nan
2004 09 26 nan nan nan
2004 09 27 nan nan nan
2004 09 28 nan nan nan
2004 09 29 nan nan nan
2004 09 30 nan nan nan
2004 10 01 nan nan nan
2004 10 02 nan nan nan
2004 10 03 nan nan nan
2004 10 04 nan nan nan
2004 10 05 nan nan nan
2004 10 06 nan nan nan
2004 10 07 nan nan nan
2004 10 08 nan nan nan
2004 10 09 nan nan nan
2004 10 10 nan nan nan
2004 10 11 nan nan nan
2004 10 12 nan nan nan
2004 10 13 nan nan nan
2004 10 14 nan nan nan
2004 10 15 nan nan nan
2004 10 16 nan nan nan
2004 10 17 nan nan nan
2004 10 18 nan nan nan
2004 10 19 nan nan nan
2004 10 20 nan nan nan
2004 10 21 nan nan nan
2004 10 22 nan nan nan
2004 10 23 nan nan nan
2004 10 24 nan nan nan
2004 10 25 nan nan nan
2004 10 26 nan nan nan
2004 10 27 nan nan nan
2004 10 28 nan nan nan
2004 10 29 nan nan nan
2004 10 30 nan nan nan
2004 10 31 nan nan nan
2004 11 01 nan nan nan
2004 11 02 nan nan nan
2004 11 03 nan nan nan
2004 11 04 nan nan nan
2004 11 05 nan nan nan
2004 11 06 nan nan nan
2004 11 07 nan nan nan
2004 11 08 nan nan nan
2004 11 09 nan nan nan
2004 11 10 nan nan nan
2004 11 11 nan nan nan
2004 11 12 nan nan nan
2004 11 13 nan nan nan
2004 11 14 nan nan nan
2004 11 15 nan nan nan
2004 11 16 nan nan nan
2004 11 17 nan nan nan
2004 11 18 nan nan nan
2004 11 19 nan nan nan
2004 11 20 nan nan nan
2004 11 21 nan nan nan
2004 11 22 nan nan nan
2004 11 23 nan nan nan
2004 11 24 nan nan nan
2004 11 25 nan nan nan
2004 11 26 nan nan nan
2004 11 27 nan nan nan
2004 11 28 nan nan nan
2004 11 29 nan nan nan
2004 11 30 nan nan nan
2004 12 01 nan nan nan
2004 12 02 nan nan nan
2004 12 03 nan nan nan
2004 12 04 nan nan nan
2004 12 05 nan nan nan
2004 12 06 nan nan nan
2004 12 07 nan nan nan
2004 12 08 nan nan nan
2004 12 09 nan nan nan
2004 12 10 nan nan nan
2004 12 11 nan nan nan
2004 12 12 nan nan nan
2004 12 13 nan nan nan
2004 12 14 nan nan nan
2004 12 15 nan nan nan
2004 12 16 nan nan nan
2004 12 17 nan nan nan
2004 12 18 nan nan nan
2004 12 19 nan nan nan
2004 12 20 nan nan nan
2004 12 21 nan nan nan
2004 12 22 nan nan nan
2004 12 23 nan nan nan
2004 12 24 nan nan nan
2004 12 25 nan nan nan
2004 12 26 nan nan nan
2004 12 27 nan nan nan
2004 12 28 nan nan nan
2004 12 29 nan nan nan
2004 12 30 nan nan nan
2004 12 31 nan nan nan
2005 01 01 nan nan nan
2005 01 02 nan nan nan
2005 01 03 nan nan nan
2005 01 04 nan nan nan
2005 01 05 nan nan nan
2005 01 06 nan nan nan
2005 01 07 nan nan nan
2005 01 08 nan nan nan
2005 01 09 nan nan nan
2005 01 10 nan nan nan
2005 01 11 nan nan nan
2005 01 12 nan nan nan
2005 01 13 nan nan nan
2005 01 14 nan nan nan
2005 01 15 nan nan nan
2005 01 16 nan nan nan
2005 01 17 nan nan nan
2005 01 18 nan nan nan
2005 01 19 nan nan nan
2005 01 20 nan nan nan
2005 01 21 nan nan nan
2005 01 22 nan nan nan
2005 01 23 nan nan nan
2005 01 24 nan nan nan
2005 01 25 nan nan nan
2005 01 26 nan nan 0
2005 01 27 2.000000 0 1
2005 01 28 1.800000 0 1
2005 01 29 1.600000 0 1
2005 01 30 1.200000 0 1
2005 01 31 0.850000 0 1
2005 02 01 1.200000 0 1
2005 02 02 0.700000 0 1
2005 02 03 1.200000 0 1
2005 02 04 1.200000 0 1
2005 02 05 1.000000 0 1
2005 02 06 1.000000 0 1
2005 02 07 1.000000 0 1
2005 02 08 0.550000 0 1
2005 02 09 0.550000 0 1
2005 02 10 0.700000 0 1
2005 02 11 1.200000 0 1
2005 02 12 0.050000 0 1
2005 02 13 0.250000 0 1
2005 02 14 0.000000 0 1
2005 02 15 0.000000 0 1
2005 02 16 0.100000 0 1
2005 02 17 0.000000 0 1
2005 02 18 0.000000 0 1
2005 02 19 0.000000 0 1
2005 02 20 0.050000 0 1
2005 02 21 0.000000 0 1
2005 02 22 0.000000 0 1
2005 02 23 4.750000 0 1
2005 02 24 6.500000 0 1
2005 02 25 4.250000 0 1
2005 02 26 4.500000 0 1
2005 02 27 1.000000 0 1
2005 02 28 0.550000 0 1
2005 03 01 0.400000 0 1
2005 03 02 0.400000 0 1
2005 03 03 0.250000 0 1
2005 03 04 0.550000 0 1
2005 03 05 0.400000 0 1
2005 03 06 0.250000 0 1
2005 03 07 0.100000 0 1
2005 03 08 0.100000 0 1
2005 03 09 0.100000 0 1
2005 03 10 0.100000 0 1
2005 03 11 0.100000 0 1
2005 03 12 0.100000 0 1
2005 03 13 104.400000 0 1
2005 03 14 20.400000 0 1
2005 03 15 8.100000 0 1
2005 03 16 3.500000 0 1
2005 03 17 2.600000 0 1
2005 03 18 2.400000 0 1
2005 03 19 7.300000 0 1
2005 03 20 2.600000 0 1
2005 03 21 5.250000 0 1
2005 03 22 59.900000 0 1
2005 03 23 2.600000 0 1
2005 03 24 17.000000 0 1
2005 03 25 3.500000 0 1
2005 03 26 2.600000 0 1
2005 03 27 2.600000 0 1
2005 03 28 2.600000 0 1
2005 03 29 2.200000 0 1
2005 03 30 2.000000 0 1
2005 03 31 2.400000 0 1
2005 04 01 1.200000 0 1
2005 04 02 1.600000 0 1
2005 04 03 5.750000 0 1
2005 04 04 2.600000 0 1
2005 04 05 13.800000 0 1
2005 04 06 3.300000 0 1
2005 04 07 2.200000 0 1
2005 04 08 2.200000 0 1
2005 04 09 3.300000 0 1
2005 04 10 2.000000 0 1
2005 04 11 2.000000 0 1
2005 04 12 1.600000 0 1
2005 04 13 1.400000 0 1
2005 04 14 1.400000 0 1
2005 04 15 1.600000 0 1
2005 04 16 1.600000 0 1
2005 04 17 1.600000 0 1
2005 04 18 1.400000 0 1
2005 04 19 1.600000 0 1
2005 04 20 1.400000 0 1
2005 04 21 24.700000 0 1
2005 04 22 3.100000 0 1
2005 04 23 1.600000 0 1
2005 04 24 1.200000 0 1
2005 04 25 1.200000 0 1
2005 04 26 1.200000 0 1
2005 04 27 1.000000 0 1
2005 04 28 7.600000 0 1
2005 04 29 0.850000 0 1
2005 04 30 2.400000 0 1
2005 05 01 0.850000 0 1
2005 05 02 1.200000 0 1
2005 05 03 1.000000 0 1
2005 05 04 1.200000 0 1
2005 05 05 1.000000 0 1
2005 05 06 1.000000 0 1
2005 05 07 1.000000 0 1
2005 05 08 0.700000 0 1
2005 05 09 0.700000 0 1
2005 05 10 0.700000 0 1
2005 05 11 0.700000 0 1
2005 05 12 1.000000 0 1
2005 05 13 1.200000 0 1
2005 05 14 1.000000 0 1
2005 05 15 1.000000 0 1
2005 05 16 1.200000 0 1
2005 05 17 1.200000 0 1
2005 05 18 1.400000 0 1
2005 05 19 1.000000 0 1
2005 05 20 2.200000 0 1
2005 05 21 6.000000 0 1
2005 05 22 0.700000 0 1
2005 05 23 0.400000 0 1
2005 05 24 651.100000 0 1
2005 05 25 87.350000 0 1
2005 05 26 8.100000 0 1
2005 05 27 5.000000 0 1
2005 05 28 4.250000 0 1
2005 05 29 3.300000 0 1
2005 05 30 6.750000 0 1
2005 05 31 3.300000 0 1
2005 06 01 3.100000 0 1
2005 06 02 3.100000 0 1
2005 06 03 3.300000 0 1
2005 06 04 3.750000 0 1
2005 06 05 4.000000 0 1
2005 06 06 3.750000 0 1
2005 06 07 3.300000 0 1
2005 06 08 3.500000 0 1
2005 06 09 3.750000 0 1
2005 06 10 3.300000 0 1
2005 06 11 3.100000 0 1
2005 06 12 2.600000 0 1
2005 06 13 2.600000 0 1
2005 06 14 2.600000 0 1
2005 06 15 64.300000 0 1
2005 06 16 6.750000 0 1
2005 06 17 3.750000 0 1
2005 06 18 13.800000 0 1
2005 06 19 3.750000 0 1
2005 06 20 104.400000 0 1
2005 06 21 7.000000 0 1
2005 06 22 3.100000 0 1
2005 06 23 2.200000 0 1
2005 06 24 1.800000 0 1
2005 06 25 1.400000 0 1
2005 06 26 1.400000 0 1
2005 06 27 1.600000 0 1
2005 06 28 2.000000 0 1
2005 06 29 5.000000 0 1
2005 06 30 2.600000 0 1
2005 07 01 2.400000 0 1
2005 07 02 2.400000 0 1
2005 07 03 2.000000 0 1
2005 07 04 1.800000 0 1
2005 07 05 71.000000 0 1
2005 07 06 2.600000 0 1
2005 07 07 1.600000 0 1
2005 07 08 2.000000 0 1
2005 07 09 1.800000 0 1
2005 07 10 1.800000 0 1
2005 07 11 2.000000 0 1
2005 07 12 2.000000 0 1
2005 07 13 2.000000 0 1
2005 07 14 2.400000 0 1
2005 07 15 1.800000 0 1
2005 07 16 1.400000 0 1
2005 07 17 6.750000 0 1
2005 07 18 0.850000 0 1
2005 07 19 0.550000 0 1
2005 07 20 0.400000 0 1
2005 07 21 1.800000 0 1
2005 07 22 18.700000 0 1
2005 07 23 148.500000 0 1
2005 07 24 227.700000 0 1
2005 07 25 7.000000 0 1
2005 07 26 3.100000 0 1
2005 07 27 2.000000 0 1
2005 07 28 1.400000 0 1
2005 07 29 1.000000 0 1
2005 07 30 0.850000 0 1
2005 07 31 0.550000 0 1
2005 08 01 0.550000 0 1
2005 08 02 0.550000 0 1
2005 08 03 0.550000 0 1
2005 08 04 0.550000 0 1
2005 08 05 0.700000 0 1
2005 08 06 0.550000 0 1
2005 08 07 0.550000 0 1
2005 08 08 0.550000 0 1
2005 08 09 82.650000 0 1
2005 08 10 40.900000 0 1
2005 08 11 3.500000 0 1
2005 08 12 2.000000 0 1
2005 08 13 1.200000 0 1
2005 08 14 0.850000 0 1
2005 08 15 0.700000 0 1
2005 08 16 0.700000 0 1
2005 08 17 0.550000 0 1
2005 08 18 1.600000 0 1
2005 08 19 0.550000 0 1
2005 08 20 0.700000 0 1
2005 08 21 0.550000 0 1
2005 08 22 0.550000 0 1
2005 08 23 0.400000 0 1
2005 08 24 0.550000 0 1
2005 08 25 0.100000 0 1
2005 08 26 0.100000 0 1
2005 08 27 0.400000 0 1
2005 08 28 0.850000 0 1
2005 08 29 1.200000 0 1
2005 08 30 1.000000 0 1
2005 08 31 99.500000 0 1
2005 09 01 75.600000 0 1
2005 09 02 8.700000 0 1
2005 09 03 3.100000 0 1
2005 09 04 127.300000 0 1
2005 09 05 87.350000 0 1
2005 09 06 8.700000 0 1
2005 09 07 5.500000 0 1
2005 09 08 4.500000 0 1
2005 09 09 3.750000 0 1
2005 09 10 3.300000 0 1
2005 09 11 14.600000 0 1
2005 09 12 162.000000 0 1
2005 09 13 24.700000 0 1
2005 09 14 137.750000 0 1
2005 09 15 31.200000 0 1
2005 09 16 7.850000 0 1
2005 09 17 5.500000 0 1
2005 09 18 5.000000 0 1
2005 09 19 14.600000 0 1
2005 09 20 4.500000 0 1
2005 09 21 3.300000 0 1
2005 09 22 3.100000 0 1
2005 09 23 3.500000 0 1
2005 09 24 2.850000 0 1
2005 09 25 3.100000 0 1
2005 09 26 99.500000 0 1
2005 09 27 7.300000 0 1
2005 09 28 5.250000 0 1
2005 09 29 4.500000 0 1
2005 09 30 3.500000 0 1
2005 10 01 4.500000 0 1
2005 10 02 4.750000 0 1
2005 10 03 5.250000 0 1
2005 10 04 4.500000 0 1
2005 10 05 685.900000 0 1
2005 10 06 49.100000 0 1
2005 10 07 11.450000 0 1
2005 10 08 7.850000 0 1
2005 10 09 7.300000 0 1
2005 10 10 6.500000 0 1
2005 10 11 6.500000 0 1
2005 10 12 6.500000 0 1
2005 10 13 6.000000 0 1
2005 10 14 8.700000 0 1
2005 10 15 5.750000 0 1
2005 10 16 5.250000 0 1
2005 10 17 7.600000 0 1
2005 10 18 5.250000 0 1
2005 10 19 4.750000 0 1
2005 10 20 5.000000 0 1
2005 10 21 5.250000 0 1
2005 10 22 5.500000 0 1
2005 10 23 11.450000 0 1
2005 10 24 4.250000 0 1
2005 10 25 4.250000 0 1
2005 10 26 13.000000 0 1
2005 10 27 10.000000 0 1
2005 10 28 236.400000 0 1
2005 10 29 68.750000 0 1
2005 10 30 7.000000 0 1
2005 10 31 23.800000 0 1
2005 11 01 5.500000 0 1
2005 11 02 4.500000 0 1
2005 11 03 3.750000 0 1
2005 11 04 3.300000 0 1
2005 11 05 3.100000 0 1
2005 11 06 3.100000 0 1
2005 11 07 4.250000 0 1
2005 11 08 4.000000 0 1
2005 11 09 4.500000 0 1
2005 11 10 4.250000 0 1
2005 11 11 4.000000 0 1
2005 11 12 3.500000 0 1
2005 11 13 3.750000 0 1
2005 11 14 3.500000 0 1
2005 11 15 3.500000 0 1
2005 11 16 3.100000 0 1
2005 11 17 23.800000 0 1
2005 11 18 21.250000 0 1
2005 11 19 4.250000 0 1
2005 11 20 3.300000 0 1
2005 11 21 2.400000 0 1
2005 11 22 2.000000 0 1
2005 11 23 2.000000 0 1
2005 11 24 2.000000 0 1
2005 11 25 21.250000 0 1
2005 11 26 2.600000 0 1
2005 11 27 1.600000 0 1
2005 11 28 1.600000 0 1
2005 11 29 1.600000 0 1
2005 11 30 1.600000 0 1
2005 12 01 1.600000 0 1
2005 12 02 1.400000 0 1
2005 12 03 1.400000 0 1
2005 12 04 2.000000 0 1
2005 12 05 2.400000 0 1
2005 12 06 5.750000 0 1
2005 12 07 1.800000 0 1
2005 12 08 2.200000 0 1
2005 12 09 2.200000 0 1
2005 12 10 2.600000 0 1
2005 12 11 2.000000 0 1
2005 12 12 2.000000 0 1
2005 12 13 2.200000 0 1
2005 12 14 2.000000 0 1
2005 12 15 2.000000 0 1
2005 12 16 1.800000 0 1
2005 12 17 13.000000 0 1
2005 12 18 3.100000 0 1
2005 12 19 1.000000 0 1
2005 12 20 0.700000 0 1
2005 12 21 0.850000 0 1
2005 12 22 0.700000 0 1
2005 12 23 1.000000 0 1
2005 12 24 2.000000 0 1
2005 12 25 0.250000 0 1
2005 12 26 0.100000 0 1
2005 12 27 0.550000 0 1
2005 12 28 0.850000 0 1
2005 12 29 1.400000 0 1
2005 12 30 1.200000 0 1
2005 12 31 1.600000 0 1
2006 01 01 2.400000 0 1
2006 01 02 1.200000 0 1
2006 01 03 3.300000 0 1
2006 01 04 1.400000 0 1
2006 01 05 2.200000 0 1
2006 01 06 2.600000 0 1
2006 01 07 1.200000 0 1
2006 01 08 0.700000 0 1
2006 01 09 0.850000 0 1
2006 01 10 3.100000 0 1
2006 01 11 0.700000 0 1
2006 01 12 0.550000 0 1
2006 01 13 1.400000 0 1
2006 01 14 0.700000 0 1
2006 01 15 0.700000 0 1
2006 01 16 1.000000 0 1
2006 01 17 0.700000 0 1
2006 01 18 4.750000 0 1
2006 01 19 1.600000 0 1
2006 01 20 5.250000 0 1
2006 01 21 6.500000 0 1
2006 01 22 3.100000 0 1
2006 01 23 49.100000 0 1
2006 01 24 5.750000 0 1
2006 01 25 3.100000 0 1
2006 01 26 2.000000 0 1
2006 01 27 2.000000 0 1
2006 01 28 75.600000 0 1
2006 01 29 8.100000 0 1
2006 01 30 3.500000 0 1
2006 01 31 3.100000 0 1
2006 02 01 2.000000 0 1
2006 02 02 2.000000 0 1
2006 02 03 1.600000 0 1
2006 02 04 1.800000 0 1
2006 02 05 1.000000 0 1
2006 02 06 1.200000 0 1
2006 02 07 6.250000 0 1
2006 02 08 17.000000 0 1
2006 02 09 3.750000 0 1
2006 02 10 8.100000 0 1
2006 02 11 3.300000 0 1
2006 02 12 2.400000 0 1
2006 02 13 2.400000 0 1
2006 02 14 2.400000 0 1
2006 02 15 2.000000 0 1
2006 02 16 2.200000 0 1
2006 02 17 2.850000 0 1
2006 02 18 22.100000 0 1
2006 02 19 6.250000 0 1
2006 02 20 5.250000 0 1
2006 02 21 114.400000 0 1
2006 02 22 10.700000 0 1
2006 02 23 8.100000 0 1
2006 02 24 6.500000 0 1
2006 02 25 6.000000 0 1
2006 02 26 5.500000 0 1
2006 02 27 5.250000 0 1
2006 02 28 5.250000 0 1
2006 03 01 4.500000 0 1
2006 03 02 4.250000 0 1
2006 03 03 4.750000 0 1
2006 03 04 4.250000 0 1
2006 03 05 5.750000 0 1
2006 03 06 5.000000 0 1
2006 03 07 3.750000 0 1
2006 03 08 3.750000 0 1
2006 03 09 6.500000 0 1
2006 03 10 9.300000 0 1
2006 03 11 5.750000 0 1
2006 03 12 5.250000 0 1
2006 03 13 5.000000 0 1
2006 03 14 4.750000 0 1
2006 03 15 4.250000 0 1
2006 03 16 4.250000 0 1
2006 03 17 5.500000 0 1
2006 03 18 8.400000 0 1
2006 03 19 3.300000 0 1
2006 03 20 3.500000 0 1
2006 03 21 3.750000 0 1
2006 03 22 4.000000 0 1
2006 03 23 9.300000 0 1
2006 03 24 3.100000 0 1
2006 03 25 239.300000 0 1
2006 03 26 21.250000 0 1
2006 03 27 7.000000 0 1
2006 03 28 5.500000 0 1
2006 03 29 11.450000 0 1
2006 03 30 5.250000 0 1
2006 03 31 4.250000 0 1
2006 04 01 4.250000 0 1
2006 04 02 4.250000 0 1
2006 04 03 3.750000 0 1
2006 04 04 4.000000 0 1
2006 04 05 3.750000 0 1
2006 04 06 3.500000 0 1
2006 04 07 3.300000 0 1
2006 04 08 3.500000 0 1
2006 04 09 3.300000 0 1
2006 04 10 3.300000 0 1
2006 04 11 2.850000 0 1
2006 04 12 2.850000 0 1
2006 04 13 2.850000 0 1
2006 04 14 2.850000 0 1
2006 04 15 2.850000 0 1
2006 04 16 5.500000 0 1
2006 04 17 3.300000 0 1
2006 04 18 2.600000 0 1
2006 04 19 2.600000 0 1
2006 04 20 2.850000 0 1
2006 04 21 3.100000 0 1
2006 04 22 2.850000 0 1
2006 04 23 2.600000 0 1
2006 04 24 2.600000 0 1
2006 04 25 2.600000 0 1
2006 04 26 2.600000 0 1
2006 04 27 3.100000 0 1
2006 04 28 3.100000 0 1
2006 04 29 3.300000 0 1
2006 04 30 3.100000 0 1
2006 05 01 3.300000 0 1
2006 05 02 3.300000 0 1
2006 05 03 3.300000 0 1
2006 05 04 3.500000 0 1
2006 05 05 3.500000 0 1
2006 05 06 3.750000 0 1
2006 05 07 3.500000 0 1
2006 05 08 3.300000 0 1
2006 05 09 3.100000 0 1
2006 05 10 3.100000 0 1
2006 05 11 3.100000 0 1
2006 05 12 3.100000 0 1
2006 05 13 2.600000 0 1
2006 05 14 2.600000 0 1
2006 05 15 2.600000 0 1
2006 05 16 2.400000 0 1
2006 05 17 2.400000 0 1
2006 05 18 2.400000 0 1
2006 05 19 2.200000 0 1
2006 05 20 2.200000 0 1
2006 05 21 4.500000 0 1
2006 05 22 8.700000 0 1
2006 05 23 3.100000 0 1
2006 05 24 2.000000 0 1
2006 05 25 1.800000 0 1
2006 05 26 1.800000 0 1
2006 05 27 2.000000 0 1
2006 05 28 1.800000 0 1
2006 05 29 1.600000 0 1
2006 05 30 1.800000 0 1
2006 05 31 1.800000 0 1
2006 06 01 1.600000 0 1
2006 06 02 1.800000 0 1
2006 06 03 1.800000 0 1
2006 06 04 1.800000 0 1
2006 06 05 1.800000 0 1
2006 06 06 2.200000 0 1
2006 06 07 2.200000 0 1
2006 06 08 2.200000 0 1
2006 06 09 2.000000 0 1
2006 06 10 2.000000 0 1
2006 06 11 2.200000 0 1
2006 06 12 2.200000 0 1
2006 06 13 2.200000 0 1
2006 06 14 2.400000 0 1
2006 06 15 2.600000 0 1
2006 06 16 2.600000 0 1
2006 06 17 2.600000 0 1
2006 06 18 3.100000 0 1
2006 06 19 3.300000 0 1
2006 06 20 3.100000 0 1
2006 06 21 3.100000 0 1
2006 06 22 1.600000 0 1
2006 06 23 1.200000 0 1
2006 06 24 1.000000 0 1
2006 06 25 2.200000 0 1
2006 06 26 22.950000 0 1
2006 06 27 1.400000 0 1
2006 06 28 1.200000 0 1
2006 06 29 0.850000 0 1
2006 06 30 1.000000 0 1
2006 07 01 1.000000 0 1
2006 07 02 1.000000 0 1
2006 07 03 1.000000 0 1
2006 07 04 1.000000 0 1
2006 07 05 1.000000 0 1
2006 07 06 0.400000 0 1
2006 07 07 0.850000 0 1
2006 07 08 0.550000 0 1
2006 07 09 5.250000 0 1
2006 07 10 15.400000 0 1
2006 07 11 2.000000 0 1
2006 07 12 1.400000 0 1
2006 07 13 1.000000 0 1
2006 07 14 1.000000 0 1
2006 07 15 1.000000 0 1
2006 07 16 1.000000 0 1
2006 07 17 0.850000 0 1
2006 07 18 1.000000 0 1
2006 07 19 1.000000 0 1
2006 07 20 1.000000 0 1
2006 07 21 1.000000 0 1
2006 07 22 1.000000 0 1
2006 07 23 1.000000 0 1
2006 07 24 1.000000 0 1
2006 07 25 1.000000 0 1
2006 07 26 1.000000 0 1
2006 07 27 1.000000 0 1
2006 07 28 1.200000 0 1
2006 07 29 3.100000 0 1
2006 07 30 0.700000 0 1
2006 07 31 0.400000 0 1
2006 08 01 1.000000 0 1
2006 08 02 0.700000 0 1
2006 08 03 0.700000 0 1
2006 08 04 0.700000 0 1
2006 08 05 0.700000 0 1
2006 08 06 0.700000 0 1
2006 08 07 0.700000 0 1
2006 08 08 0.400000 0 1
2006 08 09 0.550000 0 1
2006 08 10 0.550000 0 1
2006 08 11 0.550000 0 1
2006 08 12 0.700000 0 1
2006 08 13 0.700000 0 1
2006 08 14 0.700000 0 1
2006 08 15 0.100000 0 1
2006 08 16 0.250000 0 1
2006 08 17 0.550000 0 1
2006 08 18 7.000000 0 1
2006 08 19 2.200000 0 1
2006 08 20 1.400000 0 1
2006 08 21 1.000000 0 1
2006 08 22 1.000000 0 1
2006 08 23 1.000000 0 1
2006 08 24 1.000000 0 1
2006 08 25 0.850000 0 1
2006 08 26 0.700000 0 1
2006 08 27 2.400000 0 1
2006 08 28 1.200000 0 1
2006 08 29 0.850000 0 1
2006 08 30 0.700000 0 1
2006 08 31 0.700000 0 1
2006 09 01 7.600000 0 1
2006 09 02 27.450000 0 1
2006 09 03 2.850000 0 1
2006 09 04 1.600000 0 1
2006 09 05 0.850000 0 1
2006 09 06 0.850000 0 1
2006 09 07 0.550000 0 1
2006 09 08 0.700000 0 1
2006 09 09 0.850000 0 1
2006 09 10 0.700000 0 1
2006 09 11 1.000000 0 1
2006 09 12 0.400000 0 1
2006 09 13 0.550000 0 1
2006 09 14 0.250000 0 1
2006 09 15 0.400000 0 1
2006 09 16 178.700000 0 1
2006 09 17 151.200000 0 1
2006 09 18 5.500000 0 1
2006 09 19 2.850000 0 1
2006 09 20 111.900000 0 1
2006 09 21 13.800000 0 1
2006 09 22 5.500000 0 1
2006 09 23 6.750000 0 1
2006 09 24 4.000000 0 1
2006 09 25 3.100000 0 1
2006 09 26 2.600000 0 1
2006 09 27 2.600000 0 1
2006 09 28 2.600000 0 1
2006 09 29 20.400000 0 1
2006 09 30 4.750000 0 1
2006 10 01 10.000000 0 1
2006 10 02 6.000000 0 1
2006 10 03 4.750000 0 1
2006 10 04 5.750000 0 1
2006 10 05 5.750000 0 1
2006 10 06 6.500000 0 1
2006 10 07 5.250000 0 1
2006 10 08 5.000000 0 1
2006 10 09 5.000000 0 1
2006 10 10 5.000000 0 1
2006 10 11 5.000000 0 1
2006 10 12 6.000000 0 1
2006 10 13 8.100000 0 1
2006 10 14 5.250000 0 1
2006 10 15 4.750000 0 1
2006 10 16 5.750000 0 1
2006 10 17 7.000000 0 1
2006 10 18 5.000000 0 1
2006 10 19 6.250000 0 1
2006 10 20 5.250000 0 1
2006 10 21 5.250000 0 1
2006 10 22 5.000000 0 1
2006 10 23 5.000000 0 1
2006 10 24 4.500000 0 1
2006 10 25 4.500000 0 1
2006 10 26 4.000000 0 1
2006 10 27 4.250000 0 1
2006 10 28 4.000000 0 1
2006 10 29 3.750000 0 1
2006 10 30 3.750000 0 1
2006 10 31 4.000000 0 1
2006 11 01 9.300000 0 1
2006 11 02 8.100000 0 1
2006 11 03 15.400000 0 1
2006 11 04 5.750000 0 1
2006 11 05 5.250000 0 1
2006 11 06 7.000000 0 1
2006 11 07 5.000000 0 1
2006 11 08 3.750000 0 1
2006 11 09 3.500000 0 1
2006 11 10 3.300000 0 1
2006 11 11 3.300000 0 1
2006 11 12 3.750000 0 1
2006 11 13 4.000000 0 1
2006 11 14 4.000000 0 1
2006 11 15 4.250000 0 1
2006 11 16 3.750000 0 1
2006 11 17 3.500000 0 1
2006 11 18 132.500000 0 1
2006 11 19 738.100000 0 1
2006 11 20 62.100000 0 1
2006 11 21 16.200000 0 1
2006 11 22 8.700000 0 1
2006 11 23 7.300000 0 1
2006 11 24 6.750000 0 1
2006 11 25 6.500000 0 1
2006 11 26 111.900000 0 1
2006 11 27 19.550000 0 1
2006 11 28 64.300000 0 1
2006 11 29 22.950000 0 1
2006 11 30 17.850000 0 1
2006 12 01 8.700000 0 1
2006 12 02 7.850000 0 1
2006 12 03 6.750000 0 1
2006 12 04 11.450000 0 1
2006 12 05 7.000000 0 1
2006 12 06 13.000000 0 1
2006 12 07 13.000000 0 1
2006 12 08 7.600000 0 1
2006 12 09 7.000000 0 1
2006 12 10 6.000000 0 1
2006 12 11 6.000000 0 1
2006 12 12 5.500000 0 1
2006 12 13 5.500000 0 1
2006 12 14 5.750000 0 1
2006 12 15 5.500000 0 1
2006 12 16 5.250000 0 1
2006 12 17 5.000000 0 1
2006 12 18 5.250000 0 1
2006 12 19 21.250000 0 1
2006 12 20 11.450000 0 1
2006 12 21 10.700000 0 1
2006 12 22 13.800000 0 1
2006 12 23 49.100000 0 1
2006 12 24 15.400000 0 1
2006 12 25 10.000000 0 1
2006 12 26 15.400000 0 1
2006 12 27 9.000000 0 1
2006 12 28 8.100000 0 1
2006 12 29 7.600000 0 1
2006 12 30 7.000000 0 1
2006 12 31 7.000000 0 1
2007 01 01 7.000000 0 1
2007 01 02 114.400000 0 1
2007 01 03 162.000000 0 1
2007 01 04 13.800000 0 1
2007 01 05 20.400000 0 1
2007 01 06 97.050000 0 1
2007 01 07 17.000000 0 1
2007 01 08 9.300000 0 1
2007 01 09 8.100000 0 1
2007 01 10 7.300000 0 1
2007 01 11 6.750000 0 1
2007 01 12 6.750000 0 1
2007 01 13 6.000000 0 1
2007 01 14 5.750000 0 1
2007 01 15 5.500000 0 1
2007 01 16 6.250000 0 1
2007 01 17 5.500000 0 1
2007 01 18 35.050000 0 1
2007 01 19 7.300000 0 1
2007 01 20 607.600000 0 1
2007 01 21 33.100000 0 1
2007 01 22 17.850000 0 1
2007 01 23 13.800000 0 1
2007 01 24 11.450000 0 1
2007 01 25 10.000000 0 1
2007 01 26 9.300000 0 1
2007 01 27 14.600000 0 1
2007 01 28 9.000000 0 1
2007 01 29 68.750000 0 1
2007 01 30 19.550000 0 1
2007 01 31 12.200000 0 1
2007 02 01 9.000000 0 1
2007 02 02 7.850000 0 1
2007 02 03 9.000000 0 1
2007 02 04 7.300000 0 1
2007 02 05 7.300000 0 1
2007 02 06 7.000000 0 1
2007 02 07 239.300000 0 1
2007 02 08 17.850000 0 1
2007 02 09 10.000000 0 1
2007 02 10 11.450000 0 1
2007 02 11 116.950000 0 1
2007 02 12 22.100000 0 1
2007 02 13 19.550000 0 1
2007 02 14 12.200000 0 1
2007 02 15 10.000000 0 1
2007 02 16 9.000000 0 1
2007 02 17 8.400000 0 1
2007 02 18 8.100000 0 1
2007 02 19 71.000000 0 1
2007 02 20 42.950000 0 1
2007 02 21 192.850000 0 1
2007 02 22 11.450000 0 1
2007 02 23 8.100000 0 1
2007 02 24 6.750000 0 1
2007 02 25 6.250000 0 1
2007 02 26 233.500000 0 1
2007 02 27 12.200000 0 1
2007 02 28 8.100000 0 1
2007 03 01 7.300000 0 1
2007 03 02 170.350000 0 1
2007 03 03 13.000000 0 1
2007 03 04 8.100000 0 1
2007 03 05 8.100000 0 1
2007 03 06 7.300000 0 1
2007 03 07 7.300000 0 1
2007 03 08 7.000000 0 1
2007 03 09 6.500000 0 1
2007 03 10 7.300000 0 1
2007 03 11 8.100000 0 1
2007 03 12 503.200000 0 1
2007 03 13 24.700000 0 1
2007 03 14 8.400000 0 1
2007 03 15 7.300000 0 1
2007 03 16 11.450000 0 1
2007 03 17 7.000000 0 1
2007 03 18 6.750000 0 1
2007 03 19 6.750000 0 1
2007 03 20 6.250000 0 1
2007 03 21 6.000000 0 1
2007 03 22 6.000000 0 1
2007 03 23 6.000000 0 1
2007 03 24 6.000000 0 1
2007 03 25 5.750000 0 1
2007 03 26 27.450000 0 1
2007 03 27 6.000000 0 1
2007 03 28 5.500000 0 1
2007 03 29 5.250000 0 1
2007 03 30 5.500000 0 1
2007 03 31 5.500000 0 1
2007 04 01 5.500000 0 1
2007 04 02 5.250000 0 1
2007 04 03 5.250000 0 1
2007 04 04 6.750000 0 1
2007 04 05 5.000000 0 1
2007 04 06 4.500000 0 1
2007 04 07 6.000000 0 1
2007 04 08 7.000000 0 1
2007 04 09 6.250000 0 1
2007 04 10 5.000000 0 1
2007 04 11 3.100000 0 1
2007 04 12 2.200000 0 1
2007 04 13 2.200000 0 1
2007 04 14 5.500000 0 1
2007 04 15 4.000000 0 1
2007 04 16 4.000000 0 1
2007 04 17 4.000000 0 1
2007 04 18 4.000000 0 1
2007 04 19 4.000000 0 1
2007 04 20 4.000000 0 1
2007 04 21 4.000000 0 1
2007 04 22 3.750000 0 1
2007 04 23 3.500000 0 1
2007 04 24 4.750000 0 1
2007 04 25 5.000000 0 1
2007 04 26 66.500000 0 1
2007 04 27 62.100000 0 1
2007 04 28 6.500000 0 1
2007 04 29 5.250000 0 1
2007 04 30 4.750000 0 1
2007 05 01 4.500000 0 1
2007 05 02 4.750000 0 1
2007 05 03 4.000000 0 1
2007 05 04 4.000000 0 1
2007 05 05 4.250000 0 1
2007 05 06 4.000000 0 1
2007 05 07 4.000000 0 1
2007 05 08 364.000000 0 1
2007 05 09 27.450000 0 1
2007 05 10 7.850000 0 1
2007 05 11 6.750000 0 1
2007 05 12 5.750000 0 1
2007 05 13 5.250000 0 1
2007 05 14 7.850000 0 1
2007 05 15 4.750000 0 1
2007 05 16 4.500000 0 1
2007 05 17 4.500000 0 1
2007 05 18 192.850000 0 1
2007 05 19 265.400000 0 1
2007 05 20 19.550000 0 1
2007 05 21 148.500000 0 1
2007 05 22 192.850000 0 1
2007 05 23 27.450000 0 1
2007 05 24 9.000000 0 1
2007 05 25 8.400000 0 1
2007 05 26 6.500000 0 1
2007 05 27 7.000000 0 1
2007 05 28 7.000000 0 1
2007 05 29 7.000000 0 1
2007 05 30 6.500000 0 1
2007 05 31 6.500000 0 1
2007 06 01 6.500000 0 1
2007 06 02 6.750000 0 1
2007 06 03 6.000000 0 1
2007 06 04 5.500000 0 1
2007 06 05 5.500000 0 1
2007 06 06 5.250000 0 1
2007 06 07 5.250000 0 1
2007 06 08 5.000000 0 1
2007 06 09 4.750000 0 1
2007 06 10 4.500000 0 1
2007 06 11 4.250000 0 1
2007 06 12 4.250000 0 1
2007 06 13 4.000000 0 1
2007 06 14 4.000000 0 1
2007 06 15 4.000000 0 1
2007 06 16 3.750000 0 1
2007 06 17 3.750000 0 1
2007 06 18 3.750000 0 1
2007 06 19 4.000000 0 1
2007 06 20 3.750000 0 1
2007 06 21 4.000000 0 1
2007 06 22 4.000000 0 1
2007 06 23 4.000000 0 1
2007 06 24 4.000000 0 1
2007 06 25 4.000000 0 1
2007 06 26 4.250000 0 1
2007 06 27 4.250000 0 1
2007 06 28 4.500000 0 1
2007 06 29 4.000000 0 1
2007 06 30 4.000000 0 1
2007 07 01 4.000000 0 1
2007 07 02 4.000000 0 1
2007 07 03 4.000000 0 1
2007 07 04 4.000000 0 1
2007 07 05 4.000000 0 1
2007 07 06 3.750000 0 1
2007 07 07 3.500000 0 1
2007 07 08 3.500000 0 1
2007 07 09 3.500000 0 1
2007 07 10 3.300000 0 1
2007 07 11 2.600000 0 1
2007 07 12 2.400000 0 1
2007 07 13 2.600000 0 1
2007 07 14 3.100000 0 1
2007 07 15 4.500000 0 1
2007 07 16 17.000000 0 1
2007 07 17 3.500000 0 1
2007 07 18 5.250000 0 1
2007 07 19 3.100000 0 1
2007 07 20 2.600000 0 1
2007 07 21 2.400000 0 1
2007 07 22 2.200000 0 1
2007 07 23 145.800000 0 1
2007 07 24 7.600000 0 1
2007 07 25 127.300000 0 1
2007 07 26 10.700000 0 1
2007 07 27 7.300000 0 1
2007 07 28 6.500000 0 1
2007 07 29 5.750000 0 1
2007 07 30 5.500000 0 1
2007 07 31 9.000000 0 1
2007 08 01 5.500000 0 1
2007 08 02 5.500000 0 1
2007 08 03 5.250000 0 1
2007 08 04 5.250000 0 1
2007 08 05 5.000000 0 1
2007 08 06 5.000000 0 1
2007 08 07 5.000000 0 1
2007 08 08 5.000000 0 1
2007 08 09 4.750000 0 1
2007 08 10 4.750000 0 1
2007 08 11 4.750000 0 1
2007 08 12 4.750000 0 1
2007 08 13 4.250000 0 1
2007 08 14 4.250000 0 1
2007 08 15 4.250000 0 1
2007 08 16 4.250000 0 1
2007 08 17 4.250000 0 1
2007 08 18 4.250000 0 1
2007 08 19 4.250000 0 1
2007 08 20 4.250000 0 1
2007 08 21 4.250000 0 1
2007 08 22 4.250000 0 1
2007 08 23 4.500000 0 1
2007 08 24 4.750000 0 1
2007 08 25 4.500000 0 1
2007 08 26 4.000000 0 1
2007 08 27 3.750000 0 1
2007 08 28 3.750000 0 1
2007 08 29 5.000000 0 1
2007 08 30 9.000000 0 1
2007 08 31 4.250000 0 1
2007 09 01 3.750000 0 1
2007 09 02 3.750000 0 1
2007 09 03 3.500000 0 1
2007 09 04 3.750000 0 1
2007 09 05 3.300000 0 1
2007 09 06 3.300000 0 1
2007 09 07 3.300000 0 1
2007 09 08 3.300000 0 1
2007 09 09 3.300000 0 1
2007 09 10 3.300000 0 1
2007 09 11 3.300000 0 1
2007 09 12 3.500000 0 1
2007 09 13 3.500000 0 1
2007 09 14 3.300000 0 1
2007 09 15 3.300000 0 1
2007 09 16 3.300000 0 1
2007 09 17 7.850000 0 1
2007 09 18 2.850000 0 1
2007 09 19 4.250000 0 1
2007 09 20 3.100000 0 1
2007 09 21 219.000000 0 1
2007 09 22 42.950000 0 1
2007 09 23 7.850000 0 1
2007 09 24 6.250000 0 1
2007 09 25 5.500000 0 1
2007 09 26 5.250000 0 1
2007 09 27 5.500000 0 1
2007 09 28 5.500000 0 1
2007 09 29 5.500000 0 1
2007 09 30 5.250000 0 1
2007 10 01 5.250000 0 1
2007 10 02 5.500000 0 1
2007 10 03 5.250000 0 1
2007 10 04 5.000000 0 1
2007 10 05 4.750000 0 1
2007 10 06 4.750000 0 1
2007 10 07 4.500000 0 1
2007 10 08 4.250000 0 1
2007 10 09 4.250000 0 1
2007 10 10 4.250000 0 1
2007 10 11 4.250000 0 1
2007 10 12 4.250000 0 1
2007 10 13 4.500000 0 1
2007 10 14 33.100000 0 1
2007 10 15 8.400000 0 1
2007 10 16 8.700000 0 1
2007 10 17 5.000000 0 1
2007 10 18 4.000000 0 1
2007 10 19 4.000000 0 1
2007 10 20 3.750000 0 1
2007 10 21 35.050000 0 1
2007 10 22 5.250000 0 1
2007 10 23 3.750000 0 1
2007 10 24 3.500000 0 1
2007 10 25 3.500000 0 1
2007 10 26 3.750000 0 1
2007 10 27 3.100000 0 1
2007 10 28 6.500000 0 1
2007 10 29 10.700000 0 1
2007 10 30 19.550000 0 1
2007 10 31 40.900000 0 1
2007 11 01 35.050000 0 1
2007 11 02 22.100000 0 1
2007 11 03 111.900000 0 1
2007 11 04 31.200000 0 1
2007 11 05 21.250000 0 1
2007 11 06 9.300000 0 1
2007 11 07 8.700000 0 1
2007 11 08 10.000000 0 1
2007 11 09 8.400000 0 1
2007 11 10 162.000000 0 1
2007 11 11 156.600000 0 1
2007 11 12 13.000000 0 1
2007 11 13 8.100000 0 1
2007 11 14 17.000000 0 1
2007 11 15 7.600000 0 1
2007 11 16 6.500000 0 1
2007 11 17 6.500000 0 1
2007 11 18 6.500000 0 1
2007 11 19 8.700000 0 1
2007 11 20 5.500000 0 1
2007 11 21 5.500000 0 1
2007 11 22 5.250000 0 1
2007 11 23 5.500000 0 1
2007 11 24 5.500000 0 1
2007 11 25 5.500000 0 1
2007 11 26 9.300000 0 1
2007 11 27 5.750000 0 1
2007 11 28 4.250000 0 1
2007 11 29 4.000000 0 1
2007 11 30 4.000000 0 1
2007 12 01 3.750000 0 1
2007 12 02 4.000000 0 1
2007 12 03 4.750000 0 1
2007 12 04 5.000000 0 1
2007 12 05 151.200000 0 1
2007 12 06 561.200000 0 1
2007 12 07 132.500000 0 1
2007 12 08 21.250000 0 1
2007 12 09 12.200000 0 1
2007 12 10 9.000000 0 1
2007 12 11 62.100000 0 1
2007 12 12 45.000000 0 1
2007 12 13 11.450000 0 1
2007 12 14 8.400000 0 1
2007 12 15 7.600000 0 1
2007 12 16 7.000000 0 1
2007 12 17 6.750000 0 1
2007 12 18 6.500000 0 1
2007 12 19 7.300000 0 1
2007 12 20 6.250000 0 1
2007 12 21 45.000000 0 1
2007 12 22 7.300000 0 1
2007 12 23 5.500000 0 1
2007 12 24 6.000000 0 1
2007 12 25 17.000000 0 1
2007 12 26 11.450000 0 1
2007 12 27 27.450000 0 1
2007 12 28 8.700000 0 1
2007 12 29 6.750000 0 1
2007 12 30 6.750000 0 1
2007 12 31 8.400000 0 1
2008 01 01 5.750000 0 1
2008 01 02 13.800000 0 1
2008 01 03 6.000000 0 1
2008 01 04 6.750000 0 1
2008 01 05 6.750000 0 1
2008 01 06 6.000000 0 1
2008 01 07 11.450000 0 1
2008 01 08 7.600000 0 1
2008 01 09 6.750000 0 1
2008 01 10 8.100000 0 1
2008 01 11 6.500000 0 1
2008 01 12 82.650000 0 1
2008 01 13 13.000000 0 1
2008 01 14 13.000000 0 1
2008 01 15 7.600000 0 1
2008 01 16 6.250000 0 1
2008 01 17 9.000000 0 1
2008 01 18 19.550000 0 1
2008 01 19 116.950000 0 1
2008 01 20 111.900000 0 1
2008 01 21 27.450000 0 1
2008 01 22 13.000000 0 1
2008 01 23 9.300000 0 1
2008 01 24 8.400000 0 1
2008 01 25 8.400000 0 1
2008 01 26 8.700000 0 1
2008 01 27 10.000000 0 1
2008 01 28 8.100000 0 1
2008 01 29 8.100000 0 1
2008 01 30 7.850000 0 1
2008 01 31 7.300000 0 1
2008 02 01 7.300000 0 1
2008 02 02 7.000000 0 1
2008 02 03 6.750000 0 1
2008 02 04 6.500000 0 1
2008 02 05 6.500000 0 1
2008 02 06 6.500000 0 1
2008 02 07 8.700000 0 1
2008 02 08 6.750000 0 1
2008 02 09 5.750000 0 1
2008 02 10 21.250000 0 1
2008 02 11 12.200000 0 1
2008 02 12 7.300000 0 1
2008 02 13 27.450000 0 1
2008 02 14 8.100000 0 1
2008 02 15 7.300000 0 1
2008 02 16 97.050000 0 1
2008 02 17 33.100000 0 1
2008 02 18 20.400000 0 1
2008 02 19 17.000000 0 1
2008 02 20 14.600000 0 1
2008 02 21 14.600000 0 1
2008 02 22 13.000000 0 1
2008 02 23 33.100000 0 1
2008 02 24 18.700000 0 1
2008 02 25 15.400000 0 1
2008 02 26 13.800000 0 1
2008 02 27 13.800000 0 1
2008 02 28 12.200000 0 1
2008 02 29 13.000000 0 1
2008 03 01 40.900000 0 1
2008 03 02 10.700000 0 1
2008 03 03 9.000000 0 1
2008 03 04 8.400000 0 1
2008 03 05 8.400000 0 1
2008 03 06 8.100000 0 1
2008 03 07 7.850000 0 1
2008 03 08 7.850000 0 1
2008 03 09 8.100000 0 1
2008 03 10 20.400000 0 1
2008 03 11 116.950000 0 1
2008 03 12 73.300000 0 1
2008 03 13 82.650000 0 1
2008 03 14 22.950000 0 1
2008 03 15 18.700000 0 1
2008 03 16 18.700000 0 1
2008 03 17 13.800000 0 1
2008 03 18 10.700000 0 1
2008 03 19 8.700000 0 1
2008 03 20 8.400000 0 1
2008 03 21 7.600000 0 1
2008 03 22 7.600000 0 1
2008 03 23 10.700000 0 1
2008 03 24 8.400000 0 1
2008 03 25 8.100000 0 1
2008 03 26 7.850000 0 1
2008 03 27 7.600000 0 1
2008 03 28 6.750000 0 1
2008 03 29 7.000000 0 1
2008 03 30 6.750000 0 1
2008 03 31 7.300000 0 1
2008 04 01 7.600000 0 1
2008 04 02 7.600000 0 1
2008 04 03 9.000000 0 1
2008 04 04 7.300000 0 1
2008 04 05 7.600000 0 1
2008 04 06 7.300000 0 1
2008 04 07 7.300000 0 1
2008 04 08 7.600000 0 1
2008 04 09 7.600000 0 1
2008 04 10 7.000000 0 1
2008 04 11 7.000000 0 1
2008 04 12 13.000000 0 1
2008 04 13 7.300000 0 1
2008 04 14 101.950000 0 1
2008 04 15 11.450000 0 1
2008 04 16 8.400000 0 1
2008 04 17 13.000000 0 1
2008 04 18 11.450000 0 1
2008 04 19 8.400000 0 1
2008 04 20 24.700000 0 1
2008 04 21 16.200000 0 1
2008 04 22 17.000000 0 1
2008 04 23 9.000000 0 1
2008 04 24 8.400000 0 1
2008 04 25 8.100000 0 1
2008 04 26 8.100000 0 1
2008 04 27 7.300000 0 1
2008 04 28 7.600000 0 1
2008 04 29 300.200000 0 1
2008 04 30 71.000000 0 1
2008 05 01 33.100000 0 1
2008 05 02 346.600000 0 1
2008 05 03 75.600000 0 1
2008 05 04 31.200000 0 1
2008 05 05 21.250000 0 1
2008 05 06 17.000000 0 1
2008 05 07 14.600000 0 1
2008 05 08 13.000000 0 1
2008 05 09 12.200000 0 1
2008 05 10 12.200000 0 1
2008 05 11 10.700000 0 1
2008 05 12 10.700000 0 1
2008 05 13 10.700000 0 1
2008 05 14 10.700000 0 1
2008 05 15 9.000000 0 1
2008 05 16 8.700000 0 1
2008 05 17 8.700000 0 1
2008 05 18 8.700000 0 1
2008 05 19 8.100000 0 1
2008 05 20 8.100000 0 1
2008 05 21 8.100000 0 1
2008 05 22 8.100000 0 1
2008 05 23 7.600000 0 1
2008 05 24 7.850000 0 1
2008 05 25 7.300000 0 1
2008 05 26 7.850000 0 1
2008 05 27 7.850000 0 1
2008 05 28 7.850000 0 1
2008 05 29 89.700000 0 1
2008 05 30 7.850000 0 1
2008 05 31 7.300000 0 1
2008 06 01 22.100000 0 1
2008 06 02 8.100000 0 1
2008 06 03 8.100000 0 1
2008 06 04 89.700000 0 1
2008 06 05 15.400000 0 1
2008 06 06 10.000000 0 1
2008 06 07 9.000000 0 1
2008 06 08 8.400000 0 1
2008 06 09 8.400000 0 1
2008 06 10 8.400000 0 1
2008 06 11 7.850000 0 1
2008 06 12 9.300000 0 1
2008 06 13 201.500000 0 1
2008 06 14 40.900000 0 1
2008 06 15 213.100000 0 1
2008 06 16 29.300000 0 1
2008 06 17 17.000000 0 1
2008 06 18 13.000000 0 1
2008 06 19 10.000000 0 1
2008 06 20 9.000000 0 1
2008 06 21 15.400000 0 1
2008 06 22 8.400000 0 1
2008 06 23 8.400000 0 1
2008 06 24 8.400000 0 1
2008 06 25 8.700000 0 1
2008 06 26 8.700000 0 1
2008 06 27 8.700000 0 1
2008 06 28 8.700000 0 1
2008 06 29 8.100000 0 1
2008 06 30 7.000000 0 1
2008 07 01 6.750000 0 1
2008 07 02 6.750000 0 1
2008 07 03 6.750000 0 1
2008 07 04 7.000000 0 1
2008 07 05 6.500000 0 1
2008 07 06 6.500000 0 1
2008 07 07 6.500000 0 1
2008 07 08 6.500000 0 1
2008 07 09 6.500000 0 1
2008 07 10 6.500000 0 1
2008 07 11 6.500000 0 1
2008 07 12 6.500000 0 1
2008 07 13 6.500000 0 1
2008 07 14 6.500000 0 1
2008 07 15 6.500000 0 1
2008 07 16 6.750000 0 1
2008 07 17 7.000000 0 1
2008 07 18 7.000000 0 1
2008 07 19 6.750000 0 1
2008 07 20 6.250000 0 1
2008 07 21 6.000000 0 1
2008 07 22 6.250000 0 1
2008 07 23 6.000000 0 1
2008 07 24 40.900000 0 1
2008 07 25 7.300000 0 1
2008 07 26 6.250000 0 1
2008 07 27 6.000000 0 1
2008 07 28 5.750000 0 1
2008 07 29 5.750000 0 1
2008 07 30 6.000000 0 1
2008 07 31 6.000000 0 1
2008 08 01 6.500000 0 1
2008 08 02 13.000000 0 1
2008 08 03 7.850000 0 1
2008 08 04 6.250000 0 1
2008 08 05 6.250000 0 1
2008 08 06 6.250000 0 1
2008 08 07 45.000000 0 1
2008 08 08 85.000000 0 1
2008 08 09 40.900000 0 1
2008 08 10 23.800000 0 1
2008 08 11 13.000000 0 1
2008 08 12 10.000000 0 1
2008 08 13 135.100000 0 1
2008 08 14 99.500000 0 1
2008 08 15 173.100000 0 1
2008 08 16 33.100000 0 1
2008 08 17 18.700000 0 1
2008 08 18 13.800000 0 1
2008 08 19 10.000000 0 1
2008 08 20 9.300000 0 1
2008 08 21 9.000000 0 1
2008 08 22 9.000000 0 1
2008 08 23 8.700000 0 1
2008 08 24 8.400000 0 1
2008 08 25 8.400000 0 1
2008 08 26 8.100000 0 1
2008 08 27 7.850000 0 1
2008 08 28 7.600000 0 1
2008 08 29 7.300000 0 1
2008 08 30 7.000000 0 1
2008 08 31 7.000000 0 1
2008 09 01 7.300000 0 1
2008 09 02 7.850000 0 1
2008 09 03 7.300000 0 1
2008 09 04 7.000000 0 1
2008 09 05 7.000000 0 1
2008 09 06 10.000000 0 1
2008 09 07 7.300000 0 1
2008 09 08 6.500000 0 1
2008 09 09 19.550000 0 1
2008 09 10 6.250000 0 1
2008 09 11 6.250000 0 1
2008 09 12 6.000000 0 1
2008 09 13 7.600000 0 1
2008 09 14 8.700000 0 1
2008 09 15 6.250000 0 1
2008 09 16 6.000000 0 1
2008 09 17 6.000000 0 1
2008 09 18 6.250000 0 1
2008 09 19 6.000000 0 1
2008 09 20 6.750000 0 1
2008 09 21 37.000000 0 1
2008 09 22 6.750000 0 1
2008 09 23 6.250000 0 1
2008 09 24 6.250000 0 1
2008 09 25 6.000000 0 1
2008 09 26 6.000000 0 1
2008 09 27 6.500000 0 1
2008 09 28 6.500000 0 1
2008 09 29 6.500000 0 1
2008 09 30 6.500000 0 1
2008 10 01 11.450000 0 1
2008 10 02 13.000000 0 1
2008 10 03 6.750000 0 1
2008 10 04 106.900000 0 1
2008 10 05 148.500000 0 1
2008 10 06 21.250000 0 1
2008 10 07 13.800000 0 1
2008 10 08 12.200000 0 1
2008 10 09 10.000000 0 1
2008 10 10 9.300000 0 1
2008 10 11 9.300000 0 1
2008 10 12 10.700000 0 1
2008 10 13 8.700000 0 1
2008 10 14 8.700000 0 1
2008 10 15 10.700000 0 1
2008 10 16 42.950000 0 1
2008 10 17 53.400000 0 1
2008 10 18 187.150000 0 1
2008 10 19 111.900000 0 1
2008 10 20 27.450000 0 1
2008 10 21 18.700000 0 1
2008 10 22 14.600000 0 1
2008 10 23 12.200000 0 1
2008 10 24 94.600000 0 1
2008 10 25 16.200000 0 1
2008 10 26 15.400000 0 1
2008 10 27 10.000000 0 1
2008 10 28 9.000000 0 1
2008 10 29 42.950000 0 1
2008 10 30 22.950000 0 1
2008 10 31 12.200000 0 1
2008 11 01 10.000000 0 1
2008 11 02 38.950000 0 1
2008 11 03 15.400000 0 1
2008 11 04 10.000000 0 1
2008 11 05 9.000000 0 1
2008 11 06 13.000000 0 1
2008 11 07 9.000000 0 1
2008 11 08 22.950000 0 1
2008 11 09 10.000000 0 1
2008 11 10 17.850000 0 1
2008 11 11 8.700000 0 1
2008 11 12 16.200000 0 1
2008 11 13 9.000000 0 1
2008 11 14 8.400000 0 1
2008 11 15 8.400000 0 1
2008 11 16 7.300000 0 1
2008 11 17 11.450000 0 1
2008 11 18 7.600000 0 1
2008 11 19 7.850000 0 1
2008 11 20 7.850000 0 1
2008 11 21 8.400000 0 1
2008 11 22 17.850000 0 1
2008 11 23 7.000000 0 1
2008 11 24 6.500000 0 1
2008 11 25 6.500000 0 1
2008 11 26 6.500000 0 1
2008 11 27 7.300000 0 1
2008 11 28 7.300000 0 1
2008 11 29 7.850000 0 1
2008 11 30 6.750000 0 1
2008 12 01 7.000000 0 1
2008 12 02 10.000000 0 1
2008 12 03 6.750000 0 1
2008 12 04 6.250000 0 1
2008 12 05 6.250000 0 1
2008 12 06 6.250000 0 1
2008 12 07 6.000000 0 1
2008 12 08 6.250000 0 1
2008 12 09 6.250000 0 1
2008 12 10 7.600000 0 1
2008 12 11 14.600000 0 1
2008 12 12 6.750000 0 1
2008 12 13 6.500000 0 1
2008 12 14 6.000000 0 1
2008 12 15 6.250000 0 1
2008 12 16 13.000000 0 1
2008 12 17 8.100000 0 1
2008 12 18 6.750000 0 1
2008 12 19 6.500000 0 1
2008 12 20 6.000000 0 1
2008 12 21 6.000000 0 1
2008 12 22 6.250000 0 1
2008 12 23 6.750000 0 1
2008 12 24 7.300000 0 1
2008 12 25 6.750000 0 1
2008 12 26 6.000000 0 1
2008 12 27 6.000000 0 1
2008 12 28 6.500000 0 1
2008 12 29 6.750000 0 1
2008 12 30 7.000000 0 1
2008 12 31 7.000000 0 1
2009 01 01 6.250000 0 1
2009 01 02 47.050000 0 1
2009 01 03 227.700000 0 1
2009 01 04 22.100000 0 1
2009 01 05 16.200000 0 1
2009 01 06 9.300000 0 1
2009 01 07 9.000000 0 1
2009 01 08 8.400000 0 1
2009 01 09 8.100000 0 1
2009 01 10 8.100000 0 1
2009 01 11 8.700000 0 1
2009 01 12 8.700000 0 1
2009 01 13 22.950000 0 1
2009 01 14 8.400000 0 1
2009 01 15 245.100000 0 1
2009 01 16 55.550000 0 1
2009 01 17 13.800000 0 1
2009 01 18 15.400000 0 1
2009 01 19 80.300000 0 1
2009 01 20 17.850000 0 1
2009 01 21 12.200000 0 1
2009 01 22 10.000000 0 1
2009 01 23 9.000000 0 1
2009 01 24 8.700000 0 1
2009 01 25 8.700000 0 1
2009 01 26 148.500000 0 1
2009 01 27 22.100000 0 1
2009 01 28 13.800000 0 1
2009 01 29 12.200000 0 1
2009 01 30 9.300000 0 1
2009 01 31 8.400000 0 1
2009 02 01 8.400000 0 1
2009 02 02 8.100000 0 1
2009 02 03 8.400000 0 1
2009 02 04 12.200000 0 1
2009 02 05 8.700000 0 1
2009 02 06 8.400000 0 1
2009 02 07 101.950000 0 1
2009 02 08 8.100000 0 1
2009 02 09 33.100000 0 1
2009 02 10 10.700000 0 1
2009 02 11 7.850000 0 1
2009 02 12 12.200000 0 1
2009 02 13 8.100000 0 1
2009 02 14 7.850000 0 1
2009 02 15 7.600000 0 1
2009 02 16 10.000000 0 1
2009 02 17 80.300000 0 1
2009 02 18 12.200000 0 1
2009 02 19 9.300000 0 1
2009 02 20 8.400000 0 1
2009 02 21 297.300000 0 1
2009 02 22 227.700000 0 1
2009 02 23 45.000000 0 1
2009 02 24 11.450000 0 1
2009 02 25 8.700000 0 1
2009 02 26 116.950000 0 1
2009 02 27 18.700000 0 1
2009 02 28 16.200000 0 1
2009 03 01 9.000000 0 1
2009 03 02 7.850000 0 1
2009 03 03 7.300000 0 1
2009 03 04 7.600000 0 1
2009 03 05 7.300000 0 1
2009 03 06 6.750000 0 1
2009 03 07 7.000000 0 1
2009 03 08 145.800000 0 1
2009 03 09 10.700000 0 1
2009 03 10 7.850000 0 1
2009 03 11 175.900000 0 1
2009 03 12 55.550000 0 1
2009 03 13 29.300000 0 1
2009 03 14 12.200000 0 1
2009 03 15 9.000000 0 1
2009 03 16 8.700000 0 1
2009 03 17 7.850000 0 1
2009 03 18 7.850000 0 1
2009 03 19 9.000000 0 1
2009 03 20 7.600000 0 1
2009 03 21 7.600000 0 1
2009 03 22 17.000000 0 1
2009 03 23 8.400000 0 1
2009 03 24 7.600000 0 1
2009 03 25 7.300000 0 1
2009 03 26 7.000000 0 1
2009 03 27 7.000000 0 1
2009 03 28 7.300000 0 1
2009 03 29 7.600000 0 1
2009 03 30 6.750000 0 1
2009 03 31 7.000000 0 1
2009 04 01 6.250000 0 1
2009 04 02 6.250000 0 1
2009 04 03 6.000000 0 1
2009 04 04 6.250000 0 1
2009 04 05 6.250000 0 1
2009 04 06 7.000000 0 1
2009 04 07 6.000000 0 1
2009 04 08 6.000000 0 1
2009 04 09 6.750000 0 1
2009 04 10 6.250000 0 1
2009 04 11 6.000000 0 1
2009 04 12 6.250000 0 1
2009 04 13 6.000000 0 1
2009 04 14 372.700000 0 1
2009 04 15 15.400000 0 1
2009 04 16 10.000000 0 1
2009 04 17 8.700000 0 1
2009 04 18 8.700000 0 1
2009 04 19 8.100000 0 1
2009 04 20 8.100000 0 1
2009 04 21 8.100000 0 1
2009 04 22 8.700000 0 1
2009 04 23 8.700000 0 1
2009 04 24 8.400000 0 1
2009 04 25 8.100000 0 1
2009 04 26 7.850000 0 1
2009 04 27 8.700000 0 1
2009 04 28 8.100000 0 1
2009 04 29 8.100000 0 1
2009 04 30 8.400000 0 1
2009 05 01 8.700000 0 1
2009 05 02 8.400000 0 1
2009 05 03 8.400000 0 1
2009 05 04 9.300000 0 1
2009 05 05 8.100000 0 1
2009 05 06 8.100000 0 1
2009 05 07 8.100000 0 1
2009 05 08 567.000000 0 1
2009 05 09 13.000000 0 1
2009 05 10 9.000000 0 1
2009 05 11 8.700000 0 1
2009 05 12 10.000000 0 1
2009 05 13 22.950000 0 1
2009 05 14 9.300000 0 1
2009 05 15 9.000000 0 1
2009 05 16 8.100000 0 1
2009 05 17 8.100000 0 1
2009 05 18 7.850000 0 1
2009 05 19 8.100000 0 1
2009 05 20 8.100000 0 1
2009 05 21 8.100000 0 1
2009 05 22 8.400000 0 1
2009 05 23 8.400000 0 1
2009 05 24 8.100000 0 1
2009 05 25 8.700000 0 1
2009 05 26 8.700000 0 1
2009 05 27 9.300000 0 1
2009 05 28 10.000000 0 1
2009 05 29 8.400000 0 1
2009 05 30 8.100000 0 1
2009 05 31 15.400000 0 1
2009 06 01 8.400000 0 1
2009 06 02 8.400000 0 1
2009 06 03 8.100000 0 1
2009 06 04 8.400000 0 1
2009 06 05 8.700000 0 1
2009 06 06 9.000000 0 1
2009 06 07 8.700000 0 1
2009 06 08 9.000000 0 1
2009 06 09 9.300000 0 1
2009 06 10 114.400000 0 1
2009 06 11 9.000000 0 1
2009 06 12 7.850000 0 1
2009 06 13 7.600000 0 1
2009 06 14 7.300000 0 1
2009 06 15 7.600000 0 1
2009 06 16 94.600000 0 1
2009 06 17 9.300000 0 1
2009 06 18 7.850000 0 1
2009 06 19 7.600000 0 1
2009 06 20 7.600000 0 1
2009 06 21 7.600000 0 1
2009 06 22 7.600000 0 1
2009 06 23 7.600000 0 1
2009 06 24 7.300000 0 1
2009 06 25 21.250000 0 1
2009 06 26 8.100000 0 1
2009 06 27 12.200000 0 1
2009 06 28 8.100000 0 1
2009 06 29 7.850000 0 1
2009 06 30 45.000000 0 1
2009 07 01 8.100000 0 1
2009 07 02 49.100000 0 1
2009 07 03 10.000000 0 1
2009 07 04 8.700000 0 1
2009 07 05 8.100000 0 1
2009 07 06 73.300000 0 1
2009 07 07 10.700000 0 1
2009 07 08 8.700000 0 1
2009 07 09 8.700000 0 1
2009 07 10 11.450000 0 1
2009 07 11 248.000000 0 1
2009 07 12 111.900000 0 1
2009 07 13 23.800000 0 1
2009 07 14 16.200000 0 1
2009 07 15 11.450000 0 1
2009 07 16 10.700000 0 1
2009 07 17 132.500000 0 1
2009 07 18 14.600000 0 1
2009 07 19 10.700000 0 1
2009 07 20 9.300000 0 1
2009 07 21 9.300000 0 1
2009 07 22 8.700000 0 1
2009 07 23 256.700000 0 1
2009 07 24 99.500000 0 1
2009 07 25 31.200000 0 1
2009 07 26 122.100000 0 1
2009 07 27 140.400000 0 1
2009 07 28 558.300000 0 1
2009 07 29 210.200000 0 1
2009 07 30 75.600000 0 1
2009 07 31 51.250000 0 1
2009 08 01 114.400000 0 1
2009 08 02 111.900000 0 1
2009 08 03 59.900000 0 1
2009 08 04 35.050000 0 1
2009 08 05 27.450000 0 1
2009 08 06 23.800000 0 1
2009 08 07 21.250000 0 1
2009 08 08 20.400000 0 1
2009 08 09 19.550000 0 1
2009 08 10 18.700000 0 1
2009 08 11 17.850000 0 1
2009 08 12 17.000000 0 1
2009 08 13 17.000000 0 1
2009 08 14 16.200000 0 1
2009 08 15 14.600000 0 1
2009 08 16 13.800000 0 1
2009 08 17 13.000000 0 1
2009 08 18 21.250000 0 1
2009 08 19 21.250000 0 1
2009 08 20 555.400000 0 1
2009 08 21 40.900000 0 1
2009 08 22 22.950000 0 1
2009 08 23 19.550000 0 1
2009 08 24 17.000000 0 1
2009 08 25 17.000000 0 1
2009 08 26 15.400000 0 1
2009 08 27 15.400000 0 1
2009 08 28 13.800000 0 1
2009 08 29 16.200000 0 1
2009 08 30 14.600000 0 1
2009 08 31 13.800000 0 1
2009 09 01 13.800000 0 1
2009 09 02 12.200000 0 1
2009 09 03 17.000000 0 1
2009 09 04 35.050000 0 1
2009 09 05 11.450000 0 1
2009 09 06 13.000000 0 1
2009 09 07 55.550000 0 1
2009 09 08 564.100000 0 1
2009 09 09 903.400000 0 1
2009 09 10 162.000000 0 1
2009 09 11 66.500000 0 1
2009 09 12 47.050000 0 1
2009 09 13 75.600000 0 1
2009 09 14 71.000000 0 1
2009 09 15 33.100000 0 1
2009 09 16 29.300000 0 1
2009 09 17 23.800000 0 1
2009 09 18 140.400000 0 1
2009 09 19 71.000000 0 1
2009 09 20 31.200000 0 1
2009 09 21 27.450000 0 1
2009 09 22 127.300000 0 1
2009 09 23 990.400000 0 1
2009 09 24 114.400000 0 1
2009 09 25 71.000000 0 1
2009 09 26 57.700000 0 1
2009 09 27 111.900000 0 1
2009 09 28 468.400000 0 1
2009 09 29 181.500000 0 1
2009 09 30 89.700000 0 1
2009 10 01 66.500000 0 1
2009 10 02 55.550000 0 1
2009 10 03 47.050000 0 1
2009 10 04 47.050000 0 1
2009 10 05 37.000000 0 1
2009 10 06 282.800000 0 1
2009 10 07 94.600000 0 1
2009 10 08 75.600000 0 1
2009 10 09 47.050000 0 1
2009 10 10 38.950000 0 1
2009 10 11 35.050000 0 1
2009 10 12 127.300000 0 1
2009 10 13 55.550000 0 1
2009 10 14 35.050000 0 1
2009 10 15 413.300000 0 1
2009 10 16 73.300000 0 1
2009 10 17 82.650000 0 1
2009 10 18 66.500000 0 1
2009 10 19 51.250000 0 1
2009 10 20 37.000000 0 1
2009 10 21 31.200000 0 1
2009 10 22 106.900000 0 1
2009 10 23 33.100000 0 1
2009 10 24 25.600000 0 1
2009 10 25 25.600000 0 1
2009 10 26 37.000000 0 1
2009 10 27 22.100000 0 1
2009 10 28 20.400000 0 1
2009 10 29 20.400000 0 1
2009 10 30 19.550000 0 1
2009 10 31 19.550000 0 1
2009 11 01 17.850000 0 1
2009 11 02 17.850000 0 1
2009 11 03 17.850000 0 1
2009 11 04 16.200000 0 1
2009 11 05 15.400000 0 1
2009 11 06 14.600000 0 1
2009 11 07 15.400000 0 1
2009 11 08 15.400000 0 1
2009 11 09 20.400000 0 1
2009 11 10 15.400000 0 1
2009 11 11 17.850000 0 1
2009 11 12 13.000000 0 1
2009 11 13 13.000000 0 1
2009 11 14 13.000000 0 1
2009 11 15 13.000000 0 1
2009 11 16 192.850000 0 1
2009 11 17 24.700000 0 1
2009 11 18 19.550000 0 1
2009 11 19 16.200000 0 1
2009 11 20 303.100000 0 1
2009 11 21 62.100000 0 1
2009 11 22 49.100000 0 1
2009 11 23 37.000000 0 1
2009 11 24 25.600000 0 1
2009 11 25 23.800000 0 1
2009 11 26 nan nan nan
2009 11 27 nan nan nan
2009 11 28 nan nan nan
2009 11 29 nan nan nan
2009 11 30 nan nan nan
2009 12 01 23.800000 0 1
2009 12 02 21.250000 0 1
2009 12 03 31.200000 0 1
2009 12 04 19.550000 0 1
2009 12 05 18.700000 0 1
2009 12 06 17.000000 0 1
2009 12 07 16.200000 0 1
2009 12 08 15.400000 0 1
2009 12 09 15.400000 0 1
2009 12 10 14.600000 0 1
2009 12 11 12.200000 0 1
2009 12 12 40.900000 0 1
2009 12 13 15.400000 0 1
2009 12 14 13.000000 0 1
2009 12 15 11.450000 0 1
2009 12 16 11.450000 0 1
2009 12 17 926.600000 0 1
2009 12 18 124.700000 0 1
2009 12 19 64.300000 0 1
2009 12 20 47.050000 0 1
2009 12 21 38.950000 0 1
2009 12 22 62.100000 0 1
2009 12 23 38.950000 0 1
2009 12 24 49.100000 0 1
2009 12 25 27.450000 0 1
2009 12 26 192.850000 0 1
2009 12 27 104.400000 0 1
2009 12 28 31.200000 0 1
2009 12 29 24.700000 0 1
2009 12 30 37.000000 0 1
2009 12 31 22.950000 0 1
2010 01 01 27.450000 0 1
2010 01 02 21.250000 0 1
2010 01 03 691.700000 0 1
2010 01 04 47.050000 0 1
2010 01 05 71.000000 0 1
2010 01 06 181.500000 0 1
2010 01 07 38.950000 0 1
2010 01 08 40.900000 0 1
2010 01 09 71.000000 0 1
2010 01 10 51.250000 0 1
2010 01 11 456.800000 0 1
2010 01 12 390.100000 0 1
2010 01 13 92.150000 0 1
2010 01 14 175.900000 0 1
2010 01 15 62.100000 0 1
2010 01 16 40.900000 0 1
2010 01 17 55.550000 0 1
2010 01 18 55.550000 0 1
2010 01 19 24.700000 0 1
2010 01 20 248.000000 0 1
2010 01 21 453.900000 0 1
2010 01 22 106.900000 0 1
2010 01 23 73.300000 0 1
2010 01 24 33.100000 0 1
2010 01 25 25.600000 0 1
2010 01 26 71.000000 0 1
2010 01 27 29.300000 0 1
2010 01 28 361.100000 0 1
2010 01 29 668.500000 0 1
2010 01 30 511.900000 0 1
2010 01 31 111.900000 0 1
2010 02 01 265.400000 0 1
2010 02 02 89.700000 0 1
2010 02 03 59.900000 0 1
2010 02 04 49.100000 0 1
2010 02 05 40.900000 0 1
2010 02 06 35.050000 0 1
2010 02 07 29.300000 0 1
2010 02 08 31.200000 0 1
2010 02 09 500.300000 0 1
2010 02 10 101.950000 0 1
2010 02 11 51.250000 0 1
2010 02 12 38.950000 0 1
2010 02 13 33.100000 0 1
2010 02 14 25.600000 0 1
2010 02 15 24.700000 0 1
2010 02 16 42.950000 0 1
2010 02 17 35.050000 0 1
2010 02 18 35.050000 0 1
2010 02 19 132.500000 0 1
2010 02 20 31.200000 0 1
2010 02 21 22.950000 0 1
2010 02 22 21.250000 0 1
2010 02 23 19.550000 0 1
2010 02 24 89.700000 0 1
2010 02 25 85.000000 0 1
2010 02 26 33.100000 0 1
2010 02 27 25.600000 0 1
2010 02 28 25.600000 0 1
2010 03 01 25.600000 0 1
2010 03 02 27.450000 0 1
2010 03 03 22.100000 0 1
2010 03 04 77.950000 0 1
2010 03 05 27.450000 0 1
2010 03 06 308.900000 0 1
2010 03 07 68.750000 0 1
2010 03 08 45.000000 0 1
2010 03 09 47.050000 0 1
2010 03 10 33.100000 0 1
2010 03 11 27.450000 0 1
2010 03 12 24.700000 0 1
2010 03 13 23.800000 0 1
2010 03 14 89.700000 0 1
2010 03 15 31.200000 0 1
2010 03 16 23.800000 0 1
2010 03 17 24.700000 0 1
2010 03 18 22.100000 0 1
2010 03 19 20.400000 0 1
2010 03 20 21.250000 0 1
2010 03 21 21.250000 0 1
2010 03 22 20.400000 0 1
2010 03 23 19.550000 0 1
2010 03 24 29.300000 0 1
2010 03 25 23.800000 0 1
2010 03 26 436.500000 0 1
2010 03 27 59.900000 0 1
2010 03 28 99.500000 0 1
2010 03 29 372.700000 0 1
2010 03 30 80.300000 0 1
2010 03 31 37.000000 0 1
2010 04 01 24.700000 0 1
2010 04 02 22.100000 0 1
2010 04 03 20.400000 0 1
2010 04 04 18.700000 0 1
2010 04 05 17.850000 0 1
2010 04 06 145.800000 0 1
2010 04 07 35.050000 0 1
2010 04 08 22.950000 0 1
2010 04 09 19.550000 0 1
2010 04 10 17.000000 0 1
2010 04 11 17.000000 0 1
2010 04 12 15.400000 0 1
2010 04 13 15.400000 0 1
2010 04 14 15.400000 0 1
2010 04 15 13.800000 0 1
2010 04 16 13.800000 0 1
2010 04 17 14.600000 0 1
2010 04 18 13.000000 0 1
2010 04 19 13.800000 0 1
2010 04 20 12.200000 0 1
2010 04 21 12.200000 0 1
2010 04 22 11.450000 0 1
2010 04 23 1625.501000 0 1
2010 04 24 665.600000 0 1
2010 04 25 268.300000 0 1
2010 04 26 932.400000 0 1
2010 04 27 164.800000 0 1
2010 04 28 92.150000 0 1
2010 04 29 68.750000 0 1
2010 04 30 57.700000 0 1
2010 05 01 49.100000 0 1
2010 05 02 40.900000 0 1
2010 05 03 35.050000 0 1
2010 05 04 31.200000 0 1
2010 05 05 31.200000 0 1
2010 05 06 27.450000 0 1
2010 05 07 25.600000 0 1
2010 05 08 361.100000 0 1
2010 05 09 80.300000 0 1
2010 05 10 51.250000 0 1
2010 05 11 49.100000 0 1
2010 05 12 40.900000 0 1
2010 05 13 33.100000 0 1
2010 05 14 33.100000 0 1
2010 05 15 31.200000 0 1
2010 05 16 27.450000 0 1
2010 05 17 40.900000 0 1
2010 05 18 233.500000 0 1
2010 05 19 49.100000 0 1
2010 05 20 33.100000 0 1
2010 05 21 27.450000 0 1
2010 05 22 31.200000 0 1
2010 05 23 35.050000 0 1
2010 05 24 27.450000 0 1
2010 05 25 23.800000 0 1
2010 05 26 24.700000 0 1
2010 05 27 23.800000 0 1
2010 05 28 22.950000 0 1
2010 05 29 22.950000 0 1
2010 05 30 21.250000 0 1
2010 05 31 22.100000 0 1
2010 06 01 22.100000 0 1
2010 06 02 21.250000 0 1
2010 06 03 20.400000 0 1
2010 06 04 387.200000 0 1
2010 06 05 109.400000 0 1
2010 06 06 40.900000 0 1
2010 06 07 29.300000 0 1
2010 06 08 24.700000 0 1
2010 06 09 22.950000 0 1
2010 06 10 22.100000 0 1
2010 06 11 22.100000 0 1
2010 06 12 24.700000 0 1
2010 06 13 22.100000 0 1
2010 06 14 22.100000 0 1
2010 06 15 22.100000 0 1
2010 06 16 22.100000 0 1
2010 06 17 20.400000 0 1
2010 06 18 20.400000 0 1
2010 06 19 22.100000 0 1
2010 06 20 21.250000 0 1
2010 06 21 195.700000 0 1
2010 06 22 151.200000 0 1
2010 06 23 23.800000 0 1
2010 06 24 19.550000 0 1
2010 06 25 17.000000 0 1
2010 06 26 17.000000 0 1
2010 06 27 17.000000 0 1
2010 06 28 17.850000 0 1
2010 06 29 16.200000 0 1
2010 06 30 17.000000 0 1
2010 07 01 17.850000 0 1
2010 07 02 17.000000 0 1
2010 07 03 17.000000 0 1
2010 07 04 17.000000 0 1
2010 07 05 17.000000 0 1
2010 07 06 15.400000 0 1
2010 07 07 13.800000 0 1
2010 07 08 12.200000 0 1
2010 07 09 12.200000 0 1
2010 07 10 10.700000 0 1
2010 07 11 10.700000 0 1
2010 07 12 10.700000 0 1
2010 07 13 242.200000 0 1
2010 07 14 14.600000 0 1
2010 07 15 122.100000 0 1
2010 07 16 216.050000 0 1
2010 07 17 207.300000 0 1
2010 07 18 64.300000 0 1
2010 07 19 25.600000 0 1
2010 07 20 22.100000 0 1
2010 07 21 17.000000 0 1
2010 07 22 15.400000 0 1
2010 07 23 22.100000 0 1
2010 07 24 51.250000 0 1
2010 07 25 21.250000 0 1
2010 07 26 17.850000 0 1
2010 07 27 16.200000 0 1
2010 07 28 17.000000 0 1
2010 07 29 15.400000 0 1
2010 07 30 15.400000 0 1
2010 07 31 14.600000 0 1
2010 08 01 31.200000 0 1
2010 08 02 18.700000 0 1
2010 08 03 20.400000 0 1
2010 08 04 127.300000 0 1
2010 08 05 31.200000 0 1
2010 08 06 15.400000 0 1
2010 08 07 13.800000 0 1
2010 08 08 11.450000 0 1
2010 08 09 10.700000 0 1
2010 08 10 9.300000 0 1
2010 08 11 9.300000 0 1
2010 08 12 10.000000 0 1
2010 08 13 10.000000 0 1
2010 08 14 9.300000 0 1
2010 08 15 9.300000 0 1
2010 08 16 9.000000 0 1
2010 08 17 9.300000 0 1
2010 08 18 9.300000 0 1
2010 08 19 9.000000 0 1
2010 08 20 9.000000 0 1
2010 08 21 9.000000 0 1
2010 08 22 8.700000 0 1
2010 08 23 8.700000 0 1
2010 08 24 8.400000 0 1
2010 08 25 8.100000 0 1
2010 08 26 8.100000 0 1
2010 08 27 8.100000 0 1
2010 08 28 8.700000 0 1
2010 08 29 7.600000 0 1
2010 08 30 7.600000 0 1
2010 08 31 7.600000 0 1
2010 09 01 8.100000 0 1
2010 09 02 7.850000 0 1
2010 09 03 7.600000 0 1
2010 09 04 7.600000 0 1
2010 09 05 7.600000 0 1
2010 09 06 7.000000 0 1
2010 09 07 20.400000 0 1
2010 09 08 7.600000 0 1
2010 09 09 7.300000 0 1
2010 09 10 7.600000 0 1
2010 09 11 7.850000 0 1
2010 09 12 7.850000 0 1
2010 09 13 7.600000 0 1
2010 09 14 7.600000 0 1
2010 09 15 7.600000 0 1
2010 09 16 7.600000 0 1
2010 09 17 7.850000 0 1
2010 09 18 7.300000 0 1
2010 09 19 7.300000 0 1
2010 09 20 8.400000 0 1
2010 09 21 8.100000 0 1
2010 09 22 7.000000 0 1
2010 09 23 6.250000 0 1
2010 09 24 17.850000 0 1
2010 09 25 75.600000 0 1
2010 09 26 59.900000 0 1
2010 09 27 12.200000 0 1
2010 09 28 13.800000 0 1
2010 09 29 10.000000 0 1
2010 09 30 8.700000 0 1
2010 10 01 64.300000 0 1
2010 10 02 143.100000 0 1
2010 10 03 15.400000 0 1
2010 10 04 97.050000 0 1
2010 10 05 57.700000 0 1
2010 10 06 12.200000 0 1
2010 10 07 38.950000 0 1
2010 10 08 13.800000 0 1
2010 10 09 8.400000 0 1
2010 10 10 8.100000 0 1
2010 10 11 7.600000 0 1
2010 10 12 7.600000 0 1
2010 10 13 7.600000 0 1
2010 10 14 7.600000 0 1
2010 10 15 35.050000 0 1
2010 10 16 8.700000 0 1
2010 10 17 7.300000 0 1
2010 10 18 62.100000 0 1
2010 10 19 9.300000 0 1
2010 10 20 7.850000 0 1
2010 10 21 7.300000 0 1
2010 10 22 7.000000 0 1
2010 10 23 7.850000 0 1
2010 10 24 7.300000 0 1
2010 10 25 184.300000 0 1
2010 10 26 6.750000 0 1
2010 10 27 7.000000 0 1
2010 10 28 7.300000 0 1
2010 10 29 7.600000 0 1
2010 10 30 433.600000 0 1
2010 10 31 16.200000 0 1
2010 11 01 10.700000 0 1
2010 11 02 9.000000 0 1
2010 11 03 8.700000 0 1
2010 11 04 8.700000 0 1
2010 11 05 9.000000 0 1
2010 11 06 20.400000 0 1
2010 11 07 8.100000 0 1
2010 11 08 8.100000 0 1
2010 11 09 7.600000 0 1
2010 11 10 19.550000 0 1
2010 11 11 7.850000 0 1
2010 11 12 7.600000 0 1
2010 11 13 7.600000 0 1
2010 11 14 7.600000 0 1
2010 11 15 7.600000 0 1
2010 11 16 10.700000 0 1
2010 11 17 8.100000 0 1
2010 11 18 8.400000 0 1
2010 11 19 7.300000 0 1
2010 11 20 7.300000 0 1
2010 11 21 7.300000 0 1
2010 11 22 23.800000 0 1
2010 11 23 8.700000 0 1
2010 11 24 7.600000 0 1
2010 11 25 31.200000 0 1
2010 11 26 9.300000 0 1
2010 11 27 8.400000 0 1
2010 11 28 7.600000 0 1
2010 11 29 7.600000 0 1
2010 11 30 94.600000 0 1
2010 12 01 9.000000 0 1
2010 12 02 111.900000 0 1
2010 12 03 18.700000 0 1
2010 12 04 178.700000 0 1
2010 12 05 104.400000 0 1
2010 12 06 22.950000 0 1
2010 12 07 13.000000 0 1
2010 12 08 35.050000 0 1
2010 12 09 12.200000 0 1
2010 12 10 10.700000 0 1
2010 12 11 55.550000 0 1
2010 12 12 10.000000 0 1
2010 12 13 517.700000 0 1
2010 12 14 503.200000 0 1
2010 12 15 104.400000 0 1
2010 12 16 62.100000 0 1
2010 12 17 190.000000 0 1
2010 12 18 71.000000 0 1
2010 12 19 31.200000 0 1
2010 12 20 22.100000 0 1
2010 12 21 27.450000 0 1
2010 12 22 842.500000 0 1
2010 12 23 122.100000 0 1
2010 12 24 97.050000 0 1
2010 12 25 53.400000 0 1
2010 12 26 116.950000 0 1
2010 12 27 23.800000 0 1
2010 12 28 22.100000 0 1
2010 12 29 21.250000 0 1
2010 12 30 18.700000 0 1
2010 12 31 17.850000 0 1
