year month day streamflow_m3s qual_control_by_ana qual_flag
1982 09 01 38.300000 1 2
1982 09 02 37.600000 1 2
1982 09 03 37.000000 1 2
1982 09 04 35.800000 1 2
1982 09 05 34.900000 1 2
1982 09 06 34.500000 1 2
1982 09 07 34.600000 1 2
1982 09 08 37.400000 1 2
1982 09 09 37.400000 1 2
1982 09 10 42.500000 1 2
1982 09 11 41.200000 1 2
1982 09 12 37.600000 1 2
1982 09 13 36.400000 1 2
1982 09 14 35.400000 1 2
1982 09 15 44.900000 1 2
1982 09 16 44.400000 1 2
1982 09 17 40.200000 1 1
1982 09 18 53.500000 1 2
1982 09 19 62.300000 1 2
1982 09 20 53.600000 1 1
1982 09 21 48.400000 1 2
1982 09 22 42.200000 1 2
1982 09 23 49.200000 1 1
1982 09 24 62.000000 1 2
1982 09 25 52.500000 1 2
1982 09 26 64.400000 1 2
1982 09 27 52.500000 1 1
1982 09 28 72.700000 1 2
1982 09 29 58.400000 1 2
1982 09 30 48.400000 1 2
1982 10 01 44.900000 1 2
1982 10 02 40.200000 1 2
1982 10 03 38.900000 1 2
1982 10 04 37.900000 1 2
1982 10 05 35.900000 1 2
1982 10 06 36.400000 1 2
1982 10 07 36.100000 1 2
1982 10 08 37.400000 1 2
1982 10 09 38.900000 1 2
1982 10 10 40.700000 1 2
1982 10 11 46.000000 1 2
1982 10 12 37.900000 1 2
1982 10 13 37.600000 1 2
1982 10 14 36.600000 1 2
1982 10 15 34.600000 1 2
1982 10 16 35.400000 1 2
1982 10 17 35.900000 1 2
1982 10 18 35.900000 1 2
1982 10 19 46.000000 1 2
1982 10 20 53.400000 1 2
1982 10 21 53.900000 1 2
1982 10 22 42.200000 1 2
1982 10 23 39.900000 1 2
1982 10 24 37.900000 1 1
1982 10 25 53.500000 1 2
1982 10 26 41.200000 1 2
1982 10 27 41.700000 1 2
1982 10 28 40.200000 1 2
1982 10 29 42.500000 1 2
1982 10 30 39.600000 1 2
1982 10 31 38.600000 1 2
1982 11 01 38.600000 1 2
1982 11 02 38.400000 1 2
1982 11 03 39.100000 1 2
1982 11 04 46.000000 1 2
1982 11 05 43.800000 1 2
1982 11 06 39.600000 1 2
1982 11 07 40.400000 1 2
1982 11 08 43.300000 1 2
1982 11 09 39.900000 1 2
1982 11 10 41.700000 1 2
1982 11 11 42.200000 1 2
1982 11 12 35.600000 1 2
1982 11 13 55.800000 1 2
1982 11 14 70.200000 1 2
1982 11 15 59.500000 1 2
1982 11 16 53.800000 1 2
1982 11 17 53.700000 1 2
1982 11 18 50.300000 1 1
1982 11 19 50.300000 1 1
1982 11 20 43.600000 1 1
1982 11 21 44.100000 1 2
1982 11 22 47.100000 1 2
1982 11 23 50.700000 1 2
1982 11 24 73.300000 1 1
1982 11 25 56.300000 1 2
1982 11 26 67.200000 1 2
1982 11 27 44.400000 1 2
1982 11 28 45.500000 1 2
1982 11 29 44.400000 1 2
1982 11 30 39.400000 1 2
1982 12 01 46.000000 1 2
1982 12 02 37.900000 1 2
1982 12 03 45.800000 1 1
1982 12 04 45.400000 1 2
1982 12 05 40.900000 1 2
1982 12 06 38.900000 1 2
1982 12 07 39.700000 1 2
1982 12 08 41.500000 1 2
1982 12 09 42.500000 1 2
1982 12 10 43.600000 1 1
1982 12 11 47.100000 1 2
1982 12 12 58.100000 1 2
1982 12 13 50.600000 1 2
1982 12 14 72.300000 1 1
1982 12 15 72.800000 1 2
1982 12 16 112.200000 1 2
1982 12 17 78.500000 1 2
1982 12 18 62.000000 1 2
1982 12 19 57.000000 1 2
1982 12 20 43.600000 1 1
1982 12 21 62.500000 1 1
1982 12 22 54.700000 1 1
1982 12 23 65.700000 1 1
1982 12 24 109.200000 1 1
1982 12 25 90.000000 1 1
1982 12 26 113.200000 1 1
1982 12 27 66.800000 1 1
1982 12 28 60.300000 1 1
1982 12 29 58.100000 1 1
1982 12 30 70.800000 1 2
1982 12 31 43.600000 1 1
1983 01 01 54.800000 1 1
1983 01 02 114.000000 1 1
1983 01 03 67.900000 1 1
1983 01 04 81.800000 1 1
1983 01 05 117.000000 1 1
1983 01 06 97.200000 1 1
1983 01 07 97.200000 1 1
1983 01 08 67.900000 1 1
1983 01 09 62.700000 1 2
1983 01 10 62.300000 1 2
1983 01 11 85.300000 1 2
1983 01 12 120.000000 1 2
1983 01 13 171.000000 1 1
1983 01 14 136.000000 1 1
1983 01 15 125.000000 1 1
1983 01 16 107.000000 1 1
1983 01 17 112.000000 1 1
1983 01 18 285.000000 1 1
1983 01 19 323.000000 1 1
1983 01 20 173.000000 1 1
1983 01 21 145.000000 1 1
1983 01 22 130.000000 1 1
1983 01 23 141.000000 1 1
1983 01 24 102.000000 1 1
1983 01 25 173.000000 1 1
1983 01 26 204.000000 1 1
1983 01 27 310.000000 1 1
1983 01 28 167.000000 1 1
1983 01 29 132.000000 1 1
1983 01 30 131.000000 1 1
1983 01 31 226.000000 1 1
1983 02 01 256.240000 1 1
1983 02 02 177.240000 1 1
1983 02 03 94.140000 1 1
1983 02 04 104.280000 1 1
1983 02 05 107.250000 1 1
1983 02 06 134.160000 1 1
1983 02 07 156.740000 1 1
1983 02 08 284.160000 1 1
1983 02 09 369.000000 1 1
1983 02 10 414.000000 1 1
1983 02 11 281.800000 1 1
1983 02 12 191.900000 1 1
1983 02 13 323.400000 1 1
1983 02 14 243.500000 1 1
1983 02 15 229.600000 1 1
1983 02 16 175.600000 1 1
1983 02 17 130.450000 1 1
1983 02 18 112.200000 1 1
1983 02 19 102.300000 1 1
1983 02 20 97.200000 1 1
1983 02 21 81.800000 1 1
1983 02 22 89.010000 1 1
1983 02 23 78.620000 1 1
1983 02 24 76.500000 1 1
1983 02 25 65.750000 1 1
1983 02 26 60.300000 1 1
1983 02 27 49.200000 1 1
1983 02 28 49.200000 1 1
1983 03 01 51.420000 1 1
1983 03 02 56.970000 1 1
1983 03 03 117.050000 1 1
1983 03 04 81.800000 1 1
1983 03 05 100.260000 1 1
1983 03 06 102.300000 1 1
1983 03 07 94.140000 1 1
1983 03 08 147.880000 1 1
1983 03 09 76.500000 1 1
1983 03 10 62.480000 1 1
1983 03 11 64.660000 1 1
1983 03 12 67.930000 1 1
1983 03 13 65.750000 1 1
1983 03 14 71.200000 1 1
1983 03 15 52.530000 1 1
1983 03 16 52.530000 1 1
1983 03 17 46.940000 1 1
1983 03 18 49.200000 1 1
1983 03 19 147.880000 1 1
1983 03 20 105.270000 1 1
1983 03 21 76.500000 1 1
1983 03 22 61.390000 1 1
1983 03 23 104.280000 1 1
1983 03 24 86.950000 1 1
1983 03 25 77.560000 1 1
1983 03 26 65.750000 1 1
1983 03 27 90.040000 1 1
1983 03 28 64.660000 1 1
1983 03 29 260.100000 1 1
1983 03 30 187.040000 1 1
1983 03 31 131.400000 1 1
1983 04 01 119.000000 1 1
1983 04 02 91.100000 1 1
1983 04 03 95.200000 1 1
1983 04 04 102.000000 1 1
1983 04 05 89.000000 1 1
1983 04 06 114.000000 1 2
1983 04 07 113.000000 1 1
1983 04 08 101.000000 1 1
1983 04 09 80.700000 1 1
1983 04 10 95.200000 1 1
1983 04 11 93.100000 1 1
1983 04 12 137.000000 1 1
1983 04 13 95.200000 1 1
1983 04 14 79.700000 1 1
1983 04 15 75.700000 1 2
1983 04 16 70.500000 1 2
1983 04 17 68.900000 1 2
1983 04 18 65.100000 1 2
1983 04 19 61.700000 1 2
1983 04 20 58.700000 1 2
1983 04 21 57.800000 1 2
1983 04 22 68.200000 1 2
1983 04 23 67.800000 1 2
1983 04 24 61.700000 1 2
1983 04 25 54.700000 1 1
1983 04 26 55.900000 1 1
1983 04 27 54.700000 1 1
1983 04 28 61.700000 1 2
1983 04 29 55.200000 1 2
1983 04 30 54.100000 1 2
1983 05 01 55.200000 1 2
1983 05 02 52.900000 1 2
1983 05 03 50.700000 1 2
1983 05 04 49.500000 1 2
1983 05 05 48.400000 1 2
1983 05 06 47.900000 1 2
1983 05 07 47.100000 1 2
1983 05 08 46.500000 1 2
1983 05 09 45.700000 1 2
1983 05 10 45.400000 1 2
1983 05 11 45.400000 1 2
1983 05 12 44.900000 1 2
1983 05 13 44.600000 1 2
1983 05 14 44.100000 1 2
1983 05 15 43.800000 1 2
1983 05 16 43.000000 1 2
1983 05 17 42.500000 1 2
1983 05 18 42.500000 1 2
1983 05 19 43.300000 1 2
1983 05 20 43.600000 1 2
1983 05 21 42.000000 1 2
1983 05 22 47.900000 1 2
1983 05 23 50.900000 1 2
1983 05 24 49.000000 1 2
1983 05 25 46.800000 1 2
1983 05 26 45.200000 1 2
1983 05 27 44.900000 1 2
1983 05 28 42.800000 1 2
1983 05 29 42.500000 1 2
1983 05 30 42.800000 1 2
1983 05 31 53.200000 1 2
1983 06 01 66.900000 1 2
1983 06 02 59.300000 1 2
1983 06 03 52.900000 1 2
1983 06 04 47.900000 1 2
1983 06 05 45.200000 1 2
1983 06 06 45.400000 1 2
1983 06 07 43.300000 1 2
1983 06 08 43.300000 1 2
1983 06 09 42.200000 1 2
1983 06 10 41.700000 1 2
1983 06 11 40.900000 1 2
1983 06 12 41.500000 1 2
1983 06 13 40.400000 1 2
1983 06 14 40.200000 1 2
1983 06 15 40.400000 1 2
1983 06 16 40.200000 1 2
1983 06 17 39.900000 1 2
1983 06 18 39.400000 1 2
1983 06 19 38.900000 1 2
1983 06 20 38.600000 1 2
1983 06 21 38.400000 1 2
1983 06 22 37.600000 1 2
1983 06 23 38.100000 1 2
1983 06 24 37.600000 1 2
1983 06 25 38.100000 1 2
1983 06 26 36.900000 1 2
1983 06 27 38.600000 1 2
1983 06 28 36.100000 1 2
1983 06 29 36.600000 1 2
1983 06 30 36.400000 1 2
1983 07 01 36.100000 1 2
1983 07 02 36.100000 1 2
1983 07 03 35.400000 1 2
1983 07 04 36.100000 1 2
1983 07 05 34.900000 1 2
1983 07 06 35.100000 1 2
1983 07 07 35.100000 1 2
1983 07 08 35.100000 1 2
1983 07 09 33.700000 1 2
1983 07 10 34.900000 1 2
1983 07 11 35.100000 1 2
1983 07 12 32.900000 1 2
1983 07 13 33.900000 1 2
1983 07 14 34.400000 1 2
1983 07 15 34.100000 1 2
1983 07 16 33.400000 1 2
1983 07 17 33.700000 1 2
1983 07 18 33.900000 1 2
1983 07 19 34.100000 1 2
1983 07 20 34.900000 1 2
1983 07 21 35.400000 1 2
1983 07 22 34.900000 1 2
1983 07 23 34.400000 1 2
1983 07 24 33.900000 1 2
1983 07 25 33.400000 1 2
1983 07 26 33.400000 1 2
1983 07 27 33.200000 1 2
1983 07 28 33.900000 1 2
1983 07 29 32.900000 1 2
1983 07 30 32.900000 1 2
1983 07 31 33.200000 1 2
1983 08 01 33.900000 1 2
1983 08 02 33.000000 1 2
1983 08 03 32.900000 1 2
1983 08 04 32.700000 1 2
1983 08 05 32.200000 1 2
1983 08 06 32.700000 1 2
1983 08 07 32.500000 1 2
1983 08 08 32.500000 1 2
1983 08 09 31.000000 1 2
1983 08 10 31.500000 1 2
1983 08 11 31.300000 1 2
1983 08 12 31.500000 1 2
1983 08 13 30.800000 1 2
1983 08 14 31.300000 1 2
1983 08 15 31.000000 1 2
1983 08 16 31.000000 1 2
1983 08 17 30.600000 1 2
1983 08 18 30.800000 1 2
1983 08 19 31.300000 1 2
1983 08 20 31.000000 1 2
1983 08 21 31.000000 1 2
1983 08 22 31.500000 1 2
1983 08 23 30.300000 1 2
1983 08 24 30.100000 1 2
1983 08 25 30.300000 1 2
1983 08 26 30.300000 1 2
1983 08 27 30.100000 1 2
1983 08 28 29.900000 1 2
1983 08 29 29.600000 1 2
1983 08 30 30.100000 1 2
1983 08 31 29.400000 1 2
1983 09 01 29.900000 1 2
1983 09 02 29.600000 1 2
1983 09 03 30.100000 1 2
1983 09 04 30.300000 1 2
1983 09 05 30.100000 1 2
1983 09 06 30.800000 1 2
1983 09 07 30.300000 1 2
1983 09 08 30.600000 1 2
1983 09 09 31.000000 1 2
1983 09 10 30.300000 1 2
1983 09 11 30.800000 1 2
1983 09 12 30.600000 1 2
1983 09 13 30.600000 1 2
1983 09 14 30.300000 1 2
1983 09 15 30.600000 1 2
1983 09 16 30.300000 1 2
1983 09 17 29.600000 1 2
1983 09 18 30.100000 1 2
1983 09 19 31.700000 1 2
1983 09 20 32.900000 1 2
1983 09 21 32.200000 1 2
1983 09 22 33.700000 1 2
1983 09 23 34.400000 1 2
1983 09 24 31.300000 1 2
1983 09 25 30.800000 1 2
1983 09 26 33.600000 1 2
1983 09 27 31.600000 1 2
1983 09 28 30.100000 1 2
1983 09 29 28.400000 1 2
1983 09 30 27.300000 1 2
1983 10 01 30.100000 1 2
1983 10 02 32.000000 1 2
1983 10 03 34.400000 1 1
1983 10 04 26.300000 1 1
1983 10 05 7.200000 1 1
1983 10 06 7.200000 1 1
1983 10 07 8.400000 1 1
1983 10 08 6.000000 1 1
1983 10 09 4.800000 1 1
1983 10 10 13.300000 1 1
1983 10 11 20.400000 1 1
1983 10 12 22.800000 1 1
1983 10 13 28.600000 1 1
1983 10 14 23.900000 1 1
1983 10 15 40.200000 1 1
1983 10 16 32.100000 1 1
1983 10 17 14.500000 1 1
1983 10 18 28.600000 1 1
1983 10 19 13.300000 1 1
1983 10 20 39.000000 1 1
1983 10 21 23.900000 1 1
1983 10 22 19.200000 1 1
1983 10 23 25.100000 1 1
1983 10 24 34.400000 1 1
1983 10 25 39.000000 1 1
1983 10 26 54.700000 1 1
1983 10 27 32.100000 1 1
1983 10 28 29.800000 1 1
1983 10 29 13.300000 1 1
1983 10 30 8.400000 1 1
1983 10 31 2.400000 1 1
1983 11 01 8.450000 1 1
1983 11 02 75.440000 1 1
1983 11 03 140.600000 1 1
1983 11 04 149.700000 1 1
1983 11 05 32.100000 1 1
1983 11 06 30.940000 1 1
1983 11 07 97.200000 1 1
1983 11 08 77.560000 1 1
1983 11 09 110.220000 1 1
1983 11 10 92.100000 1 1
1983 11 11 86.950000 1 1
1983 11 12 195.850000 1 1
1983 11 13 281.800000 1 1
1983 11 14 229.600000 1 1
1983 11 15 140.600000 1 1
1983 11 16 97.200000 1 1
1983 11 17 55.860000 1 1
1983 11 18 53.640000 1 1
1983 11 19 46.940000 1 1
1983 11 20 45.810000 1 1
1983 11 21 35.580000 1 1
1983 11 22 86.950000 1 1
1983 11 23 203.650000 1 1
1983 11 24 131.400000 1 1
1983 11 25 81.800000 1 1
1983 11 26 79.680000 1 1
1983 11 27 92.100000 1 1
1983 11 28 302.000000 1 1
1983 11 29 312.900000 1 1
1983 11 30 237.380000 1 1
1983 12 01 373.400000 1 1
1983 12 02 401.000000 1 1
1983 12 03 326.000000 1 1
1983 12 04 263.300000 1 1
1983 12 05 170.500000 1 1
1983 12 06 169.650000 1 1
1983 12 07 229.600000 1 1
1983 12 08 223.840000 1 1
1983 12 09 136.920000 1 1
1983 12 10 128.550000 1 1
1983 12 11 130.450000 1 1
1983 12 12 147.880000 1 1
1983 12 13 176.420000 1 1
1983 12 14 169.650000 1 1
1983 12 15 195.060000 1 1
1983 12 16 152.340000 1 1
1983 12 17 159.360000 1 1
1983 12 18 141.510000 1 1
1983 12 19 138.760000 1 1
1983 12 20 173.050000 1 1
1983 12 21 140.600000 1 1
1983 12 22 131.400000 1 1
1983 12 23 112.200000 1 1
1983 12 24 149.700000 1 1
1983 12 25 163.660000 1 1
1983 12 26 302.000000 1 1
1983 12 27 265.820000 1 1
1983 12 28 239.420000 1 1
1983 12 29 162.800000 1 1
1983 12 30 152.340000 1 1
1983 12 31 136.000000 1 1
1984 01 01 136.000000 1 1
1984 01 02 124.750000 1 1
1984 01 03 167.950000 1 1
1984 01 04 308.040000 1 1
1984 01 05 187.850000 1 1
1984 01 06 181.340000 1 1
1984 01 07 131.400000 1 1
1984 01 08 107.250000 1 1
1984 01 09 106.260000 1 1
1984 01 10 178.060000 1 1
1984 01 11 151.460000 1 1
1984 01 12 113.170000 1 1
1984 01 13 97.200000 1 1
1984 01 14 84.890000 1 1
1984 01 15 74.380000 1 1
1984 01 16 69.020000 1 1
1984 01 17 67.930000 1 1
1984 01 18 74.380000 1 1
1984 01 19 97.200000 1 1
1984 01 20 69.020000 1 1
1984 01 21 74.380000 1 1
1984 01 22 65.750000 1 1
1984 01 23 85.920000 1 1
1984 01 24 92.100000 1 1
1984 01 25 108.240000 1 1
1984 01 26 90.040000 1 1
1984 01 27 161.080000 1 1
1984 01 28 136.920000 1 1
1984 01 29 150.580000 1 1
1984 01 30 120.930000 1 1
1984 01 31 85.920000 1 1
1984 02 01 73.320000 1 1
1984 02 02 63.570000 1 1
1984 02 03 64.660000 1 1
1984 02 04 118.020000 1 1
1984 02 05 112.200000 1 1
1984 02 06 81.800000 1 1
1984 02 07 77.560000 1 1
1984 02 08 135.080000 1 1
1984 02 09 102.300000 1 1
1984 02 10 173.900000 1 1
1984 02 11 238.060000 1 1
1984 02 12 200.570000 1 1
1984 02 13 220.920000 1 1
1984 02 14 218.700000 1 1
1984 02 15 215.000000 1 1
1984 02 16 171.350000 1 1
1984 02 17 149.700000 1 1
1984 02 18 165.380000 1 1
1984 02 19 163.660000 1 1
1984 02 20 233.150000 1 1
1984 02 21 220.920000 1 1
1984 02 22 187.040000 1 1
1984 02 23 195.850000 1 1
1984 02 24 181.340000 1 1
1984 02 25 145.150000 1 1
1984 02 26 144.240000 1 1
1984 02 27 134.160000 1 1
1984 02 28 130.450000 1 1
1984 02 29 127.600000 1 1
1984 03 01 101.280000 1 1
1984 03 02 109.230000 1 1
1984 03 03 112.200000 1 1
1984 03 04 84.890000 1 1
1984 03 05 76.500000 1 1
1984 03 06 96.180000 1 1
1984 03 07 79.680000 1 1
1984 03 08 91.070000 1 1
1984 03 09 87.980000 1 1
1984 03 10 103.290000 1 1
1984 03 11 108.240000 1 1
1984 03 12 109.230000 1 1
1984 03 13 139.680000 1 1
1984 03 14 149.700000 1 1
1984 03 15 148.790000 1 1
1984 03 16 108.240000 1 1
1984 03 17 101.280000 1 1
1984 03 18 104.280000 1 1
1984 03 19 110.220000 1 1
1984 03 20 137.840000 1 1
1984 03 21 92.100000 1 1
1984 03 22 79.680000 1 1
1984 03 23 66.840000 1 1
1984 03 24 108.240000 1 1
1984 03 25 114.140000 1 1
1984 03 26 79.680000 1 1
1984 03 27 100.260000 1 1
1984 03 28 144.240000 1 1
1984 03 29 132.320000 1 1
1984 03 30 124.750000 1 1
1984 03 31 115.110000 1 1
1984 04 01 93.120000 1 1
1984 04 02 136.920000 1 1
1984 04 03 180.520000 1 1
1984 04 04 287.700000 1 1
1984 04 05 156.740000 1 1
1984 04 06 113.170000 1 1
1984 04 07 86.950000 1 1
1984 04 08 95.160000 1 1
1984 04 09 136.000000 1 1
1984 04 10 147.880000 1 1
1984 04 11 171.350000 1 1
1984 04 12 116.080000 1 1
1984 04 13 113.170000 1 1
1984 04 14 77.560000 1 1
1984 04 15 74.380000 1 1
1984 04 16 69.020000 1 1
1984 04 17 58.080000 1 1
1984 04 18 58.080000 1 1
1984 04 19 133.240000 1 1
1984 04 20 175.600000 1 1
1984 04 21 135.080000 1 1
1984 04 22 76.500000 1 1
1984 04 23 60.300000 1 1
1984 04 24 54.750000 1 1
1984 04 25 43.550000 1 1
1984 04 26 37.900000 1 1
1984 04 27 37.900000 1 1
1984 04 28 52.530000 1 1
1984 04 29 85.920000 1 1
1984 04 30 58.080000 1 1
1984 05 01 55.860000 1 1
1984 05 02 116.080000 1 1
1984 05 03 149.700000 1 1
1984 05 04 140.600000 1 1
1984 05 05 135.080000 1 1
1984 05 06 110.220000 1 1
1984 05 07 77.560000 1 1
1984 05 08 61.390000 1 1
1984 05 09 53.640000 1 1
1984 05 10 48.070000 1 1
1984 05 11 43.550000 1 1
1984 05 12 37.900000 1 1
1984 05 13 129.500000 1 1
1984 05 14 123.800000 1 1
1984 05 15 149.700000 1 1
1984 05 16 112.200000 1 1
1984 05 17 49.200000 1 1
1984 05 18 54.750000 1 1
1984 05 19 110.220000 1 1
1984 05 20 53.640000 1 1
1984 05 21 36.740000 1 1
1984 05 22 32.100000 1 1
1984 05 23 39.030000 1 1
1984 05 24 37.900000 1 1
1984 05 25 36.740000 1 1
1984 05 26 30.940000 1 1
1984 05 27 29.780000 1 1
1984 05 28 26.300000 1 1
1984 05 29 29.780000 1 1
1984 05 30 28.620000 1 1
1984 05 31 28.620000 1 1
1984 06 01 27.460000 1 1
1984 06 02 26.300000 1 1
1984 06 03 26.300000 1 1
1984 06 04 26.300000 1 1
1984 06 05 23.940000 1 1
1984 06 06 21.580000 1 1
1984 06 07 21.580000 1 1
1984 06 08 21.580000 1 1
1984 06 09 21.580000 1 1
1984 06 10 21.580000 1 1
1984 06 11 21.580000 1 1
1984 06 12 20.400000 1 1
1984 06 13 19.220000 1 1
1984 06 14 19.220000 1 1
1984 06 15 19.220000 1 1
1984 06 16 19.220000 1 1
1984 06 17 19.220000 1 1
1984 06 18 19.220000 1 1
1984 06 19 16.860000 1 1
1984 06 20 16.860000 1 1
1984 06 21 15.680000 1 1
1984 06 22 14.500000 1 1
1984 06 23 14.500000 1 1
1984 06 24 14.500000 1 1
1984 06 25 14.500000 1 1
1984 06 26 14.500000 1 1
1984 06 27 14.500000 1 1
1984 06 28 13.290000 1 1
1984 06 29 13.290000 1 1
1984 06 30 13.290000 1 1
1984 07 01 13.290000 1 1
1984 07 02 13.290000 1 1
1984 07 03 13.290000 1 1
1984 07 04 12.080000 1 1
1984 07 05 12.080000 1 1
1984 07 06 12.080000 1 1
1984 07 07 12.080000 1 1
1984 07 08 10.870000 1 1
1984 07 09 10.870000 1 1
1984 07 10 9.660000 1 1
1984 07 11 9.660000 1 1
1984 07 12 9.660000 1 1
1984 07 13 9.660000 1 1
1984 07 14 9.660000 1 1
1984 07 15 9.660000 1 1
1984 07 16 9.660000 1 1
1984 07 17 8.450000 1 1
1984 07 18 8.450000 1 1
1984 07 19 8.450000 1 1
1984 07 20 8.450000 1 1
1984 07 21 7.240000 1 1
1984 07 22 7.240000 1 1
1984 07 23 7.240000 1 1
1984 07 24 7.240000 1 1
1984 07 25 6.030000 1 1
1984 07 26 6.030000 1 1
1984 07 27 6.030000 1 1
1984 07 28 6.030000 1 1
1984 07 29 4.820000 1 1
1984 07 30 4.820000 1 1
1984 07 31 4.820000 1 1
1984 08 01 6.030000 1 1
1984 08 02 6.030000 1 1
1984 08 03 4.820000 1 1
1984 08 04 4.820000 1 1
1984 08 05 4.820000 1 1
1984 08 06 3.610000 1 1
1984 08 07 3.610000 1 1
1984 08 08 3.610000 1 1
1984 08 09 3.610000 1 1
1984 08 10 3.610000 1 1
1984 08 11 3.610000 1 1
1984 08 12 3.610000 1 1
1984 08 13 3.610000 1 1
1984 08 14 2.400000 1 1
1984 08 15 2.400000 1 1
1984 08 16 2.400000 1 1
1984 08 17 2.400000 1 1
1984 08 18 2.400000 1 1
1984 08 19 2.400000 1 1
1984 08 20 2.400000 1 1
1984 08 21 2.400000 1 2
1984 08 22 2.400000 1 2
1984 08 23 55.860000 1 1
1984 08 24 52.530000 1 1
1984 08 25 48.070000 1 1
1984 08 26 34.420000 1 1
1984 08 27 18.040000 1 1
1984 08 28 14.500000 1 1
1984 08 29 9.660000 1 1
1984 08 30 3.610000 1 1
1984 08 31 2.400000 1 1
1984 09 01 2.400000 1 1
1984 09 02 2.400000 1 1
1984 09 03 6.500000 1 2
1984 09 04 9.200000 1 2
1984 09 05 13.300000 1 1
1984 09 06 57.000000 1 1
1984 09 07 25.100000 1 1
1984 09 08 20.400000 1 1
1984 09 09 2.400000 1 1
1984 09 10 3.200000 1 2
1984 09 11 2.900000 1 2
1984 09 12 2.400000 1 2
1984 09 13 1.900000 1 2
1984 09 14 2.100000 1 2
1984 09 15 2.500000 1 2
1984 09 16 4.800000 1 2
1984 09 17 5.000000 1 2
1984 09 18 6.400000 1 2
1984 09 19 7.200000 1 1
1984 09 20 23.900000 1 1
1984 09 21 21.600000 1 1
1984 09 22 21.600000 1 1
1984 09 23 23.900000 1 1
1984 09 24 30.900000 1 1
1984 09 25 58.100000 1 1
1984 09 26 58.100000 1 1
1984 09 27 60.300000 1 1
1984 09 28 60.300000 1 1
1984 09 29 23.900000 1 1
1984 09 30 18.000000 1 1
1984 10 01 12.080000 1 1
1984 10 02 12.080000 1 1
1984 10 03 12.080000 1 1
1984 10 04 12.080000 1 1
1984 10 05 12.080000 1 1
1984 10 06 9.660000 1 1
1984 10 07 6.030000 1 1
1984 10 08 2.400000 1 1
1984 10 09 2.400000 1 1
1984 10 10 2.400000 1 1
1984 10 11 2.400000 1 1
1984 10 12 2.400000 1 1
1984 10 13 2.400000 1 1
1984 10 14 2.400000 1 1
1984 10 15 16.860000 1 1
1984 10 16 22.760000 1 1
1984 10 17 26.300000 1 1
1984 10 18 77.560000 1 1
1984 10 19 80.740000 1 1
1984 10 20 77.560000 1 1
1984 10 21 53.640000 1 1
1984 10 22 16.860000 1 1
1984 10 23 16.860000 1 1
1984 10 24 14.500000 1 1
1984 10 25 14.500000 1 1
1984 10 26 10.870000 1 1
1984 10 27 37.900000 1 1
1984 10 28 73.320000 1 1
1984 10 29 49.200000 1 1
1984 10 30 26.300000 1 1
1984 10 31 12.080000 1 1
1984 11 01 16.900000 1 1
1984 11 02 14.500000 1 1
1984 11 03 12.100000 1 1
1984 11 04 14.500000 1 1
1984 11 05 14.500000 1 1
1984 11 06 14.500000 1 1
1984 11 07 12.100000 1 1
1984 11 08 12.100000 1 1
1984 11 09 12.100000 1 1
1984 11 10 12.100000 1 1
1984 11 11 12.100000 1 1
1984 11 12 12.100000 1 1
1984 11 13 12.100000 1 1
1984 11 14 71.200000 1 1
1984 11 15 92.100000 1 1
1984 11 16 49.200000 1 1
1984 11 17 44.700000 1 1
1984 11 18 26.300000 1 1
1984 11 19 23.900000 1 1
1984 11 20 19.200000 1 1
1984 11 21 4.820000 1 1
1984 11 22 285.000000 1 1
1984 11 23 321.000000 1 1
1984 11 24 147.000000 1 1
1984 11 25 55.200000 1 2
1984 11 26 75.300000 1 2
1984 11 27 42.800000 1 2
1984 11 28 90.500000 1 2
1984 11 29 115.000000 1 2
1984 11 30 171.000000 1 2
1984 12 01 174.000000 1 2
1984 12 02 173.000000 1 2
1984 12 03 147.000000 1 2
1984 12 04 121.000000 1 2
1984 12 05 116.000000 1 2
1984 12 06 164.000000 1 2
1984 12 07 190.000000 1 2
1984 12 08 217.000000 1 2
1984 12 09 137.000000 1 2
1984 12 10 163.000000 1 2
1984 12 11 170.000000 1 2
1984 12 12 235.000000 1 2
1984 12 13 273.000000 1 2
1984 12 14 168.000000 1 2
1984 12 15 152.000000 1 2
1984 12 16 162.000000 1 2
1984 12 17 151.000000 1 2
1984 12 18 167.000000 1 2
1984 12 19 203.000000 1 2
1984 12 20 115.000000 1 2
1984 12 21 126.000000 1 2
1984 12 22 102.000000 1 2
1984 12 23 88.000000 1 2
1984 12 24 99.200000 1 2
1984 12 25 117.000000 1 2
1984 12 26 115.000000 1 2
1984 12 27 81.600000 1 2
1984 12 28 74.400000 1 2
1984 12 29 111.000000 1 2
1984 12 30 86.900000 1 2
1984 12 31 89.100000 1 2
1985 01 01 114.000000 1 2
1985 01 02 149.000000 1 2
1985 01 03 146.000000 1 2
1985 01 04 130.000000 1 2
1985 01 05 124.000000 1 2
1985 01 06 125.000000 1 2
1985 01 07 346.000000 1 2
1985 01 08 440.000000 1 2
1985 01 09 266.000000 1 2
1985 01 10 245.000000 1 2
1985 01 11 210.000000 1 2
1985 01 12 205.000000 1 1
1985 01 13 206.000000 1 2
1985 01 14 173.000000 1 2
1985 01 15 174.000000 1 1
1985 01 16 184.000000 1 1
1985 01 17 273.000000 1 1
1985 01 18 291.000000 1 1
1985 01 19 231.000000 1 1
1985 01 20 229.000000 1 1
1985 01 21 204.000000 1 1
1985 01 22 278.000000 1 1
1985 01 23 369.000000 1 1
1985 01 24 315.000000 1 1
1985 01 25 236.000000 1 1
1985 01 26 253.000000 1 1
1985 01 27 229.000000 1 1
1985 01 28 192.000000 1 1
1985 01 29 212.000000 1 2
1985 01 30 201.000000 1 2
1985 01 31 198.000000 1 2
1985 02 01 219.000000 1 1
1985 02 02 219.000000 1 2
1985 02 03 201.000000 1 2
1985 02 04 192.000000 1 2
1985 02 05 194.000000 1 2
1985 02 06 169.000000 1 2
1985 02 07 149.000000 1 2
1985 02 08 146.000000 1 2
1985 02 09 136.000000 1 2
1985 02 10 130.000000 1 2
1985 02 11 139.000000 1 2
1985 02 12 162.000000 1 2
1985 02 13 196.000000 1 2
1985 02 14 183.000000 1 2
1985 02 15 155.000000 1 2
1985 02 16 147.000000 1 2
1985 02 17 144.000000 1 2
1985 02 18 127.000000 1 2
1985 02 19 136.000000 1 2
1985 02 20 144.000000 1 2
1985 02 21 133.000000 1 2
1985 02 22 125.000000 1 2
1985 02 23 120.000000 1 2
1985 02 24 122.000000 1 2
1985 02 25 130.000000 1 2
1985 02 26 138.000000 1 2
1985 02 27 134.000000 1 2
1985 02 28 188.000000 1 2
1985 03 01 214.000000 1 2
1985 03 02 154.000000 1 2
1985 03 03 170.000000 1 2
1985 03 04 194.000000 1 2
1985 03 05 214.000000 1 2
1985 03 06 216.000000 1 2
1985 03 07 217.000000 1 1
1985 03 08 217.000000 1 1
1985 03 09 203.000000 1 2
1985 03 10 182.000000 1 2
1985 03 11 179.000000 1 2
1985 03 12 170.000000 1 2
1985 03 13 201.000000 1 2
1985 03 14 188.000000 1 1
1985 03 15 198.000000 1 2
1985 03 16 181.000000 1 2
1985 03 17 221.000000 1 2
1985 03 18 235.000000 1 2
1985 03 19 246.000000 1 2
1985 03 20 256.000000 1 1
1985 03 21 343.000000 1 1
1985 03 22 324.000000 1 2
1985 03 23 262.000000 1 2
1985 03 24 202.000000 1 2
1985 03 25 154.000000 1 2
1985 03 26 121.000000 1 2
1985 03 27 101.000000 1 1
1985 03 28 117.000000 1 1
1985 03 29 55.900000 1 1
1985 03 30 111.000000 1 1
1985 03 31 57.000000 1 1
1985 04 01 97.200000 1 1
1985 04 02 127.600000 1 1
1985 04 03 126.650000 1 1
1985 04 04 145.150000 1 1
1985 04 05 236.700000 1 1
1985 04 06 183.800000 1 1
1985 04 07 145.150000 1 1
1985 04 08 126.650000 1 1
1985 04 09 128.550000 1 1
1985 04 10 106.260000 1 1
1985 04 11 112.200000 1 1
1985 04 12 119.960000 1 1
1985 04 13 95.160000 1 1
1985 04 14 81.800000 1 1
1985 04 15 233.860000 1 1
1985 04 16 195.850000 1 1
1985 04 17 154.100000 1 1
1985 04 18 149.700000 1 1
1985 04 19 138.760000 1 1
1985 04 20 138.760000 1 1
1985 04 21 152.340000 1 1
1985 04 22 153.220000 1 1
1985 04 23 146.060000 1 1
1985 04 24 140.600000 1 1
1985 04 25 136.000000 1 1
1985 04 26 120.930000 1 1
1985 04 27 86.950000 1 1
1985 04 28 74.380000 1 1
1985 04 29 77.560000 1 1
1985 04 30 86.950000 1 1
1985 05 01 80.740000 1 1
1985 05 02 67.930000 1 1
1985 05 03 67.930000 1 1
1985 05 04 66.840000 1 1
1985 05 05 64.660000 1 1
1985 05 06 63.570000 1 1
1985 05 07 62.480000 1 1
1985 05 08 60.300000 1 1
1985 05 09 59.190000 1 1
1985 05 10 56.970000 1 1
1985 05 11 54.750000 1 1
1985 05 12 53.640000 1 1
1985 05 13 53.640000 1 1
1985 05 14 51.420000 1 1
1985 05 15 48.070000 1 1
1985 05 16 45.810000 1 1
1985 05 17 39.030000 1 1
1985 05 18 35.580000 1 1
1985 05 19 34.420000 1 1
1985 05 20 33.260000 1 1
1985 05 21 32.100000 1 1
1985 05 22 33.260000 1 1
1985 05 23 30.940000 1 1
1985 05 24 30.940000 1 1
1985 05 25 30.940000 1 1
1985 05 26 28.620000 1 1
1985 05 27 28.620000 1 1
1985 05 28 28.620000 1 1
1985 05 29 28.620000 1 1
1985 05 30 26.300000 1 1
1985 05 31 26.300000 1 1
1985 06 01 25.120000 1 1
1985 06 02 23.940000 1 1
1985 06 03 23.940000 1 1
1985 06 04 23.940000 1 1
1985 06 05 21.580000 1 1
1985 06 06 21.580000 1 1
1985 06 07 21.580000 1 1
1985 06 08 21.580000 1 1
1985 06 09 19.220000 1 1
1985 06 10 19.220000 1 1
1985 06 11 19.220000 1 1
1985 06 12 19.220000 1 1
1985 06 13 19.220000 1 1
1985 06 14 19.220000 1 1
1985 06 15 19.220000 1 1
1985 06 16 19.220000 1 1
1985 06 17 19.220000 1 1
1985 06 18 19.220000 1 1
1985 06 19 19.220000 1 1
1985 06 20 19.220000 1 1
1985 06 21 18.040000 1 1
1985 06 22 15.680000 1 1
1985 06 23 15.680000 1 1
1985 06 24 15.680000 1 1
1985 06 25 15.680000 1 1
1985 06 26 15.680000 1 1
1985 06 27 15.680000 1 1
1985 06 28 15.680000 1 1
1985 06 29 15.680000 1 1
1985 06 30 15.680000 1 1
1985 07 01 14.500000 1 1
1985 07 02 14.500000 1 1
1985 07 03 14.500000 1 1
1985 07 04 13.290000 1 1
1985 07 05 13.290000 1 1
1985 07 06 13.290000 1 1
1985 07 07 13.290000 1 1
1985 07 08 22.760000 1 1
1985 07 09 14.500000 1 1
1985 07 10 13.290000 1 1
1985 07 11 13.290000 1 1
1985 07 12 12.080000 1 1
1985 07 13 12.080000 1 1
1985 07 14 12.080000 1 1
1985 07 15 9.660000 1 1
1985 07 16 9.660000 1 1
1985 07 17 9.660000 1 1
1985 07 18 8.450000 1 1
1985 07 19 8.450000 1 1
1985 07 20 7.240000 1 1
1985 07 21 7.240000 1 1
1985 07 22 7.240000 1 1
1985 07 23 7.240000 1 1
1985 07 24 6.030000 1 1
1985 07 25 6.030000 1 1
1985 07 26 4.820000 1 1
1985 07 27 4.820000 1 1
1985 07 28 4.820000 1 1
1985 07 29 2.400000 1 1
1985 07 30 2.400000 1 1
1985 07 31 2.400000 1 1
1985 08 01 2.400000 1 1
1985 08 02 2.400000 1 1
1985 08 03 2.400000 1 1
1985 08 04 2.400000 1 1
1985 08 05 2.400000 1 1
1985 08 06 2.400000 1 1
1985 08 07 2.400000 1 1
1985 08 08 2.400000 1 1
1985 08 09 2.400000 1 1
1985 08 10 2.300000 1 2
1985 08 11 3.400000 1 2
1985 08 12 3.700000 1 2
1985 08 13 2.700000 1 2
1985 08 14 2.500000 1 2
1985 08 15 2.400000 1 1
1985 08 16 7.200000 1 1
1985 08 17 7.200000 1 1
1985 08 18 7.200000 1 1
1985 08 19 7.200000 1 1
1985 08 20 7.200000 1 1
1985 08 21 7.200000 1 1
1985 08 22 7.200000 1 1
1985 08 23 7.200000 1 1
1985 08 24 7.200000 1 1
1985 08 25 7.200000 1 1
1985 08 26 7.200000 1 1
1985 08 27 7.200000 1 1
1985 08 28 7.200000 1 1
1985 08 29 7.200000 1 1
1985 08 30 16.900000 1 1
1985 08 31 10.900000 1 1
1985 09 01 8.450000 1 1
1985 09 02 7.240000 1 1
1985 09 03 7.240000 1 1
1985 09 04 7.240000 1 1
1985 09 05 7.240000 1 1
1985 09 06 7.240000 1 1
1985 09 07 7.240000 1 1
1985 09 08 7.240000 1 1
1985 09 09 7.240000 1 1
1985 09 10 7.240000 1 1
1985 09 11 7.240000 1 1
1985 09 12 7.240000 1 1
1985 09 13 6.030000 1 1
1985 09 14 4.820000 1 1
1985 09 15 4.820000 1 1
1985 09 16 4.820000 1 1
1985 09 17 15.680000 1 1
1985 09 18 22.760000 1 1
1985 09 19 18.040000 1 1
1985 09 20 12.080000 1 1
1985 09 21 12.080000 1 1
1985 09 22 12.080000 1 1
1985 09 23 12.080000 1 1
1985 09 24 10.870000 1 1
1985 09 25 9.660000 1 1
1985 09 26 91.070000 1 1
1985 09 27 65.750000 1 1
1985 09 28 22.760000 1 1
1985 09 29 15.680000 1 1
1985 09 30 13.290000 1 1
1985 10 01 9.660000 1 1
1985 10 02 9.660000 1 1
1985 10 03 9.660000 1 1
1985 10 04 6.030000 1 1
1985 10 05 6.030000 1 1
1985 10 06 7.240000 1 1
1985 10 07 7.240000 1 1
1985 10 08 7.240000 1 1
1985 10 09 7.240000 1 1
1985 10 10 18.040000 1 1
1985 10 11 26.300000 1 1
1985 10 12 33.260000 1 1
1985 10 13 37.900000 1 1
1985 10 14 26.300000 1 1
1985 10 15 26.300000 1 1
1985 10 16 19.220000 1 1
1985 10 17 19.220000 1 1
1985 10 18 19.220000 1 1
1985 10 19 19.220000 1 1
1985 10 20 19.220000 1 1
1985 10 21 19.220000 1 1
1985 10 22 19.220000 1 1
1985 10 23 19.220000 1 1
1985 10 24 19.220000 1 1
1985 10 25 9.660000 1 1
1985 10 26 240.100000 1 1
1985 10 27 222.400000 1 1
1985 10 28 195.850000 1 1
1985 10 29 140.600000 1 1
1985 10 30 112.200000 1 1
1985 10 31 37.900000 1 1
1985 11 01 16.860000 1 1
1985 11 02 16.860000 1 1
1985 11 03 16.860000 1 1
1985 11 04 30.940000 1 1
1985 11 05 51.420000 1 1
1985 11 06 41.290000 1 1
1985 11 07 50.310000 1 1
1985 11 08 39.030000 1 1
1985 11 09 28.620000 1 1
1985 11 10 28.620000 1 1
1985 11 11 28.620000 1 1
1985 11 12 39.030000 1 1
1985 11 13 27.460000 1 1
1985 11 14 21.580000 1 1
1985 11 15 13.290000 1 1
1985 11 16 10.870000 1 1
1985 11 17 8.450000 1 1
1985 11 18 7.240000 1 1
1985 11 19 7.240000 1 1
1985 11 20 3.610000 1 1
1985 11 21 4.820000 1 1
1985 11 22 6.030000 1 1
1985 11 23 6.030000 1 1
1985 11 24 12.080000 1 1
1985 11 25 9.660000 1 1
1985 11 26 9.660000 1 1
1985 11 27 9.660000 1 1
1985 11 28 9.660000 1 1
1985 11 29 10.870000 1 1
1985 11 30 54.750000 1 1
1985 12 01 81.800000 1 1
1985 12 02 61.390000 1 1
1985 12 03 34.420000 1 1
1985 12 04 20.400000 1 1
1985 12 05 16.860000 1 1
1985 12 06 15.680000 1 1
1985 12 07 14.500000 1 1
1985 12 08 30.940000 1 1
1985 12 09 78.620000 1 1
1985 12 10 48.070000 1 1
1985 12 11 25.120000 1 1
1985 12 12 20.400000 1 1
1985 12 13 18.040000 1 1
1985 12 14 16.860000 1 1
1985 12 15 77.560000 1 1
1985 12 16 106.260000 1 1
1985 12 17 83.860000 1 1
1985 12 18 42.420000 1 1
1985 12 19 25.120000 1 1
1985 12 20 23.940000 1 1
1985 12 21 69.020000 1 1
1985 12 22 90.040000 1 1
1985 12 23 125.700000 1 1
1985 12 24 97.200000 1 1
1985 12 25 69.020000 1 1
1985 12 26 90.040000 1 1
1985 12 27 145.150000 1 1
1985 12 28 46.940000 1 1
1985 12 29 40.160000 1 1
1985 12 30 35.580000 1 1
1985 12 31 35.580000 1 1
1986 01 01 35.700000 1 2
1986 01 02 35.100000 1 2
1986 01 03 30.300000 1 2
1986 01 04 99.200000 1 2
1986 01 05 337.000000 1 2
1986 01 06 198.000000 1 2
1986 01 07 168.000000 1 2
1986 01 08 126.000000 1 2
1986 01 09 127.000000 1 2
1986 01 10 142.000000 1 2
1986 01 11 207.000000 1 2
1986 01 12 210.000000 1 2
1986 01 13 171.000000 1 2
1986 01 14 108.000000 1 2
1986 01 15 102.000000 1 2
1986 01 16 132.000000 1 2
1986 01 17 223.000000 1 2
1986 01 18 322.000000 1 2
1986 01 19 275.000000 1 2
1986 01 20 164.000000 1 2
1986 01 21 145.000000 1 2
1986 01 22 119.000000 1 2
1986 01 23 90.000000 1 2
1986 01 24 84.500000 1 2
1986 01 25 70.100000 1 2
1986 01 26 80.700000 1 2
1986 01 27 64.600000 1 2
1986 01 28 64.700000 1 2
1986 01 29 61.400000 1 2
1986 01 30 58.700000 1 2
1986 01 31 62.800000 1 2
1986 02 01 79.500000 1 2
1986 02 02 74.000000 1 2
1986 02 03 75.500000 1 2
1986 02 04 80.400000 1 2
1986 02 05 72.100000 1 2
1986 02 06 60.800000 1 2
1986 02 07 70.100000 1 2
1986 02 08 64.500000 1 2
1986 02 09 64.700000 1 1
1986 02 10 98.200000 1 1
1986 02 11 70.100000 1 1
1986 02 12 50.300000 1 1
1986 02 13 43.600000 1 1
1986 02 14 147.000000 1 1
1986 02 15 176.000000 1 1
1986 02 16 142.000000 1 1
1986 02 17 126.000000 1 1
1986 02 18 294.000000 1 1
1986 02 19 327.000000 1 1
1986 02 20 397.000000 1 1
1986 02 21 354.000000 1 2
1986 02 22 312.000000 1 1
1986 02 23 193.000000 1 1
1986 02 24 153.000000 1 1
1986 02 25 130.000000 1 1
1986 02 26 107.000000 1 1
1986 02 27 94.100000 1 1
1986 02 28 82.800000 1 1
1986 03 01 74.380000 1 1
1986 03 02 103.290000 1 1
1986 03 03 98.220000 1 1
1986 03 04 282.980000 1 1
1986 03 05 294.070000 1 1
1986 03 06 183.800000 1 1
1986 03 07 145.150000 1 1
1986 03 08 105.270000 1 1
1986 03 09 98.220000 1 1
1986 03 10 100.260000 1 1
1986 03 11 154.100000 1 1
1986 03 12 154.100000 1 1
1986 03 13 123.800000 1 1
1986 03 14 123.800000 1 1
1986 03 15 91.070000 1 1
1986 03 16 79.680000 1 1
1986 03 17 75.440000 1 1
1986 03 18 74.380000 1 1
1986 03 19 87.980000 1 1
1986 03 20 72.260000 1 1
1986 03 21 76.500000 1 1
1986 03 22 79.680000 1 1
1986 03 23 83.860000 1 1
1986 03 24 115.110000 1 1
1986 03 25 172.200000 1 1
1986 03 26 166.240000 1 1
1986 03 27 146.060000 1 1
1986 03 28 105.270000 1 1
1986 03 29 87.980000 1 1
1986 03 30 80.740000 1 1
1986 03 31 74.380000 1 1
1986 04 01 129.025000 1 1
1986 04 02 122.850000 1 1
1986 04 03 118.020000 1 1
1986 04 04 118.990000 1 1
1986 04 05 110.715000 1 1
1986 04 06 106.260000 1 1
1986 04 07 109.725000 1 1
1986 04 08 108.240000 1 1
1986 04 09 105.765000 1 1
1986 04 10 97.710000 1 1
1986 04 11 95.670000 1 1
1986 04 12 94.650000 1 1
1986 04 13 92.100000 1 1
1986 04 14 99.750000 1 1
1986 04 15 118.020000 1 1
1986 04 16 129.975000 1 1
1986 04 17 111.210000 1 1
1986 04 18 98.220000 1 1
1986 04 19 116.565000 1 1
1986 04 20 79.680000 1 1
1986 04 21 74.380000 1 1
1986 04 22 110.220000 1 1
1986 04 23 99.240000 1 1
1986 04 24 98.220000 1 1
1986 04 25 98.730000 1 1
1986 04 26 93.630000 1 1
1986 04 27 83.345000 1 1
1986 04 28 87.465000 1 1
1986 04 29 84.890000 1 1
1986 04 30 84.375000 1 1
1986 05 01 92.100000 1 1
1986 05 02 93.120000 1 1
1986 05 03 83.860000 1 1
1986 05 04 127.600000 1 1
1986 05 05 105.270000 1 1
1986 05 06 89.010000 1 1
1986 05 07 84.890000 1 1
1986 05 08 83.860000 1 1
1986 05 09 82.830000 1 1
1986 05 10 80.740000 1 1
1986 05 11 79.680000 1 1
1986 05 12 78.620000 1 1
1986 05 13 77.560000 1 1
1986 05 14 81.800000 1 1
1986 05 15 81.800000 1 1
1986 05 16 77.560000 1 1
1986 05 17 76.500000 1 1
1986 05 18 73.320000 1 1
1986 05 19 73.320000 1 1
1986 05 20 71.200000 1 1
1986 05 21 70.110000 1 1
1986 05 22 69.020000 1 1
1986 05 23 69.020000 1 1
1986 05 24 67.930000 1 1
1986 05 25 64.660000 1 1
1986 05 26 65.750000 1 1
1986 05 27 65.750000 1 1
1986 05 28 65.750000 1 1
1986 05 29 66.840000 1 1
1986 05 30 67.930000 1 1
1986 05 31 77.560000 1 1
1986 06 01 74.380000 1 1
1986 06 02 71.200000 1 1
1986 06 03 69.020000 1 1
1986 06 04 67.930000 1 1
1986 06 05 66.840000 1 1
1986 06 06 65.750000 1 1
1986 06 07 65.750000 1 1
1986 06 08 69.020000 1 1
1986 06 09 67.930000 1 1
1986 06 10 66.840000 1 1
1986 06 11 62.480000 1 1
1986 06 12 62.480000 1 1
1986 06 13 62.480000 1 1
1986 06 14 62.480000 1 1
1986 06 15 60.300000 1 1
1986 06 16 60.300000 1 1
1986 06 17 59.190000 1 1
1986 06 18 59.190000 1 1
1986 06 19 59.190000 1 1
1986 06 20 55.860000 1 1
1986 06 21 56.970000 1 1
1986 06 22 55.860000 1 2
1986 06 23 56.970000 1 1
1986 06 24 55.860000 1 1
1986 06 25 55.860000 1 1
1986 06 26 54.750000 1 1
1986 06 27 55.860000 1 1
1986 06 28 54.750000 1 1
1986 06 29 53.640000 1 1
1986 06 30 53.640000 1 1
1986 07 01 74.380000 1 1
1986 07 02 71.200000 1 1
1986 07 03 69.020000 1 1
1986 07 04 67.930000 1 1
1986 07 05 66.840000 1 1
1986 07 06 65.750000 1 1
1986 07 07 65.750000 1 1
1986 07 08 69.020000 1 1
1986 07 09 67.930000 1 1
1986 07 10 65.750000 1 1
1986 07 11 62.480000 1 1
1986 07 12 62.480000 1 1
1986 07 13 62.480000 1 1
1986 07 14 62.480000 1 1
1986 07 15 60.300000 1 1
1986 07 16 60.300000 1 1
1986 07 17 59.190000 1 1
1986 07 18 59.190000 1 1
1986 07 19 59.190000 1 1
1986 07 20 55.860000 1 1
1986 07 21 56.970000 1 1
1986 07 22 54.750000 1 1
1986 07 23 56.970000 1 1
1986 07 24 55.860000 1 1
1986 07 25 55.860000 1 1
1986 07 26 54.750000 1 1
1986 07 27 55.860000 1 1
1986 07 28 54.750000 1 1
1986 07 29 53.640000 1 1
1986 07 30 53.640000 1 1
1986 07 31 58.080000 1 1
1986 08 01 45.810000 1 1
1986 08 02 45.810000 1 1
1986 08 03 45.810000 1 1
1986 08 04 51.420000 1 1
1986 08 05 51.420000 1 1
1986 08 06 49.200000 1 1
1986 08 07 50.310000 1 1
1986 08 08 49.200000 1 1
1986 08 09 46.940000 1 1
1986 08 10 46.940000 1 1
1986 08 11 46.940000 1 1
1986 08 12 48.070000 1 1
1986 08 13 49.200000 1 1
1986 08 14 52.530000 1 1
1986 08 15 52.530000 1 1
1986 08 16 52.530000 1 1
1986 08 17 51.420000 1 1
1986 08 18 55.860000 1 1
1986 08 19 48.070000 1 1
1986 08 20 48.070000 1 1
1986 08 21 46.940000 1 1
1986 08 22 48.070000 1 1
1986 08 23 49.200000 1 1
1986 08 24 48.070000 1 1
1986 08 25 51.420000 1 1
1986 08 26 62.480000 1 1
1986 08 27 59.190000 1 1
1986 08 28 55.860000 1 1
1986 08 29 62.480000 1 1
1986 08 30 63.570000 1 1
1986 08 31 63.570000 1 1
1986 09 01 80.740000 1 1
1986 09 02 106.260000 1 1
1986 09 03 75.440000 1 1
1986 09 04 67.930000 1 1
1986 09 05 60.300000 1 1
1986 09 06 56.970000 1 1
1986 09 07 53.640000 1 1
1986 09 08 53.640000 1 1
1986 09 09 51.420000 1 1
1986 09 10 50.310000 1 1
1986 09 11 50.310000 1 1
1986 09 12 48.070000 1 1
1986 09 13 48.070000 1 1
1986 09 14 45.810000 1 1
1986 09 15 46.940000 1 1
1986 09 16 51.420000 1 1
1986 09 17 53.640000 1 1
1986 09 18 58.080000 1 1
1986 09 19 54.750000 1 1
1986 09 20 55.860000 1 1
1986 09 21 55.860000 1 1
1986 09 22 49.200000 1 1
1986 09 23 58.080000 1 1
1986 09 24 51.420000 1 1
1986 09 25 51.420000 1 1
1986 09 26 41.290000 1 1
1986 09 27 63.570000 1 1
1986 09 28 63.570000 1 1
1986 09 29 51.420000 1 1
1986 09 30 52.530000 1 1
1986 10 01 52.800000 1 2
1986 10 02 44.800000 1 2
1986 10 03 46.300000 1 2
1986 10 04 54.000000 1 2
1986 10 05 50.700000 1 2
1986 10 06 64.800000 1 2
1986 10 07 55.800000 1 2
1986 10 08 52.700000 1 2
1986 10 09 48.500000 1 2
1986 10 10 49.400000 1 2
1986 10 11 52.200000 1 2
1986 10 12 53.700000 1 2
1986 10 13 50.400000 1 2
1986 10 14 48.200000 1 2
1986 10 15 47.300000 1 2
1986 10 16 49.400000 1 2
1986 10 17 50.200000 1 2
1986 10 18 68.300000 1 2
1986 10 19 69.400000 1 2
1986 10 20 54.400000 1 2
1986 10 21 51.400000 1 2
1986 10 22 51.900000 1 2
1986 10 23 50.900000 1 2
1986 10 24 56.600000 1 2
1986 10 25 59.200000 1 2
1986 10 26 54.800000 1 2
1986 10 27 51.900000 1 2
1986 10 28 50.500000 1 2
1986 10 29 49.500000 1 2
1986 10 30 51.700000 1 2
1986 10 31 57.500000 1 2
1986 11 01 56.500000 1 2
1986 11 02 56.300000 1 2
1986 11 03 53.400000 1 2
1986 11 04 51.500000 1 2
1986 11 05 50.100000 1 2
1986 11 06 49.900000 1 2
1986 11 07 50.600000 1 2
1986 11 08 49.900000 1 2
1986 11 09 52.200000 1 2
1986 11 10 120.000000 1 2
1986 11 11 127.000000 1 2
1986 11 12 113.000000 1 2
1986 11 13 99.600000 1 2
1986 11 14 91.800000 1 2
1986 11 15 68.900000 1 2
1986 11 16 63.200000 1 2
1986 11 17 64.300000 1 2
1986 11 18 60.900000 1 2
1986 11 19 65.000000 1 2
1986 11 20 65.500000 1 2
1986 11 21 60.200000 1 2
1986 11 22 58.700000 1 2
1986 11 23 57.800000 1 2
1986 11 24 58.700000 1 2
1986 11 25 58.700000 1 2
1986 11 26 57.500000 1 2
1986 11 27 58.000000 1 2
1986 11 28 58.500000 1 2
1986 11 29 111.000000 1 2
1986 11 30 81.900000 1 2
1986 12 01 109.000000 1 2
1986 12 02 93.700000 1 2
1986 12 03 83.800000 1 2
1986 12 04 78.100000 1 2
1986 12 05 87.200000 1 2
1986 12 06 69.900000 1 2
1986 12 07 67.100000 1 2
1986 12 08 65.300000 1 2
1986 12 09 69.400000 1 2
1986 12 10 69.100000 1 2
1986 12 11 71.400000 1 2
1986 12 12 73.800000 1 2
1986 12 13 83.400000 1 2
1986 12 14 95.700000 1 2
1986 12 15 83.300000 1 2
1986 12 16 82.400000 1 2
1986 12 17 138.000000 1 2
1986 12 18 108.000000 1 2
1986 12 19 132.000000 1 2
1986 12 20 103.000000 1 2
1986 12 21 88.200000 1 2
1986 12 22 80.800000 1 2
1986 12 23 82.400000 1 2
1986 12 24 87.800000 1 2
1986 12 25 167.000000 1 2
1986 12 26 332.000000 1 2
1986 12 27 541.000000 1 2
1986 12 28 649.000000 1 2
1986 12 29 369.000000 1 2
1986 12 30 339.000000 1 2
1986 12 31 347.000000 1 2
1987 01 01 230.000000 1 2
1987 01 02 190.000000 1 2
1987 01 03 161.000000 1 2
1987 01 04 126.000000 1 2
1987 01 05 114.000000 1 2
1987 01 06 121.000000 1 2
1987 01 07 126.000000 1 2
1987 01 08 115.000000 1 2
1987 01 09 113.000000 1 2
1987 01 10 99.000000 1 2
1987 01 11 107.000000 1 2
1987 01 12 121.000000 1 2
1987 01 13 138.000000 1 2
1987 01 14 127.000000 1 2
1987 01 15 109.000000 1 2
1987 01 16 113.000000 1 2
1987 01 17 106.000000 1 2
1987 01 18 110.000000 1 2
1987 01 19 114.000000 1 2
1987 01 20 123.000000 1 2
1987 01 21 175.000000 1 2
1987 01 22 172.000000 1 2
1987 01 23 172.000000 1 1
1987 01 24 233.000000 1 1
1987 01 25 275.000000 1 1
1987 01 26 240.000000 1 1
1987 01 27 180.000000 1 1
1987 01 28 152.000000 1 1
1987 01 29 184.000000 1 1
1987 01 30 244.000000 1 1
1987 01 31 211.000000 1 1
1987 02 01 169.650000 1 1
1987 02 02 203.650000 1 1
1987 02 03 202.110000 1 1
1987 02 04 209.750000 1 1
1987 02 05 148.790000 1 1
1987 02 06 124.750000 1 1
1987 02 07 123.800000 1 1
1987 02 08 149.700000 1 1
1987 02 09 145.150000 1 1
1987 02 10 203.650000 1 1
1987 02 11 224.560000 1 1
1987 02 12 205.960000 1 1
1987 02 13 226.000000 1 1
1987 02 14 205.190000 1 1
1987 02 15 141.510000 1 1
1987 02 16 142.420000 1 1
1987 02 17 133.240000 1 1
1987 02 18 112.200000 1 1
1987 02 19 81.800000 1 1
1987 02 20 97.200000 1 1
1987 02 21 100.260000 1 1
1987 02 22 117.050000 1 1
1987 02 23 85.920000 1 1
1987 02 24 79.680000 1 1
1987 02 25 104.280000 1 1
1987 02 26 138.760000 1 1
1987 02 27 143.330000 1 1
1987 02 28 44.680000 1 1
1987 03 01 76.500000 1 1
1987 03 02 193.480000 1 1
1987 03 03 215.000000 1 1
1987 03 04 222.400000 1 1
1987 03 05 204.420000 1 1
1987 03 06 177.240000 1 1
1987 03 07 189.470000 1 1
1987 03 08 217.220000 1 1
1987 03 09 223.120000 1 1
1987 03 10 273.940000 1 1
1987 03 11 230.310000 1 1
1987 03 12 160.220000 1 1
1987 03 13 145.150000 1 1
1987 03 14 103.290000 1 1
1987 03 15 102.300000 1 1
1987 03 16 96.180000 1 1
1987 03 17 116.080000 1 1
1987 03 18 106.260000 1 1
1987 03 19 116.080000 1 1
1987 03 20 126.650000 1 1
1987 03 21 81.800000 1 1
1987 03 22 81.800000 1 1
1987 03 23 80.740000 1 1
1987 03 24 197.430000 1 1
1987 03 25 169.650000 1 1
1987 03 26 173.050000 1 1
1987 03 27 238.740000 1 1
1987 03 28 252.280000 1 1
1987 03 29 179.700000 1 1
1987 03 30 242.820000 1 1
1987 03 31 197.430000 1 1
1987 04 01 131.400000 1 1
1987 04 02 220.180000 1 1
1987 04 03 350.600000 1 1
1987 04 04 278.800000 1 1
1987 04 05 306.420000 1 1
1987 04 06 203.650000 1 1
1987 04 07 121.900000 1 1
1987 04 08 97.200000 1 1
1987 04 09 84.890000 1 1
1987 04 10 78.620000 1 1
1987 04 11 80.740000 1 1
1987 04 12 104.280000 1 1
1987 04 13 98.220000 1 1
1987 04 14 81.800000 1 1
1987 04 15 85.920000 1 1
1987 04 16 84.890000 1 1
1987 04 17 78.620000 1 2
1987 04 18 74.380000 1 2
1987 04 19 61.390000 1 1
1987 04 20 61.390000 1 1
1987 04 21 65.750000 1 1
1987 04 22 61.390000 1 1
1987 04 23 56.970000 1 1
1987 04 24 52.530000 1 1
1987 04 25 56.970000 1 1
1987 04 26 55.860000 1 1
1987 04 27 61.390000 1 1
1987 04 28 95.160000 1 1
1987 04 29 118.990000 1 1
1987 04 30 124.750000 1 1
1987 05 01 65.750000 1 1
1987 05 02 61.390000 1 1
1987 05 03 115.110000 1 1
1987 05 04 131.400000 1 1
1987 05 05 75.440000 1 1
1987 05 06 56.970000 1 1
1987 05 07 65.750000 1 1
1987 05 08 60.300000 1 1
1987 05 09 54.750000 1 1
1987 05 10 52.530000 1 1
1987 05 11 49.200000 1 1
1987 05 12 49.200000 1 1
1987 05 13 46.940000 1 1
1987 05 14 45.810000 1 1
1987 05 15 44.680000 1 1
1987 05 16 42.420000 1 1
1987 05 17 42.420000 1 1
1987 05 18 41.290000 1 1
1987 05 19 40.160000 1 1
1987 05 20 40.160000 1 1
1987 05 21 37.900000 1 1
1987 05 22 37.900000 1 1
1987 05 23 36.740000 1 1
1987 05 24 35.580000 1 1
1987 05 25 35.580000 1 1
1987 05 26 35.580000 1 1
1987 05 27 34.420000 1 1
1987 05 28 33.260000 1 1
1987 05 29 32.100000 1 1
1987 05 30 30.940000 1 1
1987 05 31 30.940000 1 1
1987 06 01 30.940000 1 1
1987 06 02 30.940000 1 1
1987 06 03 30.940000 1 1
1987 06 04 30.940000 1 1
1987 06 05 29.780000 1 1
1987 06 06 28.620000 1 1
1987 06 07 28.620000 1 1
1987 06 08 26.300000 1 1
1987 06 09 26.300000 1 1
1987 06 10 26.300000 1 1
1987 06 11 26.300000 1 1
1987 06 12 26.300000 1 1
1987 06 13 26.300000 1 1
1987 06 14 26.300000 1 1
1987 06 15 26.300000 1 1
1987 06 16 23.940000 1 1
1987 06 17 23.940000 1 1
1987 06 18 23.940000 1 1
1987 06 19 23.940000 1 1
1987 06 20 23.940000 1 1
1987 06 21 23.940000 1 1
1987 06 22 21.580000 1 1
1987 06 23 21.580000 1 1
1987 06 24 21.580000 1 1
1987 06 25 21.580000 1 1
1987 06 26 21.580000 1 1
1987 06 27 21.580000 1 1
1987 06 28 21.580000 1 1
1987 06 29 21.580000 1 1
1987 06 30 21.580000 1 1
1987 07 01 19.220000 1 1
1987 07 02 19.220000 1 1
1987 07 03 18.040000 1 1
1987 07 04 16.860000 1 1
1987 07 05 16.860000 1 1
1987 07 06 16.860000 1 1
1987 07 07 16.860000 1 1
1987 07 08 16.860000 1 1
1987 07 09 16.860000 1 1
1987 07 10 16.860000 1 1
1987 07 11 16.860000 1 1
1987 07 12 14.500000 1 1
1987 07 13 14.500000 1 1
1987 07 14 14.500000 1 1
1987 07 15 14.500000 1 1
1987 07 16 14.500000 1 1
1987 07 17 14.500000 1 1
1987 07 18 14.500000 1 1
1987 07 19 14.500000 1 1
1987 07 20 14.500000 1 1
1987 07 21 14.500000 1 1
1987 07 22 14.500000 1 1
1987 07 23 14.500000 1 1
1987 07 24 14.500000 1 1
1987 07 25 14.500000 1 1
1987 07 26 12.080000 1 1
1987 07 27 12.080000 1 1
1987 07 28 12.080000 1 1
1987 07 29 12.080000 1 1
1987 07 30 13.290000 1 1
1987 07 31 12.080000 1 1
1987 08 01 12.080000 1 1
1987 08 02 12.080000 1 1
1987 08 03 12.080000 1 1
1987 08 04 12.080000 1 1
1987 08 05 12.080000 1 1
1987 08 06 12.080000 1 1
1987 08 07 12.080000 1 1
1987 08 08 12.080000 1 1
1987 08 09 12.080000 1 1
1987 08 10 12.080000 1 1
1987 08 11 12.080000 1 1
1987 08 12 13.290000 1 1
1987 08 13 13.290000 1 1
1987 08 14 13.290000 1 1
1987 08 15 13.290000 1 1
1987 08 16 12.080000 1 1
1987 08 17 12.080000 1 1
1987 08 18 12.080000 1 1
1987 08 19 12.080000 1 1
1987 08 20 12.080000 1 1
1987 08 21 12.080000 1 1
1987 08 22 12.080000 1 1
1987 08 23 12.080000 1 1
1987 08 24 12.080000 1 1
1987 08 25 10.870000 1 1
1987 08 26 10.870000 1 1
1987 08 27 10.870000 1 1
1987 08 28 10.870000 1 1
1987 08 29 12.080000 1 1
1987 08 30 12.080000 1 1
1987 08 31 12.080000 1 1
1987 09 01 12.080000 1 1
1987 09 02 12.080000 1 1
1987 09 03 10.870000 1 1
1987 09 04 9.660000 1 1
1987 09 05 9.660000 1 1
1987 09 06 9.660000 1 1
1987 09 07 9.660000 1 1
1987 09 08 9.660000 1 1
1987 09 09 9.660000 1 1
1987 09 10 9.660000 1 1
1987 09 11 9.660000 1 1
1987 09 12 9.660000 1 1
1987 09 13 9.660000 1 1
1987 09 14 9.660000 1 1
1987 09 15 9.660000 1 1
1987 09 16 9.660000 1 1
1987 09 17 9.660000 1 1
1987 09 18 9.660000 1 1
1987 09 19 12.080000 1 1
1987 09 20 12.080000 1 1
1987 09 21 12.080000 1 1
1987 09 22 12.080000 1 1
1987 09 23 12.080000 1 1
1987 09 24 12.080000 1 1
1987 09 25 37.900000 1 1
1987 09 26 37.900000 1 1
1987 09 27 40.160000 1 1
1987 09 28 12.080000 1 1
1987 09 29 12.080000 1 1
1987 09 30 12.080000 1 1
1987 10 01 10.870000 1 1
1987 10 02 10.870000 1 1
1987 10 03 12.080000 1 1
1987 10 04 39.030000 1 1
1987 10 05 14.500000 1 1
1987 10 06 14.500000 1 1
1987 10 07 14.500000 1 1
1987 10 08 14.500000 1 1
1987 10 09 44.680000 1 1
1987 10 10 27.460000 1 1
1987 10 11 26.300000 1 1
1987 10 12 14.500000 1 1
1987 10 13 14.500000 1 1
1987 10 14 14.500000 1 1
1987 10 15 14.500000 1 1
1987 10 16 18.040000 1 1
1987 10 17 19.220000 1 1
1987 10 18 19.220000 1 1
1987 10 19 18.040000 1 1
1987 10 20 16.860000 1 1
1987 10 21 16.860000 1 1
1987 10 22 65.750000 1 1
1987 10 23 19.220000 1 1
1987 10 24 49.200000 1 1
1987 10 25 35.580000 1 1
1987 10 26 35.580000 1 1
1987 10 27 82.830000 1 1
1987 10 28 32.100000 1 1
1987 10 29 45.810000 1 1
1987 10 30 77.560000 1 1
1987 10 31 64.660000 1 1
1987 11 01 109.230000 1 1
1987 11 02 43.550000 1 1
1987 11 03 29.780000 1 1
1987 11 04 23.940000 1 1
1987 11 05 25.120000 1 1
1987 11 06 131.400000 1 1
1987 11 07 76.500000 1 1
1987 11 08 43.550000 1 1
1987 11 09 35.580000 1 1
1987 11 10 36.740000 1 1
1987 11 11 42.420000 1 1
1987 11 12 63.570000 1 1
1987 11 13 128.550000 1 1
1987 11 14 102.300000 1 1
1987 11 15 46.940000 1 1
1987 11 16 53.640000 1 1
1987 11 17 125.700000 1 1
1987 11 18 67.930000 1 1
1987 11 19 50.310000 1 1
1987 11 20 35.580000 1 1
1987 11 21 34.420000 1 1
1987 11 22 34.420000 1 1
1987 11 23 35.580000 1 1
1987 11 24 21.580000 1 1
1987 11 25 30.940000 1 1
1987 11 26 43.550000 1 1
1987 11 27 54.750000 1 1
1987 11 28 86.950000 1 1
1987 11 29 118.020000 1 1
1987 11 30 91.070000 1 1
1987 12 01 80.740000 1 1
1987 12 02 109.230000 1 1
1987 12 03 118.020000 1 1
1987 12 04 116.080000 1 1
1987 12 05 147.880000 1 1
1987 12 06 227.440000 1 1
1987 12 07 124.750000 1 1
1987 12 08 73.320000 1 1
1987 12 09 97.200000 1 1
1987 12 10 89.010000 1 1
1987 12 11 91.070000 1 1
1987 12 12 119.960000 1 1
1987 12 13 109.230000 1 1
1987 12 14 131.400000 1 1
1987 12 15 112.200000 1 1
1987 12 16 83.860000 1 1
1987 12 17 112.200000 1 1
1987 12 18 151.460000 1 1
1987 12 19 305.880000 1 1
1987 12 20 389.000000 1 1
1987 12 21 246.220000 1 1
1987 12 22 160.220000 1 1
1987 12 23 80.740000 1 1
1987 12 24 77.560000 1 1
1987 12 25 93.120000 1 1
1987 12 26 79.680000 1 1
1987 12 27 62.480000 1 1
1987 12 28 313.980000 1 1
1987 12 29 295.780000 1 1
1987 12 30 145.150000 1 1
1987 12 31 136.920000 1 1
1988 01 01 91.070000 1 1
1988 01 02 83.860000 1 1
1988 01 03 179.700000 1 1
1988 01 04 199.010000 1 1
1988 01 05 355.300000 1 1
1988 01 06 380.000000 1 1
1988 01 07 299.200000 1 1
1988 01 08 314.520000 1 1
1988 01 09 429.400000 1 1
1988 01 10 410.400000 1 1
1988 01 11 325.480000 1 1
1988 01 12 257.540000 1 1
1988 01 13 250.300000 1 1
1988 01 14 228.160000 1 1
1988 01 15 220.180000 1 1
1988 01 16 182.980000 1 1
1988 01 17 161.080000 1 1
1988 01 18 129.500000 1 1
1988 01 19 111.210000 1 1
1988 01 20 101.280000 1 1
1988 01 21 93.120000 1 1
1988 01 22 96.180000 1 1
1988 01 23 97.200000 1 1
1988 01 24 85.920000 1 1
1988 01 25 75.440000 1 1
1988 01 26 74.380000 1 1
1988 01 27 78.620000 1 1
1988 01 28 101.280000 1 1
1988 01 29 85.920000 1 1
1988 01 30 66.840000 1 1
1988 01 31 109.230000 1 1
1988 02 01 78.620000 1 1
1988 02 02 81.800000 1 1
1988 02 03 123.800000 1 1
1988 02 04 116.080000 1 1
1988 02 05 129.500000 1 1
1988 02 06 146.060000 1 1
1988 02 07 273.320000 1 1
1988 02 08 296.920000 1 1
1988 02 09 324.960000 1 1
1988 02 10 288.280000 1 1
1988 02 11 221.660000 1 1
1988 02 12 179.700000 1 1
1988 02 13 153.220000 1 1
1988 02 14 123.800000 1 1
1988 02 15 161.080000 1 1
1988 02 16 144.240000 1 1
1988 02 17 121.900000 1 1
1988 02 18 120.930000 1 1
1988 02 19 244.860000 1 1
1988 02 20 150.580000 1 1
1988 02 21 191.900000 1 1
1988 02 22 186.230000 1 1
1988 02 23 211.250000 1 1
1988 02 24 174.750000 1 1
1988 02 25 235.990000 1 1
1988 02 26 163.660000 1 1
1988 02 27 161.940000 1 1
1988 02 28 150.580000 1 1
1988 02 29 111.210000 1 1
1988 03 01 115.110000 1 1
1988 03 02 118.990000 1 1
1988 03 03 149.700000 1 1
1988 03 04 121.900000 1 1
1988 03 05 170.500000 1 1
1988 03 06 149.700000 1 1
1988 03 07 151.460000 1 1
1988 03 08 126.650000 1 1
1988 03 09 136.920000 1 1
1988 03 10 141.510000 1 1
1988 03 11 219.440000 1 1
1988 03 12 260.740000 1 1
1988 03 13 226.000000 1 1
1988 03 14 168.800000 1 1
1988 03 15 154.980000 1 1
1988 03 16 128.550000 1 1
1988 03 17 128.550000 1 1
1988 03 18 231.730000 1 1
1988 03 19 348.200000 1 1
1988 03 20 218.700000 1 1
1988 03 21 198.220000 1 1
1988 03 22 226.000000 1 1
1988 03 23 230.310000 1 1
1988 03 24 220.180000 1 1
1988 03 25 163.660000 1 1
1988 03 26 91.070000 1 1
1988 03 27 157.620000 1 1
1988 03 28 195.060000 1 1
1988 03 29 116.080000 1 1
1988 03 30 130.450000 1 1
1988 03 31 110.220000 1 1
1988 04 01 109.230000 1 1
1988 04 02 94.140000 1 1
1988 04 03 91.070000 1 1
1988 04 04 136.920000 1 1
1988 04 05 195.850000 1 1
1988 04 06 129.500000 1 1
1988 04 07 113.170000 1 1
1988 04 08 110.220000 1 1
1988 04 09 91.070000 1 1
1988 04 10 106.260000 1 1
1988 04 11 117.050000 1 1
1988 04 12 112.200000 1 1
1988 04 13 133.240000 1 1
1988 04 14 147.880000 1 1
1988 04 15 138.760000 1 1
1988 04 16 100.260000 1 1
1988 04 17 143.330000 1 1
1988 04 18 117.050000 1 1
1988 04 19 129.500000 1 1
1988 04 20 133.240000 1 1
1988 04 21 94.140000 1 1
1988 04 22 98.220000 1 1
1988 04 23 80.740000 1 1
1988 04 24 74.380000 1 1
1988 04 25 67.930000 1 1
1988 04 26 55.860000 1 1
1988 04 27 65.750000 1 1
1988 04 28 67.930000 1 1
1988 04 29 82.830000 1 1
1988 04 30 83.860000 1 1
1988 05 01 67.930000 1 1
1988 05 02 60.300000 1 1
1988 05 03 58.080000 1 1
1988 05 04 50.310000 1 1
1988 05 05 49.200000 1 1
1988 05 06 48.070000 1 1
1988 05 07 49.200000 1 1
1988 05 08 45.810000 1 1
1988 05 09 46.940000 1 1
1988 05 10 46.940000 1 1
1988 05 11 43.550000 1 1
1988 05 12 41.290000 1 1
1988 05 13 42.420000 1 1
1988 05 14 41.290000 1 1
1988 05 15 41.290000 1 1
1988 05 16 40.160000 1 1
1988 05 17 40.160000 1 1
1988 05 18 37.900000 1 1
1988 05 19 37.900000 1 1
1988 05 20 37.900000 1 1
1988 05 21 37.900000 1 1
1988 05 22 35.580000 1 1
1988 05 23 33.260000 1 1
1988 05 24 33.260000 1 1
1988 05 25 33.260000 1 1
1988 05 26 32.100000 1 1
1988 05 27 32.100000 1 1
1988 05 28 32.100000 1 1
1988 05 29 32.100000 1 1
1988 05 30 30.940000 1 1
1988 05 31 30.940000 1 1
1988 06 01 30.940000 1 1
1988 06 02 28.620000 1 1
1988 06 03 28.620000 1 1
1988 06 04 28.620000 1 1
1988 06 05 28.620000 1 1
1988 06 06 28.620000 1 1
1988 06 07 27.460000 1 1
1988 06 08 26.300000 1 1
1988 06 09 26.300000 1 1
1988 06 10 26.300000 1 1
1988 06 11 26.300000 1 1
1988 06 12 26.300000 1 1
1988 06 13 26.300000 1 1
1988 06 14 26.300000 1 1
1988 06 15 26.300000 1 1
1988 06 16 23.940000 1 1
1988 06 17 23.940000 1 1
1988 06 18 23.940000 1 1
1988 06 19 23.940000 1 1
1988 06 20 23.940000 1 1
1988 06 21 23.940000 1 1
1988 06 22 23.940000 1 1
1988 06 23 21.580000 1 1
1988 06 24 21.580000 1 1
1988 06 25 21.580000 1 1
1988 06 26 21.580000 1 1
1988 06 27 21.580000 1 1
1988 06 28 21.580000 1 1
1988 06 29 19.220000 1 1
1988 06 30 19.220000 1 1
1988 07 01 19.220000 1 1
1988 07 02 19.220000 1 1
1988 07 03 16.860000 1 1
1988 07 04 16.860000 1 1
1988 07 05 18.040000 1 1
1988 07 06 18.040000 1 1
1988 07 07 18.040000 1 1
1988 07 08 18.040000 1 1
1988 07 09 16.860000 1 1
1988 07 10 16.860000 1 1
1988 07 11 16.860000 1 1
1988 07 12 16.860000 1 1
1988 07 13 16.860000 1 1
1988 07 14 16.860000 1 1
1988 07 15 16.860000 1 1
1988 07 16 16.860000 1 1
1988 07 17 15.680000 1 1
1988 07 18 15.680000 1 1
1988 07 19 15.680000 1 1
1988 07 20 14.500000 1 1
1988 07 21 14.500000 1 1
1988 07 22 14.500000 1 1
1988 07 23 14.500000 1 1
1988 07 24 14.500000 1 1
1988 07 25 14.500000 1 1
1988 07 26 14.500000 1 1
1988 07 27 14.500000 1 1
1988 07 28 14.500000 1 1
1988 07 29 14.500000 1 1
1988 07 30 14.500000 1 1
1988 07 31 14.500000 1 1
1988 08 01 14.500000 1 1
1988 08 02 14.500000 1 1
1988 08 03 12.080000 1 1
1988 08 04 12.080000 1 1
1988 08 05 12.080000 1 1
1988 08 06 12.080000 1 1
1988 08 07 12.080000 1 1
1988 08 08 12.080000 1 1
1988 08 09 12.080000 1 1
1988 08 10 12.080000 1 1
1988 08 11 12.080000 1 1
1988 08 12 12.080000 1 1
1988 08 13 12.080000 1 1
1988 08 14 12.080000 1 1
1988 08 15 12.080000 1 1
1988 08 16 10.870000 1 1
1988 08 17 9.660000 1 1
1988 08 18 9.660000 1 1
1988 08 19 9.660000 1 1
1988 08 20 9.660000 1 1
1988 08 21 9.660000 1 1
1988 08 22 9.660000 1 1
1988 08 23 9.660000 1 1
1988 08 24 8.450000 1 1
1988 08 25 8.450000 1 1
1988 08 26 8.450000 1 1
1988 08 27 8.450000 1 1
1988 08 28 8.450000 1 1
1988 08 29 8.450000 1 1
1988 08 30 8.450000 1 1
1988 08 31 8.450000 1 1
1988 09 01 7.240000 1 1
1988 09 02 7.240000 1 1
1988 09 03 7.240000 1 1
1988 09 04 7.240000 1 1
1988 09 05 7.240000 1 1
1988 09 06 7.240000 1 1
1988 09 07 7.240000 1 1
1988 09 08 7.240000 1 1
1988 09 09 7.240000 1 1
1988 09 10 7.240000 1 1
1988 09 11 7.240000 1 1
1988 09 12 7.240000 1 1
1988 09 13 7.240000 1 1
1988 09 14 7.240000 1 1
1988 09 15 7.240000 1 1
1988 09 16 6.030000 1 1
1988 09 17 6.030000 1 1
1988 09 18 39.030000 1 1
1988 09 19 50.310000 1 1
1988 09 20 34.420000 1 1
1988 09 21 22.760000 1 1
1988 09 22 15.680000 1 1
1988 09 23 14.500000 1 1
1988 09 24 12.080000 1 1
1988 09 25 9.660000 1 1
1988 09 26 8.450000 1 1
1988 09 27 8.450000 1 1
1988 09 28 7.240000 1 1
1988 09 29 7.240000 1 1
1988 09 30 7.240000 1 1
1988 10 01 33.260000 1 1
1988 10 02 22.760000 1 1
1988 10 03 21.580000 1 1
1988 10 04 40.160000 1 1
1988 10 05 22.760000 1 1
1988 10 06 20.400000 1 1
1988 10 07 21.580000 1 1
1988 10 08 23.940000 1 1
1988 10 09 14.500000 1 1
1988 10 10 13.290000 1 1
1988 10 11 23.940000 1 1
1988 10 12 35.580000 1 1
1988 10 13 59.190000 1 1
1988 10 14 32.100000 1 1
1988 10 15 29.780000 1 1
1988 10 16 26.300000 1 1
1988 10 17 18.040000 1 1
1988 10 18 14.500000 1 1
1988 10 19 12.080000 1 1
1988 10 20 12.080000 1 1
1988 10 21 14.500000 1 1
1988 10 22 10.870000 1 1
1988 10 23 9.660000 1 1
1988 10 24 6.030000 1 1
1988 10 25 6.030000 1 1
1988 10 26 8.450000 1 1
1988 10 27 13.290000 1 1
1988 10 28 22.760000 1 1
1988 10 29 34.420000 1 1
1988 10 30 36.740000 1 1
1988 10 31 34.420000 1 1
1988 11 01 36.740000 1 1
1988 11 02 18.040000 1 1
1988 11 03 22.760000 1 1
1988 11 04 35.580000 1 1
1988 11 05 34.420000 1 1
1988 11 06 32.100000 1 1
1988 11 07 35.580000 1 1
1988 11 08 33.260000 1 1
1988 11 09 18.040000 1 1
1988 11 10 13.290000 1 1
1988 11 11 7.240000 1 1
1988 11 12 9.660000 1 1
1988 11 13 10.870000 1 1
1988 11 14 12.080000 1 1
1988 11 15 6.030000 1 1
1988 11 16 3.610000 1 1
1988 11 17 10.870000 1 1
1988 11 18 46.940000 1 1
1988 11 19 25.120000 1 1
1988 11 20 10.870000 1 1
1988 11 21 45.810000 1 1
1988 11 22 43.550000 1 1
1988 11 23 49.200000 1 1
1988 11 24 74.380000 1 1
1988 11 25 43.550000 1 1
1988 11 26 46.940000 1 1
1988 11 27 86.950000 1 1
1988 11 28 43.550000 1 1
1988 11 29 53.640000 1 1
1988 11 30 36.740000 1 1
1988 12 01 66.840000 1 1
1988 12 02 112.200000 1 1
1988 12 03 89.010000 1 1
1988 12 04 50.310000 1 1
1988 12 05 49.200000 1 1
1988 12 06 27.460000 1 1
1988 12 07 29.780000 1 1
1988 12 08 25.120000 1 1
1988 12 09 20.400000 1 1
1988 12 10 14.500000 1 1
1988 12 11 8.450000 1 1
1988 12 12 39.030000 1 1
1988 12 13 71.200000 1 1
1988 12 14 179.700000 1 1
1988 12 15 159.360000 1 1
1988 12 16 105.270000 1 1
1988 12 17 35.580000 1 1
1988 12 18 48.070000 1 1
1988 12 19 43.550000 1 1
1988 12 20 98.220000 1 1
1988 12 21 67.930000 1 1
1988 12 22 54.750000 1 1
1988 12 23 46.940000 1 1
1988 12 24 76.500000 1 1
1988 12 25 83.860000 1 1
1988 12 26 143.330000 1 1
1988 12 27 167.100000 1 1
1988 12 28 95.160000 1 1
1988 12 29 13.290000 1 1
1988 12 30 137.840000 1 1
1988 12 31 85.920000 1 1
1989 01 01 52.530000 1 1
1989 01 02 62.480000 1 1
1989 01 03 118.990000 1 1
1989 01 04 85.920000 1 1
1989 01 05 163.660000 1 1
1989 01 06 198.220000 1 1
1989 01 07 121.900000 1 1
1989 01 08 211.250000 1 1
1989 01 09 365.000000 1 1
1989 01 10 405.600000 1 1
1989 01 11 256.900000 1 1
1989 01 12 182.980000 1 1
1989 01 13 141.510000 1 1
1989 01 14 136.920000 1 1
1989 01 15 297.490000 1 1
1989 01 16 360.500000 1 1
1989 01 17 356.710000 1 1
1989 01 18 376.480000 1 1
1989 01 19 312.900000 1 1
1989 01 20 215.000000 1 1
1989 01 21 201.340000 1 1
1989 01 22 200.570000 1 1
1989 01 23 150.580000 1 1
1989 01 24 120.930000 1 1
1989 01 25 170.500000 1 1
1989 01 26 136.920000 1 1
1989 01 27 144.240000 1 1
1989 01 28 124.750000 1 1
1989 01 29 145.150000 1 1
1989 01 30 147.880000 1 1
1989 01 31 162.800000 1 1
1989 02 01 156.740000 1 1
1989 02 02 137.840000 1 1
1989 02 03 136.920000 1 1
1989 02 04 148.790000 1 1
1989 02 05 162.800000 1 1
1989 02 06 287.110000 1 1
1989 02 07 308.580000 1 1
1989 02 08 275.800000 1 1
1989 02 09 214.250000 1 1
1989 02 10 383.160000 1 1
1989 02 11 335.600000 1 1
1989 02 12 341.960000 1 1
1989 02 13 324.440000 1 1
1989 02 14 299.760000 1 1
1989 02 15 302.000000 1 1
1989 02 16 246.900000 1 1
1989 02 17 265.820000 1 1
1989 02 18 263.300000 1 1
1989 02 19 205.960000 1 1
1989 02 20 192.690000 1 1
1989 02 21 198.220000 1 1
1989 02 22 179.700000 1 1
1989 02 23 157.620000 1 1
1989 02 24 207.500000 1 1
1989 02 25 252.940000 1 1
1989 02 26 306.960000 1 1
1989 02 27 339.040000 1 1
1989 02 28 289.440000 1 1
1989 03 01 172.200000 1 1
1989 03 02 155.860000 1 1
1989 03 03 138.760000 1 1
1989 03 04 119.960000 1 1
1989 03 05 146.060000 1 1
1989 03 06 308.040000 1 1
1989 03 07 237.380000 1 1
1989 03 08 182.160000 1 1
1989 03 09 145.150000 1 1
1989 03 10 294.070000 1 1
1989 03 11 321.320000 1 1
1989 03 12 199.010000 1 1
1989 03 13 296.350000 1 1
1989 03 14 422.500000 1 1
1989 03 15 384.120000 1 1
1989 03 16 307.500000 1 1
1989 03 17 289.440000 1 1
1989 03 18 274.560000 1 1
1989 03 19 299.200000 1 1
1989 03 20 312.900000 1 1
1989 03 21 318.720000 1 1
1989 03 22 319.760000 1 1
1989 03 23 277.600000 1 1
1989 03 24 242.140000 1 1
1989 03 25 221.660000 1 1
1989 03 26 167.100000 1 1
1989 03 27 187.040000 1 1
1989 03 28 233.150000 1 1
1989 03 29 138.760000 1 1
1989 03 30 211.250000 1 1
1989 03 31 181.340000 1 1
1989 04 01 154.100000 1 1
1989 04 02 136.920000 1 1
1989 04 03 123.800000 1 1
1989 04 04 114.140000 1 1
1989 04 05 111.210000 1 1
1989 04 06 104.280000 1 1
1989 04 07 92.100000 1 1
1989 04 08 80.740000 1 1
1989 04 09 76.500000 1 1
1989 04 10 178.060000 1 1
1989 04 11 198.220000 1 1
1989 04 12 254.920000 1 1
1989 04 13 178.880000 1 1
1989 04 14 182.160000 1 1
1989 04 15 153.220000 1 1
1989 04 16 123.800000 1 1
1989 04 17 110.220000 1 1
1989 04 18 98.220000 1 1
1989 04 19 141.510000 1 1
1989 04 20 147.880000 1 1
1989 04 21 150.580000 1 1
1989 04 22 135.080000 1 1
1989 04 23 141.510000 1 1
1989 04 24 149.700000 1 1
1989 04 25 125.700000 1 1
1989 04 26 124.750000 1 1
1989 04 27 115.110000 1 1
1989 04 28 170.500000 1 1
1989 04 29 175.600000 1 1
1989 04 30 178.060000 1 1
1989 05 01 101.280000 1 1
1989 05 02 86.950000 1 1
1989 05 03 78.620000 1 1
1989 05 04 71.200000 1 1
1989 05 05 80.740000 1 1
1989 05 06 83.860000 1 1
1989 05 07 82.830000 1 1
1989 05 08 65.750000 1 1
1989 05 09 60.300000 1 1
1989 05 10 60.300000 1 1
1989 05 11 59.190000 1 1
1989 05 12 77.560000 1 1
1989 05 13 59.190000 1 1
1989 05 14 53.640000 1 1
1989 05 15 49.200000 1 1
1989 05 16 49.200000 1 1
1989 05 17 48.070000 1 1
1989 05 18 45.810000 1 1
1989 05 19 42.420000 1 1
1989 05 20 42.420000 1 1
1989 05 21 42.420000 1 1
1989 05 22 42.420000 1 1
1989 05 23 40.160000 1 1
1989 05 24 39.030000 1 1
1989 05 25 37.900000 1 1
1989 05 26 37.900000 1 1
1989 05 27 37.900000 1 1
1989 05 28 37.900000 1 1
1989 05 29 37.900000 1 1
1989 05 30 35.580000 1 1
1989 05 31 35.580000 1 1
1989 06 01 35.580000 1 1
1989 06 02 33.260000 1 1
1989 06 03 33.260000 1 1
1989 06 04 33.260000 1 1
1989 06 05 33.260000 1 1
1989 06 06 33.260000 1 1
1989 06 07 30.940000 1 1
1989 06 08 30.940000 1 1
1989 06 09 30.940000 1 1
1989 06 10 30.940000 1 1
1989 06 11 29.780000 1 1
1989 06 12 28.620000 1 1
1989 06 13 28.620000 1 1
1989 06 14 28.620000 1 1
1989 06 15 28.620000 1 1
1989 06 16 28.620000 1 1
1989 06 17 28.620000 1 1
1989 06 18 28.620000 1 1
1989 06 19 28.620000 1 1
1989 06 20 28.620000 1 1
1989 06 21 27.460000 1 1
1989 06 22 26.300000 1 1
1989 06 23 26.300000 1 1
1989 06 24 26.300000 1 1
1989 06 25 23.940000 1 1
1989 06 26 23.940000 1 1
1989 06 27 23.940000 1 1
1989 06 28 23.940000 1 1
1989 06 29 23.940000 1 1
1989 06 30 23.940000 1 1
1989 07 01 23.940000 1 1
1989 07 02 23.940000 1 1
1989 07 03 43.550000 1 1
1989 07 04 29.780000 1 1
1989 07 05 25.120000 1 1
1989 07 06 22.760000 1 1
1989 07 07 21.580000 1 1
1989 07 08 21.580000 1 1
1989 07 09 21.580000 1 1
1989 07 10 21.580000 1 1
1989 07 11 21.580000 1 1
1989 07 12 19.220000 1 1
1989 07 13 19.220000 1 1
1989 07 14 19.220000 1 1
1989 07 15 19.220000 1 1
1989 07 16 19.220000 1 1
1989 07 17 19.220000 1 1
1989 07 18 19.220000 1 1
1989 07 19 19.220000 1 1
1989 07 20 19.220000 1 1
1989 07 21 19.220000 1 1
1989 07 22 19.220000 1 1
1989 07 23 19.220000 1 1
1989 07 24 16.860000 1 1
1989 07 25 16.860000 1 1
1989 07 26 16.860000 1 1
1989 07 27 16.860000 1 1
1989 07 28 16.860000 1 1
1989 07 29 16.860000 1 1
1989 07 30 16.860000 1 1
1989 07 31 16.860000 1 1
1989 08 01 16.860000 1 1
1989 08 02 16.860000 1 1
1989 08 03 16.860000 1 1
1989 08 04 14.500000 1 1
1989 08 05 14.500000 1 1
1989 08 06 26.300000 1 1
1989 08 07 33.260000 1 1
1989 08 08 33.260000 1 1
1989 08 09 32.100000 1 1
1989 08 10 29.780000 1 1
1989 08 11 25.120000 1 1
1989 08 12 19.220000 1 1
1989 08 13 16.860000 1 1
1989 08 14 14.500000 1 1
1989 08 15 14.500000 1 1
1989 08 16 14.500000 1 1
1989 08 17 14.500000 1 1
1989 08 18 14.500000 1 1
1989 08 19 14.500000 1 1
1989 08 20 14.500000 1 1
1989 08 21 14.500000 1 1
1989 08 22 27.460000 1 1
1989 08 23 37.900000 1 1
1989 08 24 37.900000 1 1
1989 08 25 40.160000 1 1
1989 08 26 37.900000 1 1
1989 08 27 36.740000 1 1
1989 08 28 75.440000 1 1
1989 08 29 67.930000 1 1
1989 08 30 42.420000 1 1
1989 08 31 42.420000 1 1
1989 09 01 40.160000 1 1
1989 09 02 40.160000 1 1
1989 09 03 40.160000 1 1
1989 09 04 33.260000 1 1
1989 09 05 26.300000 1 1
1989 09 06 28.620000 1 1
1989 09 07 15.680000 1 1
1989 09 08 20.400000 1 1
1989 09 09 21.580000 1 1
1989 09 10 19.220000 1 1
1989 09 11 19.220000 1 1
1989 09 12 19.220000 1 1
1989 09 13 19.220000 1 1
1989 09 14 19.220000 1 1
1989 09 15 19.220000 1 1
1989 09 16 4.820000 1 1
1989 09 17 4.820000 1 1
1989 09 18 4.820000 1 1
1989 09 19 4.820000 1 1
1989 09 20 7.240000 1 1
1989 09 21 7.240000 1 1
1989 09 22 7.240000 1 1
1989 09 23 7.240000 1 1
1989 09 24 7.240000 1 1
1989 09 25 7.240000 1 1
1989 09 26 9.660000 1 1
1989 09 27 9.660000 1 1
1989 09 28 9.660000 1 1
1989 09 29 9.660000 1 1
1989 09 30 7.240000 1 1
1989 10 01 19.220000 1 1
1989 10 02 19.220000 1 1
1989 10 03 18.040000 1 1
1989 10 04 13.290000 1 1
1989 10 05 9.660000 1 1
1989 10 06 7.240000 1 1
1989 10 07 4.820000 1 1
1989 10 08 3.610000 1 1
1989 10 09 4.820000 1 1
1989 10 10 9.660000 1 1
1989 10 11 12.080000 1 1
1989 10 12 14.500000 1 1
1989 10 13 16.860000 1 1
1989 10 14 20.400000 1 1
1989 10 15 21.580000 1 1
1989 10 16 69.020000 1 1
1989 10 17 34.420000 1 1
1989 10 18 15.680000 1 1
1989 10 19 23.940000 1 1
1989 10 20 14.500000 1 1
1989 10 21 7.240000 1 1
1989 10 22 43.550000 1 1
1989 10 23 39.030000 1 1
1989 10 24 59.190000 1 1
1989 10 25 42.420000 1 1
1989 10 26 25.120000 1 1
1989 10 27 235.280000 1 1
1989 10 28 226.720000 1 1
1989 10 29 153.220000 1 1
1989 10 30 96.180000 1 1
1989 10 31 69.020000 1 1
1989 11 01 40.160000 1 1
1989 11 02 27.460000 1 1
1989 11 03 22.760000 1 1
1989 11 04 23.940000 1 1
1989 11 05 53.640000 1 1
1989 11 06 69.020000 1 1
1989 11 07 41.290000 1 1
1989 11 08 27.460000 1 1
1989 11 09 43.550000 1 1
1989 11 10 125.700000 1 1
1989 11 11 272.700000 1 1
1989 11 12 118.990000 1 1
1989 11 13 154.980000 1 1
1989 11 14 95.160000 1 1
1989 11 15 63.570000 1 1
1989 11 16 51.420000 1 1
1989 11 17 43.550000 1 1
1989 11 18 36.740000 1 1
1989 11 19 36.740000 1 1
1989 11 20 33.260000 1 1
1989 11 21 32.100000 1 1
1989 11 22 27.460000 1 1
1989 11 23 26.300000 1 1
1989 11 24 23.940000 1 1
1989 11 25 23.940000 1 1
1989 11 26 25.120000 1 1
1989 11 27 33.260000 1 1
1989 11 28 42.420000 1 1
1989 11 29 45.810000 1 1
1989 11 30 99.240000 1 1
1989 12 01 97.200000 1 1
1989 12 02 103.290000 1 1
1989 12 03 118.990000 1 1
1989 12 04 116.080000 1 1
1989 12 05 90.040000 1 1
1989 12 06 99.240000 1 1
1989 12 07 103.290000 1 1
1989 12 08 106.260000 1 1
1989 12 09 98.220000 1 1
1989 12 10 91.070000 1 1
1989 12 11 86.950000 1 1
1989 12 12 107.250000 1 1
1989 12 13 122.850000 1 1
1989 12 14 90.040000 1 1
1989 12 15 80.740000 1 1
1989 12 16 187.040000 1 1
1989 12 17 180.520000 1 1
1989 12 18 170.500000 1 1
1989 12 19 154.980000 1 1
1989 12 20 107.250000 1 1
1989 12 21 96.180000 1 1
1989 12 22 87.980000 1 1
1989 12 23 86.950000 1 1
1989 12 24 91.070000 1 1
1989 12 25 85.920000 1 1
1989 12 26 73.320000 1 1
1989 12 27 138.760000 1 1
1989 12 28 217.220000 1 1
1989 12 29 280.000000 1 1
1989 12 30 355.300000 1 1
1989 12 31 377.800000 1 1
1990 01 01 305.880000 1 1
1990 01 02 230.310000 1 1
1990 01 03 248.940000 1 1
1990 01 04 157.620000 1 1
1990 01 05 352.010000 1 1
1990 01 06 290.020000 1 1
1990 01 07 310.740000 1 1
1990 01 08 296.920000 1 1
1990 01 09 245.540000 1 1
1990 01 10 231.730000 1 1
1990 01 11 223.840000 1 1
1990 01 12 206.730000 1 1
1990 01 13 203.650000 1 1
1990 01 14 248.940000 1 1
1990 01 15 256.240000 1 1
1990 01 16 262.660000 1 1
1990 01 17 311.280000 1 1
1990 01 18 278.200000 1 1
1990 01 19 206.730000 1 1
1990 01 20 190.280000 1 1
1990 01 21 187.040000 1 1
1990 01 22 182.980000 1 1
1990 01 23 153.220000 1 1
1990 01 24 123.800000 1 1
1990 01 25 95.160000 1 1
1990 01 26 91.070000 1 1
1990 01 27 80.740000 1 1
1990 01 28 76.500000 1 1
1990 01 29 211.250000 1 1
1990 01 30 310.200000 1 1
1990 01 31 178.060000 1 1
1990 02 01 302.560000 1 1
1990 02 02 296.920000 1 1
1990 02 03 282.980000 1 1
1990 02 04 235.280000 1 1
1990 02 05 211.250000 1 1
1990 02 06 206.730000 1 1
1990 02 07 168.800000 1 1
1990 02 08 179.700000 1 1
1990 02 09 182.980000 1 1
1990 02 10 187.850000 1 1
1990 02 11 191.090000 1 1
1990 02 12 207.500000 1 1
1990 02 13 218.700000 1 1
1990 02 14 263.930000 1 1
1990 02 15 302.000000 1 1
1990 02 16 299.760000 1 1
1990 02 17 296.350000 1 1
1990 02 18 291.180000 1 1
1990 02 19 227.440000 1 1
1990 02 20 154.100000 1 1
1990 02 21 113.170000 1 1
1990 02 22 67.930000 1 1
1990 02 23 63.570000 1 1
1990 02 24 51.420000 1 1
1990 02 25 67.930000 1 1
1990 02 26 85.920000 1 1
1990 02 27 134.160000 1 1
1990 02 28 179.700000 1 1
1990 03 01 241.460000 1 1
1990 03 02 239.420000 1 1
1990 03 03 236.700000 1 1
1990 03 04 233.150000 1 1
1990 03 05 163.660000 1 1
1990 03 06 154.980000 1 1
1990 03 07 140.600000 1 1
1990 03 08 118.020000 1 1
1990 03 09 105.270000 1 1
1990 03 10 89.010000 1 1
1990 03 11 69.020000 1 1
1990 03 12 69.020000 1 1
1990 03 13 66.840000 1 1
1990 03 14 65.750000 1 1
1990 03 15 66.840000 1 1
1990 03 16 77.560000 1 1
1990 03 17 83.860000 1 1
1990 03 18 89.010000 1 1
1990 03 19 94.140000 1 1
1990 03 20 209.000000 1 1
1990 03 21 209.750000 1 1
1990 03 22 210.500000 1 1
1990 03 23 212.750000 1 1
1990 03 24 232.440000 1 1
1990 03 25 252.280000 1 1
1990 03 26 259.460000 1 1
1990 03 27 262.660000 1 1
1990 03 28 272.080000 1 1
1990 03 29 292.920000 1 1
1990 03 30 246.900000 1 1
1990 03 31 187.850000 1 1
1990 04 01 220.920000 1 1
1990 04 02 239.420000 1 1
1990 04 03 149.700000 1 1
1990 04 04 128.550000 1 1
1990 04 05 139.680000 1 1
1990 04 06 178.060000 1 1
1990 04 07 180.520000 1 1
1990 04 08 166.240000 1 1
1990 04 09 163.660000 1 1
1990 04 10 187.040000 1 1
1990 04 11 220.920000 1 1
1990 04 12 248.940000 1 1
1990 04 13 228.160000 1 1
1990 04 14 161.080000 1 1
1990 04 15 136.000000 1 1
1990 04 16 119.960000 1 1
1990 04 17 114.140000 1 1
1990 04 18 220.920000 1 1
1990 04 19 195.060000 1 1
1990 04 20 79.680000 1 1
1990 04 21 69.020000 1 1
1990 04 22 65.750000 1 1
1990 04 23 60.300000 1 1
1990 04 24 58.080000 1 1
1990 04 25 53.640000 1 1
1990 04 26 49.200000 1 1
1990 04 27 53.640000 1 1
1990 04 28 51.420000 1 1
1990 04 29 51.420000 1 1
1990 04 30 53.640000 1 1
1990 05 01 78.620000 1 1
1990 05 02 67.930000 1 1
1990 05 03 63.570000 1 1
1990 05 04 53.640000 1 1
1990 05 05 54.750000 1 1
1990 05 06 51.420000 1 1
1990 05 07 82.830000 1 1
1990 05 08 99.240000 1 1
1990 05 09 64.660000 1 1
1990 05 10 65.750000 1 1
1990 05 11 62.480000 1 1
1990 05 12 53.640000 1 1
1990 05 13 54.750000 1 1
1990 05 14 53.640000 1 1
1990 05 15 44.680000 1 1
1990 05 16 42.420000 1 1
1990 05 17 43.550000 1 1
1990 05 18 41.290000 1 1
1990 05 19 40.160000 1 1
1990 05 20 35.580000 1 1
1990 05 21 33.260000 1 1
1990 05 22 30.940000 1 1
1990 05 23 29.780000 1 1
1990 05 24 28.620000 1 1
1990 05 25 28.620000 1 1
1990 05 26 28.620000 1 1
1990 05 27 28.620000 1 1
1990 05 28 28.620000 1 1
1990 05 29 28.620000 1 1
1990 05 30 19.220000 1 1
1990 05 31 22.760000 1 1
1990 06 01 20.400000 1 1
1990 06 02 19.220000 1 1
1990 06 03 19.220000 1 1
1990 06 04 19.220000 1 1
1990 06 05 19.220000 1 1
1990 06 06 16.860000 1 1
1990 06 07 16.860000 1 1
1990 06 08 26.300000 1 1
1990 06 09 26.300000 1 1
1990 06 10 26.300000 1 1
1990 06 11 26.300000 1 1
1990 06 12 23.940000 1 1
1990 06 13 23.940000 1 1
1990 06 14 23.940000 1 1
1990 06 15 23.940000 1 1
1990 06 16 23.940000 1 1
1990 06 17 23.940000 1 1
1990 06 18 23.940000 1 1
1990 06 19 23.940000 1 1
1990 06 20 23.940000 1 1
1990 06 21 23.940000 1 1
1990 06 22 23.940000 1 1
1990 06 23 21.580000 1 1
1990 06 24 21.580000 1 1
1990 06 25 21.580000 1 1
1990 06 26 21.580000 1 1
1990 06 27 21.580000 1 1
1990 06 28 21.580000 1 1
1990 06 29 20.400000 1 1
1990 06 30 19.220000 1 1
1990 07 01 19.220000 1 1
1990 07 02 19.220000 1 1
1990 07 03 19.220000 1 1
1990 07 04 19.220000 1 1
1990 07 05 19.220000 1 1
1990 07 06 19.220000 1 1
1990 07 07 19.220000 1 1
1990 07 08 19.220000 1 1
1990 07 09 16.860000 1 1
1990 07 10 16.860000 1 1
1990 07 11 22.760000 1 1
1990 07 12 36.740000 1 1
1990 07 13 33.260000 1 1
1990 07 14 14.500000 1 1
1990 07 15 23.940000 1 1
1990 07 16 23.940000 1 1
1990 07 17 21.580000 1 1
1990 07 18 20.400000 1 1
1990 07 19 19.220000 1 1
1990 07 20 16.860000 1 1
1990 07 21 18.040000 1 1
1990 07 22 18.040000 1 1
1990 07 23 18.040000 1 1
1990 07 24 18.040000 1 1
1990 07 25 18.040000 1 1
1990 07 26 18.040000 1 1
1990 07 27 18.040000 1 1
1990 07 28 19.220000 1 1
1990 07 29 18.040000 1 1
1990 07 30 16.860000 1 1
1990 07 31 12.080000 1 1
1990 08 01 14.500000 1 1
1990 08 02 14.500000 1 1
1990 08 03 14.500000 1 1
1990 08 04 14.500000 1 1
1990 08 05 14.500000 1 1
1990 08 06 14.500000 1 1
1990 08 07 14.500000 1 1
1990 08 08 14.500000 1 1
1990 08 09 14.500000 1 1
1990 08 10 12.080000 1 1
1990 08 11 12.080000 1 1
1990 08 12 12.080000 1 1
1990 08 13 12.080000 1 1
1990 08 14 12.080000 1 1
1990 08 15 12.080000 1 1
1990 08 16 10.870000 1 1
1990 08 17 9.660000 1 1
1990 08 18 9.660000 1 1
1990 08 19 9.660000 1 1
1990 08 20 8.450000 1 1
1990 08 21 9.660000 1 1
1990 08 22 10.870000 1 1
1990 08 23 10.870000 1 1
1990 08 24 9.660000 1 1
1990 08 25 10.870000 1 1
1990 08 26 12.080000 1 1
1990 08 27 7.240000 1 1
1990 08 28 8.450000 1 1
1990 08 29 10.870000 1 1
1990 08 30 9.660000 1 1
1990 08 31 9.660000 1 1
1990 09 01 9.660000 1 1
1990 09 02 9.660000 1 1
1990 09 03 9.660000 1 1
1990 09 04 9.660000 1 1
1990 09 05 9.660000 1 1
1990 09 06 9.660000 1 1
1990 09 07 9.660000 1 1
1990 09 08 12.080000 1 1
1990 09 09 12.080000 1 1
1990 09 10 14.500000 1 1
1990 09 11 16.860000 1 1
1990 09 12 18.040000 1 1
1990 09 13 19.220000 1 1
1990 09 14 21.580000 1 1
1990 09 15 23.940000 1 1
1990 09 16 23.940000 1 1
1990 09 17 23.940000 1 1
1990 09 18 26.300000 1 1
1990 09 19 26.300000 1 1
1990 09 20 30.940000 1 1
1990 09 21 35.580000 1 1
1990 09 22 33.260000 1 1
1990 09 23 30.940000 1 1
1990 09 24 33.260000 1 1
1990 09 25 37.900000 1 1
1990 09 26 46.940000 1 1
1990 09 27 46.940000 1 1
1990 09 28 44.680000 1 1
1990 09 29 42.420000 1 1
1990 09 30 146.970000 1 1
1990 10 01 265.820000 1 1
1990 10 02 296.920000 1 1
1990 10 03 167.950000 1 1
1990 10 04 131.400000 1 1
1990 10 05 79.680000 1 1
1990 10 06 20.400000 1 1
1990 10 07 25.120000 1 1
1990 10 08 26.300000 1 1
1990 10 09 36.740000 1 1
1990 10 10 45.810000 1 1
1990 10 11 56.970000 1 1
1990 10 12 67.930000 1 1
1990 10 13 94.140000 1 1
1990 10 14 100.260000 1 1
1990 10 15 100.260000 1 1
1990 10 16 100.260000 1 2
1990 10 17 103.290000 1 1
1990 10 18 110.220000 1 1
1990 10 19 116.080000 1 1
1990 10 20 123.800000 1 1
1990 10 21 126.650000 1 1
1990 10 22 127.600000 1 1
1990 10 23 138.760000 1 1
1990 10 24 119.960000 1 1
1990 10 25 118.020000 1 1
1990 10 26 116.080000 1 1
1990 10 27 114.140000 1 1
1990 10 28 109.230000 1 1
1990 10 29 107.250000 1 1
1990 10 30 106.260000 1 1
1990 10 31 106.260000 1 1
1990 11 01 78.620000 1 1
1990 11 02 67.930000 1 1
1990 11 03 66.840000 1 1
1990 11 04 64.660000 1 1
1990 11 05 56.970000 1 1
1990 11 06 52.530000 1 1
1990 11 07 45.810000 1 1
1990 11 08 41.290000 1 1
1990 11 09 35.580000 1 1
1990 11 10 32.100000 1 1
1990 11 11 42.420000 1 1
1990 11 12 41.290000 1 1
1990 11 13 41.290000 1 1
1990 11 14 44.680000 1 1
1990 11 15 46.940000 1 1
1990 11 16 26.300000 1 1
1990 11 17 30.940000 1 1
1990 11 18 33.260000 1 1
1990 11 19 30.940000 1 1
1990 11 20 29.780000 1 1
1990 11 21 28.620000 1 1
1990 11 22 19.220000 1 1
1990 11 23 23.940000 1 1
1990 11 24 13.290000 1 1
1990 11 25 20.400000 1 1
1990 11 26 22.760000 1 1
1990 11 27 19.220000 1 1
1990 11 28 19.220000 1 1
1990 11 29 18.040000 1 1
1990 11 30 16.860000 1 1
1990 12 01 14.500000 1 1
1990 12 02 23.940000 1 1
1990 12 03 20.400000 1 1
1990 12 04 30.940000 1 1
1990 12 05 30.940000 1 1
1990 12 06 29.780000 1 1
1990 12 07 37.900000 1 1
1990 12 08 44.680000 1 1
1990 12 09 43.550000 1 1
1990 12 10 54.750000 1 1
1990 12 11 55.860000 1 1
1990 12 12 55.860000 1 1
1990 12 13 67.930000 1 1
1990 12 14 76.500000 1 2
1990 12 15 83.860000 1 1
1990 12 16 89.010000 1 1
1990 12 17 96.180000 1 1
1990 12 18 100.260000 1 1
1990 12 19 107.250000 1 1
1990 12 20 111.210000 1 1
1990 12 21 170.500000 1 1
1990 12 22 117.050000 1 1
1990 12 23 nan nan 0
1990 12 24 nan nan 0
1990 12 25 nan nan 0
1990 12 26 nan nan 0
1990 12 27 nan nan 0
1990 12 28 nan nan 0
1990 12 29 nan nan 0
1990 12 30 nan nan 0
1990 12 31 nan nan 0
