year month day streamflow_m3s qual_control_by_ana qual_flag
1966 01 01 840.032000 1 1
1966 01 02 842.550000 1 1
1966 01 03 847.598000 1 1
1966 01 04 855.200000 1 1
1966 01 05 860.288000 1 1
1966 01 06 862.838000 1 1
1966 01 07 862.838000 1 1
1966 01 08 865.392000 1 1
1966 01 09 870.512000 1 1
1966 01 10 873.078000 1 1
1966 01 11 875.648000 1 1
1966 01 12 878.222000 1 1
1966 01 13 880.800000 1 1
1966 01 14 885.968000 1 1
1966 01 15 880.800000 1 1
1966 01 16 880.800000 1 1
1966 01 17 878.222000 1 1
1966 01 18 878.222000 1 1
1966 01 19 878.222000 1 1
1966 01 20 878.222000 1 1
1966 01 21 875.648000 1 1
1966 01 22 878.222000 1 1
1966 01 23 875.648000 1 1
1966 01 24 875.648000 1 1
1966 01 25 875.648000 1 1
1966 01 26 880.800000 1 1
1966 01 27 883.382000 1 1
1966 01 28 883.382000 1 1
1966 01 29 883.382000 1 1
1966 01 30 883.382000 1 1
1966 01 31 901.568000 1 1
1966 02 01 906.800000 1 1
1966 02 02 906.800000 1 1
1966 02 03 906.800000 1 1
1966 02 04 904.182000 1 1
1966 02 05 909.422000 1 1
1966 02 06 914.678000 1 1
1966 02 07 919.950000 1 1
1966 02 08 919.950000 1 1
1966 02 09 938.528000 1 1
1966 02 10 951.918000 1 1
1966 02 11 960.000000 1 1
1966 02 12 965.408000 1 1
1966 02 13 968.118000 1 1
1966 02 14 970.832000 1 1
1966 02 15 973.550000 1 1
1966 02 16 976.272000 1 1
1966 02 17 978.998000 1 1
1966 02 18 981.728000 1 1
1966 02 19 984.462000 1 1
1966 02 20 984.462000 1 1
1966 02 21 987.200000 1 1
1966 02 22 987.200000 1 1
1966 02 23 989.942000 1 1
1966 02 24 989.942000 1 1
1966 02 25 992.688000 1 1
1966 02 26 992.688000 1 1
1966 02 27 992.688000 1 1
1966 02 28 992.688000 1 1
1966 03 01 992.688000 1 1
1966 03 02 989.942000 1 1
1966 03 03 995.438000 1 1
1966 03 04 992.688000 1 1
1966 03 05 995.438000 1 1
1966 03 06 998.192000 1 1
1966 03 07 1000.950000 1 1
1966 03 08 1006.478000 1 1
1966 03 09 1003.712000 1 1
1966 03 10 1003.712000 1 1
1966 03 11 1006.478000 1 1
1966 03 12 1006.478000 1 1
1966 03 13 1006.478000 1 1
1966 03 14 1009.248000 1 1
1966 03 15 1009.248000 1 1
1966 03 16 1006.478000 1 1
1966 03 17 1009.248000 1 1
1966 03 18 1012.022000 1 1
1966 03 19 1012.022000 1 1
1966 03 20 1012.022000 1 1
1966 03 21 1012.022000 1 1
1966 03 22 1017.582000 1 1
1966 03 23 1020.368000 1 1
1966 03 24 1025.952000 1 1
1966 03 25 1028.750000 1 1
1966 03 26 1034.358000 1 1
1966 03 27 1042.800000 1 1
1966 03 28 1051.278000 1 1
1966 03 29 1054.112000 1 1
1966 03 30 1062.638000 1 1
1966 03 31 1059.792000 1 1
1966 04 01 1068.342000 1 1
1966 04 02 1071.200000 1 1
1966 04 03 1079.798000 1 1
1966 04 04 1085.550000 1 1
1966 04 05 1091.318000 1 1
1966 04 06 1100.000000 1 1
1966 04 07 1102.902000 1 1
1966 04 08 1105.808000 1 1
1966 04 09 1111.632000 1 1
1966 04 10 1111.632000 1 1
1966 04 11 1114.550000 1 1
1966 04 12 1111.632000 1 1
1966 04 13 1114.550000 1 1
1966 04 14 1114.550000 1 1
1966 04 15 1114.550000 1 1
1966 04 16 1111.632000 1 1
1966 04 17 1114.550000 1 1
1966 04 18 1111.632000 1 1
1966 04 19 1111.632000 1 1
1966 04 20 1123.328000 1 1
1966 04 21 1135.088000 1 1
1966 04 22 1135.088000 1 1
1966 04 23 1143.950000 1 1
1966 04 24 1152.848000 1 1
1966 04 25 1155.822000 1 1
1966 04 26 1158.800000 1 1
1966 04 27 1158.800000 1 1
1966 04 28 1158.800000 1 1
1966 04 29 1161.782000 1 1
1966 04 30 1158.800000 1 1
1966 05 01 1158.800000 1 1
1966 05 02 1167.758000 1 1
1966 05 03 1170.752000 1 1
1966 05 04 1173.750000 1 1
1966 05 05 1176.752000 1 1
1966 05 06 1179.758000 1 1
1966 05 07 1179.758000 1 1
1966 05 08 1179.758000 1 1
1966 05 09 1182.768000 1 1
1966 05 10 1185.782000 1 1
1966 05 11 1188.800000 1 1
1966 05 12 1197.878000 1 1
1966 05 13 1206.992000 1 1
1966 05 14 1222.262000 1 1
1966 05 15 1228.398000 1 1
1966 05 16 1228.398000 1 1
1966 05 17 1234.550000 1 1
1966 05 18 1237.632000 1 1
1966 05 19 1240.718000 1 1
1966 05 20 1237.632000 1 1
1966 05 21 1240.718000 1 1
1966 05 22 1243.808000 1 1
1966 05 23 1243.808000 1 1
1966 05 24 1243.808000 1 1
1966 05 25 1240.718000 1 1
1966 05 26 1243.808000 1 1
1966 05 27 1240.718000 1 1
1966 05 28 1240.718000 1 1
1966 05 29 1237.632000 1 1
1966 05 30 1240.718000 1 1
1966 05 31 1240.718000 1 1
1966 06 01 1234.550000 1 1
1966 06 02 1234.550000 1 1
1966 06 03 1231.472000 1 1
1966 06 04 1231.472000 1 1
1966 06 05 1231.472000 1 1
1966 06 06 1231.472000 1 1
1966 06 07 1231.472000 1 1
1966 06 08 1231.472000 1 1
1966 06 09 1228.398000 1 1
1966 06 10 1225.328000 1 1
1966 06 11 1222.262000 1 1
1966 06 12 1222.262000 1 1
1966 06 13 1219.200000 1 1
1966 06 14 1216.142000 1 1
1966 06 15 1216.142000 1 1
1966 06 16 1213.088000 1 1
1966 06 17 1213.088000 1 1
1966 06 18 1213.088000 1 1
1966 06 19 1213.088000 1 1
1966 06 20 1213.088000 1 1
1966 06 21 1210.038000 1 1
1966 06 22 1206.992000 1 1
1966 06 23 1206.992000 1 1
1966 06 24 1203.950000 1 1
1966 06 25 1203.950000 1 1
1966 06 26 1203.950000 1 1
1966 06 27 1203.950000 1 1
1966 06 28 1197.878000 1 1
1966 06 29 1197.878000 1 1
1966 06 30 1197.878000 1 1
1966 07 01 1200.912000 1 1
1966 07 02 1200.912000 1 1
1966 07 03 1197.878000 1 1
1966 07 04 1197.878000 1 1
1966 07 05 1191.822000 1 1
1966 07 06 1185.782000 1 1
1966 07 07 1182.768000 1 1
1966 07 08 1176.752000 1 1
1966 07 09 1176.752000 1 1
1966 07 10 1170.752000 1 1
1966 07 11 1167.758000 1 1
1966 07 12 1158.800000 1 1
1966 07 13 1155.822000 1 1
1966 07 14 1149.878000 1 1
1966 07 15 1140.992000 1 1
1966 07 16 1135.088000 1 1
1966 07 17 1129.200000 1 1
1966 07 18 1123.328000 1 1
1966 07 19 1117.472000 1 1
1966 07 20 1117.472000 1 1
1966 07 21 1105.808000 1 1
1966 07 22 1100.000000 1 1
1966 07 23 1091.318000 1 1
1966 07 24 1082.672000 1 1
1966 07 25 1076.928000 1 1
1966 07 26 1071.200000 1 1
1966 07 27 1059.792000 1 1
1966 07 28 1054.112000 1 1
1966 07 29 1048.448000 1 1
1966 07 30 1037.168000 1 1
1966 07 31 1028.750000 1 1
1966 08 01 1023.158000 1 1
1966 08 02 1012.022000 1 1
1966 08 03 1003.712000 1 1
1966 08 04 992.688000 1 1
1966 08 05 984.462000 1 1
1966 08 06 976.272000 1 1
1966 08 07 970.832000 1 1
1966 08 08 960.000000 1 1
1966 08 09 951.918000 1 1
1966 08 10 943.872000 1 1
1966 08 11 933.200000 1 1
1966 08 12 930.542000 1 1
1966 08 13 922.592000 1 1
1966 08 14 912.048000 1 1
1966 08 15 904.182000 1 1
1966 08 16 898.958000 1 1
1966 08 17 891.152000 1 1
1966 08 18 880.800000 1 1
1966 08 19 875.648000 1 1
1966 08 20 865.392000 1 1
1966 08 21 860.288000 1 1
1966 08 22 855.200000 1 1
1966 08 23 850.128000 1 1
1966 08 24 842.550000 1 1
1966 08 25 832.502000 1 1
1966 08 26 825.008000 1 1
1966 08 27 820.032000 1 1
1966 08 28 815.072000 1 1
1966 08 29 807.662000 1 1
1966 08 30 795.392000 1 1
1966 08 31 788.078000 1 1
1966 09 01 790.512000 1 1
1966 09 02 788.078000 1 1
1966 09 03 785.648000 1 1
1966 09 04 780.800000 1 1
1966 09 05 775.968000 1 1
1966 09 06 768.750000 1 1
1966 09 07 761.568000 1 1
1966 09 08 756.800000 1 1
1966 09 09 752.048000 1 1
1966 09 10 749.678000 1 1
1966 09 11 744.950000 1 1
1966 09 12 737.888000 1 1
1966 09 13 733.200000 1 1
1966 09 14 730.862000 1 1
1966 09 15 726.198000 1 1
1966 09 16 721.550000 1 1
1966 09 17 716.918000 1 1
1966 09 18 707.702000 1 1
1966 09 19 700.832000 1 1
1966 09 20 696.272000 1 1
1966 09 21 684.942000 1 1
1966 09 22 678.192000 1 1
1966 09 23 671.478000 1 1
1966 09 24 664.800000 1 1
1966 09 25 660.368000 1 1
1966 09 26 653.750000 1 1
1966 09 27 647.168000 1 1
1966 09 28 644.982000 1 1
1966 09 29 640.622000 1 1
1966 09 30 634.112000 1 1
1966 10 01 629.792000 1 1
1966 10 02 625.488000 1 1
1966 10 03 621.200000 1 1
1966 10 04 614.798000 1 1
1966 10 05 612.672000 1 1
1966 10 06 608.432000 1 1
1966 10 07 602.102000 1 1
1966 10 08 602.102000 1 1
1966 10 09 602.102000 1 1
1966 10 10 602.102000 1 1
1966 10 11 600.000000 1 1
1966 10 12 606.318000 1 1
1966 10 13 604.208000 1 1
1966 10 14 606.318000 1 1
1966 10 15 608.432000 1 1
1966 10 16 608.432000 1 1
1966 10 17 604.208000 1 1
1966 10 18 602.102000 1 1
1966 10 19 600.000000 1 1
1966 10 20 600.000000 1 1
1966 10 21 600.000000 1 1
1966 10 22 600.000000 1 1
1966 10 23 602.102000 1 1
1966 10 24 600.000000 1 1
1966 10 25 606.318000 1 1
1966 10 26 610.550000 1 1
1966 10 27 614.798000 1 1
1966 10 28 616.928000 1 1
1966 10 29 621.200000 1 1
1966 10 30 627.638000 1 1
1966 10 31 634.112000 1 1
1966 11 01 640.622000 1 1
1966 11 02 642.800000 1 1
1966 11 03 647.168000 1 1
1966 11 04 649.358000 1 1
1966 11 05 651.552000 1 1
1966 11 06 653.750000 1 1
1966 11 07 655.952000 1 1
1966 11 08 662.582000 1 1
1966 11 09 667.022000 1 1
1966 11 10 671.478000 1 1
1966 11 11 675.950000 1 1
1966 11 12 680.438000 1 1
1966 11 13 698.550000 1 1
1966 11 14 691.728000 1 1
1966 11 15 696.272000 1 1
1966 11 16 700.832000 1 1
1966 11 17 700.832000 1 1
1966 11 18 703.118000 1 1
1966 11 19 707.702000 1 1
1966 11 20 707.702000 1 1
1966 11 21 710.000000 1 1
1966 11 22 710.000000 1 1
1966 11 23 710.000000 1 1
1966 11 24 710.000000 1 1
1966 11 25 707.702000 1 1
1966 11 26 707.702000 1 1
1966 11 27 705.408000 1 1
1966 11 28 705.408000 1 1
1966 11 29 703.118000 1 1
1966 11 30 703.118000 1 1
1966 12 01 703.118000 1 1
1966 12 02 705.408000 1 1
1966 12 03 707.702000 1 1
1966 12 04 710.000000 1 1
1966 12 05 710.000000 1 1
1966 12 06 710.000000 1 1
1966 12 07 710.000000 1 1
1966 12 08 712.302000 1 1
1966 12 09 714.608000 1 1
1966 12 10 714.608000 1 1
1966 12 11 710.000000 1 1
1966 12 12 710.000000 1 1
1966 12 13 707.702000 1 1
1966 12 14 705.408000 1 1
1966 12 15 703.118000 1 1
1966 12 16 700.832000 1 1
1966 12 17 703.118000 1 1
1966 12 18 705.408000 1 1
1966 12 19 705.408000 1 1
1966 12 20 707.702000 1 1
1966 12 21 707.702000 1 1
1966 12 22 705.408000 1 1
1966 12 23 703.118000 1 1
1966 12 24 700.832000 1 1
1966 12 25 700.832000 1 1
1966 12 26 696.272000 1 1
1966 12 27 698.550000 1 1
1966 12 28 696.272000 1 1
1966 12 29 698.550000 1 1
1966 12 30 696.272000 1 1
1966 12 31 698.550000 1 1
1967 01 01 698.550000 1 1
1967 01 02 700.832000 1 1
1967 01 03 703.118000 1 1
1967 01 04 719.232000 1 1
1967 01 05 723.872000 1 1
1967 01 06 723.872000 1 1
1967 01 07 723.872000 1 1
1967 01 08 719.232000 1 1
1967 01 09 714.608000 1 1
1967 01 10 716.918000 1 1
1967 01 11 716.918000 1 1
1967 01 12 710.000000 1 1
1967 01 13 705.408000 1 1
1967 01 14 705.408000 1 1
1967 01 15 700.832000 1 1
1967 01 16 698.550000 1 1
1967 01 17 696.272000 1 1
1967 01 18 696.272000 1 1
1967 01 19 698.550000 1 1
1967 01 20 703.118000 1 1
1967 01 21 710.000000 1 1
1967 01 22 716.918000 1 1
1967 01 23 721.550000 1 1
1967 01 24 726.198000 1 1
1967 01 25 730.862000 1 1
1967 01 26 733.200000 1 1
1967 01 27 737.888000 1 1
1967 01 28 740.238000 1 1
1967 01 29 742.592000 1 1
1967 01 30 744.950000 1 1
1967 01 31 747.312000 1 1
1967 02 01 749.678000 1 1
1967 02 02 752.048000 1 1
1967 02 03 754.422000 1 1
1967 02 04 759.182000 1 1
1967 02 05 763.958000 1 1
1967 02 06 768.750000 1 1
1967 02 07 773.558000 1 1
1967 02 08 778.382000 1 1
1967 02 09 780.800000 1 1
1967 02 10 780.800000 1 1
1967 02 11 785.648000 1 1
1967 02 12 790.512000 1 1
1967 02 13 795.392000 1 1
1967 02 14 800.288000 1 1
1967 02 15 800.288000 1 1
1967 02 16 807.662000 1 1
1967 02 17 815.072000 1 1
1967 02 18 817.550000 1 1
1967 02 19 822.518000 1 1
1967 02 20 825.008000 1 1
1967 02 21 830.000000 1 1
1967 02 22 832.502000 1 1
1967 02 23 835.008000 1 1
1967 02 24 835.008000 1 1
1967 02 25 847.598000 1 1
1967 02 26 855.200000 1 1
1967 02 27 860.288000 1 1
1967 02 28 865.392000 1 1
1967 03 01 867.950000 1 1
1967 03 02 880.800000 1 1
1967 03 03 888.558000 1 1
1967 03 04 893.750000 1 1
1967 03 05 896.352000 1 1
1967 03 06 904.182000 1 1
1967 03 07 909.422000 1 1
1967 03 08 917.312000 1 1
1967 03 09 919.950000 1 1
1967 03 10 919.950000 1 1
1967 03 11 922.592000 1 1
1967 03 12 925.238000 1 1
1967 03 13 927.888000 1 1
1967 03 14 927.888000 1 1
1967 03 15 935.862000 1 1
1967 03 16 943.872000 1 1
1967 03 17 943.872000 1 1
1967 03 18 946.550000 1 1
1967 03 19 946.550000 1 1
1967 03 20 946.550000 1 1
1967 03 21 946.550000 1 1
1967 03 22 951.918000 1 1
1967 03 23 951.918000 1 1
1967 03 24 951.918000 1 1
1967 03 25 957.302000 1 1
1967 03 26 957.302000 1 1
1967 03 27 960.000000 1 1
1967 03 28 962.702000 1 1
1967 03 29 965.408000 1 1
1967 03 30 968.118000 1 1
1967 03 31 968.118000 1 1
1967 04 01 970.832000 1 1
1967 04 02 973.550000 1 1
1967 04 03 973.550000 1 1
1967 04 04 976.272000 1 1
1967 04 05 976.272000 1 1
1967 04 06 976.272000 1 1
1967 04 07 978.998000 1 1
1967 04 08 978.998000 1 1
1967 04 09 978.998000 1 1
1967 04 10 978.998000 1 1
1967 04 11 978.998000 1 1
1967 04 12 978.998000 1 1
1967 04 13 978.998000 1 1
1967 04 14 981.728000 1 1
1967 04 15 981.728000 1 1
1967 04 16 987.200000 1 1
1967 04 17 987.200000 1 1
1967 04 18 989.942000 1 1
1967 04 19 989.942000 1 1
1967 04 20 989.942000 1 1
1967 04 21 989.942000 1 1
1967 04 22 989.942000 1 1
1967 04 23 989.942000 1 1
1967 04 24 995.438000 1 1
1967 04 25 995.438000 1 1
1967 04 26 995.438000 1 1
1967 04 27 995.438000 1 1
1967 04 28 992.688000 1 1
1967 04 29 992.688000 1 1
1967 04 30 992.688000 1 1
1967 05 01 992.688000 1 1
1967 05 02 995.438000 1 1
1967 05 03 992.688000 1 1
1967 05 04 992.688000 1 1
1967 05 05 992.688000 1 1
1967 05 06 992.688000 1 1
1967 05 07 992.688000 1 1
1967 05 08 992.688000 1 1
1967 05 09 989.942000 1 1
1967 05 10 989.942000 1 1
1967 05 11 987.200000 1 1
1967 05 12 984.462000 1 1
1967 05 13 981.728000 1 1
1967 05 14 978.998000 1 1
1967 05 15 978.998000 1 1
1967 05 16 978.998000 1 1
1967 05 17 976.272000 1 1
1967 05 18 973.550000 1 1
1967 05 19 973.550000 1 1
1967 05 20 973.550000 1 1
1967 05 21 970.832000 1 1
1967 05 22 970.832000 1 1
1967 05 23 970.832000 1 1
1967 05 24 968.118000 1 1
1967 05 25 968.118000 1 1
1967 05 26 965.408000 1 1
1967 05 27 965.408000 1 1
1967 05 28 962.702000 1 1
1967 05 29 962.702000 1 1
1967 05 30 962.702000 1 1
1967 05 31 962.702000 1 1
1967 06 01 960.000000 1 1
1967 06 02 960.000000 1 1
1967 06 03 960.000000 1 1
1967 06 04 968.118000 1 1
1967 06 05 968.118000 1 1
1967 06 06 968.118000 1 1
1967 06 07 970.832000 1 1
1967 06 08 978.998000 1 1
1967 06 09 984.462000 1 1
1967 06 10 984.462000 1 1
1967 06 11 987.200000 1 1
1967 06 12 987.200000 1 1
1967 06 13 987.200000 1 1
1967 06 14 987.200000 1 1
1967 06 15 987.200000 1 1
1967 06 16 987.200000 1 1
1967 06 17 987.200000 1 1
1967 06 18 987.200000 1 1
1967 06 19 989.942000 1 1
1967 06 20 989.942000 1 1
1967 06 21 989.942000 1 1
1967 06 22 989.942000 1 1
1967 06 23 989.942000 1 1
1967 06 24 989.942000 1 1
1967 06 25 987.200000 1 1
1967 06 26 984.462000 1 1
1967 06 27 984.462000 1 1
1967 06 28 981.728000 1 1
1967 06 29 981.728000 1 1
1967 06 30 981.728000 1 1
1967 07 01 970.832000 1 1
1967 07 02 970.832000 1 1
1967 07 03 965.408000 1 1
1967 07 04 962.702000 1 1
1967 07 05 962.702000 1 1
1967 07 06 960.000000 1 1
1967 07 07 957.302000 1 1
1967 07 08 951.918000 1 1
1967 07 09 949.232000 1 1
1967 07 10 943.872000 1 1
1967 07 11 941.198000 1 1
1967 07 12 935.862000 1 1
1967 07 13 933.200000 1 1
1967 07 14 930.542000 1 1
1967 07 15 927.888000 1 1
1967 07 16 922.592000 1 1
1967 07 17 917.312000 1 1
1967 07 18 914.678000 1 1
1967 07 19 906.800000 1 1
1967 07 20 901.568000 1 1
1967 07 21 896.352000 1 1
1967 07 22 891.152000 1 1
1967 07 23 885.968000 1 1
1967 07 24 880.800000 1 1
1967 07 25 875.648000 1 1
1967 07 26 870.512000 1 1
1967 07 27 865.392000 1 1
1967 07 28 860.288000 1 1
1967 07 29 855.200000 1 1
1967 07 30 850.128000 1 1
1967 07 31 845.072000 1 1
1967 08 01 835.008000 1 1
1967 08 02 830.000000 1 1
1967 08 03 827.502000 1 1
1967 08 04 820.032000 1 1
1967 08 05 815.072000 1 1
1967 08 06 810.128000 1 1
1967 08 07 805.200000 1 1
1967 08 08 795.392000 1 1
1967 08 09 788.078000 1 1
1967 08 10 780.800000 1 1
1967 08 11 773.558000 1 1
1967 08 12 766.352000 1 1
1967 08 13 759.182000 1 1
1967 08 14 754.422000 1 1
1967 08 15 744.950000 1 1
1967 08 16 735.542000 1 1
1967 08 17 730.862000 1 1
1967 08 18 723.872000 1 1
1967 08 19 716.918000 1 1
1967 08 20 710.000000 1 1
1967 08 21 703.118000 1 1
1967 08 22 696.272000 1 1
1967 08 23 684.942000 1 1
1967 08 24 678.192000 1 1
1967 08 25 671.478000 1 1
1967 08 26 664.800000 1 1
1967 08 27 658.158000 1 1
1967 08 28 649.358000 1 1
1967 08 29 642.800000 1 1
1967 08 30 638.448000 1 1
1967 08 31 631.950000 1 1
1967 09 01 623.342000 1 1
1967 09 02 621.200000 1 1
1967 09 03 616.928000 1 1
1967 09 04 610.550000 1 1
1967 09 05 604.208000 1 1
1967 09 06 600.000000 1 1
1967 09 07 604.208000 1 1
1967 09 08 608.432000 1 1
1967 09 09 614.798000 1 1
1967 09 10 623.342000 1 1
1967 09 11 629.792000 1 1
1967 09 12 640.622000 1 1
1967 09 13 644.982000 1 1
1967 09 14 647.168000 1 1
1967 09 15 649.358000 1 1
1967 09 16 651.552000 1 1
1967 09 17 653.750000 1 1
1967 09 18 655.952000 1 1
1967 09 19 662.582000 1 1
1967 09 20 669.248000 1 1
1967 09 21 675.950000 1 1
1967 09 22 675.950000 1 1
1967 09 23 675.950000 1 1
1967 09 24 675.950000 1 1
1967 09 25 675.950000 1 1
1967 09 26 680.438000 1 1
1967 09 27 680.438000 1 1
1967 09 28 682.688000 1 1
1967 09 29 691.728000 1 1
1967 09 30 696.272000 1 1
1967 10 01 696.272000 1 1
1967 10 02 696.272000 1 1
1967 10 03 691.728000 1 1
1967 10 04 691.728000 1 1
1967 10 05 696.272000 1 1
1967 10 06 698.550000 1 1
1967 10 07 700.832000 1 1
1967 10 08 703.118000 1 1
1967 10 09 705.408000 1 1
1967 10 10 707.702000 1 1
1967 10 11 712.302000 1 1
1967 10 12 716.918000 1 1
1967 10 13 716.918000 1 1
1967 10 14 716.918000 1 1
1967 10 15 716.918000 1 1
1967 10 16 716.918000 1 1
1967 10 17 716.918000 1 1
1967 10 18 716.918000 1 1
1967 10 19 716.918000 1 1
1967 10 20 710.000000 1 1
1967 10 21 712.302000 1 1
1967 10 22 712.302000 1 1
1967 10 23 712.302000 1 1
1967 10 24 712.302000 1 1
1967 10 25 698.550000 1 1
1967 10 26 691.728000 1 1
1967 10 27 684.942000 1 1
1967 10 28 682.688000 1 1
1967 10 29 678.192000 1 1
1967 10 30 678.192000 1 1
1967 10 31 678.192000 1 1
1967 11 01 673.712000 1 1
1967 11 02 671.478000 1 1
1967 11 03 669.248000 1 1
1967 11 04 662.582000 1 1
1967 11 05 658.158000 1 1
1967 11 06 653.750000 1 1
1967 11 07 647.168000 1 1
1967 11 08 642.800000 1 1
1967 11 09 638.448000 1 1
1967 11 10 638.448000 1 1
1967 11 11 638.448000 1 1
1967 11 12 629.792000 1 1
1967 11 13 629.792000 1 1
1967 11 14 625.488000 1 1
1967 11 15 621.200000 1 1
1967 11 16 616.928000 1 1
1967 11 17 616.928000 1 1
1967 11 18 616.928000 1 1
1967 11 19 616.928000 1 1
1967 11 20 616.928000 1 1
1967 11 21 616.928000 1 1
1967 11 22 616.928000 1 1
1967 11 23 610.550000 1 1
1967 11 24 606.318000 1 1
1967 11 25 602.102000 1 1
1967 11 26 600.000000 1 1
1967 11 27 604.208000 1 1
1967 11 28 606.318000 1 1
1967 11 29 616.928000 1 1
1967 11 30 621.200000 1 1
1967 12 01 621.200000 1 1
1967 12 02 625.488000 1 1
1967 12 03 625.488000 1 1
1967 12 04 634.112000 1 1
1967 12 05 638.448000 1 1
1967 12 06 642.800000 1 1
1967 12 07 642.800000 1 1
1967 12 08 644.982000 1 1
1967 12 09 647.168000 1 1
1967 12 10 649.358000 1 1
1967 12 11 653.750000 1 1
1967 12 12 658.158000 1 1
1967 12 13 660.368000 1 1
1967 12 14 660.368000 1 1
1967 12 15 660.368000 1 1
1967 12 16 660.368000 1 1
1967 12 17 660.368000 1 1
1967 12 18 653.750000 1 1
1967 12 19 649.358000 1 1
1967 12 20 647.168000 1 1
1967 12 21 651.552000 1 1
1967 12 22 651.552000 1 1
1967 12 23 651.552000 1 1
1967 12 24 655.952000 1 1
1967 12 25 655.952000 1 1
1967 12 26 655.952000 1 1
1967 12 27 658.158000 1 1
1967 12 28 660.368000 1 1
1967 12 29 662.582000 1 1
1967 12 30 664.800000 1 1
1967 12 31 667.022000 1 1
1968 01 01 669.248000 1 1
1968 01 02 671.478000 1 1
1968 01 03 682.688000 1 1
1968 01 04 684.942000 1 1
1968 01 05 687.200000 1 1
1968 01 06 689.462000 1 1
1968 01 07 691.728000 1 1
1968 01 08 696.272000 1 1
1968 01 09 698.550000 1 1
1968 01 10 700.832000 1 1
1968 01 11 705.408000 1 1
1968 01 12 707.702000 1 1
1968 01 13 710.000000 1 1
1968 01 14 712.302000 1 1
1968 01 15 719.232000 1 1
1968 01 16 728.528000 1 1
1968 01 17 733.200000 1 1
1968 01 18 737.888000 1 1
1968 01 19 740.238000 1 1
1968 01 20 752.048000 1 1
1968 01 21 761.568000 1 1
1968 01 22 768.750000 1 1
1968 01 23 773.558000 1 1
1968 01 24 775.968000 1 1
1968 01 25 785.648000 1 1
1968 01 26 788.078000 1 1
1968 01 27 788.078000 1 1
1968 01 28 790.512000 1 1
1968 01 29 792.950000 1 1
1968 01 30 797.838000 1 1
1968 01 31 800.288000 1 1
1968 02 01 802.742000 1 1
1968 02 02 805.200000 1 1
1968 02 03 807.662000 1 1
1968 02 04 810.128000 1 1
1968 02 05 812.598000 1 1
1968 02 06 815.072000 1 1
1968 02 07 817.550000 1 1
1968 02 08 822.518000 1 1
1968 02 09 825.008000 1 1
1968 02 10 827.502000 1 1
1968 02 11 827.502000 1 1
1968 02 12 830.000000 1 1
1968 02 13 837.518000 1 1
1968 02 14 842.550000 1 1
1968 02 15 855.200000 1 1
1968 02 16 860.288000 1 1
1968 02 17 865.392000 1 1
1968 02 18 870.512000 1 1
1968 02 19 875.648000 1 1
1968 02 20 885.968000 1 1
1968 02 21 891.152000 1 1
1968 02 22 891.152000 1 1
1968 02 23 896.352000 1 1
1968 02 24 901.568000 1 1
1968 02 25 906.800000 1 1
1968 02 26 912.048000 1 1
1968 02 27 917.312000 1 1
1968 02 28 922.592000 1 1
1968 02 29 927.888000 1 1
1968 03 01 930.542000 1 1
1968 03 02 930.542000 1 1
1968 03 03 930.542000 1 1
1968 03 04 930.542000 1 1
1968 03 05 933.200000 1 1
1968 03 06 933.200000 1 1
1968 03 07 933.200000 1 1
1968 03 08 933.200000 1 1
1968 03 09 933.200000 1 1
1968 03 10 933.200000 1 1
1968 03 11 933.200000 1 1
1968 03 12 933.200000 1 1
1968 03 13 933.200000 1 1
1968 03 14 933.200000 1 1
1968 03 15 933.200000 1 1
1968 03 16 933.200000 1 1
1968 03 17 933.200000 1 1
1968 03 18 933.200000 1 1
1968 03 19 933.200000 1 1
1968 03 20 935.862000 1 1
1968 03 21 935.862000 1 1
1968 03 22 935.862000 1 1
1968 03 23 935.862000 1 1
1968 03 24 935.862000 1 1
1968 03 25 938.528000 1 1
1968 03 26 941.198000 1 1
1968 03 27 941.198000 1 1
1968 03 28 941.198000 1 1
1968 03 29 941.198000 1 1
1968 03 30 941.198000 1 1
1968 03 31 941.198000 1 1
1968 04 01 941.198000 1 1
1968 04 02 941.198000 1 1
1968 04 03 941.198000 1 1
1968 04 04 941.198000 1 1
1968 04 05 941.198000 1 1
1968 04 06 941.198000 1 1
1968 04 07 941.198000 1 1
1968 04 08 941.198000 1 1
1968 04 09 941.198000 1 1
1968 04 10 941.198000 1 1
1968 04 11 941.198000 1 1
1968 04 12 941.198000 1 1
1968 04 13 943.872000 1 1
1968 04 14 943.872000 1 1
1968 04 15 943.872000 1 1
1968 04 16 943.872000 1 1
1968 04 17 943.872000 1 1
1968 04 18 954.608000 1 1
1968 04 19 960.000000 1 1
1968 04 20 965.408000 1 1
1968 04 21 968.118000 1 1
1968 04 22 968.118000 1 1
1968 04 23 970.832000 1 1
1968 04 24 973.550000 1 1
1968 04 25 976.272000 1 1
1968 04 26 978.998000 1 1
1968 04 27 981.728000 1 1
1968 04 28 987.200000 1 1
1968 04 29 992.688000 1 1
1968 04 30 998.192000 1 1
1968 05 01 1003.712000 1 1
1968 05 02 1006.478000 1 1
1968 05 03 1009.248000 1 1
1968 05 04 1012.022000 1 1
1968 05 05 1014.800000 1 1
1968 05 06 1017.582000 1 1
1968 05 07 1025.952000 1 1
1968 05 08 1031.552000 1 1
1968 05 09 1042.800000 1 1
1968 05 10 1048.448000 1 1
1968 05 11 1054.112000 1 1
1968 05 12 1059.792000 1 1
1968 05 13 1062.638000 1 1
1968 05 14 1065.488000 1 1
1968 05 15 1071.200000 1 1
1968 05 16 1071.200000 1 1
1968 05 17 1076.928000 1 1
1968 05 18 1079.798000 1 1
1968 05 19 1082.672000 1 1
1968 05 20 1085.550000 1 1
1968 05 21 1088.432000 1 1
1968 05 22 1091.318000 1 1
1968 05 23 1094.208000 1 1
1968 05 24 1097.102000 1 1
1968 05 25 1100.000000 1 1
1968 05 26 1102.902000 1 1
1968 05 27 1105.808000 1 1
1968 05 28 1108.718000 1 1
1968 05 29 1108.718000 1 1
1968 05 30 1108.718000 1 1
1968 05 31 1111.632000 1 1
1968 06 01 1111.632000 1 1
1968 06 02 1111.632000 1 1
1968 06 03 1111.632000 1 1
1968 06 04 1111.632000 1 1
1968 06 05 1111.632000 1 1
1968 06 06 1114.550000 1 1
1968 06 07 1114.550000 1 1
1968 06 08 1114.550000 1 1
1968 06 09 1114.550000 1 1
1968 06 10 1114.550000 1 1
1968 06 11 1114.550000 1 1
1968 06 12 1114.550000 1 1
1968 06 13 1114.550000 1 1
1968 06 14 1114.550000 1 1
1968 06 15 1114.550000 1 1
1968 06 16 1111.632000 1 1
1968 06 17 1108.718000 1 1
1968 06 18 1105.808000 1 1
1968 06 19 1105.808000 1 1
1968 06 20 1105.808000 1 1
1968 06 21 1105.808000 1 1
1968 06 22 1102.902000 1 1
1968 06 23 1100.000000 1 1
1968 06 24 1100.000000 1 1
1968 06 25 1094.208000 1 1
1968 06 26 1091.318000 1 1
1968 06 27 1088.432000 1 1
1968 06 28 1085.550000 1 1
1968 06 29 1082.672000 1 1
1968 06 30 1079.798000 1 1
1968 07 01 1076.928000 1 1
1968 07 02 1074.062000 1 1
1968 07 03 1071.200000 1 1
1968 07 04 1068.342000 1 1
1968 07 05 1062.638000 1 1
1968 07 06 1056.950000 1 1
1968 07 07 1051.278000 1 1
1968 07 08 1045.622000 1 1
1968 07 09 1042.800000 1 1
1968 07 10 1037.168000 1 1
1968 07 11 1034.358000 1 1
1968 07 12 1031.552000 1 1
1968 07 13 1025.952000 1 1
1968 07 14 1020.368000 1 1
1968 07 15 1014.800000 1 1
1968 07 16 1003.712000 1 1
1968 07 17 995.438000 1 1
1968 07 18 989.942000 1 1
1968 07 19 984.462000 1 1
1968 07 20 978.998000 1 1
1968 07 21 973.550000 1 1
1968 07 22 968.118000 1 1
1968 07 23 954.608000 1 1
1968 07 24 946.550000 1 1
1968 07 25 941.198000 1 1
1968 07 26 935.862000 1 1
1968 07 27 927.888000 1 1
1968 07 28 919.950000 1 1
1968 07 29 909.422000 1 1
1968 07 30 901.568000 1 1
1968 07 31 893.750000 1 1
1968 08 01 885.968000 1 1
1968 08 02 880.800000 1 1
1968 08 03 873.078000 1 1
1968 08 04 865.392000 1 1
1968 08 05 855.200000 1 1
1968 08 06 850.128000 1 1
1968 08 07 840.032000 1 1
1968 08 08 832.502000 1 1
1968 08 09 825.008000 1 1
1968 08 10 817.550000 1 1
1968 08 11 810.128000 1 1
1968 08 12 805.200000 1 1
1968 08 13 800.288000 1 1
1968 08 14 792.950000 1 1
1968 08 15 785.648000 1 1
1968 08 16 778.382000 1 1
1968 08 17 771.152000 1 1
1968 08 18 763.958000 1 1
1968 08 19 759.182000 1 1
1968 08 20 754.422000 1 1
1968 08 21 749.678000 1 1
1968 08 22 740.238000 1 1
1968 08 23 733.200000 1 1
1968 08 24 728.528000 1 1
1968 08 25 723.872000 1 1
1968 08 26 719.232000 1 1
1968 08 27 710.000000 1 1
1968 08 28 710.000000 1 1
1968 08 29 705.408000 1 1
1968 08 30 700.832000 1 1
1968 08 31 696.272000 1 1
1968 09 01 691.728000 1 1
1968 09 02 687.200000 1 1
1968 09 03 687.200000 1 1
1968 09 04 682.688000 1 1
1968 09 05 678.192000 1 1
1968 09 06 673.712000 1 1
1968 09 07 669.248000 1 1
1968 09 08 664.800000 1 1
1968 09 09 660.368000 1 1
1968 09 10 655.952000 1 1
1968 09 11 651.552000 1 1
1968 09 12 642.800000 1 1
1968 09 13 640.622000 1 1
1968 09 14 638.448000 1 1
1968 09 15 638.448000 1 1
1968 09 16 638.448000 1 1
1968 09 17 636.278000 1 1
1968 09 18 631.950000 1 1
1968 09 19 627.638000 1 1
1968 09 20 625.488000 1 1
1968 09 21 625.488000 1 1
1968 09 22 627.638000 1 1
1968 09 23 629.792000 1 1
1968 09 24 631.950000 1 1
1968 09 25 629.792000 1 1
1968 09 26 627.638000 1 1
1968 09 27 625.488000 1 1
1968 09 28 623.342000 1 1
1968 09 29 621.200000 1 1
1968 09 30 619.062000 1 1
1968 10 01 612.672000 1 1
1968 10 02 606.318000 1 1
1968 10 03 600.000000 1 1
1968 10 04 600.000000 1 1
1968 10 05 602.102000 1 1
1968 10 06 606.318000 1 1
1968 10 07 610.550000 1 1
1968 10 08 614.798000 1 1
1968 10 09 619.062000 1 1
1968 10 10 623.342000 1 1
1968 10 11 627.638000 1 1
1968 10 12 629.792000 1 1
1968 10 13 631.950000 1 1
1968 10 14 634.112000 1 1
1968 10 15 636.278000 1 1
1968 10 16 638.448000 1 1
1968 10 17 640.622000 1 1
1968 10 18 644.982000 1 1
1968 10 19 644.982000 1 1
1968 10 20 644.982000 1 1
1968 10 21 644.982000 1 1
1968 10 22 642.800000 1 1
1968 10 23 638.448000 1 1
1968 10 24 631.950000 1 1
1968 10 25 627.638000 1 1
1968 10 26 621.200000 1 1
1968 10 27 612.672000 1 1
1968 10 28 604.208000 1 1
1968 10 29 604.208000 1 1
1968 10 30 608.432000 1 1
1968 10 31 616.928000 1 1
1968 11 01 619.062000 1 1
1968 11 02 619.062000 1 1
1968 11 03 621.200000 1 1
1968 11 04 621.200000 1 1
1968 11 05 621.200000 1 1
1968 11 06 621.200000 1 1
1968 11 07 621.200000 1 1
1968 11 08 621.200000 1 1
1968 11 09 619.062000 1 1
1968 11 10 616.928000 1 1
1968 11 11 612.672000 1 1
1968 11 12 612.672000 1 1
1968 11 13 610.550000 1 1
1968 11 14 604.208000 1 1
1968 11 15 600.000000 1 1
1968 11 16 604.208000 1 1
1968 11 17 608.432000 1 1
1968 11 18 612.672000 1 1
1968 11 19 621.200000 1 1
1968 11 20 625.488000 1 1
1968 11 21 627.638000 1 1
1968 11 22 627.638000 1 1
1968 11 23 625.488000 1 1
1968 11 24 623.342000 1 1
1968 11 25 621.200000 1 1
1968 11 26 616.928000 1 1
1968 11 27 610.550000 1 1
1968 11 28 608.432000 1 1
1968 11 29 604.208000 1 1
1968 11 30 600.000000 1 1
1968 12 01 602.102000 1 1
1968 12 02 604.208000 1 1
1968 12 03 604.208000 1 1
1968 12 04 604.208000 1 1
1968 12 05 604.208000 1 1
1968 12 06 604.208000 1 1
1968 12 07 606.318000 1 1
1968 12 08 610.550000 1 1
1968 12 09 614.798000 1 1
1968 12 10 616.928000 1 1
1968 12 11 621.200000 1 1
1968 12 12 625.488000 1 1
1968 12 13 631.950000 1 1
1968 12 14 638.448000 1 1
1968 12 15 644.982000 1 1
1968 12 16 651.552000 1 1
1968 12 17 660.368000 1 1
1968 12 18 664.800000 1 1
1968 12 19 673.712000 1 1
1968 12 20 678.192000 1 1
1968 12 21 682.688000 1 1
1968 12 22 687.200000 1 1
1968 12 23 691.728000 1 1
1968 12 24 698.550000 1 1
1968 12 25 705.408000 1 1
1968 12 26 710.000000 1 1
1968 12 27 714.608000 1 1
1968 12 28 719.232000 1 1
1968 12 29 723.872000 1 1
1968 12 30 730.862000 1 1
1968 12 31 737.888000 1 1
1969 01 01 744.950000 1 1
1969 01 02 754.422000 1 1
1969 01 03 759.182000 1 1
1969 01 04 761.568000 1 1
1969 01 05 766.352000 1 1
1969 01 06 771.152000 1 1
1969 01 07 775.968000 1 1
1969 01 08 780.800000 1 1
1969 01 09 783.222000 1 1
1969 01 10 783.222000 1 1
1969 01 11 785.648000 1 1
1969 01 12 790.512000 1 1
1969 01 13 795.392000 1 1
1969 01 14 797.838000 1 1
1969 01 15 797.838000 1 1
1969 01 16 802.742000 1 1
1969 01 17 805.200000 1 1
1969 01 18 810.128000 1 1
1969 01 19 815.072000 1 1
1969 01 20 822.518000 1 1
1969 01 21 832.502000 1 1
1969 01 22 837.518000 1 1
1969 01 23 842.550000 1 1
1969 01 24 845.072000 1 1
1969 01 25 845.072000 1 1
1969 01 26 847.598000 1 1
1969 01 27 847.598000 1 1
1969 01 28 850.128000 1 1
1969 01 29 850.128000 1 1
1969 01 30 852.662000 1 1
1969 01 31 852.662000 1 1
1969 02 01 855.200000 1 1
1969 02 02 855.200000 1 1
1969 02 03 857.742000 1 1
1969 02 04 857.742000 1 1
1969 02 05 860.288000 1 1
1969 02 06 862.838000 1 1
1969 02 07 865.392000 1 1
1969 02 08 865.392000 1 1
1969 02 09 865.392000 1 1
1969 02 10 865.392000 1 1
1969 02 11 867.950000 1 1
1969 02 12 867.950000 1 1
1969 02 13 867.950000 1 1
1969 02 14 870.512000 1 1
1969 02 15 870.512000 1 1
1969 02 16 870.512000 1 1
1969 02 17 873.078000 1 1
1969 02 18 873.078000 1 1
1969 02 19 873.078000 1 1
1969 02 20 875.648000 1 1
1969 02 21 880.800000 1 1
1969 02 22 885.968000 1 1
1969 02 23 885.968000 1 1
1969 02 24 885.968000 1 1
1969 02 25 888.558000 1 1
1969 02 26 888.558000 1 1
1969 02 27 891.152000 1 1
1969 02 28 891.152000 1 1
1969 03 01 891.152000 1 1
1969 03 02 893.750000 1 1
1969 03 03 896.352000 1 1
1969 03 04 896.352000 1 1
1969 03 05 896.352000 1 1
1969 03 06 896.352000 1 1
1969 03 07 898.958000 1 1
1969 03 08 898.958000 1 1
1969 03 09 898.958000 1 1
1969 03 10 898.958000 1 1
1969 03 11 898.958000 1 1
1969 03 12 898.958000 1 1
1969 03 13 898.958000 1 1
1969 03 14 898.958000 1 1
1969 03 15 898.958000 1 1
1969 03 16 898.958000 1 1
1969 03 17 898.958000 1 1
1969 03 18 904.182000 1 1
1969 03 19 906.800000 1 1
1969 03 20 906.800000 1 1
1969 03 21 909.422000 1 1
1969 03 22 912.048000 1 1
1969 03 23 914.678000 1 1
1969 03 24 919.950000 1 1
1969 03 25 919.950000 1 1
1969 03 26 919.950000 1 1
1969 03 27 922.592000 1 1
1969 03 28 925.238000 1 1
1969 03 29 927.888000 1 1
1969 03 30 927.888000 1 1
1969 03 31 930.542000 1 1
1969 04 01 930.542000 1 1
1969 04 02 933.200000 1 1
1969 04 03 938.528000 1 1
1969 04 04 943.872000 1 1
1969 04 05 949.232000 1 1
1969 04 06 954.608000 1 1
1969 04 07 960.000000 1 1
1969 04 08 962.702000 1 1
1969 04 09 970.832000 1 1
1969 04 10 970.832000 1 1
1969 04 11 970.832000 1 1
1969 04 12 976.272000 1 1
1969 04 13 981.728000 1 1
1969 04 14 987.200000 1 1
1969 04 15 989.942000 1 1
1969 04 16 989.942000 1 1
1969 04 17 989.942000 1 1
1969 04 18 989.942000 1 1
1969 04 19 989.942000 1 1
1969 04 20 992.688000 1 1
1969 04 21 995.438000 1 1
1969 04 22 998.192000 1 1
1969 04 23 998.192000 1 1
1969 04 24 1000.950000 1 1
1969 04 25 1000.950000 1 1
1969 04 26 1003.712000 1 1
1969 04 27 1006.478000 1 1
1969 04 28 1009.248000 1 1
1969 04 29 1012.022000 1 1
1969 04 30 1014.800000 1 1
1969 05 01 1017.582000 1 1
1969 05 02 1017.582000 1 1
1969 05 03 1020.368000 1 1
1969 05 04 1020.368000 1 1
1969 05 05 1020.368000 1 1
1969 05 06 1020.368000 1 1
1969 05 07 1020.368000 1 1
1969 05 08 1023.158000 1 1
1969 05 09 1025.952000 1 1
1969 05 10 1025.952000 1 1
1969 05 11 1025.952000 1 1
1969 05 12 1028.750000 1 1
1969 05 13 1031.552000 1 1
1969 05 14 1034.358000 1 1
1969 05 15 1034.358000 1 1
1969 05 16 1034.358000 1 1
1969 05 17 1034.358000 1 1
1969 05 18 1034.358000 1 1
1969 05 19 1034.358000 1 1
1969 05 20 1034.358000 1 1
1969 05 21 1034.358000 1 1
1969 05 22 1034.358000 1 1
1969 05 23 1034.358000 1 1
1969 05 24 1034.358000 1 1
1969 05 25 1034.358000 1 1
1969 05 26 1034.358000 1 1
1969 05 27 1034.358000 1 1
1969 05 28 1037.168000 1 1
1969 05 29 1039.982000 1 1
1969 05 30 1039.982000 1 1
1969 05 31 1042.800000 1 1
1969 06 01 1042.800000 1 1
1969 06 02 1039.982000 1 1
1969 06 03 1037.168000 1 1
1969 06 04 1037.168000 1 1
1969 06 05 1034.358000 1 1
1969 06 06 1031.552000 1 1
1969 06 07 1028.750000 1 1
1969 06 08 1025.952000 1 1
1969 06 09 1023.158000 1 1
1969 06 10 1020.368000 1 1
1969 06 11 1017.582000 1 1
1969 06 12 1014.800000 1 1
1969 06 13 1014.800000 1 1
1969 06 14 1012.022000 1 1
1969 06 15 1009.248000 1 1
1969 06 16 1003.712000 1 1
1969 06 17 998.192000 1 1
1969 06 18 989.942000 1 1
1969 06 19 987.200000 1 1
1969 06 20 984.462000 1 1
1969 06 21 973.550000 1 1
1969 06 22 968.118000 1 1
1969 06 23 962.702000 1 1
1969 06 24 960.000000 1 1
1969 06 25 957.302000 1 1
1969 06 26 954.608000 1 1
1969 06 27 949.232000 1 1
1969 06 28 943.872000 1 1
1969 06 29 941.198000 1 1
1969 06 30 933.200000 1 1
1969 07 01 930.542000 1 1
1969 07 02 927.888000 1 1
1969 07 03 919.950000 1 1
1969 07 04 909.422000 1 1
1969 07 05 898.958000 1 1
1969 07 06 888.558000 1 1
1969 07 07 880.800000 1 1
1969 07 08 880.800000 1 1
1969 07 09 875.648000 1 1
1969 07 10 873.078000 1 1
1969 07 11 865.392000 1 1
1969 07 12 857.742000 1 1
1969 07 13 852.662000 1 1
1969 07 14 847.598000 1 1
1969 07 15 842.550000 1 1
1969 07 16 835.008000 1 1
1969 07 17 827.502000 1 1
1969 07 18 822.518000 1 1
1969 07 19 812.598000 1 1
1969 07 20 807.662000 1 1
1969 07 21 800.288000 1 1
1969 07 22 792.950000 1 1
1969 07 23 790.512000 1 1
1969 07 24 780.800000 1 1
1969 07 25 773.558000 1 1
1969 07 26 763.958000 1 1
1969 07 27 756.800000 1 1
1969 07 28 754.422000 1 1
1969 07 29 747.312000 1 1
1969 07 30 737.888000 1 1
1969 07 31 723.872000 1 1
1969 08 01 712.302000 1 1
1969 08 02 703.118000 1 1
1969 08 03 698.550000 1 1
1969 08 04 696.272000 1 1
1969 08 05 689.462000 1 1
1969 08 06 682.688000 1 1
1969 08 07 678.192000 1 1
1969 08 08 673.712000 1 1
1969 08 09 667.022000 1 1
1969 08 10 660.368000 1 1
1969 08 11 653.750000 1 1
1969 08 12 647.168000 1 1
1969 08 13 642.800000 1 1
1969 08 14 638.448000 1 1
1969 08 15 631.950000 1 1
1969 08 16 627.638000 1 1
1969 08 17 623.342000 1 1
1969 08 18 621.200000 1 1
1969 08 19 612.672000 1 1
1969 08 20 604.208000 1 1
1969 08 21 600.000000 1 1
1969 08 22 602.102000 1 1
1969 08 23 604.208000 1 1
1969 08 24 608.432000 1 1
1969 08 25 612.672000 1 1
1969 08 26 619.062000 1 1
1969 08 27 623.342000 1 1
1969 08 28 610.550000 1 1
1969 08 29 616.928000 1 1
1969 08 30 642.800000 1 1
1969 08 31 604.208000 1 1
1969 09 01 651.552000 1 1
1969 09 02 658.158000 1 1
1969 09 03 662.582000 1 1
1969 09 04 667.022000 1 1
1969 09 05 667.022000 1 1
1969 09 06 669.248000 1 1
1969 09 07 678.192000 1 1
1969 09 08 682.688000 1 1
1969 09 09 680.438000 1 1
1969 09 10 680.438000 1 1
1969 09 11 680.438000 1 1
1969 09 12 684.942000 1 1
1969 09 13 687.200000 1 1
1969 09 14 689.462000 1 1
1969 09 15 689.462000 1 1
1969 09 16 691.728000 1 1
1969 09 17 693.998000 1 1
1969 09 18 696.272000 1 1
1969 09 19 700.832000 1 1
1969 09 20 703.118000 1 1
1969 09 21 705.408000 1 1
1969 09 22 707.702000 1 1
1969 09 23 710.000000 1 1
1969 09 24 710.000000 1 1
1969 09 25 710.000000 1 1
1969 09 26 712.302000 1 1
1969 09 27 714.608000 1 1
1969 09 28 716.918000 1 1
1969 09 29 714.608000 1 1
1969 09 30 710.000000 1 1
1969 10 01 707.702000 1 1
1969 10 02 705.408000 1 1
1969 10 03 705.408000 1 1
1969 10 04 705.408000 1 1
1969 10 05 703.118000 1 1
1969 10 06 700.832000 1 1
1969 10 07 703.118000 1 1
1969 10 08 705.408000 1 1
1969 10 09 705.408000 1 1
1969 10 10 703.118000 1 1
1969 10 11 693.998000 1 1
1969 10 12 693.998000 1 1
1969 10 13 696.272000 1 1
1969 10 14 675.950000 1 1
1969 10 15 669.248000 1 1
1969 10 16 664.800000 1 1
1969 10 17 662.582000 1 1
1969 10 18 655.952000 1 1
1969 10 19 649.358000 1 1
1969 10 20 644.982000 1 1
1969 10 21 642.800000 1 1
1969 10 22 638.448000 1 1
1969 10 23 638.448000 1 1
1969 10 24 638.448000 1 1
1969 10 25 636.278000 1 1
1969 10 26 634.112000 1 1
1969 10 27 627.638000 1 1
1969 10 28 623.342000 1 1
1969 10 29 619.062000 1 1
1969 10 30 616.928000 1 1
1969 10 31 616.928000 1 1
1969 11 01 600.000000 1 1
1969 11 02 608.432000 1 1
1969 11 03 614.798000 1 1
1969 11 04 621.200000 1 1
1969 11 05 623.342000 1 1
1969 11 06 625.488000 1 1
1969 11 07 625.488000 1 1
1969 11 08 621.200000 1 1
1969 11 09 640.622000 1 1
1969 11 10 636.278000 1 1
1969 11 11 636.278000 1 1
1969 11 12 638.448000 1 1
1969 11 13 621.200000 1 1
1969 11 14 627.638000 1 1
1969 11 15 631.950000 1 1
1969 11 16 647.168000 1 1
1969 11 17 682.688000 1 1
1969 11 18 682.688000 1 1
1969 11 19 689.462000 1 1
1969 11 20 698.550000 1 1
1969 11 21 700.832000 1 1
1969 11 22 710.000000 1 1
1969 11 23 710.000000 1 1
1969 11 24 707.702000 1 1
1969 11 25 705.408000 1 1
1969 11 26 700.832000 1 1
1969 11 27 700.832000 1 1
1969 11 28 698.550000 1 1
1969 11 29 698.550000 1 1
1969 11 30 700.832000 1 1
1969 12 01 705.408000 1 1
1969 12 02 705.408000 1 1
1969 12 03 705.408000 1 1
1969 12 04 705.408000 1 1
1969 12 05 707.702000 1 1
1969 12 06 710.000000 1 1
1969 12 07 710.000000 1 1
1969 12 08 710.000000 1 1
1969 12 09 712.302000 1 1
1969 12 10 712.302000 1 1
1969 12 11 714.608000 1 1
1969 12 12 719.232000 1 1
1969 12 13 721.550000 1 1
1969 12 14 723.872000 1 1
1969 12 15 728.528000 1 1
1969 12 16 730.862000 1 1
1969 12 17 733.200000 1 1
1969 12 18 735.542000 1 1
1969 12 19 735.542000 1 1
1969 12 20 735.542000 1 1
1969 12 21 737.888000 1 1
1969 12 22 740.238000 1 1
1969 12 23 740.238000 1 1
1969 12 24 744.950000 1 1
1969 12 25 747.312000 1 1
1969 12 26 752.048000 1 1
1969 12 27 756.800000 1 1
1969 12 28 756.800000 1 1
1969 12 29 759.182000 1 1
1969 12 30 759.182000 1 1
1969 12 31 759.182000 1 1
1970 01 01 759.182000 1 1
1970 01 02 761.568000 1 1
1970 01 03 761.568000 1 1
1970 01 04 761.568000 1 1
1970 01 05 766.352000 1 1
1970 01 06 766.352000 1 1
1970 01 07 766.352000 1 1
1970 01 08 768.750000 1 1
1970 01 09 771.152000 1 1
1970 01 10 773.558000 1 1
1970 01 11 775.968000 1 1
1970 01 12 778.382000 1 1
1970 01 13 778.382000 1 1
1970 01 14 778.382000 1 1
1970 01 15 780.800000 1 1
1970 01 16 790.512000 1 1
1970 01 17 790.512000 1 1
1970 01 18 790.512000 1 1
1970 01 19 790.512000 1 1
1970 01 20 790.512000 1 1
1970 01 21 790.512000 1 1
1970 01 22 790.512000 1 1
1970 01 23 790.512000 1 1
1970 01 24 790.512000 1 1
1970 01 25 790.512000 1 1
1970 01 26 790.512000 1 1
1970 01 27 790.512000 1 1
1970 01 28 790.512000 1 1
1970 01 29 790.512000 1 1
1970 01 30 802.742000 1 1
1970 01 31 802.742000 1 1
1970 02 01 802.742000 1 1
1970 02 02 802.742000 1 1
1970 02 03 805.200000 1 1
1970 02 04 807.662000 1 1
1970 02 05 807.662000 1 1
1970 02 06 812.598000 1 1
1970 02 07 815.072000 1 1
1970 02 08 815.072000 1 1
1970 02 09 817.550000 1 1
1970 02 10 820.032000 1 1
1970 02 11 822.518000 1 1
1970 02 12 830.000000 1 1
1970 02 13 835.008000 1 1
1970 02 14 837.518000 1 1
1970 02 15 840.032000 1 1
1970 02 16 840.032000 1 1
1970 02 17 840.032000 1 1
1970 02 18 842.550000 1 1
1970 02 19 845.072000 1 1
1970 02 20 852.662000 1 1
1970 02 21 855.200000 1 1
1970 02 22 855.200000 1 1
1970 02 23 857.742000 1 1
1970 02 24 860.288000 1 1
1970 02 25 860.288000 1 1
1970 02 26 870.512000 1 1
1970 02 27 873.078000 1 1
1970 02 28 875.648000 1 1
1970 03 01 875.648000 1 1
1970 03 02 875.648000 1 1
1970 03 03 878.222000 1 1
1970 03 04 880.800000 1 1
1970 03 05 883.382000 1 1
1970 03 06 891.152000 1 1
1970 03 07 891.152000 1 1
1970 03 08 891.152000 1 1
1970 03 09 891.152000 1 1
1970 03 10 891.152000 1 1
1970 03 11 891.152000 1 1
1970 03 12 896.352000 1 1
1970 03 13 893.750000 1 1
1970 03 14 893.750000 1 1
1970 03 15 893.750000 1 1
1970 03 16 896.352000 1 1
1970 03 17 901.568000 1 1
1970 03 18 901.568000 1 1
1970 03 19 904.182000 1 1
1970 03 20 904.182000 1 1
1970 03 21 906.800000 1 1
1970 03 22 909.422000 1 1
1970 03 23 909.422000 1 1
1970 03 24 909.422000 1 1
1970 03 25 909.422000 1 1
1970 03 26 909.422000 1 1
1970 03 27 909.422000 1 1
1970 03 28 909.422000 1 1
1970 03 29 909.422000 1 1
1970 03 30 909.422000 1 1
1970 03 31 909.422000 1 1
1970 04 01 922.592000 1 1
1970 04 02 922.592000 1 1
1970 04 03 938.528000 1 1
1970 04 04 941.198000 1 1
1970 04 05 943.872000 1 1
1970 04 06 949.232000 1 1
1970 04 07 951.918000 1 1
1970 04 08 951.918000 1 1
1970 04 09 954.608000 1 1
1970 04 10 954.608000 1 1
1970 04 11 954.608000 1 1
1970 04 12 957.302000 1 1
1970 04 13 960.000000 1 1
1970 04 14 960.000000 1 1
1970 04 15 960.000000 1 1
1970 04 16 960.000000 1 1
1970 04 17 960.000000 1 1
1970 04 18 968.118000 1 1
1970 04 19 968.118000 1 1
1970 04 20 970.832000 1 1
1970 04 21 970.832000 1 1
1970 04 22 973.550000 1 1
1970 04 23 973.550000 1 1
1970 04 24 976.272000 1 1
1970 04 25 978.998000 1 1
1970 04 26 981.728000 1 1
1970 04 27 981.728000 1 1
1970 04 28 984.462000 1 1
1970 04 29 987.200000 1 1
1970 04 30 989.942000 1 1
1970 05 01 989.942000 1 1
1970 05 02 992.688000 1 1
1970 05 03 995.438000 1 1
1970 05 04 995.438000 1 1
1970 05 05 1000.950000 1 1
1970 05 06 1006.478000 1 1
1970 05 07 1014.800000 1 1
1970 05 08 1023.158000 1 1
1970 05 09 1025.952000 1 1
1970 05 10 1028.750000 1 1
1970 05 11 1034.358000 1 1
1970 05 12 1037.168000 1 1
1970 05 13 1042.800000 1 1
1970 05 14 1042.800000 1 1
1970 05 15 1051.278000 1 1
1970 05 16 1054.112000 1 1
1970 05 17 1059.792000 1 1
1970 05 18 1065.488000 1 1
1970 05 19 1071.200000 1 1
1970 05 20 1074.062000 1 1
1970 05 21 1085.550000 1 1
1970 05 22 1088.432000 1 1
1970 05 23 1091.318000 1 1
1970 05 24 1094.208000 1 1
1970 05 25 1097.102000 1 1
1970 05 26 1100.000000 1 1
1970 05 27 1100.000000 1 1
1970 05 28 1102.902000 1 1
1970 05 29 1105.808000 1 1
1970 05 30 1111.632000 1 1
1970 05 31 1114.550000 1 1
1970 06 01 1117.472000 1 1
1970 06 02 1117.472000 1 1
1970 06 03 1120.398000 1 1
1970 06 04 1120.398000 1 1
1970 06 05 1120.398000 1 1
1970 06 06 1123.328000 1 1
1970 06 07 1126.262000 1 1
1970 06 08 1126.262000 1 1
1970 06 09 1126.262000 1 1
1970 06 10 1126.262000 1 1
1970 06 11 1129.200000 1 1
1970 06 12 1129.200000 1 1
1970 06 13 1129.200000 1 1
1970 06 14 1132.142000 1 1
1970 06 15 1135.088000 1 1
1970 06 16 1138.038000 1 1
1970 06 17 1138.038000 1 1
1970 06 18 1138.038000 1 1
1970 06 19 1138.038000 1 1
1970 06 20 1138.038000 1 1
1970 06 21 1138.038000 1 1
1970 06 22 1138.038000 1 1
1970 06 23 1138.038000 1 1
1970 06 24 1138.038000 1 1
1970 06 25 1138.038000 1 1
1970 06 26 1138.038000 1 1
1970 06 27 1138.038000 1 1
1970 06 28 1138.038000 1 1
1970 06 29 1135.088000 1 1
1970 06 30 1132.142000 1 1
1970 07 01 1132.142000 1 1
1970 07 02 1129.200000 1 1
1970 07 03 1126.262000 1 1
1970 07 04 1126.262000 1 1
1970 07 05 1123.328000 1 1
1970 07 06 1123.328000 1 1
1970 07 07 1123.328000 1 1
1970 07 08 1126.262000 1 1
1970 07 09 1123.328000 1 1
1970 07 10 1120.398000 1 1
1970 07 11 1117.472000 1 1
1970 07 12 1111.632000 1 1
1970 07 13 1111.632000 1 1
1970 07 14 1108.718000 1 1
1970 07 15 1105.808000 1 1
1970 07 16 1100.000000 1 1
1970 07 17 1100.000000 1 1
1970 07 18 1100.000000 1 1
1970 07 19 1094.208000 1 1
1970 07 20 1094.208000 1 1
1970 07 21 1094.208000 1 1
1970 07 22 1085.550000 1 1
1970 07 23 1082.672000 1 1
1970 07 24 1076.928000 1 1
1970 07 25 1071.200000 1 1
1970 07 26 1068.342000 1 1
1970 07 27 1062.638000 1 1
1970 07 28 1056.950000 1 1
1970 07 29 1051.278000 1 1
1970 07 30 1042.800000 1 1
1970 07 31 1042.800000 1 1
1970 08 01 1037.168000 1 1
1970 08 02 1028.750000 1 1
1970 08 03 1017.582000 1 1
1970 08 04 1014.800000 1 1
1970 08 05 1012.022000 1 1
1970 08 06 1006.478000 1 1
1970 08 07 987.200000 1 1
1970 08 08 981.728000 1 1
1970 08 09 976.272000 1 1
1970 08 10 965.408000 1 1
1970 08 11 954.608000 1 1
1970 08 12 949.232000 1 1
1970 08 13 938.528000 1 1
1970 08 14 933.200000 1 1
1970 08 15 925.238000 1 1
1970 08 16 917.312000 1 1
1970 08 17 906.800000 1 1
1970 08 18 896.352000 1 1
1970 08 19 888.558000 1 1
1970 08 20 880.800000 1 1
1970 08 21 875.648000 1 1
1970 08 22 862.838000 1 1
1970 08 23 855.200000 1 1
1970 08 24 847.598000 1 1
1970 08 25 840.032000 1 1
1970 08 26 830.000000 1 1
1970 08 27 820.032000 1 1
1970 08 28 812.598000 1 1
1970 08 29 800.288000 1 1
1970 08 30 795.392000 1 1
1970 08 31 790.512000 1 1
1970 09 01 780.800000 1 1
1970 09 02 773.558000 1 1
1970 09 03 768.750000 1 1
1970 09 04 756.800000 1 1
1970 09 05 749.678000 1 1
1970 09 06 742.592000 1 1
1970 09 07 737.888000 1 1
1970 09 08 735.542000 1 1
1970 09 09 730.862000 1 1
1970 09 10 723.872000 1 1
1970 09 11 716.918000 1 1
1970 09 12 710.000000 1 1
1970 09 13 703.118000 1 1
1970 09 14 696.272000 1 1
1970 09 15 689.462000 1 1
1970 09 16 687.200000 1 1
1970 09 17 684.942000 1 1
1970 09 18 680.438000 1 1
1970 09 19 673.712000 1 1
1970 09 20 669.248000 1 1
1970 09 21 667.022000 1 1
1970 09 22 669.248000 1 1
1970 09 23 667.022000 1 1
1970 09 24 662.582000 1 1
1970 09 25 662.582000 1 1
1970 09 26 660.368000 1 1
1970 09 27 658.158000 1 1
1970 09 28 655.952000 1 1
1970 09 29 651.552000 1 1
1970 09 30 653.750000 1 1
1970 10 01 651.552000 1 1
1970 10 02 647.168000 1 1
1970 10 03 647.168000 1 1
1970 10 04 642.800000 1 1
1970 10 05 638.448000 1 1
1970 10 06 636.278000 1 1
1970 10 07 634.112000 1 1
1970 10 08 631.950000 1 1
1970 10 09 627.638000 1 1
1970 10 10 621.200000 1 1
1970 10 11 621.200000 1 1
1970 10 12 621.200000 1 1
1970 10 13 623.342000 1 1
1970 10 14 660.368000 1 1
1970 10 15 647.168000 1 1
1970 10 16 640.622000 1 1
1970 10 17 640.622000 1 1
1970 10 18 636.278000 1 1
1970 10 19 631.950000 1 1
1970 10 20 631.950000 1 1
1970 10 21 634.112000 1 1
1970 10 22 634.112000 1 1
1970 10 23 631.950000 1 1
1970 10 24 631.950000 1 1
1970 10 25 631.950000 1 1
1970 10 26 631.950000 1 1
1970 10 27 629.792000 1 1
1970 10 28 629.792000 1 1
1970 10 29 627.638000 1 1
1970 10 30 625.488000 1 1
1970 10 31 621.200000 1 1
1970 11 01 616.928000 1 1
1970 11 02 612.672000 1 1
1970 11 03 606.318000 1 1
1970 11 04 604.208000 1 1
1970 11 05 602.102000 1 1
1970 11 06 602.102000 1 1
1970 11 07 602.102000 1 1
1970 11 08 602.102000 1 1
1970 11 09 602.102000 1 1
1970 11 10 606.318000 1 1
1970 11 11 604.208000 1 1
1970 11 12 602.102000 1 1
1970 11 13 602.102000 1 1
1970 11 14 602.102000 1 1
1970 11 15 604.208000 1 1
1970 11 16 606.318000 1 1
1970 11 17 610.550000 1 1
1970 11 18 610.550000 1 1
1970 11 19 610.550000 1 1
1970 11 20 610.550000 1 1
1970 11 21 608.432000 1 1
1970 11 22 604.208000 1 1
1970 11 23 602.102000 1 1
1970 11 24 606.318000 1 1
1970 11 25 610.550000 1 1
1970 11 26 614.798000 1 1
1970 11 27 616.928000 1 1
1970 11 28 616.928000 1 1
1970 11 29 614.798000 1 1
1970 11 30 614.798000 1 1
1970 12 01 614.798000 1 1
1970 12 02 616.928000 1 1
1970 12 03 614.798000 1 1
1970 12 04 614.798000 1 1
1970 12 05 612.672000 1 1
1970 12 06 610.550000 1 1
1970 12 07 608.432000 1 1
1970 12 08 608.432000 1 1
1970 12 09 604.208000 1 1
1970 12 10 604.208000 1 1
1970 12 11 604.208000 1 1
1970 12 12 602.102000 1 1
1970 12 13 602.102000 1 1
1970 12 14 600.000000 1 1
1970 12 15 600.000000 1 1
1970 12 16 602.102000 1 1
1970 12 17 602.102000 1 1
1970 12 18 602.102000 1 1
1970 12 19 600.000000 1 1
1970 12 20 604.208000 1 1
1970 12 21 608.432000 1 1
1970 12 22 612.672000 1 1
1970 12 23 616.928000 1 1
1970 12 24 619.062000 1 1
1970 12 25 625.488000 1 1
1970 12 26 631.950000 1 1
1970 12 27 636.278000 1 1
1970 12 28 640.622000 1 1
1970 12 29 623.342000 1 1
1970 12 30 619.062000 1 1
1970 12 31 614.798000 1 1
1971 01 01 614.798000 1 2
1971 01 02 619.062000 1 2
1971 01 03 616.928000 1 2
1971 01 04 619.062000 1 2
1971 01 05 619.062000 1 2
1971 01 06 621.200000 1 2
1971 01 07 621.200000 1 2
1971 01 08 627.638000 1 2
1971 01 09 631.950000 1 2
1971 01 10 634.112000 1 2
1971 01 11 634.112000 1 2
1971 01 12 631.950000 1 2
1971 01 13 629.792000 1 2
1971 01 14 629.792000 1 2
1971 01 15 629.792000 1 2
1971 01 16 627.638000 1 2
1971 01 17 625.488000 1 2
1971 01 18 623.342000 1 2
1971 01 19 623.342000 1 2
1971 01 20 625.488000 1 2
1971 01 21 627.638000 1 2
1971 01 22 625.488000 1 2
1971 01 23 625.488000 1 2
1971 01 24 627.638000 1 2
1971 01 25 625.488000 1 2
1971 01 26 625.488000 1 2
1971 01 27 623.342000 1 2
1971 01 28 625.488000 1 2
1971 01 29 625.488000 1 2
1971 01 30 627.638000 1 2
1971 01 31 634.112000 1 2
1971 02 01 634.112000 1 1
1971 02 02 634.112000 1 1
1971 02 03 634.112000 1 1
1971 02 04 636.278000 1 1
1971 02 05 631.950000 1 1
1971 02 06 634.112000 1 1
1971 02 07 634.112000 1 1
1971 02 08 631.950000 1 1
1971 02 09 634.112000 1 1
1971 02 10 636.278000 1 1
1971 02 11 640.622000 1 1
1971 02 12 638.448000 1 1
1971 02 13 642.800000 1 1
1971 02 14 644.982000 1 1
1971 02 15 642.800000 1 1
1971 02 16 644.982000 1 1
1971 02 17 651.552000 1 1
1971 02 18 655.952000 1 1
1971 02 19 660.368000 1 1
1971 02 20 662.582000 1 1
1971 02 21 662.582000 1 1
1971 02 22 660.368000 1 1
1971 02 23 660.368000 1 1
1971 02 24 662.582000 1 1
1971 02 25 662.582000 1 1
1971 02 26 660.368000 1 1
1971 02 27 664.800000 1 1
1971 02 28 667.022000 1 1
1971 03 01 667.022000 1 2
1971 03 02 671.478000 1 2
1971 03 03 673.712000 1 2
1971 03 04 671.478000 1 2
1971 03 05 675.950000 1 2
1971 03 06 684.942000 1 2
1971 03 07 696.272000 1 2
1971 03 08 703.118000 1 2
1971 03 09 716.918000 1 2
1971 03 10 728.528000 1 2
1971 03 11 733.200000 1 2
1971 03 12 735.542000 1 2
1971 03 13 735.542000 1 2
1971 03 14 737.888000 1 2
1971 03 15 737.888000 1 2
1971 03 16 740.238000 1 2
1971 03 17 737.888000 1 2
1971 03 18 735.542000 1 2
1971 03 19 737.888000 1 2
1971 03 20 737.888000 1 2
1971 03 21 735.542000 1 2
1971 03 22 733.200000 1 2
1971 03 23 735.542000 1 2
1971 03 24 733.200000 1 2
1971 03 25 733.200000 1 2
1971 03 26 735.542000 1 2
1971 03 27 735.542000 1 2
1971 03 28 733.200000 1 2
1971 03 29 730.862000 1 2
1971 03 30 730.862000 1 2
1971 03 31 728.528000 1 2
1971 04 01 728.528000 1 2
1971 04 02 726.198000 1 2
1971 04 03 723.872000 1 2
1971 04 04 726.198000 1 2
1971 04 05 721.550000 1 2
1971 04 06 721.550000 1 2
1971 04 07 719.232000 1 2
1971 04 08 721.550000 1 2
1971 04 09 721.550000 1 2
1971 04 10 726.198000 1 2
1971 04 11 730.862000 1 2
1971 04 12 730.862000 1 2
1971 04 13 737.888000 1 2
1971 04 14 740.238000 1 2
1971 04 15 742.592000 1 2
1971 04 16 747.312000 1 2
1971 04 17 749.678000 1 2
1971 04 18 754.422000 1 2
1971 04 19 759.182000 1 2
1971 04 20 763.958000 1 2
1971 04 21 766.352000 1 2
1971 04 22 771.152000 1 2
1971 04 23 768.750000 1 2
1971 04 24 771.152000 1 2
1971 04 25 773.558000 1 2
1971 04 26 775.968000 1 2
1971 04 27 778.382000 1 2
1971 04 28 780.800000 1 2
1971 04 29 783.222000 1 2
1971 04 30 785.648000 1 2
1971 05 01 785.648000 1 2
1971 05 02 783.222000 1 2
1971 05 03 780.800000 1 2
1971 05 04 785.648000 1 2
1971 05 05 783.222000 1 2
1971 05 06 788.078000 1 2
1971 05 07 788.078000 1 2
1971 05 08 790.512000 1 2
1971 05 09 790.512000 1 2
1971 05 10 792.950000 1 2
1971 05 11 795.392000 1 2
1971 05 12 792.950000 1 2
1971 05 13 795.392000 1 2
1971 05 14 795.392000 1 2
1971 05 15 797.838000 1 2
1971 05 16 802.742000 1 2
1971 05 17 805.200000 1 2
1971 05 18 807.662000 1 2
1971 05 19 810.128000 1 2
1971 05 20 812.598000 1 2
1971 05 21 810.128000 1 2
1971 05 22 812.598000 1 2
1971 05 23 815.072000 1 2
1971 05 24 815.072000 1 2
1971 05 25 817.550000 1 2
1971 05 26 812.598000 1 2
1971 05 27 812.598000 1 2
1971 05 28 815.072000 1 2
1971 05 29 812.598000 1 2
1971 05 30 810.128000 1 2
1971 05 31 807.662000 1 2
1971 06 01 810.128000 1 1
1971 06 02 807.662000 1 1
1971 06 03 802.742000 1 1
1971 06 04 797.838000 1 1
1971 06 05 795.392000 1 1
1971 06 06 792.950000 1 1
1971 06 07 792.950000 1 1
1971 06 08 790.512000 1 1
1971 06 09 790.512000 1 1
1971 06 10 790.512000 1 1
1971 06 11 788.078000 1 1
1971 06 12 788.078000 1 1
1971 06 13 788.078000 1 1
1971 06 14 788.078000 1 1
1971 06 15 788.078000 1 1
1971 06 16 785.648000 1 1
1971 06 17 780.800000 1 1
1971 06 18 778.382000 1 1
1971 06 19 775.968000 1 1
1971 06 20 773.558000 1 1
1971 06 21 771.152000 1 1
1971 06 22 768.750000 1 1
1971 06 23 763.958000 1 1
1971 06 24 759.182000 1 1
1971 06 25 759.182000 1 1
1971 06 26 754.422000 1 1
1971 06 27 749.678000 1 1
1971 06 28 747.312000 1 1
1971 06 29 744.950000 1 1
1971 06 30 742.592000 1 1
1971 07 01 735.542000 1 1
1971 07 02 733.200000 1 1
1971 07 03 728.528000 1 1
1971 07 04 726.198000 1 1
1971 07 05 723.872000 1 1
1971 07 06 721.550000 1 1
1971 07 07 716.918000 1 1
1971 07 08 712.302000 1 1
1971 07 09 710.000000 1 1
1971 07 10 707.702000 1 1
1971 07 11 707.702000 1 1
1971 07 12 705.408000 1 1
1971 07 13 703.118000 1 1
1971 07 14 700.832000 1 1
1971 07 15 698.550000 1 1
1971 07 16 698.550000 1 1
1971 07 17 696.272000 1 1
1971 07 18 693.998000 1 1
1971 07 19 689.462000 1 1
1971 07 20 687.200000 1 1
1971 07 21 684.942000 1 1
1971 07 22 680.438000 1 1
1971 07 23 675.950000 1 1
1971 07 24 671.478000 1 1
1971 07 25 664.800000 1 1
1971 07 26 660.368000 1 1
1971 07 27 653.750000 1 1
1971 07 28 651.552000 1 1
1971 07 29 649.358000 1 1
1971 07 30 644.982000 1 1
1971 07 31 640.622000 1 1
1971 08 01 636.278000 1 1
1971 08 02 634.112000 1 1
1971 08 03 629.792000 1 1
1971 08 04 627.638000 1 1
1971 08 05 623.342000 1 1
1971 08 06 621.200000 1 1
1971 08 07 621.200000 1 1
1971 08 08 619.062000 1 1
1971 08 09 619.062000 1 1
1971 08 10 619.062000 1 1
1971 08 11 619.062000 1 1
1971 08 12 619.062000 1 1
1971 08 13 612.672000 1 1
1971 08 14 608.432000 1 1
1971 08 15 604.208000 1 1
1971 08 16 602.102000 1 1
1971 08 17 602.102000 1 1
1971 08 18 604.208000 1 1
1971 08 19 608.432000 1 1
1971 08 20 616.928000 1 1
1971 08 21 619.062000 1 1
1971 08 22 621.200000 1 1
1971 08 23 625.488000 1 1
1971 08 24 638.448000 1 1
1971 08 25 642.800000 1 1
1971 08 26 644.982000 1 1
1971 08 27 647.168000 1 1
1971 08 28 649.358000 1 1
1971 08 29 651.552000 1 1
1971 08 30 655.952000 1 1
1971 08 31 662.582000 1 1
1971 09 01 669.248000 1 1
1971 09 02 673.712000 1 1
1971 09 03 675.950000 1 1
1971 09 04 678.192000 1 1
1971 09 05 680.438000 1 1
1971 09 06 684.942000 1 1
1971 09 07 689.462000 1 1
1971 09 08 691.728000 1 1
1971 09 09 693.998000 1 1
1971 09 10 698.550000 1 1
1971 09 11 700.832000 1 1
1971 09 12 703.118000 1 1
1971 09 13 705.408000 1 1
1971 09 14 707.702000 1 1
1971 09 15 710.000000 1 1
1971 09 16 712.302000 1 1
1971 09 17 714.608000 1 1
1971 09 18 719.232000 1 1
1971 09 19 723.872000 1 1
1971 09 20 726.198000 1 1
1971 09 21 726.198000 1 1
1971 09 22 726.198000 1 1
1971 09 23 726.198000 1 1
1971 09 24 726.198000 1 1
1971 09 25 726.198000 1 1
1971 09 26 723.872000 1 1
1971 09 27 721.550000 1 1
1971 09 28 719.232000 1 1
1971 09 29 719.232000 1 1
1971 09 30 719.232000 1 1
1971 10 01 712.302000 1 1
1971 10 02 710.000000 1 1
1971 10 03 707.702000 1 1
1971 10 04 707.702000 1 1
1971 10 05 712.302000 1 1
1971 10 06 710.000000 1 1
1971 10 07 696.272000 1 1
1971 10 08 689.462000 1 1
1971 10 09 682.688000 1 1
1971 10 10 675.950000 1 1
1971 10 11 671.478000 1 1
1971 10 12 664.800000 1 1
1971 10 13 653.750000 1 1
1971 10 14 644.982000 1 1
1971 10 15 640.622000 1 1
1971 10 16 638.448000 1 1
1971 10 17 634.112000 1 1
1971 10 18 631.950000 1 1
1971 10 19 625.488000 1 1
1971 10 20 621.200000 1 1
1971 10 21 621.200000 1 1
1971 10 22 619.062000 1 1
1971 10 23 619.062000 1 1
1971 10 24 619.062000 1 1
1971 10 25 619.062000 1 1
1971 10 26 616.928000 1 1
1971 10 27 616.928000 1 1
1971 10 28 616.928000 1 1
1971 10 29 616.928000 1 1
1971 10 30 616.928000 1 1
1971 10 31 616.928000 1 1
1971 11 01 619.062000 1 1
1971 11 02 625.488000 1 1
1971 11 03 634.112000 1 1
1971 11 04 634.112000 1 1
1971 11 05 634.112000 1 1
1971 11 06 627.638000 1 1
1971 11 07 623.342000 1 1
1971 11 08 619.062000 1 1
1971 11 09 616.928000 1 1
1971 11 10 610.550000 1 1
1971 11 11 606.318000 1 1
1971 11 12 602.102000 1 1
1971 11 13 600.000000 1 1
1971 11 14 606.318000 1 1
1971 11 15 612.672000 1 1
1971 11 16 621.200000 1 1
1971 11 17 621.200000 1 1
1971 11 18 623.342000 1 1
1971 11 19 625.488000 1 1
1971 11 20 627.638000 1 1
1971 11 21 629.792000 1 1
1971 11 22 631.950000 1 1
1971 11 23 631.950000 1 1
1971 11 24 634.112000 1 1
1971 11 25 636.278000 1 1
1971 11 26 636.278000 1 1
1971 11 27 636.278000 1 1
1971 11 28 636.278000 1 1
1971 11 29 638.448000 1 1
1971 11 30 640.622000 1 1
1971 12 01 640.622000 1 1
1971 12 02 642.800000 1 1
1971 12 03 644.982000 1 1
1971 12 04 647.168000 1 1
1971 12 05 649.358000 1 1
1971 12 06 651.552000 1 1
1971 12 07 655.952000 1 1
1971 12 08 658.158000 1 1
1971 12 09 662.582000 1 1
1971 12 10 669.248000 1 1
1971 12 11 671.478000 1 1
1971 12 12 673.712000 1 1
1971 12 13 678.192000 1 1
1971 12 14 680.438000 1 1
1971 12 15 682.688000 1 1
1971 12 16 687.200000 1 1
1971 12 17 689.462000 1 1
1971 12 18 689.462000 1 1
1971 12 19 691.728000 1 1
1971 12 20 693.998000 1 1
1971 12 21 696.272000 1 1
1971 12 22 696.272000 1 1
1971 12 23 698.550000 1 1
1971 12 24 700.832000 1 1
1971 12 25 703.118000 1 1
1971 12 26 705.408000 1 1
1971 12 27 707.702000 1 1
1971 12 28 710.000000 1 1
1971 12 29 712.302000 1 1
1971 12 30 712.302000 1 1
1971 12 31 712.302000 1 1
1972 01 01 712.302000 1 1
1972 01 02 712.302000 1 1
1972 01 03 712.302000 1 1
1972 01 04 712.302000 1 1
1972 01 05 710.000000 1 1
1972 01 06 705.408000 1 1
1972 01 07 707.702000 1 1
1972 01 08 710.000000 1 1
1972 01 09 710.000000 1 1
1972 01 10 710.000000 1 1
1972 01 11 705.408000 1 1
1972 01 12 712.302000 1 1
1972 01 13 712.302000 1 1
1972 01 14 712.302000 1 1
1972 01 15 714.608000 1 1
1972 01 16 716.918000 1 1
1972 01 17 719.232000 1 1
1972 01 18 721.550000 1 1
1972 01 19 721.550000 1 1
1972 01 20 721.550000 1 1
1972 01 21 723.872000 1 1
1972 01 22 728.528000 1 1
1972 01 23 728.528000 1 1
1972 01 24 730.862000 1 1
1972 01 25 733.200000 1 1
1972 01 26 733.200000 1 1
1972 01 27 733.200000 1 1
1972 01 28 733.200000 1 1
1972 01 29 737.888000 1 1
1972 01 30 742.592000 1 1
1972 01 31 747.312000 1 1
1972 02 01 749.678000 1 1
1972 02 02 754.422000 1 1
1972 02 03 756.800000 1 1
1972 02 04 761.568000 1 1
1972 02 05 763.958000 1 1
1972 02 06 766.352000 1 1
1972 02 07 768.750000 1 1
1972 02 08 768.750000 1 1
1972 02 09 771.152000 1 1
1972 02 10 773.558000 1 1
1972 02 11 778.382000 1 1
1972 02 12 783.222000 1 1
1972 02 13 790.512000 1 1
1972 02 14 795.392000 1 1
1972 02 15 797.838000 1 1
1972 02 16 805.200000 1 1
1972 02 17 810.128000 1 1
1972 02 18 815.072000 1 1
1972 02 19 822.518000 1 1
1972 02 20 830.000000 1 1
1972 02 21 840.032000 1 1
1972 02 22 845.072000 1 1
1972 02 23 860.288000 1 1
1972 02 24 860.288000 1 1
1972 02 25 860.288000 1 1
1972 02 26 865.392000 1 1
1972 02 27 867.950000 1 1
1972 02 28 870.512000 1 1
1972 02 29 873.078000 1 1
1972 03 01 875.648000 1 1
1972 03 02 880.800000 1 1
1972 03 03 880.800000 1 1
1972 03 04 880.800000 1 1
1972 03 05 883.382000 1 1
1972 03 06 885.968000 1 1
1972 03 07 891.152000 1 1
1972 03 08 893.750000 1 1
1972 03 09 896.352000 1 1
1972 03 10 904.182000 1 1
1972 03 11 904.182000 1 1
1972 03 12 906.800000 1 1
1972 03 13 909.422000 1 1
1972 03 14 914.678000 1 1
1972 03 15 917.312000 1 1
1972 03 16 919.950000 1 1
1972 03 17 922.592000 1 1
1972 03 18 922.592000 1 1
1972 03 19 922.592000 1 1
1972 03 20 925.238000 1 1
1972 03 21 927.888000 1 1
1972 03 22 930.542000 1 1
1972 03 23 935.862000 1 1
1972 03 24 938.528000 1 1
1972 03 25 941.198000 1 1
1972 03 26 943.872000 1 1
1972 03 27 949.232000 1 1
1972 03 28 951.918000 1 1
1972 03 29 954.608000 1 1
1972 03 30 960.000000 1 1
1972 03 31 962.702000 1 1
1972 04 01 968.118000 1 1
1972 04 02 970.832000 1 1
1972 04 03 976.272000 1 1
1972 04 04 981.728000 1 1
1972 04 05 987.200000 1 1
1972 04 06 992.688000 1 1
1972 04 07 995.438000 1 1
1972 04 08 998.192000 1 1
1972 04 09 1000.950000 1 1
1972 04 10 1006.478000 1 1
1972 04 11 1009.248000 1 1
1972 04 12 1012.022000 1 1
1972 04 13 1014.800000 1 1
1972 04 14 1014.800000 1 1
1972 04 15 1014.800000 1 1
1972 04 16 1017.582000 1 1
1972 04 17 1020.368000 1 1
1972 04 18 1023.158000 1 1
1972 04 19 1025.952000 1 1
1972 04 20 1028.750000 1 1
1972 04 21 1031.552000 1 1
1972 04 22 1031.552000 1 1
1972 04 23 1034.358000 1 1
1972 04 24 1034.358000 1 1
1972 04 25 1037.168000 1 1
1972 04 26 1037.168000 1 1
1972 04 27 1037.168000 1 1
1972 04 28 1039.982000 1 1
1972 04 29 1039.982000 1 1
1972 04 30 1042.800000 1 1
1972 05 01 1042.800000 1 1
1972 05 02 1045.622000 1 1
1972 05 03 1045.622000 1 1
1972 05 04 1045.622000 1 1
1972 05 05 1048.448000 1 1
1972 05 06 1048.448000 1 1
1972 05 07 1048.448000 1 1
1972 05 08 1048.448000 1 1
1972 05 09 1048.448000 1 1
1972 05 10 1051.278000 1 1
1972 05 11 1054.112000 1 1
1972 05 12 1054.112000 1 1
1972 05 13 1054.112000 1 1
1972 05 14 1054.112000 1 1
1972 05 15 1054.112000 1 1
1972 05 16 1054.112000 1 1
1972 05 17 1054.112000 1 1
1972 05 18 1054.112000 1 1
1972 05 19 1054.112000 1 1
1972 05 20 1054.112000 1 1
1972 05 21 1054.112000 1 1
1972 05 22 1054.112000 1 1
1972 05 23 1054.112000 1 1
1972 05 24 1056.950000 1 1
1972 05 25 1062.638000 1 1
1972 05 26 1062.638000 1 1
1972 05 27 1062.638000 1 1
1972 05 28 1062.638000 1 1
1972 05 29 1062.638000 1 1
1972 05 30 1062.638000 1 1
1972 05 31 1059.792000 1 1
1972 06 01 1059.792000 1 1
1972 06 02 1056.950000 1 1
1972 06 03 1056.950000 1 1
1972 06 04 1054.112000 1 1
1972 06 05 1051.278000 1 1
1972 06 06 1051.278000 1 1
1972 06 07 1048.448000 1 1
1972 06 08 1045.622000 1 1
1972 06 09 1045.622000 1 1
1972 06 10 1042.800000 1 1
1972 06 11 1039.982000 1 1
1972 06 12 1039.982000 1 1
1972 06 13 1037.168000 1 1
1972 06 14 1034.358000 1 1
1972 06 15 1028.750000 1 1
1972 06 16 1025.952000 1 1
1972 06 17 1025.952000 1 1
1972 06 18 1023.158000 1 1
1972 06 19 1023.158000 1 1
1972 06 20 1023.158000 1 1
1972 06 21 1017.582000 1 1
1972 06 22 1014.800000 1 1
1972 06 23 1012.022000 1 1
1972 06 24 1009.248000 1 1
1972 06 25 1003.712000 1 1
1972 06 26 1000.950000 1 1
1972 06 27 998.192000 1 1
1972 06 28 995.438000 1 1
1972 06 29 995.438000 1 1
1972 06 30 989.942000 1 1
1972 07 01 987.200000 1 1
1972 07 02 987.200000 1 1
1972 07 03 984.462000 1 1
1972 07 04 978.998000 1 1
1972 07 05 973.550000 1 1
1972 07 06 970.832000 1 1
1972 07 07 965.408000 1 1
1972 07 08 960.000000 1 1
1972 07 09 957.302000 1 1
1972 07 10 954.608000 1 1
1972 07 11 949.232000 1 1
1972 07 12 943.872000 1 1
1972 07 13 938.528000 1 1
1972 07 14 935.862000 1 1
1972 07 15 933.200000 1 1
1972 07 16 933.200000 1 1
1972 07 17 933.200000 1 1
1972 07 18 930.542000 1 1
1972 07 19 927.888000 1 1
1972 07 20 922.592000 1 1
1972 07 21 919.950000 1 1
1972 07 22 914.678000 1 1
1972 07 23 909.422000 1 1
1972 07 24 906.800000 1 1
1972 07 25 904.182000 1 1
1972 07 26 898.958000 1 1
1972 07 27 893.750000 1 1
1972 07 28 891.152000 1 1
1972 07 29 888.558000 1 1
1972 07 30 885.968000 1 1
1972 07 31 883.382000 1 1
1972 08 01 878.222000 1 1
1972 08 02 873.078000 1 1
1972 08 03 867.950000 1 1
1972 08 04 862.838000 1 1
1972 08 05 855.200000 1 1
1972 08 06 847.598000 1 1
1972 08 07 840.032000 1 1
1972 08 08 835.008000 1 1
1972 08 09 830.000000 1 1
1972 08 10 825.008000 1 1
1972 08 11 817.550000 1 1
1972 08 12 812.598000 1 1
1972 08 13 807.662000 1 1
1972 08 14 805.200000 1 1
1972 08 15 800.288000 1 1
1972 08 16 797.838000 1 1
1972 08 17 792.950000 1 1
1972 08 18 790.512000 1 1
1972 08 19 785.648000 1 1
1972 08 20 780.800000 1 1
1972 08 21 778.382000 1 1
1972 08 22 775.968000 1 1
1972 08 23 773.558000 1 1
1972 08 24 771.152000 1 1
1972 08 25 766.352000 1 1
1972 08 26 761.568000 1 1
1972 08 27 756.800000 1 1
1972 08 28 754.422000 1 1
1972 08 29 754.422000 1 1
1972 08 30 752.048000 1 1
1972 08 31 744.950000 1 1
1972 09 01 740.238000 1 1
1972 09 02 733.200000 1 1
1972 09 03 726.198000 1 1
1972 09 04 719.232000 1 1
1972 09 05 714.608000 1 1
1972 09 06 710.000000 1 1
1972 09 07 705.408000 1 1
1972 09 08 700.832000 1 1
1972 09 09 696.272000 1 1
1972 09 10 691.728000 1 1
1972 09 11 687.200000 1 1
1972 09 12 687.200000 1 1
1972 09 13 687.200000 1 1
1972 09 14 682.688000 1 1
1972 09 15 678.192000 1 1
1972 09 16 673.712000 1 1
1972 09 17 669.248000 1 1
1972 09 18 662.582000 1 1
1972 09 19 658.158000 1 1
1972 09 20 655.952000 1 1
1972 09 21 655.952000 1 1
1972 09 22 651.552000 1 1
1972 09 23 651.552000 1 1
1972 09 24 649.358000 1 1
1972 09 25 647.168000 1 1
1972 09 26 642.800000 1 1
1972 09 27 642.800000 1 1
1972 09 28 640.622000 1 1
1972 09 29 636.278000 1 1
1972 09 30 631.950000 1 1
1972 10 01 629.792000 1 1
1972 10 02 627.638000 1 1
1972 10 03 623.342000 1 1
1972 10 04 619.062000 1 1
1972 10 05 616.928000 1 1
1972 10 06 614.798000 1 1
1972 10 07 610.550000 1 1
1972 10 08 606.318000 1 1
1972 10 09 600.000000 1 1
1972 10 10 600.000000 1 1
1972 10 11 600.000000 1 1
1972 10 12 600.000000 1 1
1972 10 13 600.000000 1 1
1972 10 14 602.102000 1 1
1972 10 15 604.208000 1 1
1972 10 16 608.432000 1 1
1972 10 17 608.432000 1 1
1972 10 18 608.432000 1 1
1972 10 19 608.432000 1 1
1972 10 20 610.550000 1 1
1972 10 21 612.672000 1 1
1972 10 22 614.798000 1 1
1972 10 23 616.928000 1 1
1972 10 24 619.062000 1 1
1972 10 25 621.200000 1 1
1972 10 26 623.342000 1 1
1972 10 27 625.488000 1 1
1972 10 28 627.638000 1 1
1972 10 29 629.792000 1 1
1972 10 30 634.112000 1 1
1972 10 31 634.112000 1 1
1972 11 01 636.278000 1 1
1972 11 02 631.950000 1 1
1972 11 03 625.488000 1 1
1972 11 04 623.342000 1 1
1972 11 05 621.200000 1 1
1972 11 06 616.928000 1 1
1972 11 07 614.798000 1 1
1972 11 08 612.672000 1 1
1972 11 09 621.200000 1 1
1972 11 10 619.062000 1 1
1972 11 11 623.342000 1 1
1972 11 12 627.638000 1 1
1972 11 13 631.950000 1 1
1972 11 14 636.278000 1 1
1972 11 15 638.448000 1 1
1972 11 16 640.622000 1 1
1972 11 17 644.982000 1 1
1972 11 18 649.358000 1 1
1972 11 19 653.750000 1 1
1972 11 20 655.952000 1 1
1972 11 21 660.368000 1 1
1972 11 22 664.800000 1 1
1972 11 23 669.248000 1 1
1972 11 24 673.712000 1 1
1972 11 25 678.192000 1 1
1972 11 26 682.688000 1 1
1972 11 27 687.200000 1 1
1972 11 28 689.462000 1 1
1972 11 29 691.728000 1 1
1972 11 30 700.832000 1 1
1972 12 01 703.118000 1 1
1972 12 02 710.000000 1 1
1972 12 03 716.918000 1 1
1972 12 04 723.872000 1 1
1972 12 05 730.862000 1 1
1972 12 06 740.238000 1 1
1972 12 07 752.048000 1 1
1972 12 08 759.182000 1 1
1972 12 09 771.152000 1 1
1972 12 10 783.222000 1 1
1972 12 11 795.392000 1 1
1972 12 12 807.662000 1 1
1972 12 13 827.502000 1 1
1972 12 14 840.032000 1 1
1972 12 15 852.662000 1 1
1972 12 16 867.950000 1 1
1972 12 17 883.382000 1 1
1972 12 18 898.958000 1 1
1972 12 19 933.200000 1 1
1972 12 20 960.000000 1 1
1972 12 21 976.272000 1 1
1972 12 22 978.998000 1 1
1972 12 23 984.462000 1 1
1972 12 24 989.942000 1 1
1972 12 25 995.438000 1 1
1972 12 26 1000.950000 1 1
1972 12 27 1000.950000 1 1
1972 12 28 1000.950000 1 1
1972 12 29 998.192000 1 1
1972 12 30 998.192000 1 1
1972 12 31 995.438000 1 1
1973 01 01 992.688000 1 1
1973 01 02 989.942000 1 1
1973 01 03 987.200000 1 1
1973 01 04 984.462000 1 1
1973 01 05 984.462000 1 1
1973 01 06 978.998000 1 1
1973 01 07 976.272000 1 1
1973 01 08 970.832000 1 1
1973 01 09 965.408000 1 1
1973 01 10 957.302000 1 1
1973 01 11 951.918000 1 1
1973 01 12 946.550000 1 1
1973 01 13 941.198000 1 1
1973 01 14 935.862000 1 1
1973 01 15 927.888000 1 1
1973 01 16 922.592000 1 1
1973 01 17 919.950000 1 1
1973 01 18 917.312000 1 1
1973 01 19 917.312000 1 1
1973 01 20 919.950000 1 1
1973 01 21 922.592000 1 1
1973 01 22 925.238000 1 1
1973 01 23 925.238000 1 1
1973 01 24 927.888000 1 1
1973 01 25 933.200000 1 1
1973 01 26 935.862000 1 1
1973 01 27 938.528000 1 1
1973 01 28 941.198000 1 1
1973 01 29 943.872000 1 1
1973 01 30 943.872000 1 1
1973 01 31 943.872000 1 1
1973 02 01 943.872000 1 1
1973 02 02 946.550000 1 1
1973 02 03 946.550000 1 1
1973 02 04 946.550000 1 1
1973 02 05 946.550000 1 1
1973 02 06 949.232000 1 1
1973 02 07 951.918000 1 1
1973 02 08 951.918000 1 1
1973 02 09 951.918000 1 1
1973 02 10 951.918000 1 1
1973 02 11 951.918000 1 1
1973 02 12 949.232000 1 1
1973 02 13 949.232000 1 1
1973 02 14 962.702000 1 1
1973 02 15 965.408000 1 1
1973 02 16 976.272000 1 1
1973 02 17 978.998000 1 1
1973 02 18 981.728000 1 1
1973 02 19 987.200000 1 1
1973 02 20 987.200000 1 1
1973 02 21 989.942000 1 1
1973 02 22 992.688000 1 1
1973 02 23 995.438000 1 1
1973 02 24 995.438000 1 1
1973 02 25 995.438000 1 1
1973 02 26 995.438000 1 1
1973 02 27 1000.950000 1 1
1973 02 28 1003.712000 1 1
1973 03 01 1006.478000 1 1
1973 03 02 1006.478000 1 1
1973 03 03 1006.478000 1 1
1973 03 04 1009.248000 1 1
1973 03 05 1009.248000 1 1
1973 03 06 1012.022000 1 1
1973 03 07 1012.022000 1 1
1973 03 08 1012.022000 1 1
1973 03 09 1014.800000 1 1
1973 03 10 1014.800000 1 1
1973 03 11 1017.582000 1 1
1973 03 12 1020.368000 1 1
1973 03 13 1020.368000 1 1
1973 03 14 1023.158000 1 1
1973 03 15 1023.158000 1 1
1973 03 16 1023.158000 1 1
1973 03 17 1023.158000 1 1
1973 03 18 1023.158000 1 1
1973 03 19 1023.158000 1 1
1973 03 20 1025.952000 1 1
1973 03 21 1025.952000 1 1
1973 03 22 1025.952000 1 1
1973 03 23 1028.750000 1 1
1973 03 24 1034.358000 1 1
1973 03 25 1039.982000 1 1
1973 03 26 1045.622000 1 1
1973 03 27 1045.622000 1 1
1973 03 28 1048.448000 1 1
1973 03 29 1048.448000 1 1
1973 03 30 1048.448000 1 1
1973 03 31 1048.448000 1 1
1973 04 01 1048.448000 1 1
1973 04 02 1048.448000 1 1
1973 04 03 1051.278000 1 1
1973 04 04 1051.278000 1 1
1973 04 05 1054.112000 1 1
1973 04 06 1054.112000 1 1
1973 04 07 1054.112000 1 1
1973 04 08 1056.950000 1 1
1973 04 09 1059.792000 1 1
1973 04 10 1059.792000 1 1
1973 04 11 1059.792000 1 1
1973 04 12 1062.638000 1 1
1973 04 13 1065.488000 1 1
1973 04 14 1065.488000 1 1
1973 04 15 1065.488000 1 1
1973 04 16 1065.488000 1 1
1973 04 17 1071.200000 1 1
1973 04 18 1071.200000 1 1
1973 04 19 1071.200000 1 1
1973 04 20 1074.062000 1 1
1973 04 21 1074.062000 1 1
1973 04 22 1074.062000 1 1
1973 04 23 1076.928000 1 1
1973 04 24 1079.798000 1 1
1973 04 25 1079.798000 1 1
1973 04 26 1079.798000 1 1
1973 04 27 1079.798000 1 1
1973 04 28 1079.798000 1 1
1973 04 29 1079.798000 1 1
1973 04 30 1079.798000 1 1
1973 05 01 1079.798000 1 1
1973 05 02 1079.798000 1 1
1973 05 03 1079.798000 1 1
1973 05 04 1079.798000 1 1
1973 05 05 1079.798000 1 1
1973 05 06 1079.798000 1 1
1973 05 07 1082.672000 1 1
1973 05 08 1085.550000 1 1
1973 05 09 1088.432000 1 1
1973 05 10 1088.432000 1 1
1973 05 11 1088.432000 1 1
1973 05 12 1088.432000 1 1
1973 05 13 1088.432000 1 1
1973 05 14 1091.318000 1 1
1973 05 15 1091.318000 1 1
1973 05 16 1091.318000 1 1
1973 05 17 1091.318000 1 1
1973 05 18 1094.208000 1 1
1973 05 19 1094.208000 1 1
1973 05 20 1094.208000 1 1
1973 05 21 1097.102000 1 1
1973 05 22 1100.000000 1 1
1973 05 23 1102.902000 1 1
1973 05 24 1105.808000 1 1
1973 05 25 1108.718000 1 1
1973 05 26 1108.718000 1 1
1973 05 27 1108.718000 1 1
1973 05 28 1108.718000 1 1
1973 05 29 1108.718000 1 1
1973 05 30 1108.718000 1 1
1973 05 31 1108.718000 1 1
1973 06 01 1108.718000 1 1
1973 06 02 1111.632000 1 1
1973 06 03 1114.550000 1 1
1973 06 04 1120.398000 1 1
1973 06 05 1120.398000 1 1
1973 06 06 1120.398000 1 1
1973 06 07 1120.398000 1 1
1973 06 08 1120.398000 1 1
1973 06 09 1120.398000 1 1
1973 06 10 1120.398000 1 1
1973 06 11 1120.398000 1 1
1973 06 12 1120.398000 1 1
1973 06 13 1120.398000 1 1
1973 06 14 1120.398000 1 1
1973 06 15 1120.398000 1 1
1973 06 16 1120.398000 1 1
1973 06 17 1123.328000 1 1
1973 06 18 1126.262000 1 1
1973 06 19 1126.262000 1 1
1973 06 20 1126.262000 1 1
1973 06 21 1126.262000 1 1
1973 06 22 1126.262000 1 1
1973 06 23 1126.262000 1 1
1973 06 24 1126.262000 1 1
1973 06 25 1126.262000 1 1
1973 06 26 1126.262000 1 1
1973 06 27 1126.262000 1 1
1973 06 28 1126.262000 1 1
1973 06 29 1126.262000 1 1
1973 06 30 1123.328000 1 1
1973 07 01 1120.398000 1 1
1973 07 02 1117.472000 1 1
1973 07 03 1111.632000 1 1
1973 07 04 1105.808000 1 1
1973 07 05 1100.000000 1 1
1973 07 06 1094.208000 1 1
1973 07 07 1094.208000 1 1
1973 07 08 1091.318000 1 1
1973 07 09 1091.318000 1 1
1973 07 10 1088.432000 1 1
1973 07 11 1082.672000 1 1
1973 07 12 1082.672000 1 1
1973 07 13 1076.928000 1 1
1973 07 14 1071.200000 1 1
1973 07 15 1065.488000 1 1
1973 07 16 1062.638000 1 1
1973 07 17 1056.950000 1 1
1973 07 18 1051.278000 1 1
1973 07 19 1042.800000 1 1
1973 07 20 1039.982000 1 1
1973 07 21 1031.552000 1 1
1973 07 22 1025.952000 1 1
1973 07 23 1020.368000 1 1
1973 07 24 1014.800000 1 1
1973 07 25 1006.478000 1 1
1973 07 26 998.192000 1 1
1973 07 27 987.200000 1 1
1973 07 28 981.728000 1 1
1973 07 29 976.272000 1 1
1973 07 30 970.832000 1 1
1973 07 31 965.408000 1 1
1973 08 01 954.608000 1 1
1973 08 02 946.550000 1 1
1973 08 03 941.198000 1 1
1973 08 04 935.862000 1 1
1973 08 05 930.542000 1 1
1973 08 06 925.238000 1 1
1973 08 07 917.312000 1 1
1973 08 08 909.422000 1 1
1973 08 09 901.568000 1 1
1973 08 10 896.352000 1 1
1973 08 11 891.152000 1 1
1973 08 12 883.382000 1 1
1973 08 13 875.648000 1 1
1973 08 14 870.512000 1 1
1973 08 15 865.392000 1 1
1973 08 16 860.288000 1 1
1973 08 17 855.200000 1 1
1973 08 18 845.072000 1 1
1973 08 19 837.518000 1 1
1973 08 20 830.000000 1 1
1973 08 21 825.008000 1 1
1973 08 22 820.032000 1 1
1973 08 23 815.072000 1 1
1973 08 24 807.662000 1 1
1973 08 25 797.838000 1 1
1973 08 26 790.512000 1 1
1973 08 27 783.222000 1 1
1973 08 28 778.382000 1 1
1973 08 29 775.968000 1 1
1973 08 30 768.750000 1 1
1973 08 31 759.182000 1 1
1973 09 01 752.048000 1 1
1973 09 02 747.312000 1 1
1973 09 03 742.592000 1 1
1973 09 04 735.542000 1 1
1973 09 05 730.862000 1 1
1973 09 06 723.872000 1 1
1973 09 07 719.232000 1 1
1973 09 08 714.608000 1 1
1973 09 09 710.000000 1 1
1973 09 10 707.702000 1 1
1973 09 11 703.118000 1 1
1973 09 12 698.550000 1 1
1973 09 13 693.998000 1 1
1973 09 14 687.200000 1 1
1973 09 15 682.688000 1 1
1973 09 16 678.192000 1 1
1973 09 17 673.712000 1 1
1973 09 18 669.248000 1 1
1973 09 19 664.800000 1 1
1973 09 20 658.158000 1 1
1973 09 21 653.750000 1 1
1973 09 22 649.358000 1 1
1973 09 23 644.982000 1 1
1973 09 24 642.800000 1 1
1973 09 25 638.448000 1 1
1973 09 26 634.112000 1 1
1973 09 27 631.950000 1 1
1973 09 28 627.638000 1 1
1973 09 29 623.342000 1 1
1973 09 30 619.062000 1 1
1973 10 01 616.928000 1 1
1973 10 02 616.928000 1 1
1973 10 03 616.928000 1 1
1973 10 04 612.672000 1 1
1973 10 05 608.432000 1 1
1973 10 06 608.432000 1 1
1973 10 07 604.208000 1 1
1973 10 08 604.208000 1 1
1973 10 09 604.208000 1 1
1973 10 10 602.102000 1 1
1973 10 11 602.102000 1 1
1973 10 12 600.000000 1 1
1973 10 13 600.000000 1 1
1973 10 14 600.000000 1 1
1973 10 15 600.000000 1 1
1973 10 16 602.102000 1 1
1973 10 17 604.208000 1 1
1973 10 18 600.000000 1 1
1973 10 19 604.208000 1 1
1973 10 20 600.000000 1 1
1973 10 21 602.102000 1 1
1973 10 22 604.208000 1 1
1973 10 23 604.208000 1 1
1973 10 24 608.432000 1 1
1973 10 25 608.432000 1 1
1973 10 26 608.432000 1 1
1973 10 27 606.318000 1 1
1973 10 28 606.318000 1 1
1973 10 29 606.318000 1 1
1973 10 30 614.798000 1 1
1973 10 31 619.062000 1 1
1973 11 01 621.200000 1 1
1973 11 02 623.342000 1 1
1973 11 03 625.488000 1 1
1973 11 04 627.638000 1 1
1973 11 05 631.950000 1 1
1973 11 06 634.112000 1 1
1973 11 07 634.112000 1 1
1973 11 08 634.112000 1 1
1973 11 09 642.800000 1 1
1973 11 10 647.168000 1 1
1973 11 11 651.552000 1 1
1973 11 12 655.952000 1 1
1973 11 13 664.800000 1 1
1973 11 14 669.248000 1 1
1973 11 15 673.712000 1 1
1973 11 16 675.950000 1 1
1973 11 17 682.688000 1 1
1973 11 18 689.462000 1 1
1973 11 19 696.272000 1 1
1973 11 20 700.832000 1 1
1973 11 21 712.302000 1 1
1973 11 22 716.918000 1 1
1973 11 23 719.232000 1 1
1973 11 24 728.528000 1 1
1973 11 25 737.888000 1 1
1973 11 26 747.312000 1 1
1973 11 27 754.422000 1 1
1973 11 28 756.800000 1 1
1973 11 29 759.182000 1 1
1973 11 30 763.958000 1 1
1973 12 01 766.352000 1 1
1973 12 02 768.750000 1 1
1973 12 03 773.558000 1 1
1973 12 04 778.382000 1 1
1973 12 05 780.800000 1 1
1973 12 06 790.512000 1 1
1973 12 07 797.838000 1 1
1973 12 08 805.200000 1 1
1973 12 09 812.598000 1 1
1973 12 10 820.032000 1 1
1973 12 11 827.502000 1 1
1973 12 12 830.000000 1 1
1973 12 13 835.008000 1 1
1973 12 14 840.032000 1 1
1973 12 15 845.072000 1 1
1973 12 16 850.128000 1 1
1973 12 17 855.200000 1 1
1973 12 18 857.742000 1 1
1973 12 19 865.392000 1 1
1973 12 20 870.512000 1 1
1973 12 21 873.078000 1 1
1973 12 22 875.648000 1 1
1973 12 23 878.222000 1 1
1973 12 24 880.800000 1 1
1973 12 25 883.382000 1 1
1973 12 26 888.558000 1 1
1973 12 27 898.958000 1 1
1973 12 28 909.422000 1 1
1973 12 29 917.312000 1 1
1973 12 30 927.888000 1 1
1973 12 31 938.528000 1 1
