year month day streamflow_m3s qual_control_by_ana qual_flag
1965 07 01 nan nan 0
1965 07 02 nan nan 0
1965 07 03 nan nan 0
1965 07 04 nan nan 0
1965 07 05 nan nan 0
1965 07 06 nan nan 0
1965 07 07 nan nan 0
1965 07 08 nan nan 0
1965 07 09 nan nan 0
1965 07 10 nan nan 0
1965 07 11 nan nan 0
1965 07 12 nan nan 0
1965 07 13 nan nan 0
1965 07 14 nan nan 0
1965 07 15 nan nan 0
1965 07 16 nan nan 0
1965 07 17 nan nan 0
1965 07 18 nan nan 0
1965 07 19 nan nan 0
1965 07 20 nan nan 0
1965 07 21 nan nan 0
1965 07 22 5.400000 1 1
1965 07 23 5.000000 1 1
1965 07 24 4.500000 1 1
1965 07 25 4.000000 1 1
1965 07 26 3.600000 1 1
1965 07 27 3.300000 1 1
1965 07 28 3.000000 1 1
1965 07 29 2.800000 1 1
1965 07 30 2.700000 1 1
1965 07 31 3.000000 1 1
1965 08 01 2.610000 1 1
1965 08 02 2.140000 1 1
1965 08 03 2.380000 1 1
1965 08 04 2.900000 1 1
1965 08 05 3.090000 1 1
1965 08 06 2.610000 1 1
1965 08 07 2.260000 1 1
1965 08 08 2.200000 1 1
1965 08 09 2.100000 1 1
1965 08 10 2.000000 1 1
1965 08 11 1.750000 1 1
1965 08 12 2.140000 1 1
1965 08 13 3.930000 1 1
1965 08 14 6.800000 1 1
1965 08 15 13.000000 1 1
1965 08 16 15.000000 1 1
1965 08 17 7.600000 1 1
1965 08 18 9.000000 1 1
1965 08 19 156.000000 1 1
1965 08 20 121.000000 1 1
1965 08 21 45.000000 1 1
1965 08 22 38.000000 1 1
1965 08 23 23.000000 1 1
1965 08 24 15.000000 1 1
1965 08 25 12.000000 1 1
1965 08 26 10.000000 1 1
1965 08 27 9.000000 1 1
1965 08 28 8.000000 1 1
1965 08 29 7.000000 1 1
1965 08 30 6.000000 1 1
1965 08 31 5.400000 1 1
1965 09 01 5.400000 1 1
1965 09 02 5.000000 1 1
1965 09 03 4.400000 1 1
1965 09 04 10.000000 1 1
1965 09 05 25.000000 1 1
1965 09 06 66.800000 1 1
1965 09 07 60.000000 1 1
1965 09 08 25.000000 1 1
1965 09 09 18.000000 1 1
1965 09 10 14.000000 1 1
1965 09 11 17.000000 1 1
1965 09 12 25.000000 1 1
1965 09 13 16.000000 1 1
1965 09 14 11.000000 1 1
1965 09 15 12.000000 1 1
1965 09 16 13.000000 1 1
1965 09 17 11.000000 1 1
1965 09 18 12.000000 1 1
1965 09 19 49.000000 1 1
1965 09 20 35.000000 1 1
1965 09 21 13.000000 1 1
1965 09 22 11.000000 1 1
1965 09 23 10.000000 1 1
1965 09 24 8.000000 1 1
1965 09 25 7.200000 1 1
1965 09 26 15.000000 1 1
1965 09 27 35.000000 1 1
1965 09 28 17.000000 1 1
1965 09 29 11.000000 1 1
1965 09 30 30.000000 1 1
1965 10 01 112.000000 1 1
1965 10 02 148.000000 1 1
1965 10 03 30.000000 1 1
1965 10 04 16.000000 1 1
1965 10 05 15.000000 1 1
1965 10 06 14.000000 1 1
1965 10 07 35.000000 1 1
1965 10 08 80.000000 1 1
1965 10 09 40.000000 1 1
1965 10 10 20.000000 1 1
1965 10 11 15.000000 1 1
1965 10 12 12.000000 1 1
1965 10 13 11.000000 1 1
1965 10 14 9.000000 1 1
1965 10 15 8.000000 1 1
1965 10 16 7.000000 1 1
1965 10 17 6.000000 1 1
1965 10 18 5.600000 1 1
1965 10 19 6.000000 1 1
1965 10 20 7.000000 1 1
1965 10 21 7.400000 1 1
1965 10 22 5.600000 1 1
1965 10 23 7.000000 1 1
1965 10 24 20.000000 1 1
1965 10 25 16.000000 1 1
1965 10 26 35.000000 1 1
1965 10 27 17.000000 1 1
1965 10 28 15.000000 1 1
1965 10 29 52.000000 1 1
1965 10 30 76.000000 1 1
1965 10 31 30.000000 1 1
1965 11 01 15.200000 1 1
1965 11 02 10.000000 1 1
1965 11 03 9.000000 1 1
1965 11 04 8.000000 1 1
1965 11 05 7.200000 1 1
1965 11 06 6.400000 1 1
1965 11 07 8.600000 1 1
1965 11 08 6.600000 1 1
1965 11 09 6.000000 1 1
1965 11 10 5.000000 1 1
1965 11 11 4.500000 1 1
1965 11 12 5.000000 1 1
1965 11 13 14.000000 1 1
1965 11 14 15.000000 1 1
1965 11 15 10.000000 1 1
1965 11 16 8.000000 1 1
1965 11 17 6.000000 1 1
1965 11 18 5.000000 1 1
1965 11 19 4.500000 1 1
1965 11 20 4.000000 1 1
1965 11 21 3.400000 1 1
1965 11 22 3.700000 1 1
1965 11 23 4.000000 1 1
1965 11 24 3.000000 1 1
1965 11 25 4.000000 1 1
1965 11 26 11.000000 1 1
1965 11 27 12.000000 1 1
1965 11 28 7.000000 1 1
1965 11 29 5.200000 1 1
1965 11 30 4.000000 1 1
1965 12 01 3.500000 1 1
1965 12 02 2.600000 1 1
1965 12 03 4.000000 1 1
1965 12 04 24.000000 1 1
1965 12 05 15.000000 1 1
1965 12 06 8.600000 1 1
1965 12 07 8.000000 1 1
1965 12 08 10.000000 1 1
1965 12 09 8.000000 1 1
1965 12 10 6.000000 1 1
1965 12 11 5.000000 1 1
1965 12 12 45.000000 1 1
1965 12 13 48.000000 1 1
1965 12 14 15.000000 1 1
1965 12 15 17.000000 1 1
1965 12 16 10.000000 1 1
1965 12 17 8.000000 1 1
1965 12 18 6.400000 1 1
1965 12 19 10.000000 1 1
1965 12 20 110.000000 1 1
1965 12 21 60.000000 1 1
1965 12 22 90.000000 1 1
1965 12 23 100.000000 1 1
1965 12 24 22.000000 1 1
1965 12 25 15.000000 1 1
1965 12 26 40.000000 1 1
1965 12 27 38.000000 1 1
1965 12 28 25.000000 1 1
1965 12 29 20.000000 1 1
1965 12 30 11.000000 1 1
1965 12 31 14.000000 1 1
1966 01 01 6.400000 1 1
1966 01 02 5.800000 1 1
1966 01 03 5.600000 1 1
1966 01 04 6.400000 1 1
1966 01 05 6.400000 1 1
1966 01 06 5.400000 1 1
1966 01 07 4.100000 1 1
1966 01 08 3.700000 1 1
1966 01 09 5.000000 1 1
1966 01 10 5.600000 1 1
1966 01 11 5.000000 1 1
1966 01 12 4.100000 1 1
1966 01 13 3.600000 1 1
1966 01 14 3.100000 1 1
1966 01 15 2.650000 1 1
1966 01 16 2.100000 1 1
1966 01 17 1.800000 1 1
1966 01 18 2.100000 1 1
1966 01 19 2.400000 1 1
1966 01 20 1.900000 1 1
1966 01 21 2.300000 1 1
1966 01 22 5.000000 1 1
1966 01 23 8.600000 1 1
1966 01 24 8.000000 1 1
1966 01 25 5.800000 1 1
1966 01 26 4.600000 1 1
1966 01 27 3.800000 1 1
1966 01 28 3.200000 1 1
1966 01 29 2.800000 1 1
1966 01 30 2.500000 1 1
1966 01 31 2.200000 1 1
1966 02 01 2.100000 1 1
1966 02 02 1.880000 1 1
1966 02 03 1.600000 1 1
1966 02 04 1.300000 1 1
1966 02 05 1.150000 1 1
1966 02 06 1.250000 1 1
1966 02 07 1.600000 1 1
1966 02 08 1.900000 1 1
1966 02 09 2.200000 1 1
1966 02 10 3.050000 1 1
1966 02 11 2.600000 1 1
1966 02 12 2.200000 1 1
1966 02 13 10.000000 1 1
1966 02 14 5.980000 1 1
1966 02 15 5.850000 1 1
1966 02 16 48.100000 1 1
1966 02 17 11.000000 1 1
1966 02 18 9.600000 1 1
1966 02 19 6.850000 1 1
1966 02 20 14.000000 1 1
1966 02 21 25.000000 1 1
1966 02 22 33.500000 1 1
1966 02 23 24.000000 1 1
1966 02 24 10.000000 1 1
1966 02 25 8.000000 1 1
1966 02 26 6.800000 1 1
1966 02 27 5.300000 1 1
1966 02 28 5.250000 1 1
1966 03 01 4.400000 1 1
1966 03 02 3.900000 1 1
1966 03 03 3.600000 1 1
1966 03 04 3.200000 1 1
1966 03 05 4.000000 1 1
1966 03 06 6.800000 1 1
1966 03 07 5.400000 1 1
1966 03 08 4.400000 1 1
1966 03 09 4.500000 1 1
1966 03 10 2.900000 1 1
1966 03 11 2.300000 1 1
1966 03 12 1.800000 1 1
1966 03 13 1.600000 1 1
1966 03 14 1.400000 1 1
1966 03 15 1.280000 1 1
1966 03 16 1.150000 1 1
1966 03 17 1.080000 1 1
1966 03 18 0.980000 1 1
1966 03 19 0.920000 1 1
1966 03 20 0.880000 1 1
1966 03 21 0.860000 1 1
1966 03 22 2.100000 1 1
1966 03 23 4.800000 1 1
1966 03 24 3.400000 1 1
1966 03 25 2.320000 1 1
1966 03 26 4.500000 1 1
1966 03 27 7.400000 1 1
1966 03 28 5.200000 1 1
1966 03 29 3.800000 1 1
1966 03 30 2.700000 1 1
1966 03 31 1.800000 1 1
1966 04 01 15.500000 1 1
1966 04 02 13.400000 1 1
1966 04 03 10.400000 1 1
1966 04 04 7.800000 1 1
1966 04 05 6.240000 1 1
1966 04 06 5.720000 1 1
1966 04 07 32.000000 1 1
1966 04 08 19.000000 1 1
1966 04 09 11.800000 1 1
1966 04 10 9.080000 1 1
1966 04 11 7.020000 1 1
1966 04 12 5.460000 1 1
1966 04 13 4.780000 1 1
1966 04 14 3.930000 1 1
1966 04 15 3.510000 1 1
1966 04 16 2.970000 1 1
1966 04 17 2.610000 1 1
1966 04 18 2.610000 1 1
1966 04 19 2.260000 1 1
1966 04 20 2.140000 1 1
1966 04 21 2.380000 1 1
1966 04 22 2.140000 1 1
1966 04 23 1.900000 1 1
1966 04 24 1.900000 1 1
1966 04 25 2.020000 1 1
1966 04 26 1.820000 1 1
1966 04 27 1.750000 1 1
1966 04 28 1.750000 1 1
1966 04 29 1.750000 1 1
1966 04 30 1.600000 1 1
1966 05 01 1.440000 1 1
1966 05 02 1.370000 1 1
1966 05 03 1.440000 1 1
1966 05 04 2.020000 1 1
1966 05 05 2.380000 1 1
1966 05 06 2.380000 1 1
1966 05 07 2.610000 1 1
1966 05 08 2.380000 1 1
1966 05 09 2.140000 1 1
1966 05 10 1.900000 1 1
1966 05 11 1.750000 1 1
1966 05 12 1.600000 1 1
1966 05 13 1.440000 1 1
1966 05 14 1.290000 1 1
1966 05 15 1.220000 1 1
1966 05 16 1.140000 1 1
1966 05 17 1.100000 1 1
1966 05 18 1.060000 1 1
1966 05 19 1.020000 1 1
1966 05 20 0.980000 1 1
1966 05 21 0.980000 1 1
1966 05 22 0.980000 1 1
1966 05 23 0.980000 1 1
1966 05 24 0.980000 1 1
1966 05 25 0.980000 1 1
1966 05 26 0.980000 1 1
1966 05 27 0.980000 1 1
1966 05 28 0.980000 1 1
1966 05 29 0.940000 1 1
1966 05 30 0.940000 1 1
1966 05 31 0.940000 1 1
1966 06 01 0.980000 1 1
1966 06 02 0.980000 1 1
1966 06 03 0.980000 1 1
1966 06 04 0.980000 1 1
1966 06 05 0.980000 1 1
1966 06 06 0.980000 1 1
1966 06 07 0.940000 1 1
1966 06 08 0.940000 1 1
1966 06 09 0.940000 1 1
1966 06 10 0.940000 1 1
1966 06 11 0.980000 1 1
1966 06 12 1.020000 1 1
1966 06 13 1.060000 1 1
1966 06 14 20.500000 1 1
1966 06 15 12.600000 1 1
1966 06 16 16.000000 1 1
1966 06 17 10.000000 1 1
1966 06 18 24.500000 1 1
1966 06 19 13.400000 1 1
1966 06 20 9.400000 1 1
1966 06 21 6.500000 1 1
1966 06 22 5.200000 1 1
1966 06 23 5.200000 1 1
1966 06 24 4.780000 1 1
1966 06 25 4.140000 1 1
1966 06 26 3.930000 1 1
1966 06 27 3.510000 1 1
1966 06 28 4.990000 1 1
1966 06 29 49.000000 1 1
1966 06 30 24.000000 1 1
1966 07 01 15.500000 1 1
1966 07 02 10.000000 1 1
1966 07 03 7.800000 1 1
1966 07 04 5.980000 1 1
1966 07 05 5.200000 1 1
1966 07 06 4.360000 1 1
1966 07 07 3.930000 1 1
1966 07 08 3.090000 1 1
1966 07 09 2.850000 1 1
1966 07 10 2.850000 1 1
1966 07 11 2.380000 1 1
1966 07 12 2.380000 1 1
1966 07 13 2.140000 1 1
1966 07 14 2.380000 1 1
1966 07 15 4.780000 1 1
1966 07 16 6.760000 1 1
1966 07 17 5.460000 1 1
1966 07 18 4.780000 1 1
1966 07 19 3.930000 1 1
1966 07 20 3.300000 1 1
1966 07 21 2.850000 1 1
1966 07 22 2.850000 1 1
1966 07 23 2.970000 1 1
1966 07 24 3.090000 1 1
1966 07 25 2.610000 1 1
1966 07 26 2.380000 1 1
1966 07 27 2.140000 1 1
1966 07 28 2.140000 1 1
1966 07 29 2.380000 1 1
1966 07 30 3.300000 1 1
1966 07 31 4.360000 1 1
1966 08 01 2.850000 1 1
1966 08 02 2.850000 1 1
1966 08 03 2.610000 1 1
1966 08 04 8.760000 1 1
1966 08 05 40.000000 1 1
1966 08 06 37.000000 1 1
1966 08 07 21.000000 1 1
1966 08 08 12.600000 1 1
1966 08 09 9.080000 1 1
1966 08 10 7.280000 1 1
1966 08 11 5.720000 1 1
1966 08 12 4.780000 1 1
1966 08 13 3.930000 1 1
1966 08 14 3.510000 1 1
1966 08 15 3.510000 1 1
1966 08 16 3.090000 1 1
1966 08 17 2.730000 1 1
1966 08 18 2.610000 1 1
1966 08 19 2.380000 1 1
1966 08 20 2.380000 1 1
1966 08 21 2.260000 1 1
1966 08 22 1.900000 1 1
1966 08 23 3.930000 1 1
1966 08 24 23.500000 1 1
1966 08 25 16.000000 1 1
1966 08 26 10.700000 1 1
1966 08 27 7.800000 1 1
1966 08 28 6.240000 1 1
1966 08 29 6.500000 1 1
1966 08 30 9.720000 1 1
1966 08 31 11.800000 1 1
1966 09 01 28.000000 1 1
1966 09 02 33.000000 1 1
1966 09 03 21.000000 1 1
1966 09 04 14.600000 1 1
1966 09 05 11.400000 1 1
1966 09 06 9.080000 1 1
1966 09 07 7.280000 1 1
1966 09 08 7.020000 1 1
1966 09 09 14.200000 1 1
1966 09 10 10.000000 1 1
1966 09 11 8.440000 1 1
1966 09 12 7.280000 1 1
1966 09 13 31.500000 1 1
1966 09 14 21.000000 1 1
1966 09 15 16.500000 1 1
1966 09 16 40.000000 1 1
1966 09 17 18.500000 1 1
1966 09 18 16.500000 1 1
1966 09 19 11.800000 1 1
1966 09 20 9.080000 1 1
1966 09 21 7.540000 1 1
1966 09 22 6.240000 1 1
1966 09 23 5.200000 1 1
1966 09 24 4.780000 1 1
1966 09 25 4.360000 1 1
1966 09 26 3.930000 1 1
1966 09 27 3.090000 1 1
1966 09 28 3.090000 1 1
1966 09 29 2.850000 1 1
1966 09 30 2.610000 1 1
1966 10 01 2.610000 1 1
1966 10 02 3.510000 1 1
1966 10 03 13.800000 1 1
1966 10 04 37.500000 1 1
1966 10 05 20.000000 1 1
1966 10 06 21.000000 1 1
1966 10 07 35.000000 1 1
1966 10 08 59.600000 1 1
1966 10 09 29.000000 1 1
1966 10 10 20.000000 1 1
1966 10 11 15.000000 1 1
1966 10 12 28.000000 1 1
1966 10 13 28.000000 1 1
1966 10 14 20.000000 1 1
1966 10 15 13.400000 1 1
1966 10 16 12.200000 1 1
1966 10 17 10.400000 1 1
1966 10 18 9.080000 1 1
1966 10 19 7.280000 1 1
1966 10 20 5.980000 1 1
1966 10 21 5.200000 1 1
1966 10 22 11.000000 1 1
1966 10 23 30.000000 1 1
1966 10 24 18.000000 1 1
1966 10 25 12.600000 1 1
1966 10 26 8.440000 1 1
1966 10 27 89.000000 1 1
1966 10 28 51.200000 1 1
1966 10 29 24.000000 1 1
1966 10 30 14.200000 1 1
1966 10 31 11.000000 1 1
1966 11 01 9.400000 1 1
1966 11 02 7.800000 1 1
1966 11 03 6.240000 1 1
1966 11 04 5.200000 1 1
1966 11 05 4.360000 1 1
1966 11 06 3.720000 1 1
1966 11 07 3.930000 1 1
1966 11 08 3.090000 1 1
1966 11 09 3.090000 1 1
1966 11 10 3.510000 1 1
1966 11 11 2.850000 1 1
1966 11 12 9.720000 1 1
1966 11 13 9.080000 1 1
1966 11 14 5.720000 1 1
1966 11 15 6.760000 1 1
1966 11 16 5.200000 1 1
1966 11 17 4.360000 1 1
1966 11 18 3.720000 1 1
1966 11 19 3.090000 1 1
1966 11 20 2.730000 1 1
1966 11 21 2.380000 1 1
1966 11 22 2.260000 1 1
1966 11 23 2.140000 1 1
1966 11 24 1.900000 1 1
1966 11 25 1.900000 1 1
1966 11 26 1.750000 1 1
1966 11 27 1.900000 1 1
1966 11 28 1.900000 1 1
1966 11 29 1.750000 1 1
1966 11 30 1.750000 1 1
1966 12 01 1.750000 1 1
1966 12 02 1.440000 1 1
1966 12 03 1.900000 1 1
1966 12 04 8.440000 1 1
1966 12 05 12.600000 1 1
1966 12 06 10.700000 1 1
1966 12 07 8.120000 1 1
1966 12 08 6.240000 1 1
1966 12 09 5.200000 1 1
1966 12 10 3.930000 1 1
1966 12 11 3.510000 1 1
1966 12 12 2.850000 1 1
1966 12 13 2.610000 1 1
1966 12 14 2.850000 1 1
1966 12 15 3.930000 1 1
1966 12 16 2.850000 1 1
1966 12 17 2.610000 1 1
1966 12 18 2.140000 1 1
1966 12 19 7.540000 1 1
1966 12 20 5.980000 1 1
1966 12 21 4.360000 1 1
1966 12 22 2.730000 1 1
1966 12 23 2.380000 1 1
1966 12 24 1.900000 1 1
1966 12 25 1.600000 1 1
1966 12 26 1.750000 1 1
1966 12 27 2.020000 1 1
1966 12 28 1.900000 1 1
1966 12 29 1.900000 1 1
1966 12 30 1.900000 1 1
1966 12 31 1.900000 1 1
1967 01 01 1.370000 1 1
1967 01 02 1.290000 1 1
1967 01 03 1.600000 1 1
1967 01 04 4.360000 1 1
1967 01 05 6.240000 1 1
1967 01 06 4.140000 1 1
1967 01 07 3.090000 1 1
1967 01 08 2.730000 1 1
1967 01 09 2.850000 1 1
1967 01 10 2.850000 1 1
1967 01 11 2.850000 1 1
1967 01 12 2.380000 1 1
1967 01 13 2.140000 1 1
1967 01 14 2.380000 1 1
1967 01 15 2.610000 1 1
1967 01 16 2.380000 1 1
1967 01 17 1.900000 1 1
1967 01 18 1.750000 1 1
1967 01 19 1.670000 1 1
1967 01 20 1.900000 1 1
1967 01 21 21.000000 1 1
1967 01 22 32.000000 1 1
1967 01 23 16.500000 1 1
1967 01 24 10.400000 1 1
1967 01 25 9.080000 1 1
1967 01 26 7.280000 1 1
1967 01 27 5.200000 1 1
1967 01 28 4.500000 1 1
1967 01 29 3.900000 1 1
1967 01 30 3.300000 1 1
1967 01 31 3.100000 1 1
1967 02 01 2.850000 1 1
1967 02 02 2.700000 1 1
1967 02 03 2.610000 1 1
1967 02 04 2.380000 1 1
1967 02 05 2.400000 1 1
1967 02 06 2.000000 1 1
1967 02 07 1.650000 1 1
1967 02 08 2.350000 1 1
1967 02 09 6.000000 1 1
1967 02 10 10.500000 1 1
1967 02 11 11.000000 1 1
1967 02 12 7.200000 1 1
1967 02 13 5.200000 1 1
1967 02 14 13.500000 1 1
1967 02 15 9.250000 1 1
1967 02 16 7.350000 1 1
1967 02 17 17.500000 1 1
1967 02 18 11.500000 1 1
1967 02 19 7.500000 1 1
1967 02 20 6.000000 1 1
1967 02 21 5.300000 1 1
1967 02 22 6.400000 1 1
1967 02 23 5.600000 1 1
1967 02 24 5.050000 1 1
1967 02 25 8.440000 1 1
1967 02 26 14.600000 1 1
1967 02 27 14.200000 1 1
1967 02 28 12.600000 1 1
1967 03 01 9.720000 1 1
1967 03 02 8.760000 1 1
1967 03 03 8.440000 1 1
1967 03 04 95.000000 1 1
1967 03 05 83.000000 1 1
1967 03 06 34.500000 1 1
1967 03 07 18.500000 1 1
1967 03 08 11.800000 1 1
1967 03 09 7.280000 1 1
1967 03 10 5.460000 1 1
1967 03 11 4.570000 1 1
1967 03 12 4.140000 1 1
1967 03 13 3.930000 1 1
1967 03 14 3.510000 1 1
1967 03 15 3.090000 1 1
1967 03 16 2.850000 1 1
1967 03 17 2.600000 1 1
1967 03 18 2.500000 1 1
1967 03 19 2.400000 1 1
1967 03 20 2.250000 1 1
1967 03 21 2.160000 1 1
1967 03 22 2.150000 1 1
1967 03 23 2.200000 1 1
1967 03 24 2.250000 1 1
1967 03 25 2.250000 1 1
1967 03 26 2.350000 1 1
1967 03 27 2.500000 1 1
1967 03 28 4.500000 1 1
1967 03 29 12.000000 1 1
1967 03 30 5.200000 1 1
1967 03 31 27.000000 1 1
1967 04 01 20.500000 1 1
1967 04 02 14.500000 1 1
1967 04 03 9.500000 1 1
1967 04 04 7.600000 1 1
1967 04 05 6.400000 1 1
1967 04 06 5.000000 1 1
1967 04 07 4.050000 1 1
1967 04 08 3.300000 1 1
1967 04 09 2.700000 1 1
1967 04 10 2.400000 1 1
1967 04 11 2.150000 1 1
1967 04 12 1.950000 1 1
1967 04 13 1.800000 1 1
1967 04 14 1.770000 1 1
1967 04 15 1.970000 1 1
1967 04 16 1.750000 1 1
1967 04 17 1.630000 1 1
1967 04 18 1.550000 1 1
1967 04 19 1.500000 1 1
1967 04 20 1.450000 1 1
1967 04 21 1.420000 1 1
1967 04 22 1.400000 1 1
1967 04 23 1.380000 1 1
1967 04 24 1.320000 1 1
1967 04 25 1.270000 1 1
1967 04 26 1.300000 1 1
1967 04 27 1.350000 1 1
1967 04 28 1.300000 1 1
1967 04 29 1.260000 1 1
1967 04 30 1.250000 1 1
1967 05 01 1.250000 1 1
1967 05 02 1.200000 1 1
1967 05 03 1.170000 1 1
1967 05 04 1.160000 1 1
1967 05 05 1.150000 1 1
1967 05 06 1.140000 1 1
1967 05 07 1.090000 1 1
1967 05 08 1.020000 1 1
1967 05 09 1.000000 1 1
1967 05 10 0.980000 1 1
1967 05 11 0.980000 1 1
1967 05 12 0.930000 1 1
1967 05 13 0.890000 1 1
1967 05 14 0.880000 1 1
1967 05 15 0.870000 1 1
1967 05 16 0.850000 1 1
1967 05 17 0.820000 1 1
1967 05 18 0.780000 1 1
1967 05 19 0.780000 1 1
1967 05 20 0.850000 1 1
1967 05 21 1.050000 1 1
1967 05 22 1.600000 1 1
1967 05 23 3.650000 1 1
1967 05 24 6.400000 1 1
1967 05 25 3.300000 1 1
1967 05 26 1.900000 1 1
1967 05 27 1.550000 1 1
1967 05 28 1.400000 1 1
1967 05 29 1.300000 1 1
1967 05 30 1.200000 1 1
1967 05 31 1.100000 1 1
1967 06 01 1.050000 1 1
1967 06 02 1.030000 1 1
1967 06 03 1.060000 1 1
1967 06 04 1.270000 1 1
1967 06 05 3.000000 1 1
1967 06 06 2.400000 1 1
1967 06 07 5.600000 1 1
1967 06 08 4.000000 1 1
1967 06 09 2.650000 1 1
1967 06 10 1.900000 1 1
1967 06 11 1.650000 1 1
1967 06 12 1.450000 1 1
1967 06 13 1.420000 1 1
1967 06 14 1.450000 1 1
1967 06 15 1.340000 1 1
1967 06 16 1.310000 1 1
1967 06 17 1.320000 1 1
1967 06 18 1.300000 1 1
1967 06 19 1.290000 1 1
1967 06 20 1.200000 1 1
1967 06 21 1.100000 1 1
1967 06 22 1.080000 1 1
1967 06 23 1.060000 1 1
1967 06 24 0.930000 1 1
1967 06 25 0.900000 1 1
1967 06 26 0.900000 1 1
1967 06 27 0.900000 1 1
1967 06 28 0.900000 1 1
1967 06 29 0.940000 1 1
1967 06 30 0.980000 1 1
1967 07 01 1.060000 1 1
1967 07 02 1.060000 1 1
1967 07 03 1.060000 1 1
1967 07 04 0.980000 1 1
1967 07 05 0.980000 1 1
1967 07 06 0.940000 1 1
1967 07 07 0.940000 1 1
1967 07 08 0.940000 1 1
1967 07 09 0.940000 1 1
1967 07 10 5.500000 1 1
1967 07 11 8.500000 1 1
1967 07 12 5.200000 1 1
1967 07 13 4.300000 1 1
1967 07 14 4.000000 1 1
1967 07 15 3.750000 1 1
1967 07 16 3.500000 1 1
1967 07 17 3.140000 1 1
1967 07 18 2.900000 1 1
1967 07 19 2.650000 1 1
1967 07 20 2.800000 1 1
1967 07 21 44.500000 1 1
1967 07 22 27.500000 1 1
1967 07 23 24.000000 1 1
1967 07 24 13.800000 1 1
1967 07 25 9.080000 1 1
1967 07 26 7.280000 1 1
1967 07 27 5.200000 1 1
1967 07 28 4.360000 1 1
1967 07 29 3.510000 1 1
1967 07 30 2.850000 1 1
1967 07 31 2.610000 1 1
1967 08 01 2.380000 1 1
1967 08 02 2.140000 1 1
1967 08 03 2.020000 1 1
1967 08 04 1.900000 1 1
1967 08 05 1.820000 1 1
1967 08 06 1.750000 1 1
1967 08 07 1.750000 1 1
1967 08 08 1.670000 1 1
1967 08 09 1.670000 1 1
1967 08 10 1.600000 1 1
1967 08 11 1.600000 1 1
1967 08 12 1.750000 1 1
1967 08 13 2.970000 1 1
1967 08 14 6.240000 1 1
1967 08 15 4.360000 1 1
1967 08 16 3.510000 1 1
1967 08 17 2.850000 1 1
1967 08 18 2.380000 1 1
1967 08 19 2.140000 1 1
1967 08 20 2.020000 1 1
1967 08 21 28.000000 1 1
1967 08 22 71.600000 1 1
1967 08 23 108.000000 1 1
1967 08 24 112.000000 1 1
1967 08 25 59.000000 1 1
1967 08 26 33.000000 1 1
1967 08 27 26.000000 1 1
1967 08 28 21.000000 1 1
1967 08 29 15.000000 1 1
1967 08 30 11.400000 1 1
1967 08 31 9.080000 1 1
1967 09 01 8.120000 1 1
1967 09 02 12.600000 1 1
1967 09 03 11.000000 1 1
1967 09 04 20.000000 1 1
1967 09 05 51.200000 1 1
1967 09 06 31.500000 1 1
1967 09 07 26.000000 1 1
1967 09 08 20.000000 1 1
1967 09 09 17.000000 1 1
1967 09 10 12.600000 1 1
1967 09 11 9.720000 1 1
1967 09 12 8.120000 1 1
1967 09 13 11.800000 1 1
1967 09 14 11.800000 1 1
1967 09 15 9.720000 1 1
1967 09 16 7.800000 1 1
1967 09 17 6.240000 1 1
1967 09 18 5.200000 1 1
1967 09 19 4.360000 1 1
1967 09 20 5.460000 1 1
1967 09 21 12.600000 1 1
1967 09 22 11.800000 1 1
1967 09 23 10.700000 1 1
1967 09 24 9.080000 1 1
1967 09 25 7.280000 1 1
1967 09 26 5.720000 1 1
1967 09 27 4.360000 1 1
1967 09 28 3.930000 1 1
1967 09 29 3.090000 1 1
1967 09 30 2.850000 1 1
1967 10 01 2.730000 1 1
1967 10 02 2.610000 1 1
1967 10 03 2.610000 1 1
1967 10 04 2.610000 1 1
1967 10 05 4.780000 1 1
1967 10 06 7.280000 1 1
1967 10 07 4.990000 1 1
1967 10 08 3.510000 1 1
1967 10 09 2.970000 1 1
1967 10 10 2.490000 1 1
1967 10 11 2.380000 1 1
1967 10 12 7.280000 1 1
1967 10 13 8.440000 1 1
1967 10 14 5.720000 1 1
1967 10 15 3.930000 1 1
1967 10 16 3.510000 1 1
1967 10 17 2.850000 1 1
1967 10 18 2.610000 1 1
1967 10 19 2.970000 1 1
1967 10 20 17.000000 1 1
1967 10 21 31.000000 1 1
1967 10 22 36.500000 1 1
1967 10 23 28.000000 1 1
1967 10 24 18.000000 1 1
1967 10 25 11.800000 1 1
1967 10 26 24.000000 1 1
1967 10 27 15.000000 1 1
1967 10 28 9.720000 1 1
1967 10 29 6.500000 1 1
1967 10 30 4.780000 1 1
1967 10 31 3.510000 1 1
1967 11 01 3.510000 1 1
1967 11 02 21.500000 1 1
1967 11 03 47.000000 1 1
1967 11 04 26.000000 1 1
1967 11 05 21.000000 1 1
1967 11 06 14.200000 1 1
1967 11 07 11.000000 1 1
1967 11 08 8.120000 1 1
1967 11 09 6.240000 1 1
1967 11 10 4.990000 1 1
1967 11 11 5.200000 1 1
1967 11 12 6.500000 1 1
1967 11 13 5.200000 1 1
1967 11 14 4.140000 1 1
1967 11 15 3.930000 1 1
1967 11 16 7.800000 1 1
1967 11 17 6.500000 1 1
1967 11 18 4.780000 1 1
1967 11 19 3.720000 1 1
1967 11 20 2.970000 1 1
1967 11 21 2.610000 1 1
1967 11 22 2.380000 1 1
1967 11 23 2.260000 1 1
1967 11 24 2.380000 1 1
1967 11 25 2.380000 1 1
1967 11 26 8.440000 1 1
1967 11 27 10.000000 1 1
1967 11 28 7.540000 1 1
1967 11 29 7.280000 1 1
1967 11 30 5.460000 1 1
1967 12 01 4.360000 1 1
1967 12 02 3.510000 1 1
1967 12 03 18.500000 1 1
1967 12 04 24.500000 1 1
1967 12 05 17.000000 1 1
1967 12 06 10.400000 1 1
1967 12 07 7.280000 1 1
1967 12 08 5.200000 1 1
1967 12 09 5.980000 1 1
1967 12 10 4.780000 1 1
1967 12 11 3.720000 1 1
1967 12 12 3.090000 1 1
1967 12 13 2.610000 1 1
1967 12 14 2.380000 1 1
1967 12 15 2.140000 1 1
1967 12 16 2.020000 1 1
1967 12 17 1.900000 1 1
1967 12 18 1.820000 1 1
1967 12 19 1.820000 1 1
1967 12 20 2.490000 1 1
1967 12 21 3.510000 1 1
1967 12 22 2.380000 1 1
1967 12 23 1.900000 1 1
1967 12 24 1.750000 1 1
1967 12 25 1.600000 1 1
1967 12 26 1.600000 1 1
1967 12 27 1.600000 1 1
1967 12 28 1.520000 1 1
1967 12 29 1.440000 1 1
1967 12 30 1.370000 1 1
1967 12 31 1.290000 1 1
1968 01 01 0.810000 1 1
1968 01 02 0.800000 1 1
1968 01 03 0.820000 1 1
1968 01 04 0.840000 1 1
1968 01 05 0.800000 1 1
1968 01 06 0.750000 1 1
1968 01 07 0.740000 1 1
1968 01 08 0.740000 1 1
1968 01 09 0.730000 1 1
1968 01 10 0.740000 1 1
1968 01 11 0.760000 1 1
1968 01 12 0.780000 1 1
1968 01 13 0.860000 1 1
1968 01 14 0.980000 1 1
1968 01 15 0.940000 1 1
1968 01 16 0.860000 1 1
1968 01 17 0.740000 1 1
1968 01 18 0.740000 1 1
1968 01 19 0.740000 1 1
1968 01 20 0.740000 1 1
1968 01 21 0.980000 1 1
1968 01 22 1.820000 1 1
1968 01 23 1.750000 1 1
1968 01 24 1.600000 1 1
1968 01 25 2.140000 1 1
1968 01 26 2.850000 1 1
1968 01 27 3.510000 1 1
1968 01 28 2.380000 1 1
1968 01 29 1.900000 1 1
1968 01 30 1.600000 1 1
1968 01 31 1.290000 1 1
1968 02 01 1.100000 1 1
1968 02 02 0.980000 1 1
1968 02 03 0.900000 1 1
1968 02 04 0.900000 1 1
1968 02 05 0.880000 1 1
1968 02 06 0.840000 1 1
1968 02 07 0.800000 1 1
1968 02 08 0.780000 1 1
1968 02 09 0.780000 1 1
1968 02 10 0.785000 1 1
1968 02 11 0.780000 1 1
1968 02 12 0.800000 1 1
1968 02 13 1.820000 1 1
1968 02 14 5.720000 1 1
1968 02 15 4.780000 1 1
1968 02 16 3.510000 1 1
1968 02 17 2.730000 1 1
1968 02 18 2.140000 1 1
1968 02 19 1.750000 1 1
1968 02 20 1.370000 1 1
1968 02 21 1.140000 1 1
1968 02 22 1.060000 1 1
1968 02 23 0.980000 1 1
1968 02 24 0.900000 1 1
1968 02 25 0.860000 1 1
1968 02 26 0.840000 1 1
1968 02 27 0.820000 1 1
1968 02 28 0.780000 1 1
1968 02 29 0.768000 1 1
1968 03 01 0.765000 1 1
1968 03 02 0.765000 1 1
1968 03 03 0.765000 1 1
1968 03 04 0.740000 1 1
1968 03 05 0.760000 1 1
1968 03 06 0.763000 1 1
1968 03 07 0.760000 1 1
1968 03 08 0.740000 1 1
1968 03 09 0.740000 1 1
1968 03 10 0.760000 1 1
1968 03 11 1.520000 1 1
1968 03 12 2.260000 1 1
1968 03 13 1.600000 1 1
1968 03 14 1.290000 1 1
1968 03 15 1.020000 1 1
1968 03 16 0.940000 1 1
1968 03 17 1.600000 1 1
1968 03 18 1.140000 1 1
1968 03 19 0.980000 1 1
1968 03 20 0.900000 1 1
1968 03 21 1.060000 1 1
1968 03 22 2.730000 1 1
1968 03 23 31.000000 1 1
1968 03 24 36.500000 1 1
1968 03 25 15.000000 1 1
1968 03 26 8.000000 1 1
1968 03 27 5.400000 1 1
1968 03 28 4.000000 1 1
1968 03 29 6.240000 1 1
1968 03 30 8.800000 1 1
1968 03 31 8.000000 1 1
1968 04 01 5.000000 1 1
1968 04 02 4.100000 1 1
1968 04 03 3.400000 1 1
1968 04 04 2.900000 1 1
1968 04 05 2.500000 1 1
1968 04 06 2.200000 1 1
1968 04 07 2.000000 1 1
1968 04 08 1.750000 1 1
1968 04 09 1.650000 1 1
1968 04 10 1.550000 1 1
1968 04 11 1.400000 1 1
1968 04 12 1.300000 1 1
1968 04 13 1.200000 1 1
1968 04 14 1.180000 1 1
1968 04 15 1.100000 1 1
1968 04 16 1.050000 1 1
1968 04 17 1.000000 1 1
1968 04 18 0.900000 1 1
1968 04 19 1.060000 1 1
1968 04 20 4.360000 1 1
1968 04 21 6.240000 1 1
1968 04 22 4.780000 1 1
1968 04 23 3.720000 1 1
1968 04 24 2.730000 1 1
1968 04 25 2.380000 1 1
1968 04 26 2.140000 1 1
1968 04 27 1.900000 1 1
1968 04 28 57.200000 1 1
1968 04 29 43.000000 1 1
1968 04 30 22.000000 1 1
1968 05 01 13.400000 1 1
1968 05 02 9.080000 1 1
1968 05 03 7.280000 1 1
1968 05 04 5.460000 1 1
1968 05 05 4.360000 1 1
1968 05 06 3.510000 1 1
1968 05 07 3.090000 1 1
1968 05 08 2.850000 1 1
1968 05 09 2.380000 1 1
1968 05 10 2.380000 1 1
1968 05 11 2.140000 1 1
1968 05 12 1.900000 1 1
1968 05 13 1.820000 1 1
1968 05 14 1.750000 1 1
1968 05 15 2.140000 1 1
1968 05 16 2.140000 1 1
1968 05 17 1.900000 1 1
1968 05 18 1.750000 1 1
1968 05 19 1.600000 1 1
1968 05 20 1.520000 1 1
1968 05 21 1.440000 1 1
1968 05 22 1.370000 1 1
1968 05 23 1.290000 1 1
1968 05 24 1.220000 1 1
1968 05 25 1.140000 1 1
1968 05 26 1.140000 1 1
1968 05 27 1.060000 1 1
1968 05 28 1.020000 1 1
1968 05 29 1.020000 1 1
1968 05 30 1.020000 1 1
1968 05 31 1.020000 1 1
1968 06 01 0.980000 1 1
1968 06 02 0.980000 1 1
1968 06 03 0.940000 1 1
1968 06 04 0.900000 1 1
1968 06 05 0.900000 1 1
1968 06 06 1.100000 1 1
1968 06 07 2.140000 1 1
1968 06 08 3.720000 1 1
1968 06 09 3.090000 1 1
1968 06 10 2.850000 1 1
1968 06 11 2.380000 1 1
1968 06 12 2.020000 1 1
1968 06 13 1.900000 1 1
1968 06 14 1.600000 1 1
1968 06 15 1.440000 1 1
1968 06 16 1.440000 1 1
1968 06 17 1.290000 1 1
1968 06 18 1.140000 1 1
1968 06 19 1.220000 1 1
1968 06 20 1.100000 1 1
1968 06 21 1.060000 1 1
1968 06 22 1.020000 1 1
1968 06 23 0.980000 1 1
1968 06 24 1.060000 1 1
1968 06 25 1.100000 1 1
1968 06 26 1.140000 1 1
1968 06 27 1.060000 1 1
1968 06 28 1.060000 1 1
1968 06 29 0.980000 1 1
1968 06 30 0.900000 1 1
1968 07 01 0.900000 1 1
1968 07 02 0.860000 1 1
1968 07 03 0.820000 1 1
1968 07 04 0.820000 1 1
1968 07 05 1.020000 1 1
1968 07 06 1.290000 1 1
1968 07 07 1.820000 1 1
1968 07 08 3.510000 1 1
1968 07 09 9.080000 1 1
1968 07 10 9.080000 1 1
1968 07 11 7.280000 1 1
1968 07 12 5.460000 1 1
1968 07 13 4.360000 1 1
1968 07 14 3.510000 1 1
1968 07 15 2.850000 1 1
1968 07 16 2.380000 1 1
1968 07 17 2.020000 1 1
1968 07 18 1.900000 1 1
1968 07 19 1.750000 1 1
1968 07 20 1.600000 1 1
1968 07 21 1.600000 1 1
1968 07 22 1.440000 1 1
1968 07 23 1.290000 1 1
1968 07 24 1.220000 1 1
1968 07 25 1.140000 1 1
1968 07 26 1.100000 1 1
1968 07 27 1.060000 1 1
1968 07 28 1.020000 1 1
1968 07 29 0.980000 1 1
1968 07 30 0.940000 1 1
1968 07 31 0.940000 1 1
1968 08 01 0.900000 1 1
1968 08 02 0.860000 1 1
1968 08 03 0.820000 1 1
1968 08 04 0.820000 1 1
1968 08 05 0.860000 1 1
1968 08 06 0.820000 1 1
1968 08 07 0.940000 1 1
1968 08 08 1.290000 1 1
1968 08 09 2.020000 1 1
1968 08 10 1.670000 1 1
1968 08 11 1.520000 1 1
1968 08 12 1.440000 1 1
1968 08 13 1.290000 1 1
1968 08 14 1.140000 1 1
1968 08 15 1.100000 1 1
1968 08 16 1.020000 1 1
1968 08 17 0.980000 1 1
1968 08 18 0.900000 1 1
1968 08 19 0.900000 1 1
1968 08 20 0.820000 1 1
1968 08 21 0.820000 1 1
1968 08 22 0.820000 1 1
1968 08 23 0.820000 1 1
1968 08 24 0.780000 1 1
1968 08 25 0.740000 1 1
1968 08 26 0.860000 1 1
1968 08 27 0.820000 1 1
1968 08 28 0.740000 1 1
1968 08 29 0.740000 1 1
1968 08 30 0.740000 1 1
1968 08 31 0.740000 1 1
1968 09 01 0.738000 1 1
1968 09 02 0.736000 1 1
1968 09 03 0.730000 1 1
1968 09 04 0.720000 1 1
1968 09 05 0.710000 1 1
1968 09 06 0.713000 1 1
1968 09 07 0.713000 1 1
1968 09 08 0.712000 1 1
1968 09 09 0.710000 1 1
1968 09 10 0.700000 1 1
1968 09 11 0.780000 1 1
1968 09 12 0.980000 1 1
1968 09 13 1.440000 1 1
1968 09 14 1.440000 1 1
1968 09 15 1.440000 1 1
1968 09 16 1.290000 1 1
1968 09 17 1.140000 1 1
1968 09 18 1.140000 1 1
1968 09 19 1.060000 1 1
1968 09 20 1.900000 1 1
1968 09 21 7.800000 1 1
1968 09 22 6.760000 1 1
1968 09 23 4.780000 1 1
1968 09 24 3.510000 1 1
1968 09 25 2.730000 1 1
1968 09 26 2.610000 1 1
1968 09 27 5.200000 1 1
1968 09 28 6.500000 1 1
1968 09 29 16.000000 1 1
1968 09 30 11.800000 1 1
1968 10 01 7.800000 1 1
1968 10 02 5.720000 1 1
1968 10 03 4.360000 1 1
1968 10 04 3.300000 1 1
1968 10 05 2.730000 1 1
1968 10 06 2.380000 1 1
1968 10 07 2.380000 1 1
1968 10 08 2.850000 1 1
1968 10 09 3.510000 1 1
1968 10 10 11.000000 1 1
1968 10 11 19.000000 1 1
1968 10 12 12.600000 1 1
1968 10 13 8.440000 1 1
1968 10 14 6.500000 1 1
1968 10 15 4.780000 1 1
1968 10 16 4.780000 1 1
1968 10 17 11.000000 1 1
1968 10 18 10.000000 1 1
1968 10 19 7.280000 1 1
1968 10 20 5.720000 1 1
1968 10 21 4.570000 1 1
1968 10 22 3.720000 1 1
1968 10 23 7.280000 1 1
1968 10 24 32.000000 1 1
1968 10 25 18.000000 1 1
1968 10 26 12.000000 1 1
1968 10 27 10.000000 1 1
1968 10 28 10.000000 1 1
1968 10 29 9.400000 1 1
1968 10 30 21.500000 1 1
1968 10 31 29.000000 1 1
1968 11 01 18.000000 1 1
1968 11 02 11.800000 1 1
1968 11 03 8.120000 1 1
1968 11 04 6.240000 1 1
1968 11 05 5.720000 1 1
1968 11 06 5.720000 1 1
1968 11 07 8.440000 1 1
1968 11 08 10.400000 1 1
1968 11 09 9.720000 1 1
1968 11 10 7.280000 1 1
1968 11 11 5.720000 1 1
1968 11 12 4.990000 1 1
1968 11 13 4.140000 1 1
1968 11 14 3.510000 1 1
1968 11 15 3.090000 1 1
1968 11 16 3.100000 1 1
1968 11 17 2.900000 1 1
1968 11 18 2.700000 1 1
1968 11 19 2.500000 1 1
1968 11 20 2.300000 1 1
1968 11 21 2.150000 1 1
1968 11 22 1.950000 1 1
1968 11 23 1.800000 1 1
1968 11 24 1.750000 1 1
1968 11 25 1.700000 1 1
1968 11 26 1.750000 1 1
1968 11 27 1.850000 1 1
1968 11 28 2.000000 1 1
1968 11 29 2.700000 1 1
1968 11 30 2.850000 1 1
1968 12 01 2.400000 1 1
1968 12 02 2.150000 1 1
1968 12 03 1.950000 1 1
1968 12 04 1.800000 1 1
1968 12 05 2.500000 1 1
1968 12 06 2.400000 1 1
1968 12 07 2.000000 1 1
1968 12 08 1.700000 1 1
1968 12 09 1.550000 1 1
1968 12 10 1.400000 1 1
1968 12 11 1.350000 1 1
1968 12 12 1.250000 1 1
1968 12 13 1.100000 1 1
1968 12 14 1.000000 1 1
1968 12 15 1.150000 1 1
1968 12 16 2.380000 1 1
1968 12 17 3.090000 1 1
1968 12 18 2.140000 1 1
1968 12 19 1.600000 1 1
1968 12 20 1.600000 1 1
1968 12 21 2.260000 1 1
1968 12 22 13.400000 1 1
1968 12 23 68.000000 1 1
1968 12 24 136.000000 1 1
1968 12 25 70.400000 1 1
1968 12 26 32.000000 1 1
1968 12 27 21.000000 1 1
1968 12 28 44.000000 1 1
1968 12 29 24.500000 1 1
1968 12 30 15.000000 1 1
1968 12 31 10.400000 1 1
1969 01 01 7.540000 1 1
1969 01 02 65.000000 1 1
1969 01 03 37.000000 1 1
1969 01 04 24.000000 1 1
1969 01 05 16.000000 1 1
1969 01 06 25.000000 1 1
1969 01 07 39.000000 1 1
1969 01 08 142.000000 1 1
1969 01 09 54.800000 1 1
1969 01 10 71.600000 1 1
1969 01 11 51.200000 1 1
1969 01 12 28.500000 1 1
1969 01 13 19.000000 1 1
1969 01 14 13.400000 1 1
1969 01 15 10.400000 1 1
1969 01 16 8.440000 1 1
1969 01 17 6.760000 1 1
1969 01 18 5.460000 1 1
1969 01 19 4.360000 1 1
1969 01 20 3.930000 1 1
1969 01 21 4.140000 1 1
1969 01 22 3.510000 1 1
1969 01 23 3.090000 1 1
1969 01 24 2.850000 1 1
1969 01 25 2.610000 1 1
1969 01 26 2.380000 1 1
1969 01 27 2.380000 1 1
1969 01 28 2.140000 1 1
1969 01 29 2.020000 1 1
1969 01 30 1.820000 1 1
1969 01 31 1.670000 1 1
1969 02 01 1.750000 1 1
1969 02 02 1.750000 1 1
1969 02 03 1.600000 1 1
1969 02 04 1.600000 1 1
1969 02 05 1.440000 1 1
1969 02 06 1.290000 1 1
1969 02 07 1.140000 1 1
1969 02 08 1.600000 1 1
1969 02 09 1.520000 1 1
1969 02 10 1.370000 1 1
1969 02 11 2.260000 1 1
1969 02 12 2.850000 1 1
1969 02 13 2.260000 1 1
1969 02 14 1.900000 1 1
1969 02 15 2.020000 1 1
1969 02 16 1.750000 1 1
1969 02 17 1.600000 1 1
1969 02 18 2.850000 1 1
1969 02 19 18.500000 1 1
1969 02 20 9.720000 1 1
1969 02 21 6.240000 1 1
1969 02 22 4.780000 1 1
1969 02 23 3.510000 1 1
1969 02 24 2.610000 1 1
1969 02 25 2.140000 1 1
1969 02 26 1.900000 1 1
1969 02 27 1.750000 1 1
1969 02 28 1.750000 1 1
1969 03 01 5.200000 1 1
1969 03 02 3.930000 1 1
1969 03 03 2.970000 1 1
1969 03 04 2.610000 1 1
1969 03 05 2.140000 1 1
1969 03 06 1.900000 1 1
1969 03 07 1.600000 1 1
1969 03 08 1.290000 1 1
1969 03 09 1.140000 1 1
1969 03 10 2.300000 1 1
1969 03 11 2.100000 1 1
1969 03 12 1.900000 1 1
1969 03 13 1.700000 1 1
1969 03 14 1.600000 1 1
1969 03 15 1.430000 1 1
1969 03 16 1.360000 1 1
1969 03 17 1.340000 1 1
1969 03 18 1.300000 1 1
1969 03 19 1.250000 1 1
1969 03 20 1.230000 1 1
1969 03 21 1.230000 1 1
1969 03 22 1.260000 1 1
1969 03 23 1.250000 1 1
1969 03 24 1.250000 1 1
1969 03 25 1.280000 1 1
1969 03 26 1.350000 1 1
1969 03 27 1.500000 1 1
1969 03 28 1.500000 1 1
1969 03 29 1.400000 1 1
1969 03 30 42.000000 1 1
1969 03 31 20.000000 1 1
1969 04 01 16.000000 1 1
1969 04 02 23.000000 1 1
1969 04 03 15.000000 1 1
1969 04 04 49.000000 1 1
1969 04 05 68.000000 1 1
1969 04 06 30.000000 1 1
1969 04 07 18.500000 1 1
1969 04 08 9.080000 1 1
1969 04 09 7.800000 1 1
1969 04 10 7.020000 1 1
1969 04 11 6.240000 1 1
1969 04 12 5.200000 1 1
1969 04 13 4.360000 1 1
1969 04 14 3.930000 1 1
1969 04 15 3.300000 1 1
1969 04 16 2.850000 1 1
1969 04 17 2.610000 1 1
1969 04 18 2.380000 1 1
1969 04 19 2.140000 1 1
1969 04 20 1.900000 1 1
1969 04 21 2.140000 1 1
1969 04 22 2.380000 1 1
1969 04 23 2.020000 1 1
1969 04 24 1.900000 1 1
1969 04 25 1.750000 1 1
1969 04 26 1.600000 1 1
1969 04 27 1.600000 1 1
1969 04 28 1.520000 1 1
1969 04 29 1.600000 1 1
1969 04 30 1.600000 1 1
1969 05 01 1.600000 1 1
1969 05 02 1.670000 1 1
1969 05 03 3.930000 1 1
1969 05 04 6.760000 1 1
1969 05 05 5.460000 1 1
1969 05 06 4.360000 1 1
1969 05 07 3.300000 1 1
1969 05 08 2.850000 1 1
1969 05 09 2.490000 1 1
1969 05 10 2.140000 1 1
1969 05 11 1.900000 1 1
1969 05 12 2.020000 1 1
1969 05 13 2.850000 1 1
1969 05 14 2.730000 1 1
1969 05 15 2.380000 1 1
1969 05 16 2.260000 1 1
1969 05 17 2.140000 1 1
1969 05 18 1.900000 1 1
1969 05 19 1.750000 1 1
1969 05 20 1.670000 1 1
1969 05 21 1.750000 1 1
1969 05 22 1.750000 1 1
1969 05 23 1.900000 1 1
1969 05 24 1.750000 1 1
1969 05 25 7.800000 1 1
1969 05 26 77.600000 1 1
1969 05 27 31.000000 1 1
1969 05 28 17.500000 1 1
1969 05 29 11.800000 1 1
1969 05 30 25.000000 1 1
1969 05 31 31.000000 1 1
1969 06 01 18.000000 1 1
1969 06 02 13.000000 1 1
1969 06 03 9.720000 1 1
1969 06 04 7.540000 1 1
1969 06 05 6.240000 1 1
1969 06 06 5.200000 1 1
1969 06 07 4.780000 1 1
1969 06 08 3.930000 1 1
1969 06 09 3.510000 1 1
1969 06 10 2.970000 1 1
1969 06 11 2.610000 1 1
1969 06 12 2.610000 1 1
1969 06 13 2.490000 1 1
1969 06 14 18.000000 1 1
1969 06 15 44.000000 1 1
1969 06 16 22.500000 1 1
1969 06 17 24.000000 1 1
1969 06 18 81.200000 1 1
1969 06 19 34.000000 1 1
1969 06 20 34.500000 1 1
1969 06 21 43.000000 1 1
1969 06 22 27.000000 1 1
1969 06 23 16.000000 1 1
1969 06 24 12.600000 1 1
1969 06 25 9.720000 1 1
1969 06 26 7.800000 1 1
1969 06 27 6.760000 1 1
1969 06 28 5.980000 1 1
1969 06 29 5.200000 1 1
1969 06 30 4.780000 1 1
1969 07 01 4.140000 1 1
1969 07 02 3.510000 1 1
1969 07 03 3.300000 1 1
1969 07 04 2.850000 1 1
1969 07 05 2.730000 1 1
1969 07 06 2.730000 1 1
1969 07 07 2.850000 1 1
1969 07 08 3.510000 1 1
1969 07 09 11.000000 1 1
1969 07 10 9.400000 1 1
1969 07 11 7.280000 1 1
1969 07 12 6.240000 1 1
1969 07 13 4.990000 1 1
1969 07 14 4.360000 1 1
1969 07 15 3.510000 1 1
1969 07 16 2.970000 1 1
1969 07 17 2.850000 1 1
1969 07 18 2.610000 1 1
1969 07 19 2.260000 1 1
1969 07 20 1.900000 1 1
1969 07 21 1.900000 1 1
1969 07 22 2.260000 1 1
1969 07 23 4.140000 1 1
1969 07 24 3.930000 1 1
1969 07 25 3.090000 1 1
1969 07 26 3.090000 1 1
1969 07 27 2.850000 1 1
1969 07 28 2.610000 1 1
1969 07 29 2.380000 1 1
1969 07 30 2.260000 1 1
1969 07 31 1.900000 1 1
1969 08 01 1.900000 1 1
1969 08 02 1.900000 1 1
1969 08 03 1.900000 1 1
1969 08 04 1.440000 1 1
1969 08 05 1.750000 1 1
1969 08 06 1.900000 1 1
1969 08 07 1.900000 1 1
1969 08 08 2.260000 1 1
1969 08 09 2.380000 1 1
1969 08 10 2.140000 1 1
1969 08 11 1.900000 1 1
1969 08 12 1.900000 1 1
1969 08 13 1.900000 1 1
1969 08 14 2.850000 1 1
1969 08 15 2.380000 1 1
1969 08 16 1.900000 1 1
1969 08 17 1.900000 1 1
1969 08 18 1.820000 1 1
1969 08 19 1.900000 1 1
1969 08 20 1.820000 1 1
1969 08 21 1.820000 1 1
1969 08 22 1.820000 1 1
1969 08 23 1.750000 1 1
1969 08 24 1.670000 1 1
1969 08 25 1.670000 1 1
1969 08 26 1.670000 1 1
1969 08 27 1.600000 1 1
1969 08 28 1.600000 1 1
1969 08 29 1.520000 1 1
1969 08 30 1.440000 1 1
1969 08 31 1.440000 1 1
1969 09 01 1.140000 1 1
1969 09 02 1.140000 1 1
1969 09 03 1.140000 1 1
1969 09 04 1.140000 1 1
1969 09 05 1.100000 1 1
1969 09 06 1.220000 1 1
1969 09 07 1.140000 1 1
1969 09 08 1.220000 1 1
1969 09 09 1.290000 1 1
1969 09 10 1.140000 1 1
1969 09 11 1.060000 1 1
1969 09 12 0.980000 1 1
1969 09 13 0.980000 1 1
1969 09 14 0.980000 1 1
1969 09 15 0.980000 1 1
1969 09 16 1.140000 1 1
1969 09 17 1.060000 1 1
1969 09 18 1.020000 1 1
1969 09 19 1.520000 1 1
1969 09 20 5.200000 1 1
1969 09 21 4.990000 1 1
1969 09 22 4.570000 1 1
1969 09 23 3.930000 1 1
1969 09 24 3.300000 1 1
1969 09 25 2.850000 1 1
1969 09 26 2.850000 1 1
1969 09 27 6.240000 1 1
1969 09 28 25.000000 1 1
1969 09 29 59.000000 1 1
1969 09 30 92.000000 1 1
1969 10 01 8.760000 1 1
1969 10 02 6.760000 1 1
1969 10 03 6.240000 1 1
1969 10 04 5.980000 1 1
1969 10 05 5.980000 1 1
1969 10 06 6.240000 1 1
1969 10 07 5.980000 1 1
1969 10 08 8.440000 1 1
1969 10 09 12.600000 1 1
1969 10 10 6.240000 1 1
1969 10 11 5.720000 1 1
1969 10 12 4.990000 1 1
1969 10 13 4.360000 1 1
1969 10 14 3.930000 1 1
1969 10 15 3.200000 1 1
1969 10 16 2.800000 1 1
1969 10 17 2.600000 1 1
1969 10 18 2.500000 1 1
1969 10 19 2.300000 1 1
1969 10 20 2.500000 1 1
1969 10 21 5.720000 1 1
1969 10 22 6.240000 1 1
1969 10 23 15.000000 1 1
1969 10 24 7.800000 1 1
1969 10 25 6.240000 1 1
1969 10 26 4.780000 1 1
1969 10 27 4.990000 1 1
1969 10 28 4.360000 1 1
1969 10 29 3.930000 1 1
1969 10 30 3.510000 1 1
1969 10 31 6.760000 1 1
1969 11 01 10.500000 1 1
1969 11 02 10.500000 1 1
1969 11 03 19.000000 1 1
1969 11 04 15.000000 1 1
1969 11 05 8.400000 1 1
1969 11 06 6.600000 1 1
1969 11 07 22.200000 1 1
1969 11 08 160.000000 1 1
1969 11 09 215.000000 1 1
1969 11 10 64.000000 1 1
1969 11 11 20.000000 1 1
1969 11 12 11.500000 1 1
1969 11 13 9.800000 1 1
1969 11 14 9.200000 1 1
1969 11 15 5.600000 1 1
1969 11 16 4.000000 1 1
1969 11 17 3.400000 1 1
1969 11 18 4.000000 1 1
1969 11 19 4.500000 1 1
1969 11 20 4.700000 1 1
1969 11 21 4.300000 1 1
1969 11 22 4.000000 1 1
1969 11 23 3.700000 1 1
1969 11 24 3.300000 1 1
1969 11 25 2.700000 1 1
1969 11 26 2.100000 1 1
1969 11 27 1.900000 1 1
1969 11 28 1.800000 1 1
1969 11 29 2.100000 1 1
1969 11 30 2.500000 1 1
1969 12 01 2.700000 1 1
1969 12 02 1.700000 1 1
1969 12 03 1.200000 1 1
1969 12 04 1.050000 1 1
1969 12 05 1.020000 1 1
1969 12 06 0.980000 1 1
1969 12 07 1.100000 1 1
1969 12 08 1.300000 1 1
1969 12 09 1.600000 1 1
1969 12 10 2.400000 1 1
1969 12 11 2.600000 1 1
1969 12 12 1.900000 1 1
1969 12 13 1.600000 1 1
1969 12 14 1.600000 1 1
1969 12 15 1.600000 1 1
1969 12 16 1.500000 1 1
1969 12 17 1.300000 1 1
1969 12 18 1.200000 1 1
1969 12 19 1.000000 1 1
1969 12 20 0.910000 1 1
1969 12 21 0.820000 1 1
1969 12 22 0.800000 1 1
1969 12 23 0.820000 1 1
1969 12 24 0.810000 1 1
1969 12 25 0.780000 1 1
1969 12 26 0.740000 1 1
1969 12 27 0.680000 1 1
1969 12 28 0.680000 1 1
1969 12 29 0.820000 1 1
1969 12 30 1.600000 1 1
1969 12 31 1.900000 1 1
1970 01 01 8.600000 1 1
1970 01 02 5.600000 1 1
1970 01 03 3.350000 1 1
1970 01 04 3.100000 1 1
1970 01 05 2.500000 1 1
1970 01 06 2.350000 1 1
1970 01 07 3.100000 1 1
1970 01 08 4.990000 1 1
1970 01 09 6.500000 1 1
1970 01 10 5.600000 1 1
1970 01 11 3.100000 1 1
1970 01 12 2.750000 1 1
1970 01 13 2.350000 1 1
1970 01 14 1.920000 1 1
1970 01 15 2.200000 1 1
1970 01 16 2.550000 1 1
1970 01 17 1.800000 1 1
1970 01 18 1.620000 1 1
1970 01 19 1.380000 1 1
1970 01 20 1.190000 1 1
1970 01 21 1.080000 1 1
1970 01 22 1.180000 1 1
1970 01 23 1.070000 1 1
1970 01 24 0.970000 1 1
1970 01 25 0.940000 1 1
1970 01 26 0.900000 1 1
1970 01 27 0.990000 1 1
1970 01 28 1.080000 1 1
1970 01 29 1.180000 1 1
1970 01 30 1.040000 1 1
1970 01 31 1.030000 1 1
1970 02 01 1.080000 1 1
1970 02 02 1.290000 1 1
1970 02 03 1.380000 1 1
1970 02 04 1.580000 1 1
1970 02 05 1.550000 1 1
1970 02 06 1.500000 1 1
1970 02 07 1.380000 1 1
1970 02 08 1.700000 1 1
1970 02 09 4.000000 1 1
1970 02 10 2.600000 1 1
1970 02 11 2.100000 1 1
1970 02 12 1.850000 1 1
1970 02 13 1.750000 1 1
1970 02 14 1.600000 1 1
1970 02 15 2.200000 1 1
1970 02 16 3.030000 1 1
1970 02 17 2.250000 1 1
1970 02 18 2.150000 1 1
1970 02 19 2.400000 1 1
1970 02 20 2.700000 1 1
1970 02 21 2.470000 1 1
1970 02 22 2.100000 1 1
1970 02 23 1.900000 1 1
1970 02 24 1.750000 1 1
1970 02 25 1.580000 1 1
1970 02 26 1.470000 1 1
1970 02 27 1.290000 1 1
1970 02 28 1.140000 1 1
1970 03 01 1.030000 1 1
1970 03 02 0.980000 1 1
1970 03 03 0.950000 1 1
1970 03 04 0.950000 1 1
1970 03 05 0.920000 1 1
1970 03 06 0.860000 1 1
1970 03 07 0.820000 1 1
1970 03 08 0.860000 1 1
1970 03 09 1.000000 1 1
1970 03 10 1.100000 1 1
1970 03 11 1.900000 1 1
1970 03 12 4.780000 1 1
1970 03 13 5.200000 1 1
1970 03 14 3.300000 1 1
1970 03 15 2.500000 1 1
1970 03 16 2.600000 1 1
1970 03 17 3.400000 1 1
1970 03 18 3.400000 1 1
1970 03 19 2.660000 1 1
1970 03 20 2.730000 1 1
1970 03 21 3.400000 1 1
1970 03 22 3.050000 1 1
1970 03 23 2.670000 1 1
1970 03 24 2.320000 1 1
1970 03 25 2.150000 1 1
1970 03 26 1.920000 1 1
1970 03 27 1.800000 1 1
1970 03 28 1.660000 1 1
1970 03 29 1.420000 1 1
1970 03 30 1.340000 1 1
1970 03 31 1.500000 1 1
1970 04 01 1.880000 1 1
1970 04 02 1.530000 1 1
1970 04 03 2.850000 1 1
1970 04 04 5.700000 1 1
1970 04 05 3.000000 1 1
1970 04 06 2.300000 1 1
1970 04 07 2.000000 1 1
1970 04 08 1.750000 1 1
1970 04 09 1.600000 1 1
1970 04 10 1.480000 1 1
1970 04 11 1.330000 1 1
1970 04 12 1.280000 1 1
1970 04 13 1.260000 1 1
1970 04 14 1.200000 1 1
1970 04 15 1.180000 1 1
1970 04 16 1.120000 1 1
1970 04 17 1.050000 1 1
1970 04 18 0.990000 1 1
1970 04 19 0.940000 1 1
1970 04 20 0.890000 1 1
1970 04 21 0.840000 1 1
1970 04 22 0.800000 1 1
1970 04 23 0.740000 1 1
1970 04 24 0.690000 1 1
1970 04 25 0.820000 1 1
1970 04 26 1.170000 1 1
1970 04 27 1.800000 1 1
1970 04 28 2.150000 1 1
1970 04 29 2.000000 1 1
1970 04 30 1.850000 1 1
1970 05 01 1.690000 1 1
1970 05 02 1.590000 1 1
1970 05 03 1.480000 1 1
1970 05 04 1.750000 1 1
1970 05 05 10.800000 1 1
1970 05 06 15.900000 1 1
1970 05 07 7.600000 1 1
1970 05 08 6.900000 1 1
1970 05 09 5.700000 1 1
1970 05 10 4.800000 1 1
1970 05 11 4.000000 1 1
1970 05 12 3.450000 1 1
1970 05 13 3.000000 1 1
1970 05 14 2.620000 1 1
1970 05 15 2.350000 1 1
1970 05 16 2.160000 1 1
1970 05 17 1.890000 1 1
1970 05 18 1.220000 1 1
1970 05 19 3.450000 1 1
1970 05 20 19.000000 1 1
1970 05 21 10.000000 1 1
1970 05 22 6.900000 1 1
1970 05 23 5.900000 1 1
1970 05 24 5.100000 1 1
1970 05 25 4.400000 1 1
1970 05 26 3.100000 1 1
1970 05 27 2.000000 1 1
1970 05 28 1.600000 1 1
1970 05 29 1.420000 1 1
1970 05 30 1.310000 1 1
1970 05 31 1.240000 1 1
1970 06 01 1.190000 1 1
1970 06 02 1.130000 1 1
1970 06 03 1.100000 1 1
1970 06 04 1.040000 1 1
1970 06 05 2.030000 1 1
1970 06 06 3.050000 1 1
1970 06 07 3.510000 1 1
1970 06 08 3.100000 1 1
1970 06 09 3.500000 1 1
1970 06 10 3.160000 1 1
1970 06 11 2.950000 1 1
1970 06 12 2.610000 1 1
1970 06 13 17.000000 1 1
1970 06 14 54.000000 1 1
1970 06 15 18.500000 1 1
1970 06 16 12.800000 1 1
1970 06 17 11.000000 1 1
1970 06 18 20.000000 1 1
1970 06 19 15.000000 1 1
1970 06 20 12.600000 1 1
1970 06 21 10.900000 1 1
1970 06 22 54.000000 1 1
1970 06 23 41.500000 1 1
1970 06 24 24.000000 1 1
1970 06 25 17.500000 1 1
1970 06 26 15.800000 1 1
1970 06 27 13.400000 1 1
1970 06 28 11.900000 1 1
1970 06 29 13.900000 1 1
1970 06 30 22.000000 1 1
1970 07 01 50.000000 1 1
1970 07 02 39.000000 1 1
1970 07 03 25.000000 1 1
1970 07 04 15.500000 1 1
1970 07 05 12.000000 1 1
1970 07 06 10.100000 1 1
1970 07 07 107.000000 1 1
1970 07 08 52.000000 1 1
1970 07 09 29.500000 1 1
1970 07 10 23.000000 1 1
1970 07 11 18.200000 1 1
1970 07 12 16.000000 1 1
1970 07 13 13.500000 1 1
1970 07 14 11.800000 1 1
1970 07 15 10.800000 1 1
1970 07 16 9.700000 1 1
1970 07 17 8.700000 1 1
1970 07 18 7.800000 1 1
1970 07 19 7.000000 1 1
1970 07 20 6.300000 1 1
1970 07 21 5.700000 1 1
1970 07 22 5.400000 1 1
1970 07 23 4.750000 1 1
1970 07 24 4.300000 1 1
1970 07 25 4.000000 1 1
1970 07 26 3.750000 1 1
1970 07 27 3.500000 1 1
1970 07 28 3.200000 1 1
1970 07 29 6.760000 1 1
1970 07 30 8.500000 1 1
1970 07 31 6.100000 1 1
1970 08 01 5.800000 1 1
1970 08 02 6.100000 1 1
1970 08 03 4.140000 1 1
1970 08 04 3.800000 1 1
1970 08 05 4.500000 1 1
1970 08 06 6.600000 1 1
1970 08 07 11.600000 1 1
1970 08 08 13.900000 1 1
1970 08 09 9.000000 1 1
1970 08 10 6.800000 1 1
1970 08 11 6.300000 1 1
1970 08 12 5.200000 1 1
1970 08 13 3.930000 1 1
1970 08 14 3.300000 1 1
1970 08 15 3.100000 1 1
1970 08 16 3.000000 1 1
1970 08 17 2.900000 1 1
1970 08 18 2.980000 1 1
1970 08 19 2.900000 1 1
1970 08 20 2.720000 1 1
1970 08 21 2.500000 1 1
1970 08 22 3.500000 1 1
1970 08 23 4.000000 1 1
1970 08 24 3.930000 1 1
1970 08 25 2.600000 1 1
1970 08 26 2.600000 1 1
1970 08 27 3.800000 1 1
1970 08 28 4.360000 1 1
1970 08 29 40.000000 1 1
1970 08 30 3.700000 1 1
1970 08 31 3.600000 1 1
1970 09 01 3.400000 1 1
1970 09 02 3.090000 1 1
1970 09 03 2.900000 1 1
1970 09 04 2.700000 1 1
1970 09 05 2.870000 1 1
1970 09 06 18.000000 1 1
1970 09 07 37.000000 1 1
1970 09 08 24.000000 1 1
1970 09 09 19.500000 1 1
1970 09 10 17.000000 1 1
1970 09 11 12.500000 1 1
1970 09 12 10.400000 1 1
1970 09 13 8.400000 1 1
1970 09 14 13.600000 1 1
1970 09 15 11.600000 1 1
1970 09 16 10.200000 1 1
1970 09 17 9.000000 1 1
1970 09 18 8.200000 1 1
1970 09 19 7.800000 1 1
1970 09 20 12.000000 1 1
1970 09 21 23.500000 1 1
1970 09 22 19.000000 1 1
1970 09 23 12.800000 1 1
1970 09 24 10.000000 1 1
1970 09 25 8.900000 1 1
1970 09 26 6.800000 1 1
1970 09 27 6.700000 1 1
1970 09 28 32.000000 1 1
1970 09 29 82.000000 1 1
1970 09 30 26.500000 1 1
1970 10 01 40.000000 1 1
1970 10 02 122.000000 1 1
1970 10 03 46.000000 1 1
1970 10 04 25.000000 1 1
1970 10 05 20.000000 1 1
1970 10 06 17.000000 1 1
1970 10 07 15.400000 1 1
1970 10 08 16.800000 1 1
1970 10 09 35.000000 1 1
1970 10 10 27.000000 1 1
1970 10 11 23.000000 1 1
1970 10 12 19.500000 1 1
1970 10 13 15.000000 1 1
1970 10 14 12.600000 1 1
1970 10 15 11.000000 1 1
1970 10 16 7.800000 1 1
1970 10 17 8.760000 1 1
1970 10 18 53.000000 1 1
1970 10 19 110.000000 1 1
1970 10 20 80.000000 1 1
1970 10 21 42.500000 1 1
1970 10 22 35.000000 1 1
1970 10 23 25.000000 1 1
1970 10 24 22.000000 1 1
1970 10 25 23.500000 1 1
1970 10 26 18.500000 1 1
1970 10 27 17.500000 1 1
1970 10 28 13.400000 1 1
1970 10 29 12.600000 1 1
1970 10 30 11.800000 1 1
1970 10 31 11.000000 1 1
1970 11 01 11.400000 1 1
1970 11 02 10.400000 1 1
1970 11 03 8.760000 1 1
1970 11 04 7.020000 1 1
1970 11 05 7.280000 1 1
1970 11 06 8.120000 1 1
1970 11 07 9.080000 1 1
1970 11 08 9.720000 1 1
1970 11 09 9.720000 1 1
1970 11 10 9.080000 1 1
1970 11 11 8.440000 1 1
1970 11 12 7.800000 1 1
1970 11 13 7.280000 1 1
1970 11 14 7.280000 1 1
1970 11 15 6.760000 1 1
1970 11 16 5.400000 1 1
1970 11 17 4.800000 1 1
1970 11 18 4.150000 1 1
1970 11 19 3.700000 1 1
1970 11 20 3.150000 1 1
1970 11 21 2.900000 1 1
1970 11 22 2.600000 1 1
1970 11 23 2.500000 1 1
1970 11 24 2.400000 1 1
1970 11 25 2.300000 1 1
1970 11 26 2.160000 1 1
1970 11 27 2.000000 1 1
1970 11 28 1.860000 1 1
1970 11 29 2.000000 1 1
1970 11 30 2.140000 1 1
1970 12 01 1.950000 1 1
1970 12 02 1.800000 1 1
1970 12 03 1.780000 1 1
1970 12 04 1.680000 1 1
1970 12 05 1.630000 1 1
1970 12 06 1.600000 1 1
1970 12 07 1.520000 1 1
1970 12 08 1.480000 1 1
1970 12 09 1.380000 1 1
1970 12 10 1.380000 1 1
1970 12 11 3.600000 1 1
1970 12 12 11.200000 1 1
1970 12 13 19.000000 1 1
1970 12 14 13.000000 1 1
1970 12 15 9.600000 1 1
1970 12 16 10.800000 1 1
1970 12 17 24.000000 1 1
1970 12 18 29.000000 1 1
1970 12 19 29.000000 1 1
1970 12 20 26.000000 1 1
1970 12 21 24.000000 1 1
1970 12 22 35.000000 1 1
1970 12 23 40.000000 1 1
1970 12 24 37.000000 1 1
1970 12 25 60.000000 1 1
1970 12 26 88.000000 1 1
1970 12 27 40.000000 1 1
1970 12 28 26.000000 1 1
1970 12 29 20.000000 1 1
1970 12 30 17.000000 1 1
1970 12 31 20.000000 1 1
1971 01 01 12.000000 1 1
1971 01 02 42.000000 1 1
1971 01 03 25.000000 1 1
1971 01 04 14.500000 1 1
1971 01 05 20.800000 1 1
1971 01 06 15.000000 1 1
1971 01 07 12.000000 1 1
1971 01 08 9.100000 1 1
1971 01 09 7.400000 1 1
1971 01 10 18.000000 1 1
1971 01 11 19.300000 1 1
1971 01 12 14.000000 1 1
1971 01 13 9.500000 1 1
1971 01 14 7.700000 1 1
1971 01 15 5.900000 1 1
1971 01 16 5.200000 1 1
1971 01 17 17.700000 1 1
1971 01 18 15.500000 1 1
1971 01 19 12.000000 1 1
1971 01 20 8.400000 1 1
1971 01 21 9.700000 1 1
1971 01 22 10.500000 1 1
1971 01 23 10.200000 1 1
1971 01 24 7.900000 1 1
1971 01 25 6.200000 1 1
1971 01 26 5.800000 1 1
1971 01 27 4.900000 1 1
1971 01 28 3.700000 1 1
1971 01 29 2.200000 1 1
1971 01 30 4.500000 1 1
1971 01 31 6.000000 1 1
1971 02 01 9.900000 1 1
1971 02 02 6.000000 1 1
1971 02 03 4.700000 1 1
1971 02 04 5.800000 1 1
1971 02 05 3.500000 1 1
1971 02 06 3.100000 1 1
1971 02 07 2.700000 1 1
1971 02 08 2.400000 1 1
1971 02 09 2.200000 1 1
1971 02 10 2.800000 1 1
1971 02 11 6.000000 1 1
1971 02 12 7.000000 1 1
1971 02 13 5.300000 1 1
1971 02 14 4.000000 1 1
1971 02 15 3.300000 1 1
1971 02 16 2.900000 1 1
1971 02 17 2.400000 1 1
1971 02 18 2.200000 1 1
1971 02 19 1.900000 1 1
1971 02 20 2.000000 1 1
1971 02 21 2.300000 1 1
1971 02 22 2.200000 1 1
1971 02 23 2.100000 1 1
1971 02 24 3.600000 1 1
1971 02 25 7.500000 1 1
1971 02 26 6.100000 1 1
1971 02 27 5.100000 1 1
1971 02 28 4.000000 1 1
1971 03 01 3.100000 1 1
1971 03 02 2.700000 1 1
1971 03 03 2.100000 1 1
1971 03 04 2.000000 1 1
1971 03 05 2.200000 1 1
1971 03 06 3.100000 1 1
1971 03 07 4.200000 1 1
1971 03 08 3.100000 1 1
1971 03 09 2.400000 1 1
1971 03 10 2.200000 1 1
1971 03 11 2.200000 1 1
1971 03 12 5.200000 1 1
1971 03 13 17.000000 1 1
1971 03 14 11.500000 1 1
1971 03 15 13.000000 1 1
1971 03 16 10.000000 1 1
1971 03 17 6.000000 1 1
1971 03 18 5.200000 1 1
1971 03 19 4.500000 1 1
1971 03 20 4.400000 1 1
1971 03 21 3.900000 1 1
1971 03 22 3.300000 1 1
1971 03 23 13.000000 1 1
1971 03 24 9.600000 1 1
1971 03 25 6.000000 1 1
1971 03 26 15.000000 1 1
1971 03 27 10.000000 1 1
1971 03 28 8.600000 1 1
1971 03 29 7.500000 1 1
1971 03 30 6.600000 1 1
1971 03 31 5.600000 1 1
1971 04 01 5.000000 1 1
1971 04 02 3.700000 1 1
1971 04 03 2.500000 1 1
1971 04 04 3.000000 1 1
1971 04 05 3.600000 1 1
1971 04 06 2.900000 1 1
1971 04 07 2.300000 1 1
1971 04 08 2.100000 1 1
1971 04 09 2.100000 1 1
1971 04 10 2.500000 1 1
1971 04 11 2.300000 1 1
1971 04 12 2.000000 1 1
1971 04 13 1.700000 1 1
1971 04 14 1.700000 1 1
1971 04 15 1.600000 1 1
1971 04 16 82.000000 1 1
1971 04 17 45.000000 1 1
1971 04 18 25.000000 1 1
1971 04 19 16.000000 1 1
1971 04 20 11.500000 1 1
1971 04 21 105.000000 1 1
1971 04 22 50.000000 1 1
1971 04 23 35.500000 1 1
1971 04 24 23.500000 1 1
1971 04 25 15.000000 1 1
1971 04 26 12.000000 1 1
1971 04 27 10.000000 1 1
1971 04 28 7.500000 1 1
1971 04 29 6.100000 1 1
1971 04 30 5.500000 1 1
1971 05 01 4.700000 1 1
1971 05 02 11.000000 1 1
1971 05 03 14.500000 1 1
1971 05 04 12.000000 1 1
1971 05 05 29.000000 1 1
1971 05 06 25.000000 1 1
1971 05 07 30.000000 1 1
1971 05 08 37.000000 1 1
1971 05 09 26.000000 1 1
1971 05 10 17.000000 1 1
1971 05 11 12.800000 1 1
1971 05 12 10.000000 1 1
1971 05 13 8.500000 1 1
1971 05 14 7.000000 1 1
1971 05 15 7.500000 1 1
1971 05 16 18.000000 1 1
1971 05 17 15.000000 1 1
1971 05 18 11.500000 1 1
1971 05 19 9.400000 1 1
1971 05 20 7.500000 1 1
1971 05 21 6.100000 1 1
1971 05 22 5.400000 1 1
1971 05 23 4.500000 1 1
1971 05 24 8.400000 1 1
1971 05 25 116.000000 1 1
1971 05 26 40.000000 1 1
1971 05 27 25.000000 1 1
1971 05 28 15.000000 1 1
1971 05 29 11.200000 1 1
1971 05 30 9.000000 1 1
1971 05 31 7.600000 1 1
1971 06 01 6.500000 1 1
1971 06 02 5.800000 1 1
1971 06 03 5.200000 1 1
1971 06 04 5.000000 1 1
1971 06 05 30.000000 1 1
1971 06 06 45.000000 1 1
1971 06 07 21.300000 1 1
1971 06 08 90.000000 1 1
1971 06 09 47.500000 1 1
1971 06 10 26.000000 1 1
1971 06 11 21.000000 1 1
1971 06 12 14.000000 1 1
1971 06 13 11.800000 1 1
1971 06 14 10.000000 1 1
1971 06 15 8.000000 1 1
1971 06 16 7.020000 1 1
1971 06 17 5.200000 1 1
1971 06 18 3.930000 1 1
1971 06 19 3.090000 1 1
1971 06 20 3.300000 1 1
1971 06 21 3.200000 1 1
1971 06 22 3.700000 1 1
1971 06 23 4.300000 1 1
1971 06 24 5.460000 1 1
1971 06 25 6.760000 1 1
1971 06 26 7.540000 1 1
1971 06 27 9.720000 1 1
1971 06 28 14.200000 1 1
1971 06 29 16.500000 1 1
1971 06 30 11.000000 1 1
1971 07 01 35.000000 1 1
1971 07 02 19.000000 1 1
1971 07 03 23.000000 1 1
1971 07 04 113.000000 1 1
1971 07 05 47.500000 1 1
1971 07 06 27.500000 1 1
1971 07 07 20.000000 1 1
1971 07 08 16.300000 1 1
1971 07 09 12.200000 1 1
1971 07 10 10.000000 1 1
1971 07 11 8.500000 1 1
1971 07 12 7.500000 1 1
1971 07 13 6.500000 1 1
1971 07 14 5.800000 1 1
1971 07 15 5.200000 1 1
1971 07 16 4.700000 1 1
1971 07 17 4.400000 1 1
1971 07 18 4.000000 1 1
1971 07 19 3.800000 1 1
1971 07 20 3.600000 1 1
1971 07 21 2.700000 1 1
1971 07 22 2.400000 1 1
1971 07 23 2.300000 1 1
1971 07 24 2.200000 1 1
1971 07 25 2.100000 1 1
1971 07 26 2.200000 1 1
1971 07 27 2.200000 1 1
1971 07 28 2.000000 1 1
1971 07 29 1.900000 1 1
1971 07 30 4.500000 1 1
1971 07 31 2.600000 1 1
1971 08 01 2.200000 1 1
1971 08 02 1.900000 1 1
1971 08 03 1.800000 1 1
1971 08 04 1.700000 1 1
1971 08 05 1.500000 1 1
1971 08 06 3.930000 1 1
1971 08 07 22.500000 1 1
1971 08 08 16.000000 1 1
1971 08 09 39.000000 1 1
1971 08 10 40.000000 1 1
1971 08 11 19.000000 1 1
1971 08 12 15.000000 1 1
1971 08 13 20.000000 1 1
1971 08 14 29.000000 1 1
1971 08 15 24.000000 1 1
1971 08 16 18.000000 1 1
1971 08 17 13.000000 1 1
1971 08 18 9.200000 1 1
1971 08 19 7.500000 1 1
1971 08 20 6.000000 1 1
1971 08 21 4.800000 1 1
1971 08 22 4.000000 1 1
1971 08 23 3.400000 1 1
1971 08 24 5.900000 1 1
1971 08 25 10.800000 1 1
1971 08 26 9.000000 1 1
1971 08 27 7.000000 1 1
1971 08 28 5.600000 1 1
1971 08 29 4.700000 1 1
1971 08 30 3.900000 1 1
1971 08 31 3.200000 1 1
1971 09 01 2.700000 1 1
1971 09 02 2.300000 1 1
1971 09 03 2.200000 1 1
1971 09 04 2.100000 1 1
1971 09 05 2.100000 1 1
1971 09 06 2.800000 1 1
1971 09 07 4.300000 1 1
1971 09 08 3.100000 1 1
1971 09 09 2.500000 1 1
1971 09 10 2.200000 1 1
1971 09 11 2.200000 1 1
1971 09 12 7.800000 1 1
1971 09 13 5.600000 1 1
1971 09 14 4.500000 1 1
1971 09 15 3.700000 1 1
1971 09 16 3.300000 1 1
1971 09 17 2.800000 1 1
1971 09 18 2.100000 1 1
1971 09 19 1.900000 1 1
1971 09 20 1.800000 1 1
1971 09 21 1.600000 1 1
1971 09 22 1.700000 1 1
1971 09 23 1.700000 1 1
1971 09 24 1.900000 1 1
1971 09 25 2.500000 1 1
1971 09 26 2.200000 1 1
1971 09 27 1.900000 1 1
1971 09 28 2.000000 1 1
1971 09 29 2.100000 1 1
1971 09 30 1.800000 1 1
1971 10 01 1.600000 1 1
1971 10 02 1.500000 1 1
1971 10 03 1.400000 1 1
1971 10 04 1.600000 1 1
1971 10 05 2.000000 1 1
1971 10 06 3.000000 1 1
1971 10 07 22.000000 1 1
1971 10 08 18.000000 1 1
1971 10 09 13.800000 1 1
1971 10 10 34.000000 1 1
1971 10 11 34.000000 1 1
1971 10 12 21.000000 1 1
1971 10 13 16.000000 1 1
1971 10 14 10.000000 1 1
1971 10 15 8.200000 1 1
1971 10 16 6.800000 1 1
1971 10 17 5.200000 1 1
1971 10 18 3.800000 1 1
1971 10 19 3.000000 1 1
1971 10 20 2.600000 1 1
1971 10 21 2.200000 1 1
1971 10 22 2.100000 1 1
1971 10 23 2.000000 1 1
1971 10 24 2.000000 1 1
1971 10 25 2.600000 1 1
1971 10 26 2.800000 1 1
1971 10 27 2.900000 1 1
1971 10 28 2.500000 1 1
1971 10 29 3.100000 1 1
1971 10 30 3.510000 1 1
1971 10 31 3.000000 1 1
1971 11 01 2.400000 1 1
1971 11 02 2.000000 1 1
1971 11 03 2.400000 1 1
1971 11 04 3.400000 1 1
1971 11 05 4.000000 1 1
1971 11 06 2.700000 1 1
1971 11 07 2.500000 1 1
1971 11 08 2.300000 1 1
1971 11 09 2.100000 1 1
1971 11 10 1.900000 1 1
1971 11 11 1.700000 1 1
1971 11 12 1.500000 1 1
1971 11 13 1.400000 1 1
1971 11 14 1.400000 1 1
1971 11 15 1.300000 1 1
1971 11 16 1.250000 1 1
1971 11 17 1.200000 1 1
1971 11 18 1.150000 1 1
1971 11 19 1.100000 1 1
1971 11 20 1.000000 1 1
1971 11 21 0.940000 1 1
1971 11 22 0.800000 1 1
1971 11 23 0.760000 1 1
1971 11 24 0.780000 1 1
1971 11 25 0.760000 1 1
1971 11 26 0.820000 1 1
1971 11 27 0.930000 1 1
1971 11 28 1.050000 1 1
1971 11 29 1.100000 1 1
1971 11 30 0.960000 1 1
1971 12 01 0.900000 1 1
1971 12 02 0.820000 1 1
1971 12 03 0.970000 1 1
1971 12 04 1.300000 1 1
1971 12 05 1.300000 1 1
1971 12 06 1.200000 1 1
1971 12 07 1.000000 1 1
1971 12 08 0.900000 1 1
1971 12 09 0.740000 1 1
1971 12 10 0.720000 1 1
1971 12 11 0.720000 1 1
1971 12 12 0.690000 1 1
1971 12 13 0.650000 1 1
1971 12 14 0.600000 1 1
1971 12 15 0.750000 1 1
1971 12 16 0.900000 1 1
1971 12 17 1.000000 1 1
1971 12 18 0.820000 1 1
1971 12 19 0.850000 1 1
1971 12 20 0.900000 1 1
1971 12 21 0.940000 1 1
1971 12 22 0.850000 1 1
1971 12 23 1.180000 1 1
1971 12 24 1.300000 1 1
1971 12 25 1.100000 1 1
1971 12 26 0.900000 1 1
1971 12 27 0.800000 1 1
1971 12 28 0.770000 1 1
1971 12 29 0.510000 1 1
1971 12 30 0.650000 1 1
1971 12 31 0.800000 1 1
1972 01 01 3.090000 1 1
1972 01 02 2.850000 1 1
1972 01 03 2.140000 1 1
1972 01 04 2.020000 1 1
1972 01 05 2.850000 1 1
1972 01 06 7.280000 1 1
1972 01 07 7.280000 1 1
1972 01 08 4.990000 1 1
1972 01 09 4.140000 1 1
1972 01 10 2.850000 1 1
1972 01 11 2.140000 1 1
1972 01 12 2.140000 1 1
1972 01 13 1.900000 1 1
1972 01 14 2.260000 1 1
1972 01 15 1.900000 1 1
1972 01 16 1.900000 1 1
1972 01 17 1.440000 1 1
1972 01 18 1.670000 1 1
1972 01 19 1.820000 1 1
1972 01 20 1.900000 1 1
1972 01 21 1.900000 1 1
1972 01 22 5.200000 1 1
1972 01 23 4.360000 1 1
1972 01 24 3.300000 1 1
1972 01 25 3.090000 1 1
1972 01 26 2.730000 1 1
1972 01 27 1.900000 1 1
1972 01 28 2.020000 1 1
1972 01 29 1.750000 1 1
1972 01 30 1.750000 1 1
1972 01 31 1.900000 1 1
1972 02 01 1.900000 1 1
1972 02 02 1.900000 1 1
1972 02 03 1.900000 1 1
1972 02 04 1.900000 1 1
1972 02 05 1.820000 1 1
1972 02 06 1.440000 1 1
1972 02 07 1.060000 1 1
1972 02 08 1.140000 1 1
1972 02 09 1.140000 1 1
1972 02 10 1.220000 1 1
1972 02 11 2.020000 1 1
1972 02 12 5.200000 1 1
1972 02 13 5.720000 1 1
1972 02 14 3.510000 1 1
1972 02 15 4.360000 1 1
1972 02 16 3.930000 1 1
1972 02 17 4.570000 1 1
1972 02 18 4.990000 1 1
1972 02 19 4.570000 1 1
1972 02 20 3.720000 1 1
1972 02 21 3.510000 1 1
1972 02 22 3.300000 1 1
1972 02 23 3.090000 1 1
1972 02 24 2.730000 1 1
1972 02 25 2.730000 1 1
1972 02 26 5.200000 1 1
1972 02 27 4.360000 1 1
1972 02 28 3.930000 1 1
1972 02 29 3.300000 1 1
1972 03 01 4.140000 1 1
1972 03 02 3.090000 1 1
1972 03 03 2.140000 1 1
1972 03 04 1.600000 1 1
1972 03 05 1.440000 1 1
1972 03 06 1.520000 1 1
1972 03 07 1.290000 1 1
1972 03 08 1.140000 1 1
1972 03 09 1.290000 1 1
1972 03 10 1.370000 1 1
1972 03 11 1.290000 1 1
1972 03 12 1.820000 1 1
1972 03 13 1.750000 1 1
1972 03 14 1.440000 1 1
1972 03 15 1.440000 1 1
1972 03 16 2.380000 1 1
1972 03 17 20.000000 1 1
1972 03 18 34.000000 1 1
1972 03 19 32.500000 1 1
1972 03 20 17.500000 1 1
1972 03 21 7.540000 1 1
1972 03 22 5.720000 1 1
1972 03 23 5.200000 1 1
1972 03 24 3.930000 1 1
1972 03 25 3.510000 1 1
1972 03 26 2.730000 1 1
1972 03 27 2.850000 1 1
1972 03 28 3.090000 1 1
1972 03 29 3.930000 1 1
1972 03 30 8.440000 1 1
1972 03 31 8.760000 1 1
1972 04 01 10.000000 1 1
1972 04 02 9.720000 1 1
1972 04 03 51.200000 1 1
1972 04 04 30.000000 1 1
1972 04 05 17.500000 1 1
1972 04 06 11.000000 1 1
1972 04 07 9.400000 1 1
1972 04 08 5.980000 1 1
1972 04 09 4.780000 1 1
1972 04 10 3.930000 1 1
1972 04 11 3.510000 1 1
1972 04 12 2.970000 1 1
1972 04 13 2.850000 1 1
1972 04 14 3.090000 1 1
1972 04 15 4.570000 1 1
1972 04 16 6.240000 1 1
1972 04 17 4.990000 1 1
1972 04 18 3.930000 1 1
1972 04 19 3.510000 1 1
1972 04 20 3.090000 1 1
1972 04 21 2.850000 1 1
1972 04 22 2.850000 1 1
1972 04 23 2.610000 1 1
1972 04 24 2.260000 1 1
1972 04 25 2.020000 1 1
1972 04 26 1.900000 1 1
1972 04 27 2.380000 1 1
1972 04 28 2.260000 1 1
1972 04 29 2.380000 1 1
1972 04 30 2.140000 1 1
1972 05 01 2.380000 1 1
1972 05 02 2.380000 1 1
1972 05 03 1.900000 1 1
1972 05 04 1.900000 1 1
1972 05 05 1.820000 1 1
1972 05 06 1.750000 1 1
1972 05 07 1.750000 1 1
1972 05 08 1.670000 1 1
1972 05 09 1.670000 1 1
1972 05 10 1.670000 1 1
1972 05 11 1.670000 1 1
1972 05 12 1.600000 1 1
1972 05 13 1.600000 1 1
1972 05 14 1.440000 1 1
1972 05 15 1.440000 1 1
1972 05 16 1.290000 1 1
1972 05 17 1.140000 1 1
1972 05 18 1.140000 1 1
1972 05 19 1.220000 1 1
1972 05 20 1.140000 1 1
1972 05 21 1.290000 1 1
1972 05 22 1.290000 1 1
1972 05 23 1.140000 1 1
1972 05 24 1.750000 1 1
1972 05 25 1.750000 1 1
1972 05 26 1.600000 1 1
1972 05 27 1.440000 1 1
1972 05 28 1.370000 1 1
1972 05 29 1.290000 1 1
1972 05 30 1.290000 1 1
1972 05 31 1.290000 1 1
1972 06 01 1.290000 1 1
1972 06 02 1.290000 1 1
1972 06 03 2.140000 1 1
1972 06 04 89.000000 1 1
1972 06 05 117.000000 1 1
1972 06 06 149.000000 1 1
1972 06 07 45.000000 1 1
1972 06 08 26.000000 1 1
1972 06 09 26.000000 1 1
1972 06 10 74.000000 1 1
1972 06 11 45.000000 1 1
1972 06 12 22.500000 1 1
1972 06 13 16.000000 1 1
1972 06 14 11.800000 1 1
1972 06 15 9.720000 1 1
1972 06 16 8.440000 1 1
1972 06 17 7.540000 1 1
1972 06 18 20.000000 1 1
1972 06 19 21.000000 1 1
1972 06 20 14.200000 1 1
1972 06 21 10.000000 1 1
1972 06 22 8.760000 1 1
1972 06 23 7.800000 1 1
1972 06 24 7.280000 1 1
1972 06 25 5.980000 1 1
1972 06 26 4.990000 1 1
1972 06 27 6.500000 1 1
1972 06 28 13.400000 1 1
1972 06 29 10.700000 1 1
1972 06 30 8.440000 1 1
1972 07 01 7.800000 1 1
1972 07 02 5.980000 1 1
1972 07 03 5.460000 1 1
1972 07 04 4.780000 1 1
1972 07 05 4.360000 1 1
1972 07 06 4.360000 1 1
1972 07 07 4.780000 1 1
1972 07 08 27.500000 1 1
1972 07 09 22.500000 1 1
1972 07 10 14.200000 1 1
1972 07 11 9.080000 1 1
1972 07 12 7.800000 1 1
1972 07 13 7.020000 1 1
1972 07 14 5.720000 1 1
1972 07 15 6.240000 1 1
1972 07 16 7.280000 1 1
1972 07 17 14.200000 1 1
1972 07 18 10.700000 1 1
1972 07 19 7.800000 1 1
1972 07 20 8.440000 1 1
1972 07 21 9.080000 1 1
1972 07 22 10.400000 1 1
1972 07 23 10.700000 1 1
1972 07 24 10.400000 1 1
1972 07 25 7.800000 1 1
1972 07 26 13.000000 1 1
1972 07 27 23.500000 1 1
1972 07 28 19.000000 1 1
1972 07 29 16.500000 1 1
1972 07 30 12.600000 1 1
1972 07 31 7.800000 1 1
1972 08 01 6.760000 1 1
1972 08 02 5.720000 1 1
1972 08 03 5.200000 1 1
1972 08 04 5.720000 1 1
1972 08 05 7.280000 1 1
1972 08 06 7.800000 1 1
1972 08 07 7.800000 1 1
1972 08 08 7.540000 1 1
1972 08 09 7.280000 1 1
1972 08 10 6.760000 1 1
1972 08 11 4.990000 1 1
1972 08 12 11.000000 1 1
1972 08 13 30.000000 1 1
1972 08 14 18.000000 1 1
1972 08 15 14.200000 1 1
1972 08 16 10.400000 1 1
1972 08 17 8.440000 1 1
1972 08 18 7.800000 1 1
1972 08 19 5.980000 1 1
1972 08 20 5.720000 1 1
1972 08 21 11.800000 1 1
1972 08 22 45.000000 1 1
1972 08 23 27.500000 1 1
1972 08 24 20.000000 1 1
1972 08 25 53.000000 1 1
1972 08 26 59.000000 1 1
1972 08 27 86.000000 1 1
1972 08 28 140.000000 1 1
1972 08 29 47.500000 1 1
1972 08 30 27.500000 1 1
1972 08 31 23.500000 1 1
1972 09 01 19.000000 1 1
1972 09 02 13.400000 1 1
1972 09 03 10.700000 1 1
1972 09 04 9.080000 1 1
1972 09 05 7.800000 1 1
1972 09 06 7.280000 1 1
1972 09 07 6.240000 1 1
1972 09 08 5.720000 1 1
1972 09 09 5.720000 1 1
1972 09 10 6.240000 1 1
1972 09 11 9.720000 1 1
1972 09 12 8.120000 1 1
1972 09 13 6.760000 1 1
1972 09 14 21.000000 1 1
1972 09 15 13.800000 1 1
1972 09 16 10.400000 1 1
1972 09 17 10.000000 1 1
1972 09 18 53.000000 1 1
1972 09 19 25.000000 1 1
1972 09 20 77.000000 1 1
1972 09 21 83.000000 1 1
1972 09 22 29.000000 1 1
1972 09 23 21.000000 1 1
1972 09 24 16.000000 1 1
1972 09 25 12.600000 1 1
1972 09 26 26.000000 1 1
1972 09 27 140.000000 1 1
1972 09 28 155.000000 1 1
1972 09 29 104.000000 1 1
1972 09 30 22.500000 1 1
1972 10 01 19.000000 1 1
1972 10 02 18.000000 1 1
1972 10 03 13.400000 1 1
1972 10 04 11.800000 1 1
1972 10 05 10.000000 1 1
1972 10 06 8.440000 1 1
1972 10 07 6.760000 1 1
1972 10 08 6.240000 1 1
1972 10 09 5.460000 1 1
1972 10 10 5.720000 1 1
1972 10 11 4.990000 1 1
1972 10 12 4.360000 1 1
1972 10 13 3.930000 1 1
1972 10 14 3.510000 1 1
1972 10 15 5.720000 1 1
1972 10 16 7.800000 1 1
1972 10 17 6.760000 1 1
1972 10 18 5.460000 1 1
1972 10 19 4.360000 1 1
1972 10 20 3.930000 1 1
1972 10 21 8.440000 1 1
1972 10 22 16.000000 1 1
1972 10 23 10.700000 1 1
1972 10 24 8.440000 1 1
1972 10 25 10.400000 1 1
1972 10 26 8.760000 1 1
1972 10 27 7.800000 1 1
1972 10 28 11.400000 1 1
1972 10 29 13.000000 1 1
1972 10 30 11.800000 1 1
1972 10 31 9.400000 1 1
1972 11 01 11.800000 1 1
1972 11 02 24.500000 1 1
1972 11 03 13.000000 1 1
1972 11 04 10.400000 1 1
1972 11 05 9.080000 1 1
1972 11 06 6.760000 1 1
1972 11 07 5.200000 1 1
1972 11 08 7.280000 1 1
1972 11 09 8.440000 1 1
1972 11 10 7.020000 1 1
1972 11 11 5.980000 1 1
1972 11 12 5.200000 1 1
1972 11 13 5.720000 1 1
1972 11 14 12.600000 1 1
1972 11 15 12.200000 1 1
1972 11 16 10.400000 1 1
1972 11 17 8.120000 1 1
1972 11 18 11.800000 1 1
1972 11 19 11.000000 1 1
1972 11 20 7.020000 1 1
1972 11 21 5.720000 1 1
1972 11 22 4.780000 1 1
1972 11 23 3.930000 1 1
1972 11 24 3.510000 1 1
1972 11 25 5.200000 1 1
1972 11 26 6.760000 1 1
1972 11 27 6.240000 1 1
1972 11 28 4.990000 1 1
1972 11 29 3.930000 1 1
1972 11 30 3.930000 1 1
1972 12 01 6.240000 1 1
1972 12 02 25.000000 1 1
1972 12 03 22.000000 1 1
1972 12 04 21.000000 1 1
1972 12 05 19.500000 1 1
1972 12 06 14.200000 1 1
1972 12 07 11.000000 1 1
1972 12 08 10.400000 1 1
1972 12 09 5.200000 1 1
1972 12 10 5.720000 1 1
1972 12 11 7.800000 1 1
1972 12 12 8.760000 1 1
1972 12 13 6.240000 1 1
1972 12 14 4.780000 1 1
1972 12 15 3.930000 1 1
1972 12 16 3.090000 1 1
1972 12 17 2.850000 1 1
1972 12 18 2.610000 1 1
1972 12 19 2.380000 1 1
1972 12 20 2.970000 1 1
1972 12 21 2.610000 1 1
1972 12 22 2.260000 1 1
1972 12 23 2.140000 1 1
1972 12 24 1.750000 1 1
1972 12 25 1.750000 1 1
1972 12 26 1.600000 1 1
1972 12 27 1.440000 1 1
1972 12 28 1.440000 1 1
1972 12 29 1.440000 1 1
1972 12 30 1.900000 1 1
1972 12 31 2.380000 1 1
1973 01 01 1.900000 1 1
1973 01 02 4.360000 1 1
1973 01 03 4.780000 1 1
1973 01 04 3.930000 1 1
1973 01 05 3.930000 1 1
1973 01 06 11.400000 1 1
1973 01 07 46.000000 1 1
1973 01 08 93.200000 1 1
1973 01 09 113.000000 1 1
1973 01 10 84.800000 1 1
1973 01 11 31.000000 1 1
1973 01 12 20.000000 1 1
1973 01 13 13.400000 1 1
1973 01 14 11.800000 1 1
1973 01 15 9.080000 1 1
1973 01 16 5.720000 1 1
1973 01 17 5.200000 1 1
1973 01 18 4.780000 1 1
1973 01 19 4.360000 1 1
1973 01 20 3.930000 1 1
1973 01 21 11.000000 1 1
1973 01 22 18.500000 1 1
1973 01 23 16.000000 1 1
1973 01 24 11.800000 1 1
1973 01 25 10.400000 1 1
1973 01 26 8.760000 1 1
1973 01 27 6.500000 1 1
1973 01 28 6.240000 1 1
1973 01 29 6.240000 1 1
1973 01 30 5.460000 1 1
1973 01 31 4.780000 1 1
1973 02 01 5.200000 1 1
1973 02 02 4.140000 1 1
1973 02 03 3.090000 1 1
1973 02 04 2.850000 1 1
1973 02 05 6.500000 1 1
1973 02 06 7.800000 1 1
1973 02 07 4.570000 1 1
1973 02 08 3.300000 1 1
1973 02 09 2.730000 1 1
1973 02 10 2.610000 1 1
1973 02 11 2.610000 1 1
1973 02 12 10.700000 1 1
1973 02 13 31.000000 1 1
1973 02 14 44.000000 1 1
1973 02 15 20.000000 1 1
1973 02 16 16.500000 1 1
1973 02 17 12.200000 1 1
1973 02 18 10.700000 1 1
1973 02 19 8.440000 1 1
1973 02 20 7.800000 1 1
1973 02 21 7.020000 1 1
1973 02 22 5.200000 1 1
1973 02 23 4.360000 1 1
1973 02 24 3.930000 1 1
1973 02 25 3.510000 1 1
1973 02 26 3.510000 1 1
1973 02 27 2.850000 1 1
1973 02 28 2.610000 1 1
1973 03 01 2.610000 1 1
1973 03 02 2.970000 1 1
1973 03 03 4.780000 1 1
1973 03 04 9.720000 1 1
1973 03 05 5.720000 1 1
1973 03 06 2.970000 1 1
1973 03 07 4.360000 1 1
1973 03 08 7.280000 1 1
1973 03 09 12.200000 1 1
1973 03 10 7.280000 1 1
1973 03 11 4.780000 1 1
1973 03 12 4.360000 1 1
1973 03 13 3.510000 1 1
1973 03 14 3.930000 1 1
1973 03 15 2.970000 1 1
1973 03 16 2.380000 1 1
1973 03 17 1.900000 1 1
1973 03 18 1.750000 1 1
1973 03 19 1.750000 1 1
1973 03 20 1.900000 1 1
1973 03 21 1.750000 1 1
1973 03 22 1.750000 1 1
1973 03 23 1.600000 1 1
1973 03 24 1.440000 1 1
1973 03 25 1.290000 1 1
1973 03 26 1.140000 1 1
1973 03 27 1.140000 1 1
1973 03 28 1.100000 1 1
1973 03 29 1.060000 1 1
1973 03 30 1.140000 1 1
1973 03 31 1.140000 1 1
1973 04 01 1.100000 1 1
1973 04 02 1.140000 1 1
1973 04 03 1.140000 1 1
1973 04 04 1.140000 1 1
1973 04 05 1.140000 1 1
1973 04 06 1.520000 1 1
1973 04 07 2.020000 1 1
1973 04 08 2.260000 1 1
1973 04 09 1.900000 1 1
1973 04 10 1.820000 1 1
1973 04 11 1.820000 1 1
1973 04 12 1.670000 1 1
1973 04 13 1.100000 1 1
1973 04 14 0.980000 1 1
1973 04 15 0.900000 1 1
1973 04 16 0.900000 1 1
1973 04 17 0.860000 1 1
1973 04 18 0.900000 1 1
1973 04 19 27.500000 1 1
1973 04 20 9.400000 1 1
1973 04 21 5.460000 1 1
1973 04 22 4.140000 1 1
1973 04 23 3.300000 1 1
1973 04 24 3.090000 1 1
1973 04 25 3.510000 1 1
1973 04 26 4.360000 1 1
1973 04 27 4.990000 1 1
1973 04 28 4.360000 1 1
1973 04 29 4.570000 1 1
1973 04 30 44.000000 1 1
1973 05 01 22.500000 1 1
1973 05 02 46.500000 1 1
1973 05 03 65.000000 1 1
1973 05 04 26.500000 1 1
1973 05 05 14.600000 1 1
1973 05 06 11.800000 1 1
1973 05 07 10.700000 1 1
1973 05 08 10.000000 1 1
1973 05 09 32.500000 1 1
1973 05 10 40.000000 1 1
1973 05 11 18.500000 1 1
1973 05 12 11.800000 1 1
1973 05 13 8.760000 1 1
1973 05 14 5.720000 1 1
1973 05 15 4.140000 1 1
1973 05 16 4.360000 1 1
1973 05 17 3.930000 1 1
1973 05 18 3.720000 1 1
1973 05 19 3.300000 1 1
1973 05 20 4.140000 1 1
1973 05 21 5.200000 1 1
1973 05 22 5.460000 1 1
1973 05 23 4.570000 1 1
1973 05 24 4.780000 1 1
1973 05 25 7.280000 1 1
1973 05 26 10.400000 1 1
1973 05 27 9.400000 1 1
1973 05 28 7.280000 1 1
1973 05 29 3.090000 1 1
1973 05 30 6.500000 1 1
1973 05 31 15.000000 1 1
1973 06 01 8.760000 1 1
1973 06 02 5.980000 1 1
1973 06 03 4.570000 1 1
1973 06 04 3.720000 1 1
1973 06 05 2.970000 1 1
1973 06 06 2.490000 1 1
1973 06 07 2.380000 1 1
1973 06 08 1.900000 1 1
1973 06 09 1.900000 1 1
1973 06 10 2.380000 1 1
1973 06 11 3.720000 1 1
1973 06 12 3.720000 1 1
1973 06 13 13.000000 1 1
1973 06 14 20.000000 1 1
1973 06 15 11.800000 1 1
1973 06 16 7.280000 1 1
1973 06 17 9.080000 1 1
1973 06 18 17.500000 1 1
1973 06 19 15.000000 1 1
1973 06 20 7.020000 1 1
1973 06 21 5.980000 1 1
1973 06 22 5.200000 1 1
1973 06 23 6.760000 1 1
1973 06 24 30.000000 1 1
1973 06 25 35.000000 1 1
1973 06 26 19.000000 1 1
1973 06 27 14.600000 1 1
1973 06 28 8.440000 1 1
1973 06 29 13.000000 1 1
1973 06 30 5.980000 1 1
1973 07 01 13.000000 1 1
1973 07 02 15.000000 1 1
1973 07 03 20.000000 1 1
1973 07 04 12.200000 1 1
1973 07 05 7.540000 1 1
1973 07 06 5.720000 1 1
1973 07 07 4.570000 1 1
1973 07 08 3.510000 1 1
1973 07 09 2.730000 1 1
1973 07 10 2.850000 1 1
1973 07 11 1.900000 1 1
1973 07 12 2.610000 1 1
1973 07 13 1.900000 1 1
1973 07 14 1.820000 1 1
1973 07 15 1.820000 1 1
1973 07 16 2.260000 1 1
1973 07 17 2.020000 1 1
1973 07 18 2.380000 1 1
1973 07 19 2.380000 1 1
1973 07 20 2.970000 1 1
1973 07 21 4.780000 1 1
1973 07 22 51.800000 1 1
1973 07 23 22.500000 1 1
1973 07 24 16.500000 1 1
1973 07 25 11.800000 1 1
1973 07 26 9.720000 1 1
1973 07 27 4.990000 1 1
1973 07 28 5.200000 1 1
1973 07 29 4.570000 1 1
1973 07 30 3.930000 1 1
1973 07 31 3.090000 1 1
1973 08 01 3.300000 1 1
1973 08 02 3.090000 1 1
1973 08 03 2.970000 1 1
1973 08 04 2.490000 1 1
1973 08 05 2.380000 1 1
1973 08 06 1.900000 1 1
1973 08 07 8.120000 1 1
1973 08 08 1.440000 1 1
1973 08 09 1.670000 1 1
1973 08 10 1.290000 1 1
1973 08 11 2.380000 1 1
1973 08 12 83.000000 1 1
1973 08 13 128.000000 1 1
1973 08 14 86.000000 1 1
1973 08 15 32.500000 1 1
1973 08 16 15.000000 1 1
1973 08 17 11.800000 1 1
1973 08 18 10.600000 1 1
1973 08 19 9.000000 1 1
1973 08 20 6.680000 1 1
1973 08 21 5.470000 1 1
1973 08 22 4.420000 1 1
1973 08 23 5.680000 1 1
1973 08 24 16.200000 1 1
1973 08 25 24.600000 1 1
1973 08 26 62.000000 1 1
1973 08 27 35.000000 1 1
1973 08 28 12.200000 1 1
1973 08 29 6.680000 1 1
1973 08 30 6.100000 1 1
1973 08 31 6.100000 1 1
1973 09 01 6.680000 1 1
1973 09 02 6.100000 1 1
1973 09 03 6.100000 1 1
1973 09 04 5.680000 1 1
1973 09 05 5.050000 1 1
1973 09 06 4.000000 1 1
1973 09 07 4.420000 1 1
1973 09 08 3.680000 1 1
1973 09 09 3.200000 1 1
1973 09 10 2.880000 1 1
1973 09 11 4.000000 1 1
1973 09 12 17.000000 1 1
1973 09 13 41.500000 1 1
1973 09 14 49.000000 1 1
1973 09 15 25.000000 1 1
1973 09 16 25.000000 1 1
1973 09 17 34.000000 1 1
1973 09 18 31.500000 1 1
1973 09 19 24.200000 1 1
1973 09 20 20.200000 1 1
1973 09 21 18.200000 1 1
1973 09 22 13.000000 1 1
1973 09 23 11.000000 1 1
1973 09 24 8.710000 1 1
1973 09 25 6.680000 1 1
1973 09 26 6.970000 1 1
1973 09 27 5.050000 1 1
1973 09 28 4.630000 1 1
1973 09 29 5.470000 1 1
1973 09 30 17.000000 1 1
1973 10 01 19.000000 1 1
1973 10 02 20.200000 1 1
1973 10 03 12.200000 1 1
1973 10 04 7.550000 1 1
1973 10 05 7.260000 1 1
1973 10 06 32.500000 1 1
1973 10 07 45.000000 1 1
1973 10 08 21.000000 1 1
1973 10 09 14.200000 1 1
1973 10 10 8.420000 1 1
1973 10 11 12.200000 1 1
1973 10 12 14.600000 1 1
1973 10 13 25.000000 1 1
1973 10 14 19.000000 1 1
1973 10 15 19.000000 1 1
1973 10 16 16.200000 1 1
1973 10 17 11.000000 1 1
1973 10 18 6.390000 1 1
1973 10 19 6.390000 1 1
1973 10 20 6.390000 1 1
1973 10 21 6.100000 1 1
1973 10 22 6.970000 1 1
1973 10 23 6.100000 1 1
1973 10 24 8.130000 1 1
1973 10 25 6.100000 1 1
1973 10 26 5.470000 1 1
1973 10 27 4.630000 1 1
1973 10 28 3.840000 1 1
1973 10 29 3.200000 1 1
1973 10 30 3.200000 1 1
1973 10 31 3.200000 1 1
1973 11 01 3.200000 1 1
1973 11 02 3.840000 1 1
1973 11 03 4.000000 1 1
1973 11 04 8.420000 1 1
1973 11 05 13.800000 1 1
1973 11 06 11.800000 1 1
1973 11 07 9.000000 1 1
1973 11 08 7.840000 1 1
1973 11 09 7.260000 1 1
1973 11 10 6.100000 1 1
1973 11 11 4.420000 1 1
1973 11 12 32.500000 1 1
1973 11 13 11.000000 1 1
1973 11 14 7.550000 1 1
1973 11 15 6.100000 1 1
1973 11 16 6.100000 1 1
1973 11 17 5.050000 1 1
1973 11 18 4.000000 1 1
1973 11 19 4.000000 1 1
1973 11 20 4.000000 1 1
1973 11 21 3.520000 1 1
1973 11 22 3.680000 1 1
1973 11 23 3.200000 1 1
1973 11 24 4.000000 1 1
1973 11 25 8.420000 1 1
1973 11 26 6.680000 1 1
1973 11 27 5.470000 1 1
1973 11 28 4.000000 1 1
1973 11 29 3.680000 1 1
1973 11 30 3.200000 1 1
1973 12 01 2.400000 1 1
1973 12 02 2.400000 1 1
1973 12 03 3.680000 1 1
1973 12 04 3.200000 1 1
1973 12 05 3.200000 1 1
1973 12 06 3.200000 1 1
1973 12 07 3.200000 1 1
1973 12 08 3.200000 1 1
1973 12 09 2.560000 1 1
1973 12 10 2.400000 1 1
1973 12 11 2.110000 1 1
1973 12 12 2.210000 1 1
1973 12 13 1.920000 1 1
1973 12 14 1.920000 1 1
1973 12 15 2.210000 1 1
1973 12 16 2.400000 1 1
1973 12 17 2.720000 1 1
1973 12 18 2.720000 1 1
1973 12 19 2.400000 1 1
1973 12 20 2.400000 1 1
1973 12 21 2.210000 1 1
1973 12 22 2.210000 1 1
1973 12 23 2.020000 1 1
1973 12 24 1.730000 1 1
1973 12 25 1.730000 1 1
1973 12 26 2.720000 1 1
1973 12 27 2.720000 1 1
1973 12 28 2.400000 1 1
1973 12 29 2.400000 1 1
1973 12 30 2.400000 1 1
1973 12 31 2.400000 1 1
1974 01 01 2.400000 1 1
1974 01 02 2.210000 1 1
1974 01 03 2.210000 1 1
1974 01 04 2.400000 1 1
1974 01 05 2.560000 1 1
1974 01 06 4.840000 1 1
1974 01 07 9.000000 1 1
1974 01 08 9.000000 1 1
1974 01 09 6.390000 1 1
1974 01 10 3.840000 1 1
1974 01 11 3.680000 1 1
1974 01 12 4.000000 1 1
1974 01 13 3.840000 1 1
1974 01 14 4.630000 1 1
1974 01 15 5.050000 1 1
1974 01 16 5.050000 1 1
1974 01 17 4.000000 1 1
1974 01 18 4.000000 1 1
1974 01 19 3.680000 1 1
1974 01 20 3.200000 1 1
1974 01 21 3.200000 1 1
1974 01 22 3.040000 1 1
1974 01 23 2.880000 1 1
1974 01 24 3.680000 1 1
1974 01 25 4.420000 1 1
1974 01 26 9.000000 1 1
1974 01 27 7.840000 1 1
1974 01 28 5.470000 1 1
1974 01 29 3.360000 1 1
1974 01 30 3.680000 1 1
1974 01 31 3.680000 1 1
1974 02 01 3.840000 1 1
1974 02 02 4.000000 1 1
1974 02 03 5.680000 1 1
1974 02 04 6.100000 1 1
1974 02 05 5.050000 1 1
1974 02 06 4.210000 1 1
1974 02 07 3.680000 1 1
1974 02 08 3.520000 1 1
1974 02 09 3.200000 1 1
1974 02 10 4.000000 1 1
1974 02 11 4.000000 1 1
1974 02 12 4.000000 1 1
1974 02 13 4.000000 1 1
1974 02 14 3.680000 1 1
1974 02 15 3.360000 1 1
1974 02 16 3.520000 1 1
1974 02 17 4.840000 1 1
1974 02 18 6.100000 1 1
1974 02 19 5.470000 1 1
1974 02 20 5.050000 1 1
1974 02 21 4.000000 1 1
1974 02 22 3.680000 1 1
1974 02 23 3.680000 1 1
1974 02 24 3.200000 1 1
1974 02 25 3.200000 1 1
1974 02 26 2.880000 1 1
1974 02 27 2.560000 1 1
1974 02 28 2.400000 1 1
1974 03 01 2.400000 1 1
1974 03 02 2.720000 1 1
1974 03 03 2.400000 1 1
1974 03 04 2.300000 1 1
1974 03 05 2.210000 1 1
1974 03 06 2.110000 1 1
1974 03 07 1.920000 1 1
1974 03 08 1.920000 1 1
1974 03 09 1.450000 1 1
1974 03 10 1.450000 1 1
1974 03 11 1.920000 1 1
1974 03 12 2.400000 1 1
1974 03 13 6.100000 1 1
1974 03 14 4.000000 1 1
1974 03 15 4.000000 1 1
1974 03 16 3.840000 1 1
1974 03 17 4.000000 1 1
1974 03 18 3.680000 1 1
1974 03 19 3.680000 1 1
1974 03 20 3.200000 1 1
1974 03 21 3.200000 1 1
1974 03 22 2.720000 1 1
1974 03 23 2.400000 1 1
1974 03 24 2.400000 1 1
1974 03 25 2.210000 1 1
1974 03 26 1.920000 1 1
1974 03 27 1.450000 1 1
1974 03 28 1.540000 1 1
1974 03 29 1.540000 1 1
1974 03 30 1.170000 1 1
1974 03 31 1.000000 1 1
1974 04 01 0.946000 1 1
1974 04 02 0.946000 1 1
1974 04 03 1.060000 1 1
1974 04 04 1.000000 1 1
1974 04 05 1.170000 1 1
1974 04 06 1.060000 1 1
1974 04 07 0.620000 1 1
1974 04 08 0.946000 1 1
1974 04 09 0.890000 1 1
1974 04 10 0.890000 1 1
1974 04 11 0.782000 1 1
1974 04 12 0.736000 1 1
1974 04 13 0.782000 1 1
1974 04 14 0.674000 1 1
1974 04 15 0.728000 1 1
1974 04 16 0.620000 1 1
1974 04 17 0.728000 1 1
1974 04 18 0.674000 1 1
1974 04 19 0.728000 1 1
1974 04 20 0.674000 1 1
1974 04 21 2.020000 1 1
1974 04 22 13.800000 1 1
1974 04 23 14.200000 1 1
1974 04 24 17.000000 1 1
1974 04 25 50.000000 1 1
1974 04 26 24.000000 1 1
1974 04 27 19.000000 1 1
1974 04 28 12.000000 1 1
1974 04 29 10.300000 1 1
1974 04 30 7.690000 1 1
1974 05 01 3.820000 1 1
1974 05 02 2.950000 1 1
1974 05 03 2.170000 1 1
1974 05 04 1.790000 1 1
1974 05 05 1.560000 1 1
1974 05 06 1.560000 1 1
1974 05 07 1.630000 1 1
1974 05 08 1.480000 1 1
1974 05 09 1.370000 1 1
1974 05 10 1.210000 1 1
1974 05 11 1.160000 1 1
1974 05 12 1.100000 1 1
1974 05 13 0.994000 1 1
1974 05 14 0.940000 1 1
1974 05 15 0.994000 1 1
1974 05 16 0.994000 1 1
1974 05 17 0.910000 1 1
1974 05 18 0.994000 1 1
1974 05 19 0.994000 1 1
1974 05 20 0.994000 1 1
1974 05 21 0.940000 1 1
1974 05 22 1.050000 1 1
1974 05 23 1.160000 1 1
1974 05 24 1.100000 1 1
1974 05 25 15.000000 1 1
1974 05 26 139.000000 1 1
1974 05 27 125.000000 1 1
1974 05 28 78.200000 1 1
1974 05 29 37.500000 1 1
1974 05 30 20.000000 1 1
1974 05 31 14.100000 1 1
1974 06 01 10.300000 1 1
1974 06 02 7.690000 1 1
1974 06 03 4.720000 1 1
1974 06 04 3.470000 1 1
1974 06 05 2.770000 1 1
1974 06 06 3.120000 1 1
1974 06 07 2.950000 1 1
1974 06 08 3.300000 1 1
1974 06 09 12.900000 1 1
1974 06 10 56.000000 1 1
1974 06 11 9.840000 1 1
1974 06 12 14.600000 1 1
1974 06 13 8.550000 1 1
1974 06 14 7.260000 1 1
1974 06 15 5.440000 1 1
1974 06 16 5.440000 1 1
1974 06 17 5.200000 1 1
1974 06 18 5.200000 1 1
1974 06 19 4.960000 1 1
1974 06 20 4.720000 1 1
1974 06 21 22.500000 1 1
1974 06 22 22.000000 1 1
1974 06 23 13.300000 1 1
1974 06 24 8.980000 1 1
1974 06 25 26.500000 1 1
1974 06 26 21.500000 1 1
1974 06 27 16.000000 1 1
1974 06 28 12.000000 1 1
1974 06 29 9.410000 1 1
1974 06 30 6.160000 1 1
1974 07 01 5.680000 1 1
1974 07 02 5.680000 1 1
1974 07 03 3.470000 1 1
1974 07 04 6.160000 1 1
1974 07 05 10.300000 1 1
1974 07 06 11.100000 1 1
1974 07 07 3.820000 1 1
1974 07 08 2.170000 1 1
1974 07 09 2.170000 1 1
1974 07 10 2.170000 1 1
1974 07 11 2.100000 1 1
1974 07 12 2.100000 1 1
1974 07 13 1.860000 1 1
1974 07 14 1.790000 1 1
1974 07 15 1.560000 1 1
1974 07 16 1.430000 1 1
1974 07 17 1.430000 1 1
1974 07 18 1.430000 1 1
1974 07 19 1.480000 1 1
1974 07 20 1.430000 1 1
1974 07 21 1.430000 1 1
1974 07 22 1.320000 1 1
1974 07 23 1.480000 1 1
1974 07 24 1.430000 1 1
1974 07 25 1.430000 1 1
1974 07 26 1.480000 1 1
1974 07 27 1.430000 1 1
1974 07 28 1.430000 1 1
1974 07 29 1.210000 1 1
1974 07 30 1.480000 1 1
1974 07 31 2.170000 1 1
1974 08 01 1.160000 1 1
1974 08 02 1.100000 1 1
1974 08 03 1.160000 1 1
1974 08 04 1.630000 1 1
1974 08 05 2.100000 1 1
1974 08 06 1.370000 1 1
1974 08 07 1.480000 1 1
1974 08 08 1.560000 1 1
1974 08 09 1.480000 1 1
1974 08 10 1.430000 1 1
1974 08 11 1.430000 1 1
1974 08 12 1.430000 1 1
1974 08 13 1.260000 1 1
1974 08 14 1.100000 1 1
1974 08 15 0.994000 1 1
1974 08 16 0.940000 1 1
1974 08 17 0.994000 1 1
1974 08 18 0.910000 1 1
1974 08 19 0.994000 1 1
1974 08 20 0.940000 1 1
1974 08 21 0.910000 1 1
1974 08 22 0.850000 1 1
1974 08 23 0.994000 1 1
1974 08 24 1.160000 1 1
1974 08 25 1.260000 1 1
1974 08 26 2.100000 1 1
1974 08 27 2.020000 1 1
1974 08 28 1.630000 1 1
1974 08 29 5.200000 1 1
1974 08 30 8.980000 1 1
1974 08 31 47.500000 1 1
1974 09 01 86.000000 1 1
1974 09 02 95.000000 1 1
1974 09 03 19.000000 1 1
1974 09 04 13.800000 1 1
1974 09 05 11.800000 1 1
1974 09 06 5.890000 1 1
1974 09 07 4.630000 1 1
1974 09 08 3.840000 1 1
1974 09 09 2.560000 1 1
1974 09 10 3.040000 1 1
1974 09 11 2.880000 1 1
1974 09 12 3.360000 1 1
1974 09 13 2.400000 1 1
1974 09 14 1.920000 1 1
1974 09 15 2.300000 1 1
1974 09 16 2.560000 1 1
1974 09 17 2.880000 1 1
1974 09 18 2.110000 1 1
1974 09 19 2.400000 1 1
1974 09 20 2.300000 1 1
1974 09 21 2.300000 1 1
1974 09 22 2.300000 1 1
1974 09 23 2.300000 1 1
1974 09 24 2.400000 1 1
1974 09 25 2.300000 1 1
1974 09 26 2.020000 1 1
1974 09 27 1.920000 1 1
1974 09 28 3.520000 1 1
1974 09 29 4.630000 1 1
1974 09 30 3.200000 1 1
1974 10 01 3.200000 1 1
1974 10 02 2.880000 1 1
1974 10 03 2.560000 1 1
1974 10 04 2.400000 1 1
1974 10 05 2.110000 1 1
1974 10 06 2.400000 1 1
1974 10 07 2.560000 1 1
1974 10 08 2.210000 1 1
1974 10 09 1.730000 1 1
1974 10 10 1.730000 1 1
1974 10 11 1.640000 1 1
1974 10 12 1.450000 1 1
1974 10 13 1.450000 1 1
1974 10 14 1.450000 1 1
1974 10 15 1.340000 1 1
1974 10 16 1.450000 1 1
1974 10 17 1.730000 1 1
1974 10 18 1.830000 1 1
1974 10 19 1.920000 1 1
1974 10 20 1.920000 1 1
1974 10 21 1.730000 1 1
1974 10 22 1.830000 1 1
1974 10 23 1.920000 1 1
1974 10 24 2.300000 1 1
1974 10 25 3.680000 1 1
1974 10 26 27.500000 1 1
1974 10 27 24.200000 1 1
1974 10 28 20.200000 1 1
1974 10 29 13.000000 1 1
1974 10 30 8.130000 1 1
1974 10 31 6.390000 1 1
1974 11 01 5.260000 1 1
1974 11 02 4.630000 1 1
1974 11 03 4.000000 1 1
1974 11 04 3.840000 1 1
1974 11 05 4.840000 1 1
1974 11 06 27.500000 1 1
1974 11 07 19.400000 1 1
1974 11 08 12.200000 1 1
1974 11 09 8.710000 1 1
1974 11 10 6.680000 1 1
1974 11 11 5.680000 1 1
1974 11 12 6.390000 1 1
1974 11 13 9.400000 1 1
1974 11 14 7.260000 1 1
1974 11 15 5.890000 1 1
1974 11 16 5.260000 1 1
1974 11 17 5.050000 1 1
1974 11 18 5.050000 1 1
1974 11 19 5.470000 1 1
1974 11 20 47.000000 1 1
1974 11 21 149.000000 1 1
1974 11 22 37.500000 1 1
1974 11 23 17.000000 1 1
1974 11 24 11.000000 1 1
1974 11 25 9.000000 1 1
1974 11 26 15.000000 1 1
1974 11 27 21.500000 1 1
1974 11 28 28.500000 1 1
1974 11 29 17.000000 1 1
1974 11 30 12.500000 1 1
