year month day streamflow_m3s qual_control_by_ana qual_flag
2012 04 01 nan nan 0
2012 04 02 nan nan 0
2012 04 03 nan nan 0
2012 04 04 nan nan 0
2012 04 05 nan nan 0
2012 04 06 nan nan 0
2012 04 07 nan nan 0
2012 04 08 nan nan 0
2012 04 09 nan nan 0
2012 04 10 nan nan 0
2012 04 11 nan nan 0
2012 04 12 nan nan 0
2012 04 13 nan nan 0
2012 04 14 nan nan 0
2012 04 15 nan nan 0
2012 04 16 nan nan 0
2012 04 17 nan nan 0
2012 04 18 nan nan 0
2012 04 19 nan nan 0
2012 04 20 nan nan 0
2012 04 21 nan nan 0
2012 04 22 nan nan 0
2012 04 23 nan nan 0
2012 04 24 nan nan 0
2012 04 25 nan nan 0
2012 04 26 nan nan 0
2012 04 27 nan nan 0
2012 04 28 nan nan 0
2012 04 29 nan nan 0
2012 04 30 nan nan 0
2012 05 01 nan nan 0
2012 05 02 nan nan 0
2012 05 03 nan nan 0
2012 05 04 nan nan 0
2012 05 05 nan nan 0
2012 05 06 nan nan 0
2012 05 07 nan nan 0
2012 05 08 nan nan 0
2012 05 09 nan nan 0
2012 05 10 nan nan 0
2012 05 11 nan nan 0
2012 05 12 nan nan 0
2012 05 13 nan nan 0
2012 05 14 nan nan 0
2012 05 15 nan nan 0
2012 05 16 nan nan 0
2012 05 17 nan nan 0
2012 05 18 nan nan 0
2012 05 19 nan nan 0
2012 05 20 nan nan 0
2012 05 21 nan nan 0
2012 05 22 nan nan 0
2012 05 23 nan nan 0
2012 05 24 nan nan 0
2012 05 25 nan nan 0
2012 05 26 nan nan 0
2012 05 27 nan nan 0
2012 05 28 nan nan 0
2012 05 29 nan nan 0
2012 05 30 nan nan 0
2012 05 31 nan nan 0
2012 06 01 nan nan 0
2012 06 02 nan nan 0
2012 06 03 nan nan 0
2012 06 04 nan nan 0
2012 06 05 nan nan 0
2012 06 06 nan nan 0
2012 06 07 nan nan 0
2012 06 08 nan nan 0
2012 06 09 nan nan 0
2012 06 10 nan nan 0
2012 06 11 nan nan 0
2012 06 12 nan nan 0
2012 06 13 nan nan 0
2012 06 14 nan nan 0
2012 06 15 nan nan 0
2012 06 16 nan nan 0
2012 06 17 nan nan 0
2012 06 18 nan nan 0
2012 06 19 nan nan 0
2012 06 20 nan nan 0
2012 06 21 nan nan 0
2012 06 22 nan nan 0
2012 06 23 nan nan 0
2012 06 24 nan nan 0
2012 06 25 nan nan 0
2012 06 26 nan nan 0
2012 06 27 nan nan 0
2012 06 28 nan nan 0
2012 06 29 nan nan 0
2012 06 30 nan nan 0
2012 07 01 nan nan 0
2012 07 02 nan nan 0
2012 07 03 nan nan 0
2012 07 04 nan nan 0
2012 07 05 nan nan 0
2012 07 06 nan nan 0
2012 07 07 nan nan 0
2012 07 08 nan nan 0
2012 07 09 nan nan 0
2012 07 10 nan nan 0
2012 07 11 nan nan 0
2012 07 12 nan nan 0
2012 07 13 nan nan 0
2012 07 14 nan nan 0
2012 07 15 nan nan 0
2012 07 16 nan nan 0
2012 07 17 nan nan 0
2012 07 18 nan nan 0
2012 07 19 nan nan 0
2012 07 20 nan nan 0
2012 07 21 nan nan 0
2012 07 22 nan nan 0
2012 07 23 nan nan 0
2012 07 24 nan nan 0
2012 07 25 nan nan 0
2012 07 26 nan nan 0
2012 07 27 nan nan 0
2012 07 28 nan nan 0
2012 07 29 nan nan 0
2012 07 30 nan nan 0
2012 07 31 nan nan 0
2012 08 01 nan nan 0
2012 08 02 nan nan 0
2012 08 03 nan nan 0
2012 08 04 nan nan 0
2012 08 05 nan nan 0
2012 08 06 nan nan 0
2012 08 07 nan nan 0
2012 08 08 nan nan 0
2012 08 09 nan nan 0
2012 08 10 nan nan 0
2012 08 11 nan nan 0
2012 08 12 nan nan 0
2012 08 13 nan nan 0
2012 08 14 nan nan 0
2012 08 15 nan nan 0
2012 08 16 nan nan 0
2012 08 17 nan nan 0
2012 08 18 nan nan 0
2012 08 19 nan nan 0
2012 08 20 nan nan 0
2012 08 21 nan nan 0
2012 08 22 nan nan 0
2012 08 23 nan nan 0
2012 08 24 nan nan 0
2012 08 25 nan nan 0
2012 08 26 nan nan 0
2012 08 27 nan nan 0
2012 08 28 nan nan 0
2012 08 29 nan nan 0
2012 08 30 nan nan 0
2012 08 31 nan nan 0
2012 09 01 nan nan 0
2012 09 02 nan nan 0
2012 09 03 nan nan 0
2012 09 04 nan nan 0
2012 09 05 nan nan 0
2012 09 06 nan nan 0
2012 09 07 nan nan 0
2012 09 08 nan nan 0
2012 09 09 nan nan 0
2012 09 10 nan nan 0
2012 09 11 nan nan 0
2012 09 12 nan nan 0
2012 09 13 nan nan 0
2012 09 14 nan nan 0
2012 09 15 nan nan 0
2012 09 16 nan nan 0
2012 09 17 nan nan 0
2012 09 18 nan nan 0
2012 09 19 nan nan 0
2012 09 20 nan nan 0
2012 09 21 nan nan 0
2012 09 22 nan nan 0
2012 09 23 nan nan 0
2012 09 24 nan nan 0
2012 09 25 nan nan 0
2012 09 26 nan nan 0
2012 09 27 nan nan 0
2012 09 28 nan nan 0
2012 09 29 nan nan 0
2012 09 30 nan nan 0
2012 10 01 nan nan 0
2012 10 02 nan nan 0
2012 10 03 nan nan 0
2012 10 04 nan nan 0
2012 10 05 nan nan 0
2012 10 06 nan nan 0
2012 10 07 nan nan 0
2012 10 08 nan nan 0
2012 10 09 nan nan 0
2012 10 10 nan nan 0
2012 10 11 nan nan 0
2012 10 12 nan nan 0
2012 10 13 nan nan 0
2012 10 14 nan nan 0
2012 10 15 nan nan 0
2012 10 16 nan nan 0
2012 10 17 nan nan 0
2012 10 18 nan nan 0
2012 10 19 nan nan 0
2012 10 20 nan nan 0
2012 10 21 nan nan 0
2012 10 22 nan nan 0
2012 10 23 nan nan 0
2012 10 24 nan nan 0
2012 10 25 nan nan 0
2012 10 26 nan nan 0
2012 10 27 nan nan 0
2012 10 28 nan nan 0
2012 10 29 nan nan 0
2012 10 30 nan nan 0
2012 10 31 nan nan 0
2012 11 01 nan nan 0
2012 11 02 nan nan 0
2012 11 03 nan nan 0
2012 11 04 nan nan 0
2012 11 05 nan nan 0
2012 11 06 nan nan 0
2012 11 07 nan nan 0
2012 11 08 nan nan 0
2012 11 09 nan nan 0
2012 11 10 nan nan 0
2012 11 11 nan nan 0
2012 11 12 nan nan 0
2012 11 13 nan nan 0
2012 11 14 nan nan 0
2012 11 15 nan nan 0
2012 11 16 nan nan 0
2012 11 17 nan nan 0
2012 11 18 nan nan 0
2012 11 19 nan nan 0
2012 11 20 nan nan 0
2012 11 21 nan nan 0
2012 11 22 nan nan 0
2012 11 23 nan nan 0
2012 11 24 nan nan 0
2012 11 25 nan nan 0
2012 11 26 nan nan 0
2012 11 27 nan nan 0
2012 11 28 nan nan 0
2012 11 29 nan nan 0
2012 11 30 nan nan 0
2012 12 01 nan nan 0
2012 12 02 nan nan 0
2012 12 03 nan nan 0
2012 12 04 nan nan 0
2012 12 05 nan nan 0
2012 12 06 nan nan 0
2012 12 07 nan nan 0
2012 12 08 nan nan 0
2012 12 09 nan nan 0
2012 12 10 nan nan 0
2012 12 11 nan nan 0
2012 12 12 nan nan 0
2012 12 13 nan nan 0
2012 12 14 nan nan 0
2012 12 15 nan nan 0
2012 12 16 nan nan 0
2012 12 17 nan nan 0
2012 12 18 nan nan 0
2012 12 19 nan nan 0
2012 12 20 nan nan 0
2012 12 21 nan nan 0
2012 12 22 nan nan 0
2012 12 23 nan nan 0
2012 12 24 nan nan 0
2012 12 25 nan nan 0
2012 12 26 nan nan 0
2012 12 27 nan nan 0
2012 12 28 nan nan 0
2012 12 29 nan nan 0
2012 12 30 nan nan 0
2012 12 31 nan nan 0
2013 01 01 nan nan 0
2013 01 02 nan nan 0
2013 01 03 nan nan 0
2013 01 04 nan nan 0
2013 01 05 nan nan 0
2013 01 06 nan nan 0
2013 01 07 nan nan 0
2013 01 08 nan nan 0
2013 01 09 nan nan 0
2013 01 10 nan nan 0
2013 01 11 nan nan 0
2013 01 12 nan nan 0
2013 01 13 nan nan 0
2013 01 14 nan nan 0
2013 01 15 nan nan 0
2013 01 16 nan nan 0
2013 01 17 nan nan 0
2013 01 18 nan nan 0
2013 01 19 nan nan 0
2013 01 20 nan nan 0
2013 01 21 nan nan 0
2013 01 22 nan nan 0
2013 01 23 nan nan 0
2013 01 24 nan nan 0
2013 01 25 nan nan 0
2013 01 26 nan nan 0
2013 01 27 nan nan 0
2013 01 28 nan nan 0
2013 01 29 nan nan 0
2013 01 30 nan nan 0
2013 01 31 nan nan 0
2013 02 01 nan nan 0
2013 02 02 nan nan 0
2013 02 03 nan nan 0
2013 02 04 nan nan 0
2013 02 05 nan nan 0
2013 02 06 nan nan 0
2013 02 07 nan nan 0
2013 02 08 nan nan 0
2013 02 09 nan nan 0
2013 02 10 nan nan 0
2013 02 11 nan nan 0
2013 02 12 nan nan 0
2013 02 13 nan nan 0
2013 02 14 nan nan 0
2013 02 15 nan nan 0
2013 02 16 nan nan 0
2013 02 17 nan nan 0
2013 02 18 nan nan 0
2013 02 19 nan nan 0
2013 02 20 nan nan 0
2013 02 21 nan nan 0
2013 02 22 nan nan 0
2013 02 23 nan nan 0
2013 02 24 nan nan 0
2013 02 25 nan nan 0
2013 02 26 nan nan 0
2013 02 27 nan nan 0
2013 02 28 nan nan 0
2013 03 01 nan nan 0
2013 03 02 nan nan 0
2013 03 03 nan nan 0
2013 03 04 nan nan 0
2013 03 05 nan nan 0
2013 03 06 nan nan 0
2013 03 07 nan nan 0
2013 03 08 nan nan 0
2013 03 09 nan nan 0
2013 03 10 nan nan 0
2013 03 11 nan nan 0
2013 03 12 nan nan 0
2013 03 13 nan nan 0
2013 03 14 nan nan 0
2013 03 15 nan nan 0
2013 03 16 nan nan 0
2013 03 17 nan nan 0
2013 03 18 nan nan 0
2013 03 19 nan nan 0
2013 03 20 nan nan 0
2013 03 21 nan nan 0
2013 03 22 nan nan 0
2013 03 23 nan nan 0
2013 03 24 nan nan 0
2013 03 25 nan nan 0
2013 03 26 nan nan 0
2013 03 27 nan nan 0
2013 03 28 nan nan 0
2013 03 29 nan nan 0
2013 03 30 nan nan 0
2013 03 31 nan nan 0
2013 04 01 nan nan 0
2013 04 02 nan nan 0
2013 04 03 nan nan 0
2013 04 04 nan nan 0
2013 04 05 nan nan 0
2013 04 06 nan nan 0
2013 04 07 nan nan 0
2013 04 08 nan nan 0
2013 04 09 nan nan 0
2013 04 10 nan nan 0
2013 04 11 nan nan 0
2013 04 12 nan nan 0
2013 04 13 nan nan 0
2013 04 14 nan nan 0
2013 04 15 nan nan 0
2013 04 16 nan nan 0
2013 04 17 nan nan 0
2013 04 18 nan nan 0
2013 04 19 nan nan 0
2013 04 20 nan nan 0
2013 04 21 nan nan 0
2013 04 22 nan nan 0
2013 04 23 nan nan 0
2013 04 24 nan nan 0
2013 04 25 nan nan 0
2013 04 26 nan nan 0
2013 04 27 nan nan 0
2013 04 28 nan nan 0
2013 04 29 nan nan 0
2013 04 30 nan nan 0
2013 05 01 nan nan 0
2013 05 02 nan nan 0
2013 05 03 nan nan 0
2013 05 04 nan nan 0
2013 05 05 nan nan 0
2013 05 06 nan nan 0
2013 05 07 nan nan 0
2013 05 08 nan nan 0
2013 05 09 nan nan 0
2013 05 10 nan nan 0
2013 05 11 nan nan 0
2013 05 12 nan nan 0
2013 05 13 nan nan 0
2013 05 14 nan nan 0
2013 05 15 nan nan 0
2013 05 16 nan nan 0
2013 05 17 nan nan 0
2013 05 18 nan nan 0
2013 05 19 nan nan 0
2013 05 20 nan nan 0
2013 05 21 nan nan 0
2013 05 22 nan nan 0
2013 05 23 nan nan 0
2013 05 24 nan nan 0
2013 05 25 nan nan 0
2013 05 26 nan nan 0
2013 05 27 nan nan 0
2013 05 28 nan nan 0
2013 05 29 nan nan 0
2013 05 30 nan nan 0
2013 05 31 nan nan 0
2013 06 01 nan nan 0
2013 06 02 nan nan 0
2013 06 03 nan nan 0
2013 06 04 nan nan 0
2013 06 05 nan nan 0
2013 06 06 nan nan 0
2013 06 07 nan nan 0
2013 06 08 nan nan 0
2013 06 09 nan nan 0
2013 06 10 nan nan 0
2013 06 11 nan nan 0
2013 06 12 nan nan 0
2013 06 13 nan nan 0
2013 06 14 nan nan 0
2013 06 15 nan nan 0
2013 06 16 nan nan 0
2013 06 17 nan nan 0
2013 06 18 nan nan 0
2013 06 19 nan nan 0
2013 06 20 nan nan 0
2013 06 21 nan nan 0
2013 06 22 nan nan 0
2013 06 23 nan nan 0
2013 06 24 nan nan 0
2013 06 25 nan nan 0
2013 06 26 nan nan 0
2013 06 27 nan nan 0
2013 06 28 nan nan 0
2013 06 29 nan nan 0
2013 06 30 nan nan 0
2013 07 01 nan nan 0
2013 07 02 nan nan 0
2013 07 03 nan nan 0
2013 07 04 nan nan 0
2013 07 05 nan nan 0
2013 07 06 nan nan 0
2013 07 07 nan nan 0
2013 07 08 nan nan 0
2013 07 09 nan nan 0
2013 07 10 nan nan 0
2013 07 11 nan nan 0
2013 07 12 nan nan 0
2013 07 13 nan nan 0
2013 07 14 nan nan 0
2013 07 15 nan nan 0
2013 07 16 nan nan 0
2013 07 17 nan nan 0
2013 07 18 nan nan 0
2013 07 19 nan nan 0
2013 07 20 nan nan 0
2013 07 21 nan nan 0
2013 07 22 nan nan 0
2013 07 23 nan nan 0
2013 07 24 nan nan 0
2013 07 25 nan nan 0
2013 07 26 nan nan 0
2013 07 27 nan nan 0
2013 07 28 nan nan 0
2013 07 29 nan nan 0
2013 07 30 nan nan 0
2013 07 31 nan nan 0
2013 08 01 nan nan 0
2013 08 02 nan nan 0
2013 08 03 nan nan 0
2013 08 04 nan nan 0
2013 08 05 nan nan 0
2013 08 06 nan nan 0
2013 08 07 nan nan 0
2013 08 08 nan nan 0
2013 08 09 nan nan 0
2013 08 10 nan nan 0
2013 08 11 nan nan 0
2013 08 12 nan nan 0
2013 08 13 nan nan 0
2013 08 14 nan nan 0
2013 08 15 nan nan 0
2013 08 16 nan nan 0
2013 08 17 nan nan 0
2013 08 18 nan nan 0
2013 08 19 nan nan 0
2013 08 20 nan nan 0
2013 08 21 nan nan 0
2013 08 22 nan nan 0
2013 08 23 nan nan 0
2013 08 24 nan nan 0
2013 08 25 nan nan 0
2013 08 26 nan nan 0
2013 08 27 nan nan 0
2013 08 28 nan nan 0
2013 08 29 nan nan 0
2013 08 30 nan nan 0
2013 08 31 nan nan 0
2013 09 01 nan nan 0
2013 09 02 nan nan 0
2013 09 03 nan nan 0
2013 09 04 nan nan 0
2013 09 05 nan nan 0
2013 09 06 nan nan 0
2013 09 07 nan nan 0
2013 09 08 nan nan 0
2013 09 09 nan nan 0
2013 09 10 nan nan 0
2013 09 11 nan nan 0
2013 09 12 nan nan 0
2013 09 13 nan nan 0
2013 09 14 nan nan 0
2013 09 15 nan nan 0
2013 09 16 nan nan 0
2013 09 17 nan nan 0
2013 09 18 nan nan 0
2013 09 19 nan nan 0
2013 09 20 nan nan 0
2013 09 21 nan nan 0
2013 09 22 nan nan 0
2013 09 23 nan nan 0
2013 09 24 nan nan 0
2013 09 25 nan nan 0
2013 09 26 nan nan 0
2013 09 27 nan nan 0
2013 09 28 nan nan 0
2013 09 29 nan nan 0
2013 09 30 nan nan 0
2013 10 01 nan nan 0
2013 10 02 nan nan 0
2013 10 03 nan nan 0
2013 10 04 nan nan 0
2013 10 05 nan nan 0
2013 10 06 nan nan 0
2013 10 07 nan nan 0
2013 10 08 nan nan 0
2013 10 09 nan nan 0
2013 10 10 nan nan 0
2013 10 11 nan nan 0
2013 10 12 nan nan 0
2013 10 13 nan nan 0
2013 10 14 nan nan 0
2013 10 15 nan nan 0
2013 10 16 nan nan 0
2013 10 17 nan nan 0
2013 10 18 nan nan 0
2013 10 19 nan nan 0
2013 10 20 nan nan 0
2013 10 21 nan nan 0
2013 10 22 nan nan 0
2013 10 23 nan nan 0
2013 10 24 nan nan 0
2013 10 25 nan nan 0
2013 10 26 nan nan 0
2013 10 27 nan nan 0
2013 10 28 nan nan 0
2013 10 29 nan nan 0
2013 10 30 nan nan 0
2013 10 31 nan nan 0
2013 11 01 nan nan 0
2013 11 02 nan nan 0
2013 11 03 nan nan 0
2013 11 04 nan nan 0
2013 11 05 nan nan 0
2013 11 06 nan nan 0
2013 11 07 nan nan 0
2013 11 08 nan nan 0
2013 11 09 nan nan 0
2013 11 10 nan nan 0
2013 11 11 nan nan 0
2013 11 12 nan nan 0
2013 11 13 nan nan 0
2013 11 14 nan nan 0
2013 11 15 nan nan 0
2013 11 16 nan nan 0
2013 11 17 nan nan 0
2013 11 18 nan nan 0
2013 11 19 nan nan 0
2013 11 20 nan nan 0
2013 11 21 nan nan 0
2013 11 22 nan nan 0
2013 11 23 nan nan 0
2013 11 24 nan nan 0
2013 11 25 nan nan 0
2013 11 26 nan nan 0
2013 11 27 nan nan 0
2013 11 28 nan nan 0
2013 11 29 nan nan 0
2013 11 30 nan nan 0
2013 12 01 nan nan 0
2013 12 02 nan nan 0
2013 12 03 nan nan 0
2013 12 04 nan nan 0
2013 12 05 nan nan 0
2013 12 06 nan nan 0
2013 12 07 nan nan 0
2013 12 08 nan nan 0
2013 12 09 nan nan 0
2013 12 10 nan nan 0
2013 12 11 nan nan 0
2013 12 12 nan nan 0
2013 12 13 nan nan 0
2013 12 14 nan nan 0
2013 12 15 nan nan 0
2013 12 16 nan nan 0
2013 12 17 nan nan 0
2013 12 18 nan nan 0
2013 12 19 nan nan 0
2013 12 20 nan nan 0
2013 12 21 nan nan 0
2013 12 22 nan nan 0
2013 12 23 nan nan 0
2013 12 24 nan nan 0
2013 12 25 nan nan 0
2013 12 26 nan nan 0
2013 12 27 nan nan 0
2013 12 28 nan nan 0
2013 12 29 nan nan 0
2013 12 30 nan nan 0
2013 12 31 nan nan 0
2014 01 01 nan nan 0
2014 01 02 nan nan 0
2014 01 03 nan nan 0
2014 01 04 nan nan 0
2014 01 05 nan nan 0
2014 01 06 nan nan 0
2014 01 07 nan nan 0
2014 01 08 nan nan 0
2014 01 09 nan nan 0
2014 01 10 nan nan 0
2014 01 11 nan nan 0
2014 01 12 nan nan 0
2014 01 13 nan nan 0
2014 01 14 nan nan 0
2014 01 15 nan nan 0
2014 01 16 nan nan 0
2014 01 17 nan nan 0
2014 01 18 nan nan 0
2014 01 19 nan nan 0
2014 01 20 nan nan 0
2014 01 21 nan nan 0
2014 01 22 nan nan 0
2014 01 23 nan nan 0
2014 01 24 nan nan 0
2014 01 25 nan nan 0
2014 01 26 nan nan 0
2014 01 27 nan nan 0
2014 01 28 nan nan 0
2014 01 29 nan nan 0
2014 01 30 nan nan 0
2014 01 31 nan nan 0
2014 02 01 nan nan 0
2014 02 02 nan nan 0
2014 02 03 nan nan 0
2014 02 04 nan nan 0
2014 02 05 23.480000 1 1
2014 02 06 11.929000 1 1
2014 02 07 7.670000 1 1
2014 02 08 5.572000 1 1
2014 02 09 4.427000 1 1
2014 02 10 3.768000 1 1
2014 02 11 4.427000 1 1
2014 02 12 9.164000 1 1
2014 02 13 13.549000 1 1
2014 02 14 28.114000 1 1
2014 02 15 24.203000 1 1
2014 02 16 12.804000 1 1
2014 02 17 6.670000 1 1
2014 02 18 4.740000 1 1
2014 02 19 4.201000 1 1
2014 02 20 3.561000 1 1
2014 02 21 3.838000 1 1
2014 02 22 3.561000 1 1
2014 02 23 4.201000 1 1
2014 02 24 4.504000 1 1
2014 02 25 5.400000 1 1
2014 02 26 9.032000 1 1
2014 02 27 35.248000 1 1
2014 02 28 42.672000 1 1
2014 03 01 28.688000 1 1
2014 03 02 17.145000 1 1
2014 03 03 10.795000 1 1
2014 03 04 17.470000 1 1
2014 03 05 35.248000 1 1
2014 03 06 23.121000 1 1
2014 03 07 12.657000 1 1
2014 03 08 7.161000 1 1
2014 03 09 6.480000 1 1
2014 03 10 5.400000 1 1
2014 03 11 4.819000 1 1
2014 03 12 4.351000 1 1
2014 03 13 4.054000 1 1
2014 03 14 3.838000 1 1
2014 03 15 11.216000 1 1
2014 03 16 27.733000 1 1
2014 03 17 55.236000 1 1
2014 03 18 54.998000 1 1
2014 03 19 35.660000 1 1
2014 03 20 33.416000 1 1
2014 03 21 30.238000 1 1
2014 03 22 21.704000 1 1
2014 03 23 17.307000 1 1
2014 03 24 9.969000 1 1
2014 03 25 7.775000 1 1
2014 03 26 6.864000 1 1
2014 03 27 5.926000 1 1
2014 03 28 5.064000 1 1
2014 03 29 5.747000 1 1
2014 03 30 8.127000 1 1
2014 03 31 22.764000 1 1
2014 04 01 16.180000 1 1
2014 04 02 10.379000 1 1
2014 04 03 7.261000 1 1
2014 04 04 5.572000 1 1
2014 04 05 4.740000 1 1
2014 04 06 4.276000 1 1
2014 04 07 4.127000 1 1
2014 04 08 6.864000 1 1
2014 04 09 36.488000 1 1
2014 04 10 42.453000 1 1
2014 04 11 29.073000 1 1
2014 04 12 23.660000 1 1
2014 04 13 18.625000 1 1
2014 04 14 13.399000 1 1
2014 04 15 9.430000 1 1
2014 04 16 7.670000 1 1
2014 04 17 6.480000 1 1
2014 04 18 6.200000 1 1
2014 04 19 7.775000 1 1
2014 04 20 6.108000 1 1
2014 04 21 5.230000 1 1
2014 04 22 4.582000 1 1
2014 04 23 3.981000 1 1
2014 04 24 3.698000 1 1
2014 04 25 3.909000 1 1
2014 04 26 3.427000 1 1
2014 04 27 3.296000 1 1
2014 04 28 3.167000 1 1
2014 04 29 3.167000 1 1
2014 04 30 3.104000 1 1
2014 05 01 3.561000 1 1
2014 05 02 4.201000 1 1
2014 05 03 5.400000 1 1
2014 05 04 5.147000 1 1
2014 05 05 4.661000 1 1
2014 05 06 4.819000 1 1
2014 05 07 3.981000 1 1
2014 05 08 3.494000 1 1
2014 05 09 3.167000 1 1
2014 05 10 2.858000 1 1
2014 05 11 2.798000 1 1
2014 05 12 2.798000 1 1
2014 05 13 2.510000 1 1
2014 05 14 2.346000 1 1
2014 05 15 2.346000 1 1
2014 05 16 2.739000 1 1
2014 05 17 2.681000 1 1
2014 05 18 2.566000 1 1
2014 05 19 2.455000 1 1
2014 05 20 2.292000 1 1
2014 05 21 2.240000 1 1
2014 05 22 2.400000 1 1
2014 05 23 2.681000 1 1
2014 05 24 2.455000 1 1
2014 05 25 2.346000 1 1
2014 05 26 2.346000 1 1
2014 05 27 2.240000 1 1
2014 05 28 2.136000 1 1
2014 05 29 2.085000 1 1
2014 05 30 2.136000 1 1
2014 05 31 2.085000 1 1
2014 06 01 2.346000 1 1
2014 06 02 3.231000 1 1
2014 06 03 3.698000 1 1
2014 06 04 3.838000 1 1
2014 06 05 12.219000 1 1
2014 06 06 17.798000 1 1
2014 06 07 9.969000 1 1
2014 06 08 6.108000 1 1
2014 06 09 4.127000 1 1
2014 06 10 3.296000 1 1
2014 06 11 2.918000 1 1
2014 06 12 2.798000 1 1
2014 06 13 2.681000 1 1
2014 06 14 8.511000 1 1
2014 06 15 10.517000 1 1
2014 06 16 6.292000 1 1
2014 06 17 4.127000 1 1
2014 06 18 3.561000 1 1
2014 06 19 3.231000 1 1
2014 06 20 2.918000 1 1
2014 06 21 2.681000 1 1
2014 06 22 2.566000 1 1
2014 06 23 2.566000 1 1
2014 06 24 2.510000 1 1
2014 06 25 4.427000 1 1
2014 06 26 5.572000 1 1
2014 06 27 4.740000 1 1
2014 06 28 3.838000 1 1
2014 06 29 6.480000 1 1
2014 06 30 42.453000 1 1
2014 07 01 42.018000 1 1
2014 07 02 27.923000 1 1
2014 07 03 17.470000 1 1
2014 07 04 16.500000 1 1
2014 07 05 33.820000 1 1
2014 07 06 48.251000 1 1
2014 07 07 44.655000 1 1
2014 07 08 28.114000 1 1
2014 07 09 18.127000 1 1
2014 07 10 13.699000 1 1
2014 07 11 10.795000 1 1
2014 07 12 8.901000 1 1
2014 07 13 7.464000 1 1
2014 07 14 6.670000 1 1
2014 07 15 5.747000 1 1
2014 07 16 14.923000 1 1
2014 07 17 36.488000 1 1
2014 07 18 50.083000 1 1
2014 07 19 38.796000 1 1
2014 07 20 28.496000 1 1
2014 07 21 19.465000 1 1
2014 07 22 15.705000 1 1
2014 07 23 32.012000 1 1
2014 07 24 52.873000 1 1
2014 07 25 45.545000 1 1
2014 07 26 31.615000 1 1
2014 07 27 20.833000 1 1
2014 07 28 15.863000 1 1
2014 07 29 12.510000 1 1
2014 07 30 15.547000 1 1
2014 07 31 40.289000 1 1
2014 08 01 45.993000 1 1
2014 08 02 33.214000 1 1
2014 08 03 24.021000 1 1
2014 08 04 18.792000 1 1
2014 08 05 16.180000 1 1
2014 08 06 12.219000 1 1
2014 08 07 9.969000 1 1
2014 08 08 10.517000 1 1
2014 08 09 12.510000 1 1
2014 08 10 7.464000 1 2
2014 08 11 5.230000 1 2
2014 08 12 4.582000 1 2
2014 08 13 3.838000 1 2
2014 08 14 3.361000 1 2
2014 08 15 3.167000 1 2
2014 08 16 3.041000 1 2
2014 08 17 2.980000 1 2
2014 08 18 2.858000 1 2
2014 08 19 2.739000 1 2
2014 08 20 2.566000 1 2
2014 08 21 2.400000 1 2
2014 08 22 2.240000 1 2
2014 08 23 2.085000 1 2
2014 08 24 2.035000 1 2
2014 08 25 1.986000 1 2
2014 08 26 1.889000 1 2
2014 08 27 1.842000 1 2
2014 08 28 1.795000 1 2
2014 08 29 1.704000 1 2
2014 08 30 1.615000 1 2
2014 08 31 1.529000 1 2
2014 09 01 1.404000 1 2
2014 09 02 1.325000 1 2
2014 09 03 1.529000 1 2
2014 09 04 3.104000 1 2
2014 09 05 7.362000 1 2
2014 09 06 17.307000 1 2
2014 09 07 20.661000 1 2
2014 09 08 14.307000 1 2
2014 09 09 15.547000 1 2
2014 09 10 22.055000 1 2
2014 09 11 22.409000 1 2
2014 09 12 22.232000 1 2
2014 09 13 41.150000 1 2
2014 09 14 58.356000 1 2
2014 09 15 43.330000 1 2
2014 09 16 25.670000 1 2
2014 09 17 17.470000 1 2
2014 09 18 14.614000 1 2
2014 09 19 13.699000 1 2
2014 09 20 9.164000 1 2
2014 09 21 5.659000 1 2
2014 09 22 4.201000 1 2
2014 09 23 3.231000 1 2
2014 09 24 2.681000 1 2
2014 09 25 2.292000 1 2
2014 09 26 2.510000 1 2
2014 09 27 3.981000 1 2
2014 09 28 5.485000 1 2
2014 09 29 4.661000 1 2
2014 09 30 3.561000 1 2
2014 10 01 5.926000 1 2
2014 10 02 17.634000 1 2
2014 10 03 30.826000 1 2
2014 10 04 41.583000 1 2
2014 10 05 41.800000 1 2
2014 10 06 28.114000 1 2
2014 10 07 19.465000 1 2
2014 10 08 12.074000 1 2
2014 10 09 9.164000 1 2
2014 10 10 7.670000 1 2
2014 10 11 10.517000 1 2
2014 10 12 24.385000 1 2
2014 10 13 57.150000 1 2
2014 10 14 20.145000 1 1
2014 10 15 13.699000 1 1
2014 10 16 25.670000 1 1
2014 10 17 51.008000 1 1
2014 10 18 52.405000 1 1
2014 10 19 47.118000 1 1
2014 10 20 38.584000 1 1
2014 10 21 25.301000 1 1
2014 10 22 16.500000 1 1
2014 10 23 11.642000 1 1
2014 10 24 8.901000 1 1
2014 10 25 7.670000 1 1
2014 10 26 6.864000 1 1
2014 10 27 5.926000 1 1
2014 10 28 5.230000 1 1
2014 10 29 4.900000 1 1
2014 10 30 45.322000 1 1
2014 10 31 48.936000 1 1
2014 11 01 29.266000 1 1
2014 11 02 18.127000 1 1
2014 11 03 30.433000 1 1
2014 11 04 63.515000 1 1
2014 11 05 48.251000 1 1
2014 11 06 36.488000 1 1
2014 11 07 39.647000 1 1
2014 11 08 16.821000 1 1
2014 11 09 11.500000 1 1
2014 11 10 8.127000 1 1
2014 11 11 6.670000 1 1
2014 11 12 12.219000 1 1
2014 11 13 12.804000 1 1
2014 11 14 7.670000 1 1
2014 11 15 5.400000 1 1
2014 11 16 4.427000 1 1
2014 11 17 3.838000 1 1
2014 11 18 3.427000 1 1
2014 11 19 3.041000 1 1
2014 11 20 2.918000 1 1
2014 11 21 2.918000 1 1
2014 11 22 2.918000 1 1
2014 11 23 2.858000 1 1
2014 11 24 2.858000 1 1
2014 11 25 2.455000 1 1
2014 11 26 2.136000 1 1
2014 11 27 2.035000 1 1
2014 11 28 2.085000 1 1
2014 11 29 1.937000 1 1
2014 11 30 1.842000 1 1
2014 12 01 1.659000 1 1
2014 12 02 3.698000 1 1
2014 12 03 14.460000 1 1
2014 12 04 6.575000 1 1
2014 12 05 4.201000 1 1
2014 12 06 2.455000 1 1
2014 12 07 2.035000 1 1
2014 12 08 1.937000 1 2
2014 12 09 1.529000 1 2
2014 12 10 1.364000 1 2
2014 12 11 1.286000 1 2
2014 12 12 2.681000 1 2
2014 12 13 4.982000 1 2
2014 12 14 4.504000 1 2
2014 12 15 2.346000 1 2
2014 12 16 1.889000 1 2
2014 12 17 1.615000 1 2
2014 12 18 1.529000 1 2
2014 12 19 1.529000 1 2
2014 12 20 1.571000 1 2
2014 12 21 1.487000 1 2
2014 12 22 2.085000 1 2
2014 12 23 8.000000 1 2
2014 12 24 24.933000 1 2
2014 12 25 15.234000 1 1
2014 12 26 10.795000 1 1
2014 12 27 7.161000 1 1
2014 12 28 5.659000 1 1
2014 12 29 4.427000 1 1
2014 12 30 3.231000 1 1
2014 12 31 2.136000 1 1
2015 01 01 4.039000 0 0
2015 01 02 19.144000 0 0
2015 01 03 9.882000 0 0
2015 01 04 4.242000 0 0
2015 01 05 2.564000 0 0
2015 01 06 1.837000 0 0
2015 01 07 3.767000 0 0
2015 01 08 24.957000 0 0
2015 01 09 20.359000 0 0
2015 01 10 15.628000 0 0
2015 01 11 11.269000 0 0
2015 01 12 8.336000 0 0
2015 01 13 13.633000 0 0
2015 01 14 19.058000 0 0
2015 01 15 19.662000 0 0
2015 01 16 13.947000 0 0
2015 01 17 8.536000 0 0
2015 01 18 5.126000 0 0
2015 01 19 5.032000 0 0
2015 01 20 3.295000 0 0
2015 01 21 2.742000 0 0
2015 01 22 2.366000 0 0
2015 01 23 1.930000 0 0
2015 01 24 1.837000 0 0
2015 01 25 1.724000 0 0
2015 01 26 1.680000 0 0
2015 01 27 1.575000 0 0
2015 01 28 1.575000 0 0
2015 01 29 9.587000 0 0
2015 01 30 22.310000 0 0
2015 01 31 12.474000 0 0
2015 02 01 5.126000 0 1
2015 02 02 2.866000 0 1
2015 02 03 2.312000 0 1
2015 02 04 1.907000 0 1
2015 02 05 1.616000 0 1
2015 02 06 1.493000 0 1
2015 02 07 1.454000 0 1
2015 02 08 1.493000 0 1
2015 02 09 1.493000 0 1
2015 02 10 2.421000 0 1
2015 02 11 11.792000 0 1
2015 02 12 6.024000 0 1
2015 02 13 3.882000 0 1
2015 02 14 2.312000 0 1
2015 02 15 1.907000 0 1
2015 02 16 1.595000 0 1
2015 02 17 1.377000 0 1
2015 02 18 1.358000 0 1
2015 02 19 1.493000 0 1
2015 02 20 3.192000 0 1
2015 02 21 2.564000 0 1
2015 02 22 3.921000 0 1
2015 02 23 5.512000 0 1
2015 02 24 3.882000 0 1
2015 02 25 2.742000 0 1
2015 02 26 7.630000 0 1
2015 02 27 17.950000 0 1
2015 02 28 12.474000 0 1
2015 03 01 5.463000 0 1
2015 03 02 2.535000 0 1
2015 03 03 2.027000 0 1
2015 03 04 1.978000 0 1
2015 03 05 2.312000 0 1
2015 03 06 2.128000 0 1
2015 03 07 1.907000 0 1
2015 03 08 1.680000 0 1
2015 03 09 1.659000 0 1
2015 03 10 1.534000 0 1
2015 03 11 1.554000 0 1
2015 03 12 1.513000 0 1
2015 03 13 1.493000 0 1
2015 03 14 1.454000 0 1
2015 03 15 1.434000 0 1
2015 03 16 1.513000 0 1
2015 03 17 1.396000 0 1
2015 03 18 1.321000 0 1
2015 03 19 1.267000 0 1
2015 03 20 1.358000 0 1
2015 03 21 1.250000 0 1
2015 03 22 1.147000 0 1
2015 03 23 1.082000 0 1
2015 03 24 1.098000 0 1
2015 03 25 1.066000 0 1
2015 03 26 1.082000 0 1
2015 03 27 1.147000 0 1
2015 03 28 1.082000 0 1
2015 03 29 1.082000 0 1
2015 03 30 1.595000 0 1
2015 03 31 2.898000 0 1
2015 04 01 2.153000 0 0
2015 04 02 1.659000 0 0
2015 04 03 1.513000 0 0
2015 04 04 1.493000 0 0
2015 04 05 1.791000 0 0
2015 04 06 2.128000 0 0
2015 04 07 1.837000 0 0
2015 04 08 1.534000 0 0
2015 04 09 1.396000 0 0
2015 04 10 1.267000 0 0
2015 04 11 1.147000 0 0
2015 04 12 1.082000 0 0
2015 04 13 1.051000 0 0
2015 04 14 1.082000 0 0
2015 04 15 1.020000 0 0
2015 04 16 1.035000 0 0
2015 04 17 0.975000 0 0
2015 04 18 0.931000 0 0
2015 04 19 0.931000 0 0
2015 04 20 0.946000 0 0
2015 04 21 0.960000 0 0
2015 04 22 0.990000 0 0
2015 04 23 1.005000 0 0
2015 04 24 0.931000 0 0
2015 04 25 0.889000 0 0
2015 04 26 0.875000 0 0
2015 04 27 0.931000 0 0
2015 04 28 0.903000 0 0
2015 04 29 0.946000 0 0
2015 04 30 0.946000 0 2
2015 05 01 0.875000 0 0
2015 05 02 0.861000 0 0
2015 05 03 2.027000 0 0
2015 05 04 5.764000 0 0
2015 05 05 1.930000 0 0
2015 05 06 1.513000 0 0
2015 05 07 1.340000 0 0
2015 05 08 1.198000 0 0
2015 05 09 1.250000 0 0
2015 05 10 1.616000 0 0
2015 05 11 2.994000 0 0
2015 05 12 3.059000 0 0
2015 05 13 1.814000 0 0
2015 05 14 1.454000 0 0
2015 05 15 1.340000 0 0
2015 05 16 1.215000 0 0
2015 05 17 1.147000 0 0
2015 05 18 1.082000 0 0
2015 05 19 1.131000 0 0
2015 05 20 1.114000 0 0
2015 05 21 1.082000 0 0
2015 05 22 1.082000 0 0
2015 05 23 1.082000 0 0
2015 05 24 1.215000 0 0
2015 05 25 1.267000 0 0
2015 05 26 1.198000 0 0
2015 05 27 1.454000 0 0
2015 05 28 4.000000 0 0
2015 05 29 2.506000 0 0
2015 05 30 1.978000 0 0
2015 05 31 1.746000 0 0
2015 06 01 1.534000 0 0
2015 06 02 1.358000 0 0
2015 06 03 1.215000 0 0
2015 06 04 1.575000 0 0
2015 06 05 3.691000 0 3
2015 06 06 16.778000 0 3
2015 06 07 32.170000 0 3
2015 06 08 31.376000 0 3
2015 06 09 59.210000 0 3
2015 06 10 208.674000 0 3
2015 06 11 187.653000 0 0
2015 06 12 55.388000 0 0
2015 06 13 20.534000 0 0
2015 06 14 12.474000 0 0
2015 06 15 8.536000 0 0
2015 06 16 6.183000 0 0
2015 06 17 4.848000 0 0
2015 06 18 4.160000 0 0
2015 06 19 3.617000 0 0
2015 06 20 2.994000 0 0
2015 06 21 3.092000 0 0
2015 06 22 2.929000 0 0
2015 06 23 3.059000 0 0
2015 06 24 2.682000 0 0
2015 06 25 2.506000 0 0
2015 06 26 2.593000 0 0
2015 06 27 2.478000 0 0
2015 06 28 2.366000 0 0
2015 06 29 2.449000 0 0
2015 06 30 7.568000 0 0
2015 07 01 19.230000 0 0
2015 07 02 8.403000 0 0
2015 07 03 5.971000 0 0
2015 07 04 17.613000 0 0
2015 07 05 9.086000 0 0
2015 07 06 6.456000 0 0
2015 07 07 5.126000 0 0
2015 07 08 3.921000 0 0
2015 07 09 3.580000 0 0
2015 07 10 3.365000 0 0
2015 07 11 3.400000 0 0
2015 07 12 3.507000 0 0
2015 07 13 9.808000 0 0
2015 07 14 35.988000 0 0
2015 07 15 24.219000 0 0
2015 07 16 13.243000 0 0
2015 07 17 10.032000 0 0
2015 07 18 25.983000 0 0
2015 07 19 29.127000 0 0
2015 07 20 448.936000 0 0
2015 07 21 97.900000 0 0
2015 07 22 30.197000 0 0
2015 07 23 20.010000 0 0
2015 07 24 14.821000 0 0
2015 07 25 11.418000 0 0
2015 07 26 9.957000 0 0
2015 07 27 9.086000 0 0
2015 07 28 7.026000 0 0
2015 07 29 6.237000 0 0
2015 07 30 5.713000 0 0
2015 07 31 4.894000 0 0
2015 08 01 4.452000 0 0
2015 08 02 4.120000 0 0
2015 08 03 3.843000 0 0
2015 08 04 4.120000 0 0
2015 08 05 24.772000 0 0
2015 08 06 96.168000 0 0
2015 08 07 24.127000 0 0
2015 08 08 13.477000 0 0
2015 08 09 7.946000 0 0
2015 08 10 6.183000 0 0
2015 08 11 5.512000 0 0
2015 08 12 5.414000 0 0
2015 08 13 7.445000 0 0
2015 08 14 11.493000 0 0
2015 08 15 18.034000 0 0
2015 08 16 20.622000 0 0
2015 08 17 28.067000 0 0
2015 08 18 77.522000 0 0
2015 08 19 61.841000 0 3
2015 08 20 82.949000 0 3
2015 08 21 24.035000 0 0
2015 08 22 15.628000 0 0
2015 08 23 11.344000 0 0
2015 08 24 9.442000 0 0
2015 08 25 7.819000 0 0
2015 08 26 8.075000 0 0
2015 08 27 26.076000 0 0
2015 08 28 38.464000 0 0
2015 08 29 18.459000 0 0
2015 08 30 8.270000 0 0
2015 08 31 5.764000 0 0
2015 09 01 4.894000 0 1
2015 09 02 4.325000 0 1
2015 09 03 3.767000 0 1
2015 09 04 3.471000 0 1
2015 09 05 3.330000 0 1
2015 09 06 3.158000 0 1
2015 09 07 2.961000 0 1
2015 09 08 2.835000 0 1
2015 09 09 2.652000 0 1
2015 09 10 2.478000 0 1
2015 09 11 2.478000 0 1
2015 09 12 2.366000 0 1
2015 09 13 2.258000 0 1
2015 09 14 2.153000 0 1
2015 09 15 2.052000 0 1
2015 09 16 6.130000 0 1
2015 09 17 160.850000 0 1
2015 09 18 107.756000 0 1
2015 09 19 24.495000 0 1
2015 09 20 12.018000 0 1
2015 09 21 11.195000 0 1
2015 09 22 140.693000 0 1
2015 09 23 208.674000 0 1
2015 09 24 271.745000 0 1
2015 09 25 250.141000 0 1
2015 09 26 88.592000 0 1
2015 09 27 30.982000 0 1
2015 09 28 18.289000 0 1
2015 09 29 13.555000 0 1
2015 09 30 10.569000 0 1
2015 10 01 8.672000 0 1
2015 10 02 7.204000 0 1
2015 10 03 9.808000 0 1
2015 10 04 11.269000 0 1
2015 10 05 9.016000 0 1
2015 10 06 5.815000 0 1
2015 10 07 12.703000 0 1
2015 10 08 83.742000 0 1
2015 10 09 223.888000 0 1
2015 10 10 216.895000 0 1
2015 10 11 157.381000 0 1
2015 10 12 114.317000 0 1
2015 10 13 61.841000 0 1
2015 10 14 28.163000 0 1
2015 10 15 247.140000 0 1
2015 10 16 198.001000 0 1
2015 10 17 42.628000 0 1
2015 10 18 24.957000 0 1
2015 10 19 30.099000 0 1
2015 10 20 156.235000 0 1
2015 10 21 254.683000 0 1
2015 10 22 52.923000 0 1
2015 10 23 24.219000 0 1
2015 10 24 16.944000 0 1
2015 10 25 12.550000 0 1
2015 10 26 10.259000 0 1
2015 10 27 8.672000 0 1
2015 10 28 7.385000 0 1
2015 10 29 6.237000 0 1
2015 10 30 8.075000 0 1
2015 10 31 73.040000 0 1
2015 11 01 64.539000 0 0
2015 11 02 22.942000 0 0
2015 11 03 14.026000 0 0
2015 11 04 11.047000 0 0
2015 11 05 16.861000 0 0
2015 11 06 26.076000 0 0
2015 11 07 14.981000 0 0
2015 11 08 8.877000 0 0
2015 11 09 6.346000 0 0
2015 11 10 22.400000 0 0
2015 11 11 108.679000 0 0
2015 11 12 35.988000 0 0
2015 11 13 51.714000 0 0
2015 11 14 155.093000 0 0
2015 11 15 32.668000 0 0
2015 11 16 15.709000 0 0
2015 11 17 11.344000 0 0
2015 11 18 9.370000 0 0
2015 11 19 7.819000 0 0
2015 11 20 6.909000 0 0
2015 11 21 6.130000 0 0
2015 11 22 5.173000 0 0
2015 11 23 4.325000 0 0
2015 11 24 4.039000 0 0
2015 11 25 3.617000 0 0
2015 11 26 3.158000 0 0
2015 11 27 2.994000 0 0
2015 11 28 3.026000 0 0
2015 11 29 2.961000 0 0
2015 11 30 2.564000 0 0
2015 12 01 2.258000 0 0
2015 12 02 2.077000 0 0
2015 12 03 2.312000 0 0
2015 12 04 7.085000 0 0
2015 12 05 21.151000 0 0
2015 12 06 24.035000 0 0
2015 12 07 14.901000 0 0
2015 12 08 3.026000 0 0
2015 12 09 2.285000 0 0
2015 12 10 2.929000 0 0
2015 12 11 3.026000 0 0
2015 12 12 2.712000 0 0
2015 12 13 3.960000 0 0
2015 12 14 5.220000 0 0
2015 12 15 4.325000 0 0
2015 12 16 2.478000 0 0
2015 12 17 1.746000 0 0
2015 12 18 32.968000 0 0
2015 12 19 231.010000 0 0
2015 12 20 70.857000 0 0
2015 12 21 23.123000 0 0
2015 12 22 15.547000 0 0
2015 12 23 54.766000 0 0
2015 12 24 128.122000 0 0
2015 12 25 30.001000 0 0
2015 12 26 19.402000 0 0
2015 12 27 11.567000 0 0
2015 12 28 8.075000 0 0
2015 12 29 6.076000 0 0
2015 12 30 5.612000 0 0
2015 12 31 5.268000 0 0
2016 01 01 4.986000 0 1
2016 01 02 5.316000 0 1
2016 01 03 4.160000 0 1
2016 01 04 3.295000 0 1
2016 01 05 10.259000 0 1
2016 01 06 65.224000 0 1
2016 01 07 37.961000 0 1
2016 01 08 20.272000 0 1
2016 01 09 15.142000 0 1
2016 01 10 9.086000 0 1
2016 01 11 5.126000 0 1
2016 01 12 4.367000 0 1
2016 01 13 3.767000 0 1
2016 01 14 3.471000 0 1
2016 01 15 2.929000 0 1
2016 01 16 2.773000 0 1
2016 01 17 3.330000 0 1
2016 01 18 3.092000 0 1
2016 01 19 2.898000 0 1
2016 01 20 2.773000 0 1
2016 01 21 2.564000 0 1
2016 01 22 2.449000 0 1
2016 01 23 2.179000 0 1
2016 01 24 2.077000 0 1
2016 01 25 2.179000 0 1
2016 01 26 1.954000 0 1
2016 01 27 1.883000 0 1
2016 01 28 1.814000 0 1
2016 01 29 1.680000 0 1
2016 01 30 2.285000 0 1
2016 01 31 2.929000 0 1
2016 02 01 2.449000 0 1
2016 02 02 1.837000 0 1
2016 02 03 1.659000 0 1
2016 02 04 1.493000 0 1
2016 02 05 1.434000 0 1
2016 02 06 1.575000 0 1
2016 02 07 1.837000 0 1
2016 02 08 1.791000 0 1
2016 02 09 2.003000 0 1
2016 02 10 1.930000 0 1
2016 02 11 1.746000 0 1
2016 02 12 2.285000 0 1
2016 02 13 5.512000 0 1
2016 02 14 7.693000 0 1
2016 02 15 5.815000 0 1
2016 02 16 4.714000 0 1
2016 02 17 3.767000 0 1
2016 02 18 3.226000 0 1
2016 02 19 2.835000 0 1
2016 02 20 2.421000 0 1
2016 02 21 2.052000 0 1
2016 02 22 1.907000 0 1
2016 02 23 1.659000 0 1
2016 02 24 1.575000 0 1
2016 02 25 1.575000 0 1
2016 02 26 1.595000 0 1
2016 02 27 4.160000 0 1
2016 02 28 2.835000 0 1
2016 02 29 2.564000 0 1
2016 03 01 2.285000 0 1
2016 03 02 2.003000 0 1
2016 03 03 1.702000 0 1
2016 03 04 1.493000 0 1
2016 03 05 1.513000 0 1
2016 03 06 1.595000 0 1
2016 03 07 1.659000 0 1
2016 03 08 1.746000 0 1
2016 03 09 1.702000 0 1
2016 03 10 1.702000 0 1
2016 03 11 2.285000 0 1
2016 03 12 3.295000 0 1
2016 03 13 4.000000 0 1
2016 03 14 2.712000 0 1
2016 03 15 1.791000 0 1
2016 03 16 1.575000 0 1
2016 03 17 1.493000 0 1
2016 03 18 1.415000 0 1
2016 03 19 2.003000 0 1
2016 03 20 3.882000 0 1
2016 03 21 6.401000 0 1
2016 03 22 6.291000 0 1
2016 03 23 4.079000 0 1
2016 03 24 2.742000 0 1
2016 03 25 4.284000 0 1
2016 03 26 13.633000 0 1
2016 03 27 45.915000 0 1
2016 03 28 29.320000 0 1
2016 03 29 20.975000 0 1
2016 03 30 12.170000 0 1
2016 03 31 8.075000 0 1
2016 04 01 4.120000 0 1
2016 04 02 2.742000 0 1
2016 04 03 6.183000 0 1
2016 04 04 8.139000 0 1
2016 04 05 21.595000 0 1
2016 04 06 24.311000 0 1
2016 04 07 31.278000 0 1
2016 04 08 28.740000 0 1
2016 04 09 79.822000 0 1
2016 04 10 82.949000 0 1
2016 04 11 31.772000 0 1
2016 04 12 63.858000 0 1
2016 04 13 32.369000 0 1
2016 04 14 32.668000 0 1
2016 04 15 22.942000 0 1
2016 04 16 17.613000 0 1
2016 04 17 14.661000 0 1
2016 04 18 22.670000 0 1
2016 04 19 35.504000 0 1
2016 04 20 131.201000 0 1
2016 04 21 115.272000 0 1
2016 04 22 142.856000 0 1
2016 04 23 91.077000 0 1
2016 04 24 155.093000 0 1
2016 04 25 244.160000 0 1
2016 04 26 160.850000 0 1
2016 04 27 60.517000 0 1
2016 04 28 24.957000 0 1
2016 04 29 17.950000 0 1
2016 04 30 13.868000 0 1
2016 05 01 11.493000 0 1
2016 05 02 9.515000 0 1
2016 05 03 7.882000 0 1
2016 05 04 6.794000 0 1
2016 05 05 6.851000 0 1
2016 05 06 5.919000 0 1
2016 05 07 5.126000 0 1
2016 05 08 4.625000 0 1
2016 05 09 4.495000 0 1
2016 05 10 4.452000 0 1
2016 05 11 4.495000 0 1
2016 05 12 4.201000 0 1
2016 05 13 3.921000 0 1
2016 05 14 3.691000 0 1
2016 05 15 13.089000 0 1
2016 05 16 115.272000 0 1
2016 05 17 32.968000 0 1
2016 05 18 20.534000 0 1
2016 05 19 12.245000 0 1
2016 05 20 9.515000 0 1
2016 05 21 7.755000 0 1
2016 05 22 7.144000 0 1
2016 05 23 6.567000 0 1
2016 05 24 5.919000 0 1
2016 05 25 5.612000 0 1
2016 05 26 5.173000 0 1
2016 05 27 4.758000 0 1
2016 05 28 4.452000 0 1
2016 05 29 5.173000 0 1
2016 05 30 9.370000 0 1
2016 05 31 13.555000 0 1
2016 06 01 10.413000 0 1
2016 06 02 7.144000 0 1
2016 06 03 5.662000 0 1
2016 06 04 5.079000 0 1
2016 06 05 4.582000 0 1
2016 06 06 4.242000 0 1
2016 06 07 4.000000 0 1
2016 06 08 3.882000 0 1
2016 06 09 3.543000 0 1
2016 06 10 3.295000 0 1
2016 06 11 3.059000 0 1
2016 06 12 2.835000 0 1
2016 06 13 2.682000 0 1
2016 06 14 2.593000 0 1
2016 06 15 2.506000 0 1
2016 06 16 2.478000 0 1
2016 06 17 2.421000 0 1
2016 06 18 2.339000 0 1
2016 06 19 2.258000 0 1
2016 06 20 2.153000 0 1
2016 06 21 2.052000 0 1
2016 06 22 1.954000 0 1
2016 06 23 1.978000 0 1
2016 06 24 1.954000 0 1
2016 06 25 2.003000 0 1
2016 06 26 9.016000 0 1
2016 06 27 16.282000 0 1
2016 06 28 12.170000 0 1
2016 06 29 6.346000 0 1
2016 06 30 4.669000 0 1
2016 07 01 3.843000 0 1
2016 07 02 3.158000 0 1
2016 07 03 2.898000 0 1
2016 07 04 2.652000 0 1
2016 07 05 6.024000 0 1
2016 07 06 32.469000 0 1
2016 07 07 33.471000 0 1
2016 07 08 23.852000 0 1
2016 07 09 22.041000 0 1
2016 07 10 20.359000 0 1
2016 07 11 23.760000 0 1
2016 07 12 208.674000 0 1
2016 07 13 85.341000 0 1
2016 07 14 25.795000 0 1
2016 07 15 19.662000 0 1
2016 07 16 13.555000 0 1
2016 07 17 10.183000 0 1
2016 07 18 8.672000 0 1
2016 07 19 7.385000 0 1
2016 07 20 6.851000 0 1
2016 07 21 6.183000 0 1
2016 07 22 5.463000 0 1
2016 07 23 5.032000 0 1
2016 07 24 4.669000 0 1
2016 07 25 4.452000 0 1
2016 07 26 4.452000 0 1
2016 07 27 12.627000 0 1
2016 07 28 6.968000 0 1
2016 07 29 4.538000 0 1
2016 07 30 4.242000 0 1
2016 07 31 3.843000 0 1
2016 08 01 3.543000 0 0
2016 08 02 3.192000 0 0
2016 08 03 2.961000 0 0
2016 08 04 2.804000 0 0
2016 08 05 2.835000 0 0
2016 08 06 10.884000 0 0
2016 08 07 11.269000 0 0
2016 08 08 7.507000 0 0
2016 08 09 4.495000 0 0
2016 08 10 3.543000 0 0
2016 08 11 3.125000 0 0
2016 08 12 2.898000 0 0
2016 08 13 2.682000 0 0
2016 08 14 2.478000 0 0
2016 08 15 2.366000 0 0
2016 08 16 2.339000 0 0
2016 08 17 2.394000 0 0
2016 08 18 2.712000 0 0
2016 08 19 2.394000 0 0
2016 08 20 2.077000 0 0
2016 08 21 1.954000 0 0
2016 08 22 1.860000 0 0
2016 08 23 1.791000 0 0
2016 08 24 1.746000 0 0
2016 08 25 1.702000 0 0
2016 08 26 1.638000 0 0
2016 08 27 1.575000 0 0
2016 08 28 2.128000 0 0
2016 08 29 4.758000 0 0
2016 08 30 19.230000 0 0
2016 08 31 34.076000 0 0
2016 09 01 75.262000 0 1
2016 09 02 19.402000 0 1
2016 09 03 15.223000 0 1
2016 09 04 10.569000 0 1
2016 09 05 9.882000 0 1
2016 09 06 19.230000 0 1
2016 09 07 24.495000 0 1
2016 09 08 25.050000 0 1
2016 09 09 17.865000 0 1
2016 09 10 13.243000 0 1
2016 09 11 8.010000 0 1
2016 09 12 6.456000 0 1
2016 09 13 13.477000 0 1
2016 09 14 23.943000 0 1
2016 09 15 13.790000 0 1
2016 09 16 7.630000 0 1
2016 09 17 6.024000 0 1
2016 09 18 4.669000 0 1
2016 09 19 3.882000 0 1
2016 09 20 3.543000 0 1
2016 09 21 3.226000 0 1
2016 09 22 3.059000 0 1
2016 09 23 2.682000 0 1
2016 09 24 2.394000 0 1
2016 09 25 2.258000 0 1
2016 09 26 2.153000 0 1
2016 09 27 2.052000 0 1
2016 09 28 1.954000 0 1
2016 09 29 1.907000 0 1
2016 09 30 1.814000 0 1
2016 10 01 1.768000 0 1
2016 10 02 1.680000 0 1
2016 10 03 1.616000 0 1
2016 10 04 1.575000 0 1
2016 10 05 1.534000 0 1
2016 10 06 1.595000 0 1
2016 10 07 1.534000 0 1
2016 10 08 1.454000 0 1
2016 10 09 1.415000 0 1
2016 10 10 1.415000 0 1
2016 10 11 1.396000 0 1
2016 10 12 1.321000 0 1
2016 10 13 1.358000 0 1
2016 10 14 1.267000 0 1
2016 10 15 2.421000 0 1
2016 10 16 14.026000 0 1
2016 10 17 21.151000 0 1
2016 10 18 23.760000 0 1
2016 10 19 20.010000 0 1
2016 10 20 33.672000 0 1
2016 10 21 73.040000 0 1
2016 10 22 17.613000 0 1
2016 10 23 7.507000 0 1
2016 10 24 3.960000 0 1
2016 10 25 3.471000 0 1
2016 10 26 3.260000 0 1
2016 10 27 4.079000 0 1
2016 10 28 5.867000 0 1
2016 10 29 3.260000 0 1
2016 10 30 2.535000 0 1
2016 10 31 2.052000 0 1
2016 11 01 5.079000 0 1
2016 11 02 148.345000 0 1
2016 11 03 89.416000 0 1
2016 11 04 21.684000 0 1
2016 11 05 12.703000 0 1
2016 11 06 8.139000 0 1
2016 11 07 4.714000 0 1
2016 11 08 3.921000 0 1
2016 11 09 3.125000 0 1
2016 11 10 2.712000 0 1
2016 11 11 2.394000 0 1
2016 11 12 2.077000 0 1
2016 11 13 1.883000 0 1
2016 11 14 1.768000 0 1
2016 11 15 1.638000 0 1
2016 11 16 1.513000 0 1
2016 11 17 1.474000 0 1
2016 11 18 1.791000 0 1
2016 11 19 1.724000 0 1
2016 11 20 1.415000 0 1
2016 11 21 1.434000 0 1
2016 11 22 1.267000 0 1
2016 11 23 1.181000 0 1
2016 11 24 1.114000 0 1
2016 11 25 1.051000 0 1
2016 11 26 1.147000 0 1
2016 11 27 1.724000 0 1
2016 11 28 2.179000 0 1
2016 11 29 1.659000 0 1
2016 11 30 1.340000 0 1
2016 12 01 1.147000 0 1
2016 12 02 0.835000 0 1
2016 12 03 0.697000 0 1
2016 12 04 0.745000 0 1
2016 12 05 1.198000 0 1
2016 12 06 1.267000 0 1
2016 12 07 1.215000 0 1
2016 12 08 1.198000 0 1
2016 12 09 1.035000 0 1
2016 12 10 0.848000 0 1
2016 12 11 0.709000 0 1
2016 12 12 0.608000 0 1
2016 12 13 0.566000 0 1
2016 12 14 0.618000 0 1
2016 12 15 0.674000 0 1
2016 12 16 0.608000 0 1
2016 12 17 0.587000 0 1
2016 12 18 0.721000 0 1
2016 12 19 0.733000 0 1
2016 12 20 0.875000 0 1
2016 12 21 0.821000 0 1
2016 12 22 0.721000 0 1
2016 12 23 0.640000 0 1
2016 12 24 0.587000 0 1
2016 12 25 0.875000 0 1
2016 12 26 1.883000 0 1
2016 12 27 3.192000 0 1
2016 12 28 3.921000 0 1
2016 12 29 3.400000 0 1
2016 12 30 3.295000 0 1
2016 12 31 3.654000 0 1
2017 01 01 3.365000 0 1
2017 01 02 2.929000 0 1
2017 01 03 2.898000 0 1
2017 01 04 12.018000 0 1
2017 01 05 29.320000 0 1
2017 01 06 25.329000 0 1
2017 01 07 10.413000 0 1
2017 01 08 4.079000 0 1
2017 01 09 2.285000 0 1
2017 01 10 16.036000 0 1
2017 01 11 17.361000 0 1
2017 01 12 5.764000 0 1
2017 01 13 3.192000 0 1
2017 01 14 4.410000 0 1
2017 01 15 7.026000 0 1
2017 01 16 13.947000 0 1
2017 01 17 21.862000 0 1
2017 01 18 9.515000 0 1
2017 01 19 4.986000 0 1
2017 01 20 2.929000 0 1
2017 01 21 2.285000 0 1
2017 01 22 1.860000 0 1
2017 01 23 1.493000 0 1
2017 01 24 1.198000 0 1
2017 01 25 2.421000 0 1
2017 01 26 3.882000 0 1
2017 01 27 2.003000 0 1
2017 01 28 1.595000 0 1
2017 01 29 1.513000 0 1
2017 01 30 1.474000 0 1
2017 01 31 1.215000 0 1
2017 02 01 1.340000 0 0
2017 02 02 1.267000 0 0
2017 02 03 1.131000 0 0
2017 02 04 1.285000 0 0
2017 02 05 2.205000 0 0
2017 02 06 2.535000 0 0
2017 02 07 2.052000 0 0
2017 02 08 1.267000 0 0
2017 02 09 1.164000 0 0
2017 02 10 1.285000 0 0
2017 02 11 1.454000 0 0
2017 02 12 1.883000 0 0
2017 02 13 2.564000 0 0
2017 02 14 2.961000 0 0
2017 02 15 1.907000 0 0
2017 02 16 1.883000 0 0
2017 02 17 5.173000 0 0
2017 02 18 7.324000 0 0
2017 02 19 9.227000 0 0
2017 02 20 8.403000 0 0
2017 02 21 6.623000 0 0
2017 02 22 4.625000 0 0
2017 02 23 3.921000 0 0
2017 02 24 4.201000 0 0
2017 02 25 4.039000 0 0
2017 02 26 3.767000 0 0
2017 02 27 2.535000 0 0
2017 02 28 1.659000 0 0
2017 03 01 1.147000 0 0
2017 03 02 1.005000 0 0
2017 03 03 1.303000 0 0
2017 03 04 10.804000 0 0
2017 03 05 20.097000 0 0
2017 03 06 16.364000 0 0
2017 03 07 6.076000 0 0
2017 03 08 2.866000 0 0
2017 03 09 5.414000 0 0
2017 03 10 30.588000 0 0
2017 03 11 22.851000 0 3
2017 03 12 25.702000 0 3
2017 03 13 36.967000 0 0
2017 03 14 26.925000 0 0
2017 03 15 15.628000 0 0
2017 03 16 21.862000 0 0
2017 03 17 23.396000 0 0
2017 03 18 15.384000 0 0
2017 03 19 10.032000 0 0
2017 03 20 6.237000 0 0
2017 03 21 4.848000 0 0
2017 03 22 4.160000 0 0
2017 03 23 3.580000 0 0
2017 03 24 4.160000 0 0
2017 03 25 3.729000 0 0
2017 03 26 3.295000 0 0
2017 03 27 2.898000 0 0
2017 03 28 2.535000 0 0
2017 03 29 2.258000 0 0
2017 03 30 2.052000 0 0
2017 03 31 1.883000 0 0
2017 04 01 1.724000 0 0
2017 04 02 1.575000 0 0
2017 04 03 1.493000 0 0
2017 04 04 1.493000 0 0
2017 04 05 1.575000 0 0
2017 04 06 1.513000 0 0
2017 04 07 1.907000 0 0
2017 04 08 1.575000 0 0
2017 04 09 1.396000 0 0
2017 04 10 29.030000 0 0
2017 04 11 251.650000 0 0
2017 04 12 133.277000 0 0
2017 04 13 32.568000 0 0
2017 04 14 21.151000 0 0
2017 04 15 15.791000 0 0
2017 04 16 11.642000 0 0
2017 04 17 7.755000 0 0
2017 04 18 6.401000 0 0
2017 04 19 4.939000 0 0
2017 04 20 5.126000 0 0
2017 04 21 4.495000 0 0
2017 04 22 3.960000 0 0
2017 04 23 3.580000 0 0
2017 04 24 3.330000 0 0
2017 04 25 2.866000 0 0
2017 04 26 2.285000 0 0
2017 04 27 2.478000 0 0
2017 04 28 2.866000 0 0
2017 04 29 2.866000 0 0
2017 04 30 2.994000 0 0
2017 05 01 2.535000 0 1
2017 05 02 2.285000 0 1
2017 05 03 1.930000 0 1
2017 05 04 1.907000 0 1
2017 05 05 2.052000 0 1
2017 05 06 1.978000 0 1
2017 05 07 1.978000 0 1
2017 05 08 2.052000 0 1
2017 05 09 1.907000 0 1
2017 05 10 1.724000 0 1
2017 05 11 1.659000 0 1
2017 05 12 12.474000 0 1
2017 05 13 63.858000 0 1
2017 05 14 287.818000 0 1
2017 05 15 38.971000 0 1
2017 05 16 24.127000 0 1
2017 05 17 16.364000 0 1
2017 05 18 12.321000 0 1
2017 05 19 8.672000 0 1
2017 05 20 12.094000 0 1
2017 05 21 22.851000 0 1
2017 05 22 17.529000 0 1
2017 05 23 13.166000 0 1
2017 05 24 8.946000 0 1
2017 05 25 39.996000 0 1
2017 05 26 289.455000 0 1
2017 05 27 113.366000 0 1
2017 05 28 24.680000 0 1
2017 05 29 17.950000 0 1
2017 05 30 17.865000 0 1
2017 05 31 14.661000 0 1
2017 06 01 12.550000 0 0
2017 06 02 9.808000 0 0
2017 06 03 8.604000 0 0
2017 06 04 8.010000 0 0
2017 06 05 7.630000 0 0
2017 06 06 7.144000 0 0
2017 06 07 6.851000 0 0
2017 06 08 14.581000 0 0
2017 06 09 29.612000 0 0
2017 06 10 24.495000 0 0
2017 06 11 19.402000 0 0
2017 06 12 15.791000 0 0
2017 06 13 11.642000 0 0
2017 06 14 9.227000 0 0
2017 06 15 8.536000 0 0
2017 06 16 7.693000 0 0
2017 06 17 12.474000 0 0
2017 06 18 17.445000 0 0
2017 06 19 18.034000 0 0
2017 06 20 12.321000 0 0
2017 06 21 7.882000 0 0
2017 06 22 6.024000 0 0
2017 06 23 5.463000 0 0
2017 06 24 4.803000 0 0
2017 06 25 4.325000 0 0
2017 06 26 4.160000 0 0
2017 06 27 3.882000 0 0
2017 06 28 4.000000 0 0
2017 06 29 8.808000 0 0
2017 06 30 54.766000 0 0
2017 07 01 30.982000 0 1
2017 07 02 18.629000 0 1
2017 07 03 11.418000 0 1
2017 07 04 8.403000 0 1
2017 07 05 6.794000 0 1
2017 07 06 7.026000 0 1
2017 07 07 6.456000 0 1
2017 07 08 5.971000 0 1
2017 07 09 6.183000 0 1
2017 07 10 5.815000 0 1
2017 07 11 6.737000 0 1
2017 07 12 12.550000 0 1
2017 07 13 15.384000 0 1
2017 07 14 11.943000 0 1
2017 07 15 9.882000 0 1
2017 07 16 8.808000 0 1
2017 07 17 8.946000 0 1
2017 07 18 7.882000 0 1
2017 07 19 6.076000 0 1
2017 07 20 4.367000 0 1
2017 07 21 4.079000 0 1
2017 07 22 3.330000 0 1
2017 07 23 3.026000 0 1
2017 07 24 2.773000 0 1
2017 07 25 2.564000 0 1
2017 07 26 2.312000 0 1
2017 07 27 2.506000 0 1
2017 07 28 2.394000 0 1
2017 07 29 2.153000 0 1
2017 07 30 1.883000 0 1
2017 07 31 2.421000 0 1
2017 08 01 2.421000 0 1
2017 08 02 13.711000 0 1
2017 08 03 34.548000 0 1
2017 08 04 31.475000 0 1
2017 08 05 19.836000 0 1
2017 08 06 11.943000 0 1
2017 08 07 7.264000 0 1
2017 08 08 9.882000 0 1
2017 08 09 32.868000 0 1
2017 08 10 13.711000 0 1
2017 08 11 18.629000 0 1
2017 08 12 29.030000 0 1
2017 08 13 80.597000 0 1
2017 08 14 160.850000 0 1
2017 08 15 75.262000 0 1
2017 08 16 25.329000 0 1
2017 08 17 17.027000 0 1
2017 08 18 12.474000 0 1
2017 08 19 7.507000 0 1
2017 08 20 10.804000 0 1
2017 08 21 14.263000 0 1
2017 08 22 8.740000 0 1
2017 08 23 5.662000 0 1
2017 08 24 4.582000 0 1
2017 08 25 4.160000 0 1
2017 08 26 5.173000 0 1
2017 08 27 4.669000 0 1
2017 08 28 4.242000 0 1
2017 08 29 3.882000 0 1
2017 08 30 3.471000 0 1
2017 08 31 3.654000 0 1
2017 09 01 3.026000 0 0
2017 09 02 2.593000 0 0
2017 09 03 2.258000 0 0
2017 09 04 1.907000 0 0
2017 09 05 4.410000 0 0
2017 09 06 6.909000 0 0
2017 09 07 5.173000 0 0
2017 09 08 4.538000 0 0
2017 09 09 3.805000 0 0
2017 09 10 3.192000 0 0
2017 09 11 2.994000 0 0
2017 09 12 4.160000 0 0
2017 09 13 13.399000 0 0
2017 09 14 302.748000 0 0
2017 09 15 278.109000 0 0
2017 09 16 72.308000 0 0
2017 09 17 26.547000 0 0
2017 09 18 23.214000 0 0
2017 09 19 15.547000 0 0
2017 09 20 11.493000 0 0
2017 09 21 7.630000 0 0
2017 09 22 5.512000 0 0
2017 09 23 9.515000 0 0
2017 09 24 10.726000 0 0
2017 09 25 7.085000 0 0
2017 09 26 5.126000 0 0
2017 09 27 9.660000 0 0
2017 09 28 29.223000 0 3
2017 09 29 20.886000 0 3
2017 09 30 21.862000 0 0
2017 10 01 28.163000 0 0
2017 10 02 38.971000 0 0
2017 10 03 31.574000 0 0
2017 10 04 19.489000 0 0
2017 10 05 9.157000 0 0
2017 10 06 5.815000 0 0
2017 10 07 4.367000 0 0
2017 10 08 3.921000 0 0
2017 10 09 3.729000 0 0
2017 10 10 3.158000 0 0
2017 10 11 3.192000 0 0
2017 10 12 23.669000 0 0
2017 10 13 170.318000 0 0
2017 10 14 172.735000 0 0
2017 10 15 54.766000 0 0
2017 10 16 21.595000 0 0
2017 10 17 14.105000 0 0
2017 10 18 23.487000 0 0
2017 10 19 173.950000 0 0
2017 10 20 239.730000 0 0
2017 10 21 41.037000 0 0
2017 10 22 112.419000 0 0
2017 10 23 44.254000 0 0
2017 10 24 20.975000 0 0
2017 10 25 14.741000 0 0
2017 10 26 9.808000 0 0
2017 10 27 7.264000 0 0
2017 10 28 9.227000 0 0
2017 10 29 13.477000 0 0
2017 10 30 8.536000 0 0
2017 10 31 5.919000 0 0
2017 11 01 4.201000 0 0
2017 11 02 3.192000 0 0
2017 11 03 2.804000 0 0
2017 11 04 3.330000 0 0
2017 11 05 3.471000 0 0
2017 11 06 3.125000 0 0
2017 11 07 2.564000 0 0
2017 11 08 2.394000 0 0
2017 11 09 2.421000 0 0
2017 11 10 2.421000 0 0
2017 11 11 2.128000 0 0
2017 11 12 1.907000 0 0
2017 11 13 1.746000 0 0
2017 11 14 1.575000 0 0
2017 11 15 1.454000 0 0
2017 11 16 1.377000 0 0
2017 11 17 1.746000 0 0
2017 11 18 2.027000 0 0
2017 11 19 1.814000 0 0
2017 11 20 1.659000 0 0
2017 11 21 1.534000 0 0
2017 11 22 1.396000 0 0
2017 11 23 1.415000 0 0
2017 11 24 1.232000 0 0
2017 11 25 1.267000 0 0
2017 11 26 1.198000 0 0
2017 11 27 1.082000 0 0
2017 11 28 0.975000 0 0
2017 11 29 0.889000 0 0
2017 11 30 0.795000 0 0
2017 12 01 0.835000 0 1
2017 12 02 0.733000 0 1
2017 12 03 0.770000 0 1
2017 12 04 0.783000 0 1
2017 12 05 0.757000 0 1
2017 12 06 0.686000 0 1
2017 12 07 0.640000 0 1
2017 12 08 0.597000 0 1
2017 12 09 0.587000 0 1
2017 12 10 0.686000 0 1
2017 12 11 0.770000 0 1
2017 12 12 0.783000 0 1
2017 12 13 0.686000 0 1
2017 12 14 0.697000 0 1
2017 12 15 0.721000 0 1
2017 12 16 0.757000 0 1
2017 12 17 1.131000 0 1
2017 12 18 1.415000 0 1
2017 12 19 1.066000 0 1
2017 12 20 0.946000 0 1
2017 12 21 0.821000 0 1
2017 12 22 0.697000 0 1
2017 12 23 0.587000 0 1
2017 12 24 0.536000 0 1
2017 12 25 0.903000 0 1
2017 12 26 1.198000 0 1
2017 12 27 1.267000 0 1
2017 12 28 1.051000 0 1
2017 12 29 0.861000 0 1
2017 12 30 0.686000 0 1
2017 12 31 0.587000 0 1
2018 01 01 0.556000 0 1
2018 01 02 0.975000 0 1
2018 01 03 1.098000 0 1
2018 01 04 0.946000 0 1
2018 01 05 0.835000 0 1
2018 01 06 0.757000 0 1
2018 01 07 0.783000 0 1
2018 01 08 0.757000 0 1
2018 01 09 0.640000 0 1
2018 01 10 0.527000 0 1
2018 01 11 0.536000 0 1
2018 01 12 0.546000 0 1
2018 01 13 0.686000 0 1
2018 01 14 0.975000 0 1
2018 01 15 1.250000 0 1
2018 01 16 1.114000 0 1
2018 01 17 0.889000 0 1
2018 01 18 0.721000 0 1
2018 01 19 0.566000 0 1
2018 01 20 0.489000 0 1
2018 01 21 0.640000 0 1
2018 01 22 0.686000 0 1
2018 01 23 0.733000 0 1
2018 01 24 1.114000 0 1
2018 01 25 1.066000 0 1
2018 01 26 0.946000 0 1
2018 01 27 0.835000 0 1
2018 01 28 0.931000 0 1
2018 01 29 1.051000 0 1
2018 01 30 1.035000 0 1
2018 01 31 0.821000 0 1
2018 02 01 0.697000 0 1
2018 02 02 0.835000 0 1
2018 02 03 0.795000 0 1
2018 02 04 0.745000 0 1
2018 02 05 0.733000 0 1
2018 02 06 0.428000 0 1
2018 02 07 0.404000 0 1
2018 02 08 0.365000 0 1
2018 02 09 0.296000 0 1
2018 02 10 0.357000 0 1
2018 02 11 0.536000 0 1
2018 02 12 1.020000 0 1
2018 02 13 1.680000 0 1
2018 02 14 1.493000 0 1
2018 02 15 1.066000 0 1
2018 02 16 0.946000 0 1
2018 02 17 0.821000 0 1
2018 02 18 0.697000 0 1
2018 02 19 0.566000 0 1
2018 02 20 0.480000 0 1
2018 02 21 0.640000 0 1
2018 02 22 0.546000 0 1
2018 02 23 0.436000 0 1
2018 02 24 0.527000 0 1
2018 02 25 0.709000 0 1
2018 02 26 0.674000 0 1
2018 02 27 0.821000 0 1
2018 02 28 1.702000 0 1
2018 03 01 1.680000 0 0
2018 03 02 1.493000 0 0
2018 03 03 1.164000 0 0
2018 03 04 0.808000 0 0
2018 03 05 0.686000 0 0
2018 03 06 0.783000 0 0
2018 03 07 0.651000 0 0
2018 03 08 0.597000 0 0
2018 03 09 0.508000 0 0
2018 03 10 0.420000 0 0
2018 03 11 0.365000 0 0
2018 03 12 0.489000 0 0
2018 03 13 0.721000 0 0
2018 03 14 0.597000 0 3
2018 03 15 1.638000 0 0
2018 03 16 2.564000 0 0
2018 03 17 3.026000 0 0
2018 03 18 2.421000 0 0
2018 03 19 2.052000 0 0
2018 03 20 2.128000 0 0
2018 03 21 1.680000 0 0
2018 03 22 1.377000 0 0
2018 03 23 1.114000 0 0
2018 03 24 0.960000 0 0
2018 03 25 0.821000 0 3
2018 03 26 0.697000 0 3
2018 03 27 0.733000 0 3
2018 03 28 1.396000 0 3
2018 03 29 2.027000 0 0
2018 03 30 1.595000 0 0
2018 03 31 1.340000 0 0
2018 04 01 1.198000 0 0
2018 04 02 1.131000 0 0
2018 04 03 1.267000 0 0
2018 04 04 1.181000 0 0
2018 04 05 1.082000 0 0
2018 04 06 1.147000 0 0
2018 04 07 1.005000 0 0
2018 04 08 1.035000 0 0
2018 04 09 0.889000 0 0
2018 04 10 0.745000 0 0
2018 04 11 0.709000 0 0
2018 04 12 0.875000 0 0
2018 04 13 0.946000 0 0
2018 04 14 0.821000 0 0
2018 04 15 0.835000 0 0
2018 04 16 0.821000 0 0
2018 04 17 0.931000 0 0
2018 04 18 0.848000 0 0
2018 04 19 0.903000 0 0
2018 04 20 1.035000 0 0
2018 04 21 1.659000 0 0
2018 04 22 3.400000 0 0
2018 04 23 5.220000 0 0
2018 04 24 3.295000 0 0
2018 04 25 2.258000 0 0
2018 04 26 1.702000 0 0
2018 04 27 1.377000 0 0
2018 04 28 1.051000 0 0
2018 04 29 0.821000 0 0
2018 04 30 0.686000 0 0
2018 05 01 1.267000 0 1
2018 05 02 14.981000 0 1
2018 05 03 31.673000 0 1
2018 05 04 33.270000 0 1
2018 05 05 29.320000 0 1
2018 05 06 23.032000 0 1
2018 05 07 15.709000 0 1
2018 05 08 8.672000 0 1
2018 05 09 3.654000 0 1
2018 05 10 2.102000 0 1
2018 05 11 1.746000 0 1
2018 05 12 1.377000 0 1
2018 05 13 1.181000 0 1
2018 05 14 1.215000 0 1
2018 05 15 1.340000 0 1
2018 05 16 1.198000 0 1
2018 05 17 1.020000 0 1
2018 05 18 0.946000 0 1
2018 05 19 0.861000 0 1
2018 05 20 1.020000 0 1
2018 05 21 1.232000 0 1
2018 05 22 1.415000 0 1
2018 05 23 1.285000 0 1
2018 05 24 1.285000 0 1
2018 05 25 1.147000 0 1
2018 05 26 1.066000 0 1
2018 05 27 1.051000 0 1
2018 05 28 1.020000 0 1
2018 05 29 0.990000 0 1
2018 05 30 0.946000 0 1
2018 05 31 1.147000 0 1
2018 06 01 1.513000 0 1
2018 06 02 2.153000 0 1
2018 06 03 2.929000 0 1
2018 06 04 3.471000 0 1
2018 06 05 2.128000 0 1
2018 06 06 1.303000 0 1
2018 06 07 2.231000 0 1
2018 06 08 2.366000 0 1
2018 06 09 1.377000 0 1
2018 06 10 1.415000 0 1
2018 06 11 3.192000 0 1
2018 06 12 11.493000 0 1
2018 06 13 10.107000 0 1
2018 06 14 4.669000 0 1
2018 06 15 2.866000 0 1
2018 06 16 2.506000 0 1
2018 06 17 2.898000 0 1
2018 06 18 4.160000 0 1
2018 06 19 6.851000 0 1
2018 06 20 8.536000 0 1
2018 06 21 2.153000 0 1
2018 06 22 1.534000 0 1
2018 06 23 1.434000 0 1
2018 06 24 1.493000 0 1
2018 06 25 1.493000 0 1
2018 06 26 1.340000 0 1
2018 06 27 1.232000 0 1
2018 06 28 1.181000 0 1
2018 06 29 1.232000 0 1
2018 06 30 1.181000 0 1
2018 07 01 1.198000 0 0
2018 07 02 10.259000 0 0
2018 07 03 29.127000 0 0
2018 07 04 14.981000 0 0
2018 07 05 7.385000 0 0
2018 07 06 4.079000 0 0
2018 07 07 4.495000 0 0
2018 07 08 9.882000 0 0
2018 07 09 15.142000 0 0
2018 07 10 8.946000 0 0
2018 07 11 5.764000 0 0
2018 07 12 4.242000 0 0
2018 07 13 3.400000 0 0
2018 07 14 3.026000 0 0
2018 07 15 2.622000 0 0
2018 07 16 2.179000 0 0
2018 07 17 2.564000 0 0
2018 07 18 8.946000 0 0
2018 07 19 36.967000 0 0
2018 07 20 16.118000 0 0
2018 07 21 7.568000 0 0
2018 07 22 5.316000 0 0
2018 07 23 21.240000 0 0
2018 07 24 61.841000 0 0
2018 07 25 23.214000 0 0
2018 07 26 77.522000 0 0
2018 07 27 28.644000 0 0
2018 07 28 21.063000 0 0
2018 07 29 15.709000 0 0
2018 07 30 10.884000 0 0
2018 07 31 8.336000 0 0
2018 08 01 6.680000 0 1
2018 08 02 5.662000 0 1
2018 08 03 5.562000 0 1
2018 08 04 5.173000 0 1
2018 08 05 4.538000 0 1
2018 08 06 4.039000 0 1
2018 08 07 3.580000 0 1
2018 08 08 3.092000 0 1
2018 08 09 3.543000 0 1
2018 08 10 4.079000 0 1
2018 08 11 3.843000 0 1
2018 08 12 3.617000 0 1
2018 08 13 3.260000 0 1
2018 08 14 2.742000 0 1
2018 08 15 2.366000 0 1
2018 08 16 2.128000 0 1
2018 08 17 1.954000 0 1
2018 08 18 1.814000 0 1
2018 08 19 2.742000 0 1
2018 08 20 7.507000 0 1
2018 08 21 6.130000 0 1
2018 08 22 6.623000 0 1
2018 08 23 11.943000 0 1
2018 08 24 15.465000 0 1
2018 08 25 19.923000 0 1
2018 08 26 22.041000 0 1
2018 08 27 12.780000 0 1
2018 08 28 5.268000 0 1
2018 08 29 8.604000 0 1
2018 08 30 34.076000 0 1
2018 08 31 254.683000 0 1
2018 09 01 238.263000 0 1
2018 09 02 153.956000 0 1
2018 09 03 54.766000 0 1
2018 09 04 23.943000 0 1
2018 09 05 16.695000 0 1
2018 09 06 12.474000 0 1
2018 09 07 10.413000 0 1
2018 09 08 8.672000 0 1
2018 09 09 7.085000 0 1
2018 09 10 5.562000 0 1
2018 09 11 4.452000 0 1
2018 09 12 3.960000 0 1
2018 09 13 3.507000 0 1
2018 09 14 3.192000 0 1
2018 09 15 4.000000 0 1
2018 09 16 4.714000 0 1
2018 09 17 4.939000 0 1
2018 09 18 4.039000 0 1
2018 09 19 3.767000 0 1
2018 09 20 3.260000 0 1
2018 09 21 3.365000 0 1
2018 09 22 9.957000 0 1
2018 09 23 26.735000 0 1
2018 09 24 157.381000 0 1
2018 09 25 104.108000 0 1
2018 09 26 30.001000 0 1
2018 09 27 20.798000 0 1
2018 09 28 16.944000 0 1
2018 09 29 12.550000 0 1
2018 09 30 222.479000 0 1
2018 10 01 235.346000 0 1
2018 10 02 128.122000 0 1
2018 10 03 56.015000 0 1
2018 10 04 23.578000 0 1
2018 10 05 14.821000 0 1
2018 10 06 10.107000 0 1
2018 10 07 8.270000 0 1
2018 10 08 6.851000 0 1
2018 10 09 12.550000 0 1
2018 10 10 106.837000 0 1
2018 10 11 33.874000 0 1
2018 10 12 105.013000 0 1
2018 10 13 175.171000 0 1
2018 10 14 38.971000 0 1
2018 10 15 23.943000 0 1
2018 10 16 16.861000 0 1
2018 10 17 13.399000 0 1
2018 10 18 9.957000 0 1
2018 10 19 8.469000 0 1
2018 10 20 6.680000 0 1
2018 10 21 5.173000 0 1
2018 10 22 4.079000 0 1
2018 10 23 3.295000 0 1
2018 10 24 3.026000 0 1
2018 10 25 2.742000 0 1
2018 10 26 2.478000 0 1
2018 10 27 2.179000 0 1
2018 10 28 2.449000 0 1
2018 10 29 2.312000 0 1
2018 10 30 2.205000 0 1
2018 10 31 2.027000 0 1
2018 11 01 1.978000 0 1
2018 11 02 2.258000 0 1
2018 11 03 2.339000 0 1
2018 11 04 2.052000 0 1
2018 11 05 1.860000 0 1
2018 11 06 1.680000 0 1
2018 11 07 1.396000 0 1
2018 11 08 1.250000 0 1
2018 11 09 1.215000 0 1
2018 11 10 1.181000 0 1
2018 11 11 1.215000 0 1
2018 11 12 1.198000 0 1
2018 11 13 1.837000 0 1
2018 11 14 3.805000 0 1
2018 11 15 4.242000 0 1
2018 11 16 3.921000 0 1
2018 11 17 9.808000 0 1
2018 11 18 23.669000 0 1
2018 11 19 18.972000 0 1
2018 11 20 16.200000 0 1
2018 11 21 12.321000 0 1
2018 11 22 5.562000 0 1
2018 11 23 1.837000 0 1
2018 11 24 1.907000 0 1
2018 11 25 1.575000 0 1
2018 11 26 1.554000 0 1
2018 11 27 1.377000 0 1
2018 11 28 1.415000 0 1
2018 11 29 1.267000 0 1
2018 11 30 1.215000 0 1
2018 12 01 1.232000 0 1
2018 12 02 1.181000 0 1
2018 12 03 0.990000 0 1
2018 12 04 1.020000 0 1
2018 12 05 0.835000 0 1
2018 12 06 0.686000 0 1
2018 12 07 0.770000 0 1
2018 12 08 0.889000 0 1
2018 12 09 1.020000 0 1
2018 12 10 0.889000 0 1
2018 12 11 1.198000 0 1
2018 12 12 1.474000 0 1
2018 12 13 2.339000 0 1
2018 12 14 4.758000 0 1
2018 12 15 4.201000 0 1
2018 12 16 2.535000 0 1
2018 12 17 1.814000 0 1
2018 12 18 2.258000 0 1
2018 12 19 2.804000 0 1
2018 12 20 5.032000 0 1
2018 12 21 15.709000 0 1
2018 12 22 12.703000 0 1
2018 12 23 6.737000 0 1
2018 12 24 3.192000 0 1
2018 12 25 1.616000 0 1
2018 12 26 1.164000 0 1
2018 12 27 0.903000 0 1
2018 12 28 0.835000 0 1
2018 12 29 0.745000 0 1
2018 12 30 0.629000 0 1
2018 12 31 0.556000 0 1
