year month day streamflow_m3s qual_control_by_ana qual_flag
2013 12 01 nan nan 0
2013 12 02 nan nan 0
2013 12 03 nan nan 0
2013 12 04 nan nan 0
2013 12 05 nan nan 0
2013 12 06 nan nan 0
2013 12 07 44.510000 1 1
2013 12 08 50.909000 1 1
2013 12 09 49.347000 1 1
2013 12 10 44.679000 1 1
2013 12 11 41.989000 1 1
2013 12 12 40.073000 1 1
2013 12 13 40.849000 1 1
2013 12 14 43.420000 1 1
2013 12 15 41.268000 1 1
2013 12 16 42.830000 1 1
2013 12 17 40.827000 1 1
2013 12 18 39.286000 1 1
2013 12 19 42.957000 1 1
2013 12 20 46.024000 1 1
2013 12 21 47.521000 1 1
2013 12 22 50.676000 1 1
2013 12 23 46.928000 1 1
2013 12 24 47.158000 1 1
2013 12 25 45.995000 1 1
2013 12 26 43.840000 1 1
2013 12 27 42.016000 1 1
2013 12 28 39.371000 1 1
2013 12 29 43.489000 1 1
2013 12 30 43.081000 1 1
2013 12 31 39.496000 1 1
2014 01 01 47.728000 1 1
2014 01 02 59.862000 1 1
2014 01 03 48.537000 1 1
2014 01 04 36.906000 1 1
2014 01 05 37.731000 1 1
2014 01 06 36.651000 1 1
2014 01 07 36.063000 1 1
2014 01 08 34.663000 1 1
2014 01 09 35.187000 1 1
2014 01 10 37.467000 1 1
2014 01 11 36.231000 1 1
2014 01 12 nan nan 0
2014 01 13 nan nan 0
2014 01 14 nan nan 0
2014 01 15 nan nan 0
2014 01 16 nan nan 0
2014 01 17 nan nan 0
2014 01 18 nan nan 0
2014 01 19 nan nan 0
2014 01 20 nan nan 0
2014 01 21 nan nan 0
2014 01 22 nan nan 0
2014 01 23 nan nan 0
2014 01 24 nan nan 0
2014 01 25 39.715000 1 1
2014 01 26 41.091000 1 1
2014 01 27 40.669000 1 1
2014 01 28 39.882000 1 1
2014 01 29 42.219000 1 1
2014 01 30 41.166000 1 1
2014 01 31 38.419000 1 1
2014 02 01 38.583000 1 1
2014 02 02 39.354000 1 1
2014 02 03 38.583000 1 1
2014 02 04 41.219000 1 1
2014 02 05 40.398000 1 1
2014 02 06 39.363000 1 1
2014 02 07 38.473000 1 1
2014 02 08 41.219000 1 1
2014 02 09 40.792000 1 1
2014 02 10 39.732000 1 1
2014 02 11 37.690000 1 1
2014 02 12 38.457000 1 1
2014 02 13 38.001000 1 1
2014 02 14 38.730000 1 1
2014 02 15 56.827000 1 1
2014 02 16 68.854000 1 1
2014 02 17 62.967000 1 1
2014 02 18 52.539000 1 1
2014 02 19 36.947000 1 1
2014 02 20 33.267000 1 1
2014 02 21 31.240000 1 1
2014 02 22 29.296000 1 1
2014 02 23 33.301000 1 1
2014 02 24 31.830000 1 1
2014 02 25 34.077000 1 1
2014 02 26 34.799000 1 1
2014 02 27 33.038000 1 1
2014 02 28 30.499000 1 1
2014 03 01 34.277000 1 1
2014 03 02 36.035000 1 1
2014 03 03 34.628000 1 1
2014 03 04 35.368000 1 1
2014 03 05 35.073000 1 1
2014 03 06 36.935000 1 1
2014 03 07 41.268000 1 1
2014 03 08 41.330000 1 1
2014 03 09 36.147000 1 1
2014 03 10 38.768000 1 1
2014 03 11 37.106000 1 1
2014 03 12 37.984000 1 1
2014 03 13 36.452000 1 1
2014 03 14 38.214000 1 1
2014 03 15 38.490000 1 1
2014 03 16 37.303000 1 1
2014 03 17 37.893000 1 1
2014 03 18 35.254000 1 1
2014 03 19 34.342000 1 1
2014 03 20 32.762000 1 1
2014 03 21 31.961000 1 1
2014 03 22 35.206000 1 1
2014 03 23 38.583000 1 1
2014 03 24 41.570000 1 1
2014 03 25 37.110000 1 1
2014 03 26 36.910000 1 1
2014 03 27 36.099000 1 1
2014 03 28 36.227000 1 1
2014 03 29 37.057000 1 1
2014 03 30 35.100000 1 1
2014 03 31 34.831000 1 1
2014 04 01 35.368000 1 1
2014 04 02 33.695000 1 1
2014 04 03 33.748000 1 1
2014 04 04 32.402000 1 1
2014 04 05 32.247000 1 1
2014 04 06 32.762000 1 1
2014 04 07 34.659000 1 1
2014 04 08 33.566000 1 1
2014 04 09 31.226000 1 1
2014 04 10 25.695000 1 1
2014 04 11 27.553000 1 1
2014 04 12 27.749000 1 1
2014 04 13 27.523000 1 1
2014 04 14 23.777000 1 1
2014 04 15 24.490000 1 1
2014 04 16 25.028000 1 1
2014 04 17 23.024000 1 1
2014 04 18 22.179000 1 1
2014 04 19 25.037000 1 1
2014 04 20 23.797000 1 1
2014 04 21 26.824000 1 1
2014 04 22 30.355000 1 1
2014 04 23 32.713000 1 1
2014 04 24 33.456000 1 1
2014 04 25 35.462000 1 1
2014 04 26 35.565000 1 1
2014 04 27 35.803000 1 1
2014 04 28 35.784000 1 1
2014 04 29 38.423000 1 1
2014 04 30 35.999000 1 1
2014 05 01 37.090000 1 1
2014 05 02 34.392000 1 1
2014 05 03 31.892000 1 1
2014 05 04 30.148000 1 1
2014 05 05 30.925000 1 1
2014 05 06 30.524000 1 1
2014 05 07 28.443000 1 1
2014 05 08 29.582000 1 1
2014 05 09 28.329000 1 1
2014 05 10 32.118000 1 1
2014 05 11 32.350000 1 1
2014 05 12 33.072000 1 1
2014 05 13 31.168000 1 1
2014 05 14 29.914000 1 1
2014 05 15 29.163000 1 1
2014 05 16 29.758000 1 1
2014 05 17 29.471000 1 1
2014 05 18 27.608000 1 1
2014 05 19 26.664000 1 1
2014 05 20 27.039000 1 1
2014 05 21 23.932000 1 1
2014 05 22 23.228000 1 1
2014 05 23 23.338000 1 1
2014 05 24 27.120000 1 1
2014 05 25 26.388000 1 1
2014 05 26 27.162000 1 1
2014 05 27 28.722000 1 1
2014 05 28 32.273000 1 1
2014 05 29 32.747000 1 1
2014 05 30 30.274000 1 1
2014 05 31 27.651000 1 1
2014 06 01 26.413000 1 1
2014 06 02 26.626000 1 1
2014 06 03 27.311000 1 1
2014 06 04 28.356000 1 1
2014 06 05 27.445000 1 1
2014 06 06 34.330000 1 1
2014 06 07 41.113000 1 1
2014 06 08 39.616000 1 1
2014 06 09 36.215000 1 1
2014 06 10 35.155000 1 1
2014 06 11 33.706000 1 1
2014 06 12 28.353000 1 1
2014 06 13 26.204000 1 1
2014 06 14 25.586000 1 1
2014 06 15 27.169000 1 1
2014 06 16 27.240000 1 1
2014 06 17 27.056000 1 1
2014 06 18 27.723000 1 1
2014 06 19 29.098000 1 1
2014 06 20 30.957000 1 1
2014 06 21 30.323000 1 1
2014 06 22 29.221000 1 1
2014 06 23 28.577000 1 1
2014 06 24 29.987000 1 1
2014 06 25 31.801000 1 1
2014 06 26 28.864000 1 1
2014 06 27 25.343000 1 1
2014 06 28 27.907000 1 1
2014 06 29 26.110000 1 1
2014 06 30 27.468000 1 1
2014 07 01 26.293000 1 1
2014 07 02 26.581000 1 1
2014 07 03 26.176000 1 1
2014 07 04 26.129000 1 1
2014 07 05 26.204000 1 1
2014 07 06 26.505000 1 1
2014 07 07 25.760000 1 1
2014 07 08 24.422000 1 1
2014 07 09 24.216000 1 1
2014 07 10 26.047000 1 1
2014 07 11 29.081000 1 1
2014 07 12 26.091000 1 1
2014 07 13 22.765000 1 1
2014 07 14 22.010000 1 1
2014 07 15 20.978000 1 1
2014 07 16 20.890000 1 1
2014 07 17 20.890000 1 1
2014 07 18 21.595000 1 1
2014 07 19 21.617000 1 1
2014 07 20 23.541000 1 1
2014 07 21 22.777000 1 1
2014 07 22 22.599000 1 1
2014 07 23 21.300000 1 1
2014 07 24 21.392000 1 1
2014 07 25 22.156000 1 1
2014 07 26 22.802000 1 1
2014 07 27 23.197000 1 1
2014 07 28 23.375000 1 1
2014 07 29 23.378000 1 1
2014 07 30 23.274000 1 1
2014 07 31 23.062000 1 1
2014 08 01 23.523000 1 1
2014 08 02 23.062000 1 1
2014 08 03 23.932000 1 1
2014 08 04 24.101000 1 1
2014 08 05 24.574000 1 1
2014 08 06 25.306000 1 1
2014 08 07 24.979000 1 1
2014 08 08 25.695000 1 1
2014 08 09 26.680000 1 1
2014 08 10 25.748000 1 1
2014 08 11 26.651000 1 1
2014 08 12 25.211000 1 1
2014 08 13 27.980000 1 1
2014 08 14 31.344000 1 1
2014 08 15 30.064000 1 1
2014 08 16 25.838000 1 1
2014 08 17 26.252000 1 1
2014 08 18 25.682000 1 1
2014 08 19 25.144000 1 1
2014 08 20 25.092000 1 1
2014 08 21 25.413000 1 1
2014 08 22 25.220000 1 1
2014 08 23 26.283000 1 1
2014 08 24 28.450000 1 1
2014 08 25 28.326000 1 1
2014 08 26 30.939000 1 1
2014 08 27 31.211000 1 1
2014 08 28 30.943000 1 1
2014 08 29 30.722000 1 1
2014 08 30 30.587000 1 1
2014 08 31 32.302000 1 1
2014 09 01 34.042000 1 1
2014 09 02 33.094000 1 1
2014 09 03 31.983000 1 1
2014 09 04 31.211000 1 1
2014 09 05 30.900000 1 1
2014 09 06 31.481000 1 1
2014 09 07 31.662000 1 1
2014 09 08 31.079000 1 1
2014 09 09 32.166000 1 1
2014 09 10 32.395000 1 1
2014 09 11 31.892000 1 1
2014 09 12 30.811000 1 1
2014 09 13 29.027000 1 1
2014 09 14 27.677000 1 1
2014 09 15 26.047000 1 1
2014 09 16 24.665000 1 1
2014 09 17 24.216000 1 1
2014 09 18 24.365000 1 1
2014 09 19 24.967000 1 1
2014 09 20 26.321000 1 1
2014 09 21 28.942000 1 1
2014 09 22 29.112000 1 1
2014 09 23 28.173000 1 1
2014 09 24 27.526000 1 1
2014 09 25 28.326000 1 1
2014 09 26 29.813000 1 1
2014 09 27 31.122000 1 1
2014 09 28 29.454000 1 1
2014 09 29 30.106000 1 1
2014 09 30 28.604000 1 1
2014 10 01 27.651000 1 1
2014 10 02 28.256000 1 1
2014 10 03 27.772000 1 1
2014 10 04 26.480000 1 1
2014 10 05 26.441000 1 1
2014 10 06 26.126000 1 1
2014 10 07 26.007000 1 1
2014 10 08 25.928000 1 1
2014 10 09 25.850000 1 1
2014 10 10 25.658000 1 1
2014 10 11 26.007000 1 1
2014 10 12 26.242000 1 1
2014 10 13 26.400000 1 1
2014 10 14 26.480000 1 1
2014 10 15 25.813000 1 1
2014 10 16 25.349000 1 1
2014 10 17 25.426000 1 1
2014 10 18 25.386000 1 1
2014 10 19 25.617000 1 1
2014 10 20 27.608000 1 1
2014 10 21 28.520000 1 1
2014 10 22 28.884000 1 1
2014 10 23 28.772000 1 1
2014 10 24 28.800000 1 1
2014 10 25 28.520000 1 1
2014 10 26 28.353000 1 1
2014 10 27 28.379000 1 1
2014 10 28 28.604000 1 1
2014 10 29 29.671000 1 1
2014 10 30 29.931000 1 1
2014 10 31 29.931000 1 1
2014 11 01 30.587000 1 1
2014 11 02 29.355000 1 1
2014 11 03 27.937000 1 1
2014 11 04 27.406000 1 1
2014 11 05 30.019000 1 1
2014 11 06 29.197000 1 1
2014 11 07 25.969000 1 1
2014 11 08 26.959000 1 1
2014 11 09 26.321000 1 1
2014 11 10 26.047000 1 1
2014 11 11 25.349000 1 1
2014 11 12 24.816000 1 1
2014 11 13 25.003000 1 1
2014 11 14 25.426000 1 1
2014 11 15 nan nan 0
2014 11 16 nan nan 0
2014 11 17 nan nan 0
2014 11 18 nan nan 0
2014 11 19 nan nan 0
2014 11 20 nan nan 0
2014 11 21 nan nan 0
2014 11 22 nan nan 0
2014 11 23 nan nan 0
2014 11 24 nan nan 0
2014 11 25 nan nan 0
2014 11 26 nan nan 0
2014 11 27 nan nan 0
2014 11 28 nan nan 0
2014 11 29 nan nan 0
2014 11 30 nan nan 0
2014 12 01 nan nan 0
2014 12 02 nan nan 0
2014 12 03 nan nan 0
2014 12 04 nan nan 0
2014 12 05 nan nan 0
2014 12 06 nan nan 0
2014 12 07 nan nan 0
2014 12 08 nan nan 0
2014 12 09 nan nan 0
2014 12 10 nan nan 0
2014 12 11 nan nan 0
2014 12 12 nan nan 0
2014 12 13 nan nan 0
2014 12 14 nan nan 0
2014 12 15 nan nan 0
2014 12 16 nan nan 0
2014 12 17 nan nan 0
2014 12 18 nan nan 0
2014 12 19 nan nan 0
2014 12 20 nan nan 0
2014 12 21 nan nan 0
2014 12 22 nan nan 0
2014 12 23 nan nan 0
2014 12 24 nan nan 0
2014 12 25 nan nan 0
2014 12 26 nan nan 0
2014 12 27 nan nan 0
2014 12 28 nan nan 0
2014 12 29 nan nan 0
2014 12 30 nan nan 0
2014 12 31 nan nan 0
2015 01 01 31.032000 1 1
2015 01 02 27.282000 1 1
2015 01 03 26.639000 1 1
2015 01 04 27.937000 1 1
2015 01 05 30.323000 1 1
2015 01 06 32.118000 1 1
2015 01 07 33.233000 1 1
2015 01 08 36.752000 1 1
2015 01 09 33.611000 1 1
2015 01 10 29.626000 1 1
2015 01 11 26.639000 1 1
2015 01 12 25.386000 1 1
2015 01 13 25.080000 1 1
2015 01 14 24.776000 1 1
2015 01 15 24.776000 1 1
2015 01 16 25.080000 1 1
2015 01 17 25.695000 1 1
2015 01 18 25.695000 1 1
2015 01 19 26.007000 1 1
2015 01 20 26.007000 1 1
2015 01 21 26.639000 1 1
2015 01 22 26.639000 1 1
2015 01 23 29.626000 1 1
2015 01 24 30.323000 1 1
2015 01 25 31.753000 1 1
2015 01 26 33.233000 1 1
2015 01 27 33.992000 1 1
2015 01 28 35.947000 1 1
2015 01 29 34.377000 1 1
2015 01 30 32.487000 1 1
2015 01 31 31.391000 1 1
2015 02 01 30.676000 1 1
2015 02 02 30.323000 1 1
2015 02 03 31.391000 1 1
2015 02 04 31.391000 1 1
2015 02 05 45.564000 1 1
2015 02 06 54.769000 1 1
2015 02 07 40.981000 1 1
2015 02 08 35.947000 1 1
2015 02 09 31.391000 1 1
2015 02 10 32.118000 1 1
2015 02 11 30.676000 1 1
2015 02 12 29.283000 1 1
2015 02 13 28.604000 1 1
2015 02 14 29.626000 1 1
2015 02 15 31.032000 1 1
2015 02 16 32.487000 1 1
2015 02 17 33.233000 1 1
2015 02 18 40.542000 1 1
2015 02 19 39.248000 1 1
2015 02 20 35.947000 1 1
2015 02 21 33.233000 1 1
2015 02 22 30.676000 1 1
2015 02 23 29.973000 1 1
2015 02 24 32.118000 1 1
2015 02 25 37.159000 1 1
2015 02 26 34.377000 1 1
2015 02 27 32.487000 1 1
2015 02 28 31.391000 1 1
2015 03 01 32.487000 1 1
2015 03 02 32.487000 1 1
2015 03 03 32.118000 1 1
2015 03 04 31.391000 1 1
2015 03 05 32.118000 1 1
2015 03 06 33.992000 1 1
2015 03 07 38.823000 1 1
2015 03 08 41.423000 1 1
2015 03 09 37.984000 1 1
2015 03 10 34.764000 1 1
2015 03 11 34.377000 1 1
2015 03 12 34.377000 1 1
2015 03 13 34.764000 1 1
2015 03 14 37.984000 1 1
2015 03 15 38.823000 1 1
2015 03 16 41.868000 1 1
2015 03 17 44.151000 1 1
2015 03 18 36.752000 1 1
2015 03 19 33.992000 1 1
2015 03 20 35.549000 1 1
2015 03 21 38.402000 1 1
2015 03 22 34.377000 1 1
2015 03 23 32.118000 1 1
2015 03 24 32.859000 1 1
2015 03 25 34.377000 1 1
2015 03 26 35.155000 1 1
2015 03 27 33.233000 1 1
2015 03 28 31.753000 1 1
2015 03 29 32.859000 1 1
2015 03 30 36.348000 1 1
2015 03 31 41.423000 1 1
2015 04 01 45.564000 1 1
2015 04 02 48.492000 1 1
2015 04 03 43.227000 1 1
2015 04 04 38.823000 1 1
2015 04 05 37.159000 1 1
2015 04 06 43.687000 1 1
2015 04 07 53.146000 1 1
2015 04 08 51.559000 1 1
2015 04 09 47.995000 1 1
2015 04 10 45.564000 1 1
2015 04 11 41.868000 1 1
2015 04 12 38.402000 1 1
2015 04 13 37.984000 1 1
2015 04 14 37.159000 1 1
2015 04 15 37.159000 1 1
2015 04 16 35.947000 1 1
2015 04 17 35.155000 1 1
2015 04 18 34.764000 1 1
2015 04 19 36.348000 1 1
2015 04 20 37.159000 1 1
2015 04 21 37.984000 1 1
2015 04 22 39.248000 1 1
2015 04 23 37.984000 1 1
2015 04 24 38.402000 1 1
2015 04 25 38.402000 1 1
2015 04 26 37.570000 1 1
2015 04 27 36.348000 1 1
2015 04 28 36.348000 1 1
2015 04 29 37.159000 1 1
2015 04 30 39.248000 1 1
2015 05 01 40.542000 1 1
2015 05 02 40.542000 1 1
2015 05 03 38.402000 1 1
2015 05 04 37.570000 1 1
2015 05 05 39.248000 1 1
2015 05 06 37.984000 1 1
2015 05 07 35.947000 1 1
2015 05 08 34.764000 1 1
2015 05 09 32.859000 1 1
2015 05 10 31.753000 1 1
2015 05 11 37.984000 1 1
2015 05 12 36.752000 1 1
2015 05 13 34.377000 1 1
2015 05 14 31.032000 1 1
2015 05 15 30.323000 1 1
2015 05 16 29.626000 1 1
2015 05 17 30.323000 1 1
2015 05 18 31.753000 1 1
2015 05 19 31.391000 1 1
2015 05 20 31.032000 1 1
2015 05 21 31.753000 1 1
2015 05 22 32.487000 1 1
2015 05 23 32.118000 1 1
2015 05 24 31.032000 1 1
2015 05 25 31.032000 1 1
2015 05 26 25.695000 1 1
2015 05 27 20.810000 1 1
2015 05 28 21.617000 1 1
2015 05 29 23.013000 1 1
2015 05 30 24.476000 1 1
2015 05 31 26.959000 1 1
2015 06 01 31.032000 1 1
2015 06 02 37.984000 1 1
2015 06 03 39.676000 1 1
2015 06 04 40.107000 1 1
2015 06 05 40.107000 1 1
2015 06 06 37.570000 1 1
2015 06 07 35.947000 1 1
2015 06 08 35.155000 1 1
2015 06 09 34.377000 1 1
2015 06 10 33.611000 1 1
2015 06 11 33.611000 1 1
2015 06 12 34.377000 1 1
2015 06 13 34.377000 1 1
2015 06 14 34.377000 1 1
2015 06 15 33.992000 1 1
2015 06 16 33.611000 1 1
2015 06 17 32.118000 1 1
2015 06 18 31.753000 1 1
2015 06 19 31.391000 1 1
2015 06 20 32.487000 1 1
2015 06 21 32.487000 1 1
2015 06 22 24.178000 1 1
2015 06 23 19.517000 1 1
2015 06 24 22.168000 1 1
2015 06 25 22.729000 1 1
2015 06 26 22.447000 1 1
2015 06 27 22.168000 1 1
2015 06 28 22.447000 1 1
2015 06 29 22.168000 1 1
2015 06 30 22.168000 1 1
2015 07 01 22.447000 1 1
2015 07 02 22.729000 1 1
2015 07 03 28.604000 1 1
2015 07 04 30.676000 1 1
2015 07 05 35.549000 1 1
2015 07 06 39.676000 1 1
2015 07 07 39.676000 1 1
2015 07 08 41.423000 1 1
2015 07 09 52.084000 1 1
2015 07 10 59.279000 1 1
2015 07 11 52.613000 1 1
2015 07 12 44.151000 1 1
2015 07 13 35.549000 1 1
2015 07 14 33.992000 1 1
2015 07 15 34.764000 1 1
2015 07 16 37.159000 1 1
2015 07 17 33.233000 1 1
2015 07 18 26.639000 1 1
2015 07 19 26.007000 1 1
2015 07 20 24.178000 1 1
2015 07 21 24.476000 1 1
2015 07 22 26.007000 1 1
2015 07 23 27.608000 1 1
2015 07 24 27.282000 1 1
2015 07 25 23.013000 1 1
2015 07 26 23.590000 1 1
2015 07 27 24.178000 1 1
2015 07 28 23.882000 1 1
2015 07 29 23.882000 1 1
2015 07 30 24.476000 1 1
2015 07 31 26.007000 1 1
2015 08 01 26.639000 1 1
2015 08 02 27.282000 1 1
2015 08 03 28.269000 1 1
2015 08 04 28.942000 1 1
2015 08 05 29.626000 1 1
2015 08 06 25.695000 1 1
2015 08 07 25.080000 1 1
2015 08 08 26.321000 1 1
2015 08 09 27.608000 1 1
2015 08 10 28.604000 1 1
2015 08 11 30.323000 1 1
2015 08 12 32.859000 1 1
2015 08 13 35.947000 1 1
2015 08 14 39.248000 1 1
2015 08 15 43.687000 1 1
2015 08 16 48.994000 1 1
2015 08 17 54.224000 1 1
2015 08 18 59.279000 1 1
2015 08 19 49.499000 1 1
2015 08 20 37.570000 1 1
2015 08 21 40.542000 1 1
2015 08 22 46.525000 1 1
2015 08 23 42.771000 1 1
2015 08 24 38.823000 1 1
2015 08 25 35.549000 1 1
2015 08 26 33.611000 1 1
2015 08 27 32.118000 1 1
2015 08 28 31.753000 1 1
2015 08 29 30.323000 1 1
2015 08 30 29.283000 1 1
2015 08 31 28.942000 1 1
2015 09 01 32.118000 1 1
2015 09 02 32.859000 1 1
2015 09 03 31.391000 1 1
2015 09 04 30.676000 1 1
2015 09 05 29.973000 1 1
2015 09 06 28.942000 1 1
2015 09 07 28.604000 1 1
2015 09 08 33.233000 1 1
2015 09 09 43.687000 1 1
2015 09 10 39.248000 1 1
2015 09 11 40.981000 1 1
2015 09 12 38.823000 1 1
2015 09 13 36.752000 1 1
2015 09 14 36.752000 1 1
2015 09 15 36.348000 1 1
2015 09 16 36.752000 1 1
2015 09 17 36.348000 1 1
2015 09 18 36.348000 1 1
2015 09 19 37.159000 1 1
2015 09 20 37.984000 1 1
2015 09 21 41.423000 1 1
2015 09 22 47.011000 1 1
2015 09 23 45.089000 1 1
2015 09 24 43.227000 1 1
2015 09 25 42.771000 1 1
2015 09 26 43.687000 1 1
2015 09 27 42.771000 1 1
2015 09 28 44.151000 1 1
2015 09 29 42.318000 1 1
2015 09 30 40.542000 1 1
2015 10 01 41.423000 1 1
2015 10 02 40.107000 1 1
2015 10 03 37.984000 1 1
2015 10 04 38.823000 1 1
2015 10 05 38.823000 1 1
2015 10 06 37.570000 1 1
2015 10 07 37.159000 1 1
2015 10 08 36.348000 1 1
2015 10 09 36.752000 1 1
2015 10 10 39.248000 1 1
2015 10 11 43.687000 1 1
2015 10 12 46.043000 1 1
2015 10 13 56.429000 1 1
2015 10 14 67.834000 1 1
2015 10 15 61.040000 1 1
2015 10 16 58.126000 1 1
2015 10 17 46.525000 1 1
2015 10 18 40.981000 1 1
2015 10 19 54.769000 1 1
2015 10 20 93.258000 1 1
2015 10 21 nan nan 0
2015 10 22 nan nan 0
2015 10 23 nan nan 0
2015 10 24 nan nan 0
2015 10 25 nan nan 0
2015 10 26 nan nan 0
2015 10 27 nan nan 0
2015 10 28 nan nan 0
2015 10 29 nan nan 0
2015 10 30 nan nan 0
2015 10 31 nan nan 0
2015 11 01 nan nan 0
2015 11 02 nan nan 0
2015 11 03 nan nan 0
2015 11 04 nan nan 0
2015 11 05 nan nan 0
2015 11 06 nan nan 0
2015 11 07 nan nan 0
2015 11 08 nan nan 0
2015 11 09 nan nan 0
2015 11 10 nan nan 0
2015 11 11 nan nan 0
2015 11 12 77.281000 1 1
2015 11 13 75.875000 1 1
2015 11 14 74.487000 1 1
2015 11 15 69.127000 1 1
2015 11 16 54.769000 1 1
2015 11 17 44.618000 1 1
2015 11 18 39.248000 1 1
2015 11 19 37.984000 1 1
2015 11 20 43.227000 1 1
2015 11 21 40.981000 1 1
2015 11 22 36.752000 1 1
2015 11 23 35.549000 1 1
2015 11 24 34.377000 1 1
2015 11 25 33.611000 1 1
2015 11 26 32.487000 1 1
2015 11 27 31.391000 1 1
2015 11 28 31.032000 1 1
2015 11 29 32.487000 1 1
2015 11 30 31.753000 1 1
2015 12 01 31.391000 1 1
2015 12 02 31.032000 1 1
2015 12 03 31.032000 1 1
2015 12 04 31.032000 1 1
2015 12 05 31.753000 1 1
2015 12 06 34.764000 1 1
2015 12 07 34.764000 1 1
2015 12 08 30.323000 1 1
2015 12 09 30.323000 1 1
2015 12 10 29.973000 1 1
2015 12 11 29.626000 1 1
2015 12 12 30.323000 1 1
2015 12 13 31.032000 1 1
2015 12 14 29.973000 1 1
2015 12 15 31.032000 1 1
2015 12 16 30.676000 1 1
2015 12 17 31.032000 1 1
2015 12 18 30.676000 1 1
2015 12 19 31.032000 1 1
2015 12 20 31.753000 1 1
2015 12 21 33.611000 1 1
2015 12 22 31.753000 1 1
2015 12 23 31.032000 1 1
2015 12 24 31.032000 1 1
2015 12 25 31.753000 1 1
2015 12 26 32.118000 1 1
2015 12 27 38.402000 1 1
2015 12 28 35.549000 1 1
2015 12 29 31.391000 1 1
2015 12 30 31.391000 1 1
2015 12 31 31.032000 1 1
2016 01 01 32.859000 1 1
2016 01 02 38.402000 1 1
2016 01 03 42.318000 1 1
2016 01 04 35.549000 1 1
2016 01 05 33.611000 1 1
2016 01 06 32.859000 1 1
2016 01 07 33.611000 1 1
2016 01 08 37.570000 1 1
2016 01 09 39.676000 1 1
2016 01 10 43.227000 1 1
2016 01 11 37.570000 1 1
2016 01 12 45.089000 1 1
2016 01 13 75.179000 1 1
2016 01 14 80.883000 1 1
2016 01 15 98.246000 1 1
2016 01 16 110.660000 1 1
2016 01 17 80.883000 1 1
2016 01 18 76.576000 1 1
2016 01 19 74.487000 1 1
2016 01 20 72.442000 1 1
2016 01 21 70.439000 1 1
2016 01 22 67.194000 1 1
2016 01 23 64.062000 1 1
2016 01 24 59.862000 1 1
2016 01 25 58.126000 1 1
2016 01 26 55.318000 1 1
2016 01 27 56.991000 1 1
2016 01 28 61.040000 1 1
2016 01 29 99.952000 1 1
2016 01 30 86.906000 1 1
2016 01 31 73.119000 1 1
2016 02 01 71.102000 1 1
2016 02 02 70.439000 1 1
2016 02 03 64.679000 1 1
2016 02 04 58.701000 1 1
2016 02 05 57.556000 1 1
2016 02 06 57.556000 1 1
2016 02 07 51.038000 1 1
2016 02 08 47.011000 1 1
2016 02 09 43.227000 1 1
2016 02 10 39.248000 1 1
2016 02 11 40.542000 1 1
2016 02 12 42.318000 1 1
2016 02 13 42.318000 1 1
2016 02 14 40.981000 1 1
2016 02 15 39.676000 1 1
2016 02 16 61.636000 1 1
2016 02 17 98.246000 1 1
2016 02 18 88.463000 1 1
2016 02 19 79.428000 1 1
2016 02 20 73.801000 1 1
2016 02 21 83.854000 1 1
2016 02 22 83.104000 1 1
2016 02 23 72.442000 1 1
2016 02 24 69.781000 1 1
2016 02 25 68.478000 1 1
2016 02 26 65.927000 1 1
2016 02 27 62.840000 1 1
2016 02 28 61.040000 1 1
2016 02 29 87.682000 1 1
2016 03 01 76.576000 1 1
2016 03 02 97.401000 1 1
2016 03 03 78.707000 1 1
2016 03 04 72.442000 1 1
2016 03 05 70.439000 1 1
2016 03 06 75.179000 1 1
2016 03 07 77.992000 1 1
2016 03 08 92.446000 1 1
2016 03 09 76.576000 1 1
2016 03 10 75.875000 1 1
2016 03 11 85.370000 1 1
2016 03 12 85.370000 1 1
2016 03 13 86.906000 1 1
2016 03 14 77.281000 1 1
2016 03 15 77.281000 1 1
2016 03 16 73.801000 1 1
2016 03 17 71.102000 1 1
2016 03 18 68.478000 1 1
2016 03 19 64.679000 1 1
2016 03 20 61.040000 1 1
2016 03 21 57.556000 1 1
2016 03 22 61.040000 1 1
2016 03 23 63.448000 1 1
2016 03 24 64.679000 1 1
2016 03 25 63.448000 1 1
2016 03 26 53.683000 1 1
2016 03 27 43.227000 1 1
2016 03 28 39.248000 1 1
2016 03 29 37.570000 1 1
2016 03 30 36.348000 1 1
2016 03 31 35.549000 1 1
2016 04 01 34.764000 1 1
2016 04 02 33.992000 1 1
2016 04 03 33.992000 1 1
2016 04 04 34.377000 1 1
2016 04 05 35.549000 1 1
2016 04 06 35.947000 1 1
2016 04 07 34.764000 1 1
2016 04 08 34.377000 1 1
2016 04 09 34.377000 1 1
2016 04 10 35.155000 1 1
2016 04 11 34.377000 1 1
2016 04 12 34.377000 1 1
2016 04 13 35.155000 1 1
2016 04 14 35.947000 1 1
2016 04 15 28.942000 1 1
2016 04 16 16.434000 1 1
2016 04 17 23.882000 1 1
2016 04 18 23.300000 1 1
2016 04 19 23.300000 1 1
2016 04 20 21.891000 1 1
2016 04 21 22.168000 1 1
2016 04 22 20.027000 1 1
2016 04 23 20.027000 1 1
2016 04 24 20.027000 1 1
2016 04 25 19.770000 1 1
2016 04 26 20.027000 1 1
2016 04 27 19.770000 1 1
2016 04 28 19.770000 1 1
2016 04 29 19.770000 1 1
2016 04 30 20.027000 1 1
2016 05 01 20.547000 1 1
2016 05 02 18.284000 1 1
2016 05 03 17.110000 1 1
2016 05 04 17.340000 1 1
2016 05 05 17.808000 1 1
2016 05 06 18.526000 1 1
2016 05 07 17.808000 1 1
2016 05 08 17.573000 1 1
2016 05 09 17.110000 1 1
2016 05 10 17.573000 1 1
2016 05 11 18.045000 1 1
2016 05 12 18.770000 1 1
2016 05 13 21.891000 1 1
2016 05 14 26.959000 1 1
2016 05 15 28.942000 1 1
2016 05 16 30.323000 1 1
2016 05 17 33.611000 1 1
2016 05 18 34.377000 1 1
2016 05 19 35.549000 1 1
2016 05 20 35.155000 1 1
2016 05 21 41.868000 1 1
2016 05 22 40.107000 1 1
2016 05 23 35.947000 1 1
2016 05 24 33.992000 1 1
2016 05 25 33.611000 1 1
2016 05 26 32.118000 1 1
2016 05 27 32.487000 1 1
2016 05 28 31.032000 1 1
2016 05 29 31.391000 1 1
2016 05 30 33.233000 1 1
2016 05 31 35.155000 1 1
2016 06 01 35.549000 1 1
2016 06 02 35.155000 1 1
2016 06 03 31.753000 1 1
2016 06 04 32.859000 1 1
2016 06 05 34.764000 1 1
2016 06 06 35.947000 1 1
2016 06 07 41.868000 1 1
2016 06 08 45.564000 1 1
2016 06 09 67.834000 1 1
2016 06 10 70.439000 1 1
2016 06 11 66.558000 1 1
2016 06 12 64.062000 1 1
2016 06 13 59.862000 1 1
2016 06 14 53.146000 1 1
2016 06 15 46.525000 1 1
2016 06 16 41.423000 1 1
2016 06 17 40.107000 1 1
2016 06 18 40.981000 1 1
2016 06 19 41.423000 1 1
2016 06 20 41.423000 1 1
2016 06 21 41.868000 1 1
2016 06 22 44.151000 1 1
2016 06 23 47.011000 1 1
2016 06 24 45.089000 1 1
2016 06 25 39.248000 1 1
2016 06 26 37.570000 1 1
2016 06 27 36.752000 1 1
2016 06 28 35.155000 1 1
2016 06 29 35.155000 1 1
2016 06 30 35.549000 1 1
2016 07 01 35.549000 1 1
2016 07 02 36.348000 1 1
2016 07 03 36.348000 1 1
2016 07 04 37.570000 1 1
2016 07 05 37.570000 1 1
2016 07 06 36.348000 1 1
2016 07 07 35.155000 1 1
2016 07 08 34.377000 1 1
2016 07 09 34.377000 1 1
2016 07 10 33.611000 1 1
2016 07 11 33.233000 1 1
2016 07 12 33.611000 1 1
2016 07 13 32.859000 1 1
2016 07 14 28.604000 1 1
2016 07 15 28.604000 1 1
2016 07 16 29.973000 1 1
2016 07 17 31.391000 1 1
2016 07 18 31.391000 1 1
2016 07 19 28.604000 1 1
2016 07 20 26.007000 1 1
2016 07 21 26.321000 1 1
2016 07 22 27.937000 1 1
2016 07 23 29.626000 1 1
2016 07 24 30.676000 1 1
2016 07 25 30.323000 1 1
2016 07 26 27.937000 1 1
2016 07 27 24.776000 1 1
2016 07 28 23.300000 1 1
2016 07 29 23.882000 1 1
2016 07 30 24.476000 1 1
2016 07 31 25.695000 1 1
2016 08 01 26.639000 1 1
2016 08 02 26.321000 1 1
2016 08 03 26.639000 1 1
2016 08 04 27.608000 1 1
2016 08 05 27.937000 1 1
2016 08 06 23.013000 1 1
2016 08 07 21.891000 1 1
2016 08 08 22.729000 1 1
2016 08 09 25.386000 1 1
2016 08 10 31.753000 1 1
2016 08 11 33.992000 1 1
2016 08 12 34.377000 1 1
2016 08 13 33.611000 1 1
2016 08 14 33.611000 1 1
2016 08 15 33.611000 1 1
2016 08 16 33.233000 1 1
2016 08 17 34.377000 1 1
2016 08 18 33.992000 1 1
2016 08 19 32.118000 1 1
2016 08 20 33.992000 1 1
2016 08 21 59.279000 1 1
2016 08 22 59.862000 1 1
2016 08 23 50.521000 1 1
2016 08 24 42.318000 1 1
2016 08 25 35.155000 1 1
2016 08 26 31.753000 1 1
2016 08 27 31.753000 1 1
2016 08 28 32.118000 1 1
2016 08 29 32.859000 1 1
2016 08 30 33.233000 1 1
2016 08 31 34.764000 1 1
2016 09 01 33.611000 1 1
2016 09 02 30.676000 1 1
2016 09 03 31.753000 1 1
2016 09 04 33.992000 1 1
2016 09 05 34.377000 1 1
2016 09 06 33.992000 1 1
2016 09 07 33.611000 1 1
2016 09 08 32.859000 1 1
2016 09 09 32.487000 1 1
2016 09 10 32.859000 1 1
2016 09 11 33.611000 1 1
2016 09 12 32.859000 1 1
2016 09 13 32.859000 1 1
2016 09 14 32.859000 1 1
2016 09 15 34.377000 1 1
2016 09 16 33.992000 1 1
2016 09 17 33.992000 1 1
2016 09 18 33.992000 1 1
2016 09 19 37.984000 1 1
2016 09 20 36.348000 1 1
2016 09 21 33.233000 1 1
2016 09 22 32.118000 1 1
2016 09 23 32.859000 1 1
2016 09 24 32.118000 1 1
2016 09 25 33.233000 1 1
2016 09 26 33.992000 1 1
2016 09 27 33.992000 1 1
2016 09 28 33.992000 1 1
2016 09 29 34.377000 1 1
2016 09 30 34.377000 1 1
2016 10 01 34.764000 1 1
2016 10 02 34.764000 1 1
2016 10 03 34.764000 1 1
2016 10 04 33.611000 1 1
2016 10 05 33.611000 1 1
2016 10 06 33.992000 1 1
2016 10 07 34.377000 1 1
2016 10 08 34.764000 1 1
2016 10 09 34.377000 1 1
2016 10 10 33.992000 1 1
2016 10 11 33.611000 1 1
2016 10 12 33.992000 1 1
2016 10 13 35.947000 1 1
2016 10 14 36.348000 1 1
2016 10 15 34.377000 1 1
2016 10 16 35.549000 1 1
2016 10 17 37.570000 1 1
2016 10 18 38.402000 1 1
2016 10 19 35.549000 1 1
2016 10 20 34.377000 1 1
2016 10 21 36.348000 1 1
2016 10 22 35.947000 1 1
2016 10 23 33.992000 1 1
2016 10 24 34.377000 1 1
2016 10 25 34.764000 1 1
2016 10 26 35.947000 1 1
2016 10 27 40.981000 1 1
2016 10 28 38.823000 1 1
2016 10 29 34.377000 1 1
2016 10 30 32.118000 1 1
2016 10 31 32.859000 1 1
2016 11 01 31.391000 1 1
2016 11 02 30.676000 1 1
2016 11 03 30.323000 1 1
2016 11 04 29.973000 1 1
2016 11 05 29.626000 1 1
2016 11 06 29.283000 1 1
2016 11 07 26.959000 1 1
2016 11 08 26.639000 1 1
2016 11 09 28.269000 1 1
2016 11 10 33.233000 1 1
2016 11 11 32.859000 1 1
2016 11 12 30.676000 1 1
2016 11 13 29.973000 1 1
2016 11 14 28.269000 1 1
2016 11 15 29.626000 1 1
2016 11 16 32.487000 1 1
2016 11 17 41.868000 1 1
2016 11 18 39.676000 1 1
2016 11 19 35.549000 1 1
2016 11 20 36.752000 1 1
2016 11 21 36.348000 1 1
2016 11 22 36.752000 1 1
2016 11 23 35.155000 1 1
2016 11 24 32.118000 1 1
2016 11 25 29.973000 1 1
2016 11 26 30.323000 1 1
2016 11 27 30.323000 1 1
2016 11 28 31.032000 1 1
2016 11 29 31.753000 1 1
2016 11 30 30.676000 1 1
2016 12 01 29.626000 1 1
2016 12 02 28.942000 1 1
2016 12 03 28.942000 1 1
2016 12 04 29.973000 1 1
2016 12 05 29.626000 1 1
2016 12 06 29.283000 1 1
2016 12 07 29.283000 1 1
2016 12 08 29.283000 1 1
2016 12 09 27.608000 1 1
2016 12 10 31.032000 1 1
2016 12 11 30.676000 1 1
2016 12 12 40.107000 1 1
2016 12 13 35.549000 1 1
2016 12 14 32.859000 1 1
2016 12 15 31.753000 1 1
2016 12 16 31.032000 1 1
2016 12 17 29.626000 1 1
2016 12 18 29.283000 1 1
2016 12 19 29.973000 1 1
2016 12 20 33.233000 1 1
2016 12 21 31.753000 1 1
2016 12 22 30.676000 1 1
2016 12 23 29.973000 1 1
2016 12 24 29.626000 1 1
2016 12 25 30.676000 1 1
2016 12 26 31.032000 1 1
2016 12 27 31.032000 1 1
2016 12 28 29.973000 1 1
2016 12 29 29.626000 1 1
2016 12 30 29.283000 1 1
2016 12 31 28.942000 1 1
2017 01 01 27.937000 1 1
2017 01 02 28.942000 1 1
2017 01 03 31.032000 1 1
2017 01 04 31.032000 1 1
2017 01 05 30.323000 1 1
2017 01 06 31.391000 1 1
2017 01 07 27.608000 1 1
2017 01 08 28.604000 1 1
2017 01 09 29.626000 1 1
2017 01 10 30.323000 1 1
2017 01 11 30.323000 1 1
2017 01 12 31.391000 1 1
2017 01 13 33.611000 1 1
2017 01 14 31.753000 1 1
2017 01 15 29.973000 1 1
2017 01 16 31.032000 1 1
2017 01 17 31.391000 1 1
2017 01 18 29.283000 1 1
2017 01 19 26.959000 1 1
2017 01 20 26.639000 1 1
2017 01 21 26.959000 1 1
2017 01 22 27.937000 1 1
2017 01 23 28.942000 1 1
2017 01 24 29.283000 1 1
2017 01 25 28.942000 1 1
2017 01 26 28.942000 1 1
2017 01 27 29.973000 1 1
2017 01 28 31.391000 1 1
2017 01 29 35.155000 1 1
2017 01 30 35.947000 1 1
2017 01 31 34.764000 1 1
2017 02 01 41.423000 1 1
2017 02 02 51.038000 1 1
2017 02 03 44.151000 1 1
2017 02 04 39.676000 1 1
2017 02 05 38.402000 1 1
2017 02 06 39.248000 1 1
2017 02 07 46.525000 1 1
2017 02 08 48.492000 1 1
2017 02 09 42.318000 1 1
2017 02 10 39.248000 1 1
2017 02 11 33.611000 1 1
2017 02 12 31.391000 1 1
2017 02 13 31.032000 1 1
2017 02 14 32.487000 1 1
2017 02 15 34.764000 1 1
2017 02 16 36.348000 1 1
2017 02 17 35.155000 1 1
2017 02 18 35.947000 1 1
2017 02 19 36.348000 1 1
2017 02 20 36.348000 1 1
2017 02 21 36.348000 1 1
2017 02 22 36.752000 1 1
2017 02 23 36.348000 1 1
2017 02 24 36.752000 1 1
2017 02 25 37.984000 1 1
2017 02 26 40.981000 1 1
2017 02 27 36.752000 1 1
2017 02 28 35.549000 1 1
2017 03 01 36.348000 1 1
2017 03 02 37.159000 1 1
2017 03 03 36.348000 1 1
2017 03 04 35.947000 1 1
2017 03 05 35.549000 1 1
2017 03 06 38.823000 1 1
2017 03 07 40.107000 1 1
2017 03 08 39.676000 1 1
2017 03 09 35.549000 1 1
2017 03 10 31.753000 1 1
2017 03 11 33.233000 1 1
2017 03 12 35.549000 1 1
2017 03 13 35.549000 1 1
2017 03 14 36.348000 1 1
2017 03 15 38.402000 1 1
2017 03 16 38.402000 1 1
2017 03 17 38.823000 1 1
2017 03 18 53.683000 1 1
2017 03 19 59.862000 1 1
2017 03 20 57.556000 1 1
2017 03 21 56.429000 1 1
2017 03 22 58.126000 1 1
2017 03 23 58.126000 1 1
2017 03 24 51.038000 1 1
2017 03 25 47.011000 1 1
2017 03 26 46.525000 1 1
2017 03 27 38.823000 1 1
2017 03 28 40.542000 1 1
2017 03 29 40.981000 1 1
2017 03 30 39.676000 1 1
2017 03 31 38.823000 1 1
2017 04 01 40.542000 1 1
2017 04 02 37.984000 1 1
2017 04 03 35.155000 1 1
2017 04 04 34.377000 1 1
2017 04 05 34.377000 1 1
2017 04 06 33.233000 1 1
2017 04 07 33.992000 1 1
2017 04 08 35.155000 1 1
2017 04 09 34.764000 1 1
2017 04 10 33.233000 1 1
2017 04 11 33.233000 1 1
2017 04 12 44.618000 1 1
2017 04 13 69.127000 1 1
2017 04 14 65.301000 1 1
2017 04 15 58.126000 1 1
2017 04 16 51.559000 1 1
2017 04 17 45.564000 1 1
2017 04 18 29.973000 1 1
2017 04 19 26.321000 1 1
2017 04 20 30.323000 1 1
2017 04 21 40.107000 1 1
2017 04 22 38.823000 1 1
2017 04 23 37.570000 1 1
2017 04 24 38.402000 1 1
2017 04 25 35.947000 1 1
2017 04 26 33.611000 1 1
2017 04 27 40.981000 1 1
2017 04 28 46.043000 1 1
2017 04 29 43.227000 1 1
2017 04 30 38.823000 1 1
2017 05 01 35.155000 1 1
2017 05 02 34.764000 1 1
2017 05 03 35.549000 1 1
2017 05 04 34.377000 1 1
2017 05 05 33.611000 1 1
2017 05 06 35.155000 1 1
2017 05 07 35.155000 1 1
2017 05 08 34.377000 1 1
2017 05 09 33.611000 1 1
2017 05 10 33.233000 1 1
2017 05 11 33.992000 1 1
2017 05 12 34.764000 1 1
2017 05 13 36.348000 1 1
2017 05 14 37.984000 1 1
2017 05 15 37.984000 1 1
2017 05 16 38.402000 1 1
2017 05 17 37.570000 1 1
2017 05 18 35.947000 1 1
2017 05 19 36.348000 1 1
2017 05 20 35.947000 1 1
2017 05 21 33.992000 1 1
2017 05 22 34.764000 1 1
2017 05 23 33.233000 1 1
2017 05 24 33.611000 1 1
2017 05 25 33.233000 1 1
2017 05 26 32.859000 1 1
2017 05 27 30.676000 1 1
2017 05 28 33.611000 1 1
2017 05 29 37.159000 1 1
2017 05 30 37.984000 1 1
2017 05 31 37.159000 1 1
2017 06 01 37.159000 1 1
2017 06 02 37.570000 1 1
2017 06 03 37.570000 1 1
2017 06 04 37.570000 1 1
2017 06 05 40.542000 1 1
2017 06 06 53.683000 1 1
2017 06 07 73.801000 1 1
2017 06 08 57.556000 1 1
2017 06 09 41.868000 1 1
2017 06 10 40.107000 1 1
2017 06 11 41.868000 1 1
2017 06 12 42.771000 1 1
2017 06 13 42.318000 1 1
2017 06 14 38.823000 1 1
2017 06 15 35.155000 1 1
2017 06 16 31.032000 1 1
2017 06 17 28.604000 1 1
2017 06 18 27.608000 1 1
2017 06 19 27.608000 1 1
2017 06 20 28.604000 1 1
2017 06 21 29.973000 1 1
2017 06 22 30.323000 1 1
2017 06 23 28.942000 1 1
2017 06 24 27.282000 1 1
2017 06 25 28.269000 1 1
2017 06 26 29.626000 1 1
2017 06 27 30.323000 1 1
2017 06 28 30.676000 1 1
2017 06 29 31.032000 1 1
2017 06 30 31.391000 1 1
2017 07 01 31.032000 1 1
2017 07 02 31.032000 1 1
2017 07 03 30.676000 1 1
2017 07 04 30.676000 1 1
2017 07 05 30.323000 1 1
2017 07 06 30.676000 1 1
2017 07 07 nan nan 0
2017 07 08 nan nan 0
2017 07 09 nan nan 0
2017 07 10 nan nan 0
2017 07 11 nan nan 0
2017 07 12 nan nan 0
2017 07 13 nan nan 0
2017 07 14 nan nan 0
2017 07 15 nan nan 0
2017 07 16 nan nan 0
2017 07 17 nan nan 0
2017 07 18 nan nan 0
2017 07 19 nan nan 0
2017 07 20 nan nan 0
2017 07 21 nan nan 0
2017 07 22 32.118000 1 1
2017 07 23 23.882000 1 1
2017 07 24 23.300000 1 1
2017 07 25 23.300000 1 1
2017 07 26 23.300000 1 1
2017 07 27 23.013000 1 1
2017 07 28 23.013000 1 1
2017 07 29 25.080000 1 1
2017 07 30 24.476000 1 1
2017 07 31 25.080000 1 1
2017 08 01 26.321000 1 1
2017 08 02 26.959000 1 1
2017 08 03 28.604000 1 1
2017 08 04 30.323000 1 1
2017 08 05 32.487000 1 1
2017 08 06 34.764000 1 1
2017 08 07 35.549000 1 1
2017 08 08 36.348000 1 1
2017 08 09 32.118000 1 1
2017 08 10 31.032000 1 1
2017 08 11 31.753000 1 1
2017 08 12 33.611000 1 1
2017 08 13 33.611000 1 1
2017 08 14 35.155000 1 1
2017 08 15 33.992000 1 1
2017 08 16 33.233000 1 1
2017 08 17 32.118000 1 1
2017 08 18 31.753000 1 1
2017 08 19 32.118000 1 1
2017 08 20 32.118000 1 1
2017 08 21 33.992000 1 1
2017 08 22 33.611000 1 1
2017 08 23 32.118000 1 1
2017 08 24 31.753000 1 1
2017 08 25 31.032000 1 1
2017 08 26 28.269000 1 1
2017 08 27 30.323000 1 1
2017 08 28 32.859000 1 1
2017 08 29 35.155000 1 1
2017 08 30 36.348000 1 1
2017 08 31 35.549000 1 1
2017 09 01 34.764000 1 1
2017 09 02 35.155000 1 1
2017 09 03 34.764000 1 1
2017 09 04 33.992000 1 1
2017 09 05 33.611000 1 1
2017 09 06 33.233000 1 1
2017 09 07 32.487000 1 1
2017 09 08 32.118000 1 1
2017 09 09 31.753000 1 1
2017 09 10 30.676000 1 1
2017 09 11 28.942000 1 1
2017 09 12 28.269000 1 1
2017 09 13 28.604000 1 1
2017 09 14 29.626000 1 1
2017 09 15 30.323000 1 1
2017 09 16 30.676000 1 1
2017 09 17 30.676000 1 1
2017 09 18 30.676000 1 1
2017 09 19 30.323000 1 1
2017 09 20 29.973000 1 1
2017 09 21 29.973000 1 1
2017 09 22 30.676000 1 1
2017 09 23 30.323000 1 1
2017 09 24 29.973000 1 1
2017 09 25 29.626000 1 1
2017 09 26 28.942000 1 1
2017 09 27 28.269000 1 1
2017 09 28 27.282000 1 1
2017 09 29 26.007000 1 1
2017 09 30 25.386000 1 1
2017 10 01 24.776000 1 1
2017 10 02 19.517000 1 1
2017 10 03 18.045000 1 1
2017 10 04 23.882000 1 1
2017 10 05 26.959000 1 1
2017 10 06 27.282000 1 1
2017 10 07 23.882000 1 1
2017 10 08 23.300000 1 1
2017 10 09 26.321000 1 1
2017 10 10 26.959000 1 1
2017 10 11 27.282000 1 1
2017 10 12 27.608000 1 1
2017 10 13 27.608000 1 1
2017 10 14 27.608000 1 1
2017 10 15 27.937000 1 1
2017 10 16 26.321000 1 1
2017 10 17 25.695000 1 1
2017 10 18 25.386000 1 1
2017 10 19 25.695000 1 1
2017 10 20 26.007000 1 1
2017 10 21 27.282000 1 1
2017 10 22 29.626000 1 1
2017 10 23 32.859000 1 1
2017 10 24 31.753000 1 1
2017 10 25 28.604000 1 1
2017 10 26 30.323000 1 1
2017 10 27 26.007000 1 1
2017 10 28 26.321000 1 1
2017 10 29 26.007000 1 1
2017 10 30 27.282000 1 1
2017 10 31 28.942000 1 1
2017 11 01 25.695000 1 1
2017 11 02 28.604000 1 1
2017 11 03 28.604000 1 1
2017 11 04 26.321000 1 1
2017 11 05 33.992000 1 1
2017 11 06 34.764000 1 1
2017 11 07 33.233000 1 1
2017 11 08 31.032000 1 1
2017 11 09 29.626000 1 1
2017 11 10 28.269000 1 1
2017 11 11 28.942000 1 1
2017 11 12 27.608000 1 1
2017 11 13 26.007000 1 1
2017 11 14 25.080000 1 1
2017 11 15 24.178000 1 1
2017 11 16 22.168000 1 1
2017 11 17 22.729000 1 1
2017 11 18 22.729000 1 1
2017 11 19 22.729000 1 1
2017 11 20 23.300000 1 1
2017 11 21 23.013000 1 1
2017 11 22 23.590000 1 1
2017 11 23 24.476000 1 1
2017 11 24 24.776000 1 1
2017 11 25 22.447000 1 1
2017 11 26 21.346000 1 1
2017 11 27 21.346000 1 1
2017 11 28 20.285000 1 1
2017 11 29 19.265000 1 1
2017 11 30 18.770000 1 1
2017 12 01 19.265000 1 1
2017 12 02 19.517000 1 1
2017 12 03 19.265000 1 1
2017 12 04 18.770000 1 1
2017 12 05 18.526000 1 1
2017 12 06 18.526000 1 1
2017 12 07 18.526000 1 1
2017 12 08 18.526000 1 1
2017 12 09 18.526000 1 1
2017 12 10 18.526000 1 1
2017 12 11 18.284000 1 1
2017 12 12 18.526000 1 1
2017 12 13 18.526000 1 1
2017 12 14 17.340000 1 1
2017 12 15 16.657000 1 1
2017 12 16 16.883000 1 1
2017 12 17 16.883000 1 1
2017 12 18 16.883000 1 1
2017 12 19 19.517000 1 1
2017 12 20 17.110000 1 1
2017 12 21 22.168000 1 1
2017 12 22 26.639000 1 1
2017 12 23 26.321000 1 1
2017 12 24 26.321000 1 1
2017 12 25 26.639000 1 1
2017 12 26 26.639000 1 1
2017 12 27 26.959000 1 1
2017 12 28 26.959000 1 1
2017 12 29 26.321000 1 1
2017 12 30 26.321000 1 1
2017 12 31 27.608000 1 1
