year month day streamflow_m3s qual_control_by_ana qual_flag
2009 03 01 nan nan 0
2009 03 02 nan nan 0
2009 03 03 nan nan 0
2009 03 04 nan nan 0
2009 03 05 nan nan 0
2009 03 06 nan nan 0
2009 03 07 nan nan 0
2009 03 08 nan nan 0
2009 03 09 nan nan 0
2009 03 10 nan nan 0
2009 03 11 nan nan 0
2009 03 12 nan nan 0
2009 03 13 nan nan 0
2009 03 14 nan nan 0
2009 03 15 nan nan 0
2009 03 16 nan nan 0
2009 03 17 nan nan 0
2009 03 18 nan nan 0
2009 03 19 nan nan 0
2009 03 20 nan nan 0
2009 03 21 nan nan 0
2009 03 22 nan nan 0
2009 03 23 nan nan 0
2009 03 24 nan nan 0
2009 03 25 nan nan 0
2009 03 26 nan nan 0
2009 03 27 nan nan 0
2009 03 28 nan nan 0
2009 03 29 nan nan 0
2009 03 30 nan nan 0
2009 03 31 nan nan 0
2009 04 01 nan nan 1
2009 04 02 nan nan 1
2009 04 03 nan nan 1
2009 04 04 2.770000 1 1
2009 04 05 4.750000 1 1
2009 04 06 3.170000 1 1
2009 04 07 3.090000 1 1
2009 04 08 3.040000 1 1
2009 04 09 3.130000 1 1
2009 04 10 3.030000 1 1
2009 04 11 2.840000 1 1
2009 04 12 2.710000 1 1
2009 04 13 2.690000 1 1
2009 04 14 2.700000 1 1
2009 04 15 2.710000 1 1
2009 04 16 2.720000 1 1
2009 04 17 2.680000 1 1
2009 04 18 2.630000 1 1
2009 04 19 2.810000 1 1
2009 04 20 4.470000 1 1
2009 04 21 3.190000 1 1
2009 04 22 3.130000 1 1
2009 04 23 4.470000 1 1
2009 04 24 3.380000 1 1
2009 04 25 3.150000 1 1
2009 04 26 3.070000 1 1
2009 04 27 2.970000 1 1
2009 04 28 3.110000 1 1
2009 04 29 3.100000 1 1
2009 04 30 3.190000 1 1
2009 05 01 3.110000 1 1
2009 05 02 3.080000 1 1
2009 05 03 3.120000 1 1
2009 05 04 3.220000 1 1
2009 05 05 3.490000 1 1
2009 05 06 3.470000 1 1
2009 05 07 2.730000 1 1
2009 05 08 2.660000 1 1
2009 05 09 2.730000 1 1
2009 05 10 2.800000 1 1
2009 05 11 2.840000 1 1
2009 05 12 5.280000 1 1
2009 05 13 4.970000 1 1
2009 05 14 10.680000 1 1
2009 05 15 5.430000 1 1
2009 05 16 3.800000 1 1
2009 05 17 3.340000 1 1
2009 05 18 3.090000 1 1
2009 05 19 3.040000 1 1
2009 05 20 2.990000 1 1
2009 05 21 3.080000 1 1
2009 05 22 3.120000 1 1
2009 05 23 3.100000 1 1
2009 05 24 3.000000 1 1
2009 05 25 3.020000 1 1
2009 05 26 3.020000 1 1
2009 05 27 2.940000 1 1
2009 05 28 2.900000 1 1
2009 05 29 2.750000 1 1
2009 05 30 5.340000 1 1
2009 05 31 9.550000 1 1
2009 06 01 5.180000 1 1
2009 06 02 4.360000 1 1
2009 06 03 3.740000 1 1
2009 06 04 3.700000 1 1
2009 06 05 3.530000 1 1
2009 06 06 3.390000 1 1
2009 06 07 3.190000 1 1
2009 06 08 3.220000 1 1
2009 06 09 3.910000 1 1
2009 06 10 3.420000 1 1
2009 06 11 3.260000 1 1
2009 06 12 3.090000 1 1
2009 06 13 3.020000 1 1
2009 06 14 3.050000 1 1
2009 06 15 3.030000 1 1
2009 06 16 5.250000 1 1
2009 06 17 4.560000 1 1
2009 06 18 3.650000 1 1
2009 06 19 3.510000 1 1
2009 06 20 3.360000 1 1
2009 06 21 3.210000 1 1
2009 06 22 3.130000 1 1
2009 06 23 7.580000 1 1
2009 06 24 11.680000 1 1
2009 06 25 6.060000 1 1
2009 06 26 4.920000 1 1
2009 06 27 4.500000 1 1
2009 06 28 4.170000 1 1
2009 06 29 4.790000 1 1
2009 06 30 7.050000 1 1
2009 07 01 4.500000 1 1
2009 07 02 4.100000 1 1
2009 07 03 3.720000 1 1
2009 07 04 3.560000 1 1
2009 07 05 3.370000 1 1
2009 07 06 3.260000 1 1
2009 07 07 9.680000 1 1
2009 07 08 12.180000 1 1
2009 07 09 13.630000 1 1
2009 07 10 9.040000 1 1
2009 07 11 7.800000 1 1
2009 07 12 6.440000 1 1
2009 07 13 5.630000 1 1
2009 07 14 5.130000 1 1
2009 07 15 4.830000 1 1
2009 07 16 17.220000 1 1
2009 07 17 16.360000 1 1
2009 07 18 10.440000 1 1
2009 07 19 8.140000 1 1
2009 07 20 7.010000 1 1
2009 07 21 6.120000 1 1
2009 07 22 8.640000 1 1
2009 07 23 6.370000 1 1
2009 07 24 5.630000 1 1
2009 07 25 5.230000 1 1
2009 07 26 4.850000 1 1
2009 07 27 4.540000 1 1
2009 07 28 4.350000 1 1
2009 07 29 4.260000 1 1
2009 07 30 4.000000 1 1
2009 07 31 3.780000 1 1
2009 08 01 3.920000 1 1
2009 08 02 11.100000 1 1
2009 08 03 7.910000 1 1
2009 08 04 6.490000 1 1
2009 08 05 5.790000 1 1
2009 08 06 10.940000 1 1
2009 08 07 10.200000 1 1
2009 08 08 51.540000 1 1
2009 08 09 57.930000 1 1
2009 08 10 49.330000 1 1
2009 08 11 24.520000 1 1
2009 08 12 15.750000 1 1
2009 08 13 11.950000 1 1
2009 08 14 9.620000 1 1
2009 08 15 8.100000 1 1
2009 08 16 7.140000 1 1
2009 08 17 10.870000 1 1
2009 08 18 10.410000 1 1
2009 08 19 20.540000 1 1
2009 08 20 13.130000 1 1
2009 08 21 11.950000 1 1
2009 08 22 9.470000 1 1
2009 08 23 8.080000 1 1
2009 08 24 7.200000 1 1
2009 08 25 6.580000 1 1
2009 08 26 5.960000 1 1
2009 08 27 5.550000 1 1
2009 08 28 5.290000 1 1
2009 08 29 5.360000 1 1
2009 08 30 5.730000 1 1
2009 08 31 5.640000 1 1
2009 09 01 5.650000 1 1
2009 09 02 36.080000 1 1
2009 09 03 42.730000 1 1
2009 09 04 32.130000 1 1
2009 09 05 19.730000 1 1
2009 09 06 14.830000 1 1
2009 09 07 12.980000 1 1
2009 09 08 51.630000 1 1
2009 09 09 34.730000 1 1
2009 09 10 35.070000 1 1
2009 09 11 53.200000 1 1
2009 09 12 93.960000 1 1
2009 09 13 43.700000 1 1
2009 09 14 26.200000 1 1
2009 09 15 18.520000 1 1
2009 09 16 14.590000 1 1
2009 09 17 12.180000 1 1
2009 09 18 21.790000 1 1
2009 09 19 16.280000 1 1
2009 09 20 12.710000 1 1
2009 09 21 10.780000 1 1
2009 09 22 9.840000 1 1
2009 09 23 11.560000 1 1
2009 09 24 10.630000 1 1
2009 09 25 8.330000 1 1
2009 09 26 7.370000 1 1
2009 09 27 57.640000 1 1
2009 09 28 46.410000 1 1
2009 09 29 27.300000 1 1
2009 09 30 18.150000 1 1
2009 10 01 18.070000 1 1
2009 10 02 15.580000 1 1
2009 10 03 13.190000 1 1
2009 10 04 10.200000 1 1
2009 10 05 8.910000 1 1
2009 10 06 17.910000 1 1
2009 10 07 11.400000 1 1
2009 10 08 9.770000 1 1
2009 10 09 8.630000 1 1
2009 10 10 7.610000 1 1
2009 10 11 7.710000 1 1
2009 10 12 27.240000 1 1
2009 10 13 15.800000 1 1
2009 10 14 12.240000 1 1
2009 10 15 15.940000 1 1
2009 10 16 11.330000 1 1
2009 10 17 9.690000 1 1
2009 10 18 8.520000 1 1
2009 10 19 7.590000 1 1
2009 10 20 7.070000 1 1
2009 10 21 6.340000 1 1
2009 10 22 6.100000 1 1
2009 10 23 5.520000 1 1
2009 10 24 9.610000 1 1
2009 10 25 7.940000 1 1
2009 10 26 8.240000 1 1
2009 10 27 6.990000 1 1
2009 10 28 6.020000 1 1
2009 10 29 5.420000 1 1
2009 10 30 5.010000 1 1
2009 10 31 4.750000 1 1
2009 11 01 4.490000 1 1
2009 11 02 4.210000 1 1
2009 11 03 4.350000 1 1
2009 11 04 5.100000 1 1
2009 11 05 4.620000 1 1
2009 11 06 4.460000 1 1
2009 11 07 13.230000 1 1
2009 11 08 12.450000 1 1
2009 11 09 7.920000 1 1
2009 11 10 10.080000 1 1
2009 11 11 8.880000 1 1
2009 11 12 6.950000 1 1
2009 11 13 16.270000 1 1
2009 11 14 41.470000 1 1
2009 11 15 23.420000 1 1
2009 11 16 15.900000 1 1
2009 11 17 11.620000 1 1
2009 11 18 16.350000 1 1
2009 11 19 23.860000 1 1
2009 11 20 23.520000 1 1
2009 11 21 15.380000 1 1
2009 11 22 28.340000 1 1
2009 11 23 22.630000 1 1
2009 11 24 21.910000 1 1
2009 11 25 16.340000 1 1
2009 11 26 13.240000 1 1
2009 11 27 10.370000 1 1
2009 11 28 9.090000 1 1
2009 11 29 7.650000 1 1
2009 11 30 7.650000 1 1
2009 12 01 6.920000 1 0
2009 12 02 16.320000 1 0
2009 12 03 14.270000 1 0
2009 12 04 9.440000 1 0
2009 12 05 7.670000 1 0
2009 12 06 6.410000 1 0
2009 12 07 5.910000 1 0
2009 12 08 5.470000 1 0
2009 12 09 6.080000 1 0
2009 12 10 5.820000 1 0
2009 12 11 7.780000 1 0
2009 12 12 21.470000 1 0
2009 12 13 12.160000 1 0
2009 12 14 8.720000 1 0
2009 12 15 7.700000 1 0
2009 12 16 6.910000 1 0
2009 12 17 6.430000 1 0
2009 12 18 nan nan 0
2009 12 19 nan nan 0
2009 12 20 nan nan 0
2009 12 21 nan nan 0
2009 12 22 nan nan 0
2009 12 23 nan nan 0
2009 12 24 nan nan 0
2009 12 25 nan nan 0
2009 12 26 nan nan 0
2009 12 27 nan nan 0
2009 12 28 nan nan 0
2009 12 29 nan nan 0
2009 12 30 nan nan 0
2009 12 31 nan nan 0
2010 01 01 nan nan 1
2010 01 02 nan nan 1
2010 01 03 nan nan 1
2010 01 04 nan nan 1
2010 01 05 nan nan 1
2010 01 06 nan nan 1
2010 01 07 nan nan 1
2010 01 08 nan nan 1
2010 01 09 nan nan 1
2010 01 10 nan nan 1
2010 01 11 9.760000 1 1
2010 01 12 8.160000 1 1
2010 01 13 7.550000 1 1
2010 01 14 6.980000 1 1
2010 01 15 5.810000 1 1
2010 01 16 16.620000 1 1
2010 01 17 30.070000 1 1
2010 01 18 13.550000 1 1
2010 01 19 11.840000 1 1
2010 01 20 11.510000 1 1
2010 01 21 10.200000 1 1
2010 01 22 7.870000 1 1
2010 01 23 6.610000 1 1
2010 01 24 4.030000 1 1
2010 01 25 9.270000 1 1
2010 01 26 13.310000 1 1
2010 01 27 11.710000 1 1
2010 01 28 12.350000 1 1
2010 01 29 16.280000 1 1
2010 01 30 10.990000 1 1
2010 01 31 5.270000 1 1
2010 02 01 nan nan 1
2010 02 02 nan nan 1
2010 02 03 nan nan 1
2010 02 04 nan nan 1
2010 02 05 nan nan 1
2010 02 06 5.650000 1 1
2010 02 07 6.220000 1 1
2010 02 08 7.220000 1 1
2010 02 09 5.940000 1 1
2010 02 10 9.250000 1 1
2010 02 11 9.240000 1 1
2010 02 12 6.640000 1 1
2010 02 13 nan nan 1
2010 02 14 nan nan 1
2010 02 15 nan nan 1
2010 02 16 nan nan 1
2010 02 17 nan nan 1
2010 02 18 12.610000 1 1
2010 02 19 9.440000 1 1
2010 02 20 7.490000 1 1
2010 02 21 7.260000 1 1
2010 02 22 6.910000 1 1
2010 02 23 9.070000 1 1
2010 02 24 6.330000 1 1
2010 02 25 5.830000 1 1
2010 02 26 5.190000 1 1
2010 02 27 4.890000 1 1
2010 02 28 4.580000 1 1
2010 03 01 4.470000 1 1
2010 03 02 4.310000 1 1
2010 03 03 4.180000 1 1
2010 03 04 4.580000 1 1
2010 03 05 5.860000 1 1
2010 03 06 4.530000 1 1
2010 03 07 4.040000 1 1
2010 03 08 4.080000 1 1
2010 03 09 4.020000 1 1
2010 03 10 4.690000 1 1
2010 03 11 4.600000 1 1
2010 03 12 3.940000 1 1
2010 03 13 3.740000 1 1
2010 03 14 3.680000 1 1
2010 03 15 3.460000 1 1
2010 03 16 3.520000 1 1
2010 03 17 3.410000 1 1
2010 03 18 3.490000 1 1
2010 03 19 3.810000 1 1
2010 03 20 6.800000 1 1
2010 03 21 5.420000 1 1
2010 03 22 9.600000 1 1
2010 03 23 5.460000 1 1
2010 03 24 7.290000 1 1
2010 03 25 6.680000 1 1
2010 03 26 6.140000 1 1
2010 03 27 6.480000 1 1
2010 03 28 6.000000 1 1
2010 03 29 6.250000 1 1
2010 03 30 5.730000 1 1
2010 03 31 4.920000 1 1
2010 04 01 4.970000 1 1
2010 04 02 5.040000 1 1
2010 04 03 5.090000 1 1
2010 04 04 4.900000 1 1
2010 04 05 5.600000 1 1
2010 04 06 5.230000 1 1
2010 04 07 5.000000 1 1
2010 04 08 4.770000 1 1
2010 04 09 4.530000 1 1
2010 04 10 4.540000 1 1
2010 04 11 4.680000 1 1
2010 04 12 4.650000 1 1
2010 04 13 4.650000 1 1
2010 04 14 4.600000 1 1
2010 04 15 4.400000 1 1
2010 04 16 4.330000 1 1
2010 04 17 4.360000 1 1
2010 04 18 4.360000 1 1
2010 04 19 4.440000 1 1
2010 04 20 5.000000 1 1
2010 04 21 11.220000 1 1
2010 04 22 6.390000 1 1
2010 04 23 6.580000 1 1
2010 04 24 5.110000 1 1
2010 04 25 13.390000 1 1
2010 04 26 63.640000 1 1
2010 04 27 28.500000 1 1
2010 04 28 16.510000 1 1
2010 04 29 12.060000 1 1
2010 04 30 9.890000 1 1
2010 05 01 8.560000 1 1
2010 05 02 7.680000 1 1
2010 05 03 7.080000 1 1
2010 05 04 10.450000 1 1
2010 05 05 8.230000 1 1
2010 05 06 7.170000 1 1
2010 05 07 7.050000 1 1
2010 05 08 11.690000 1 1
2010 05 09 9.570000 1 1
2010 05 10 8.720000 1 1
2010 05 11 12.980000 1 1
2010 05 12 16.890000 1 1
2010 05 13 14.790000 1 1
2010 05 14 12.160000 1 1
2010 05 15 10.390000 1 1
2010 05 16 8.890000 1 1
2010 05 17 8.030000 1 1
2010 05 18 15.600000 1 1
2010 05 19 28.450000 1 1
2010 05 20 17.500000 1 1
2010 05 21 12.860000 1 1
2010 05 22 10.760000 1 1
2010 05 23 9.410000 1 1
2010 05 24 8.390000 1 1
2010 05 25 8.130000 1 1
2010 05 26 7.340000 1 1
2010 05 27 6.690000 1 1
2010 05 28 6.380000 1 1
2010 05 29 6.060000 1 1
2010 05 30 6.100000 1 1
2010 05 31 8.880000 1 1
2010 06 01 6.680000 1 1
2010 06 02 6.050000 1 1
2010 06 03 5.790000 1 1
2010 06 04 5.940000 1 1
2010 06 05 7.220000 1 1
2010 06 06 5.910000 1 1
2010 06 07 5.600000 1 1
2010 06 08 5.360000 1 1
2010 06 09 5.170000 1 1
2010 06 10 5.000000 1 1
2010 06 11 4.870000 1 1
2010 06 12 4.760000 1 1
2010 06 13 4.600000 1 1
2010 06 14 4.610000 1 1
2010 06 15 4.390000 1 1
2010 06 16 4.620000 1 1
2010 06 17 9.050000 1 1
2010 06 18 25.730000 1 1
2010 06 19 35.930000 1 1
2010 06 20 27.030000 1 1
2010 06 21 15.110000 1 1
2010 06 22 11.230000 1 1
2010 06 23 9.030000 1 1
2010 06 24 7.690000 1 1
2010 06 25 6.580000 1 1
2010 06 26 6.760000 1 1
2010 06 27 5.660000 1 1
2010 06 28 5.340000 1 1
2010 06 29 5.130000 1 1
2010 06 30 4.800000 1 1
2010 07 01 4.700000 1 0
2010 07 02 4.650000 1 0
2010 07 03 4.650000 1 0
2010 07 04 4.720000 1 0
2010 07 05 4.740000 1 0
2010 07 06 4.830000 1 0
2010 07 07 4.750000 1 0
2010 07 08 4.640000 1 0
2010 07 09 8.380000 1 0
2010 07 10 7.300000 1 0
2010 07 11 5.780000 1 0
2010 07 12 27.540000 1 0
2010 07 13 24.010000 1 0
2010 07 14 14.870000 1 0
2010 07 15 nan nan 0
2010 07 16 nan nan 0
2010 07 17 nan nan 0
2010 07 18 nan nan 0
2010 07 19 nan nan 0
2010 07 20 nan nan 0
2010 07 21 nan nan 0
2010 07 22 nan nan 0
2010 07 23 nan nan 0
2010 07 24 nan nan 0
2010 07 25 nan nan 0
2010 07 26 nan nan 0
2010 07 27 nan nan 0
2010 07 28 nan nan 0
2010 07 29 nan nan 0
2010 07 30 nan nan 0
2010 07 31 nan nan 0
2010 08 01 nan nan 0
2010 08 02 nan nan 0
2010 08 03 nan nan 0
2010 08 04 nan nan 0
2010 08 05 nan nan 0
2010 08 06 nan nan 0
2010 08 07 nan nan 0
2010 08 08 nan nan 0
2010 08 09 nan nan 0
2010 08 10 nan nan 0
2010 08 11 nan nan 0
2010 08 12 nan nan 0
2010 08 13 nan nan 0
2010 08 14 nan nan 0
2010 08 15 nan nan 0
2010 08 16 nan nan 0
2010 08 17 nan nan 0
2010 08 18 nan nan 0
2010 08 19 nan nan 0
2010 08 20 nan nan 0
2010 08 21 nan nan 0
2010 08 22 nan nan 0
2010 08 23 nan nan 0
2010 08 24 nan nan 0
2010 08 25 nan nan 0
2010 08 26 nan nan 0
2010 08 27 nan nan 0
2010 08 28 nan nan 0
2010 08 29 nan nan 0
2010 08 30 nan nan 0
2010 08 31 nan nan 0
2010 09 01 nan nan 0
2010 09 02 nan nan 0
2010 09 03 nan nan 0
2010 09 04 nan nan 0
2010 09 05 nan nan 0
2010 09 06 nan nan 0
2010 09 07 nan nan 0
2010 09 08 nan nan 0
2010 09 09 nan nan 0
2010 09 10 nan nan 0
2010 09 11 nan nan 0
2010 09 12 nan nan 0
2010 09 13 nan nan 0
2010 09 14 nan nan 0
2010 09 15 nan nan 0
2010 09 16 nan nan 0
2010 09 17 nan nan 0
2010 09 18 nan nan 0
2010 09 19 nan nan 0
2010 09 20 nan nan 0
2010 09 21 nan nan 0
2010 09 22 nan nan 0
2010 09 23 nan nan 0
2010 09 24 nan nan 0
2010 09 25 nan nan 0
2010 09 26 nan nan 0
2010 09 27 nan nan 0
2010 09 28 nan nan 0
2010 09 29 nan nan 0
2010 09 30 nan nan 0
2010 10 01 nan nan 0
2010 10 02 nan nan 0
2010 10 03 nan nan 0
2010 10 04 nan nan 0
2010 10 05 nan nan 0
2010 10 06 nan nan 0
2010 10 07 nan nan 0
2010 10 08 nan nan 0
2010 10 09 nan nan 0
2010 10 10 nan nan 0
2010 10 11 nan nan 0
2010 10 12 nan nan 0
2010 10 13 nan nan 0
2010 10 14 nan nan 0
2010 10 15 nan nan 0
2010 10 16 nan nan 0
2010 10 17 nan nan 0
2010 10 18 nan nan 0
2010 10 19 nan nan 0
2010 10 20 nan nan 0
2010 10 21 nan nan 0
2010 10 22 nan nan 0
2010 10 23 nan nan 0
2010 10 24 nan nan 0
2010 10 25 nan nan 0
2010 10 26 nan nan 0
2010 10 27 nan nan 0
2010 10 28 nan nan 0
2010 10 29 nan nan 0
2010 10 30 nan nan 0
2010 10 31 nan nan 0
2010 11 01 nan nan 1
2010 11 02 nan nan 1
2010 11 03 nan nan 1
2010 11 04 nan nan 1
2010 11 05 nan nan 1
2010 11 06 nan nan 1
2010 11 07 nan nan 1
2010 11 08 nan nan 1
2010 11 09 nan nan 1
2010 11 10 nan nan 1
2010 11 11 nan nan 1
2010 11 12 nan nan 1
2010 11 13 nan nan 1
2010 11 14 nan nan 1
2010 11 15 nan nan 1
2010 11 16 nan nan 1
2010 11 17 nan nan 1
2010 11 18 nan nan 1
2010 11 19 nan nan 1
2010 11 20 nan nan 1
2010 11 21 nan nan 1
2010 11 22 nan nan 1
2010 11 23 nan nan 1
2010 11 24 nan nan 1
2010 11 25 nan nan 1
2010 11 26 12.150000 1 1
2010 11 27 7.900000 1 1
2010 11 28 4.810000 1 1
2010 11 29 6.100000 1 1
2010 11 30 5.740000 1 1
2010 12 01 4.750000 1 1
2010 12 02 5.510000 1 1
2010 12 03 5.950000 1 1
2010 12 04 4.920000 1 1
2010 12 05 4.950000 1 1
2010 12 06 4.610000 1 1
2010 12 07 4.410000 1 1
2010 12 08 4.360000 1 1
2010 12 09 4.200000 1 1
2010 12 10 4.040000 1 1
2010 12 11 4.100000 1 1
2010 12 12 4.100000 1 1
2010 12 13 6.770000 1 1
2010 12 14 4.580000 1 1
2010 12 15 4.130000 1 1
2010 12 16 4.020000 1 1
2010 12 17 4.030000 1 1
2010 12 18 3.910000 1 1
2010 12 19 4.630000 1 1
2010 12 20 6.990000 1 1
2010 12 21 4.920000 1 1
2010 12 22 6.080000 1 1
2010 12 23 7.430000 1 1
2010 12 24 4.890000 1 1
2010 12 25 12.470000 1 1
2010 12 26 8.530000 1 1
2010 12 27 5.880000 1 1
2010 12 28 5.120000 1 1
2010 12 29 4.740000 1 1
2010 12 30 4.440000 1 1
2010 12 31 4.080000 1 1
2011 01 01 3.960000 1 1
2011 01 02 3.810000 1 1
2011 01 03 4.920000 1 1
2011 01 04 4.140000 1 1
2011 01 05 3.950000 1 1
2011 01 06 10.690000 1 1
2011 01 07 10.680000 1 1
2011 01 08 7.100000 1 1
2011 01 09 5.980000 1 1
2011 01 10 6.230000 1 1
2011 01 11 5.120000 1 1
2011 01 12 6.460000 1 1
2011 01 13 5.080000 1 1
2011 01 14 5.780000 1 1
2011 01 15 7.490000 1 1
2011 01 16 5.390000 1 1
2011 01 17 4.580000 1 1
2011 01 18 4.810000 1 1
2011 01 19 4.550000 1 1
2011 01 20 4.380000 1 1
2011 01 21 4.090000 1 1
2011 01 22 5.120000 1 1
2011 01 23 4.520000 1 1
2011 01 24 4.050000 1 1
2011 01 25 4.380000 1 1
2011 01 26 5.310000 1 1
2011 01 27 5.210000 1 1
2011 01 28 5.740000 1 1
2011 01 29 6.890000 1 1
2011 01 30 4.980000 1 1
2011 01 31 4.630000 1 1
2011 02 01 8.200000 1 1
2011 02 02 5.240000 1 1
2011 02 03 4.550000 1 1
2011 02 04 4.150000 1 1
2011 02 05 4.120000 1 1
2011 02 06 4.400000 1 1
2011 02 07 3.770000 1 1
2011 02 08 4.010000 1 1
2011 02 09 6.240000 1 1
2011 02 10 5.250000 1 1
2011 02 11 4.090000 1 1
2011 02 12 8.880000 1 1
2011 02 13 9.480000 1 1
2011 02 14 6.900000 1 1
2011 02 15 5.430000 1 1
2011 02 16 7.550000 1 1
2011 02 17 7.080000 1 1
2011 02 18 5.100000 1 1
2011 02 19 16.140000 1 1
2011 02 20 13.600000 1 1
2011 02 21 8.060000 1 1
2011 02 22 7.490000 1 1
2011 02 23 8.270000 1 1
2011 02 24 9.540000 1 1
2011 02 25 8.460000 1 1
2011 02 26 7.800000 1 1
2011 02 27 6.950000 1 1
2011 02 28 5.930000 1 1
2011 03 01 5.320000 1 1
2011 03 02 4.870000 1 1
2011 03 03 4.630000 1 1
2011 03 04 4.370000 1 1
2011 03 05 4.120000 1 1
2011 03 06 3.950000 1 1
2011 03 07 3.830000 1 1
2011 03 08 3.780000 1 1
2011 03 09 3.700000 1 1
2011 03 10 3.650000 1 1
2011 03 11 3.860000 1 1
2011 03 12 3.820000 1 1
2011 03 13 3.640000 1 1
2011 03 14 3.660000 1 1
2011 03 15 3.400000 1 1
2011 03 16 3.270000 1 1
2011 03 17 3.120000 1 1
2011 03 18 5.390000 1 1
2011 03 19 4.530000 1 1
2011 03 20 3.480000 1 1
2011 03 21 3.500000 1 1
2011 03 22 3.470000 1 1
2011 03 23 3.400000 1 1
2011 03 24 4.440000 1 1
2011 03 25 11.700000 1 1
2011 03 26 35.330000 1 1
2011 03 27 21.930000 1 1
2011 03 28 58.150000 1 1
2011 03 29 27.200000 1 1
2011 03 30 15.870000 1 1
2011 03 31 11.800000 1 1
2011 04 01 9.580000 1 1
2011 04 02 8.830000 1 1
2011 04 03 7.410000 1 1
2011 04 04 6.910000 1 1
2011 04 05 9.600000 1 1
2011 04 06 6.990000 1 1
2011 04 07 6.300000 1 1
2011 04 08 7.180000 1 1
2011 04 09 9.220000 1 1
2011 04 10 6.860000 1 1
2011 04 11 6.690000 1 1
2011 04 12 6.180000 1 1
2011 04 13 5.930000 1 1
2011 04 14 8.930000 1 1
2011 04 15 14.180000 1 1
2011 04 16 10.340000 1 1
2011 04 17 8.660000 1 1
2011 04 18 8.240000 1 1
2011 04 19 7.330000 1 1
2011 04 20 6.700000 1 1
2011 04 21 9.930000 1 1
2011 04 22 7.680000 1 1
2011 04 23 23.400000 1 1
2011 04 24 15.440000 1 1
2011 04 25 10.970000 1 1
2011 04 26 8.940000 1 1
2011 04 27 8.010000 1 1
2011 04 28 7.320000 1 1
2011 04 29 6.950000 1 1
2011 04 30 6.600000 1 1
2011 05 01 10.420000 1 1
2011 05 02 8.420000 1 1
2011 05 03 9.160000 1 1
2011 05 04 7.090000 1 1
2011 05 05 6.580000 1 1
2011 05 06 6.180000 1 1
2011 05 07 5.880000 1 1
2011 05 08 5.700000 1 1
2011 05 09 5.640000 1 1
2011 05 10 5.560000 1 1
2011 05 11 10.110000 1 1
2011 05 12 10.560000 1 1
2011 05 13 7.990000 1 1
2011 05 14 6.760000 1 1
2011 05 15 7.310000 1 1
2011 05 16 6.450000 1 1
2011 05 17 6.030000 1 1
2011 05 18 5.810000 1 1
2011 05 19 5.530000 1 1
2011 05 20 6.170000 1 1
2011 05 21 6.000000 1 1
2011 05 22 5.510000 1 1
2011 05 23 6.170000 1 1
2011 05 24 5.660000 1 1
2011 05 25 5.270000 1 1
2011 05 26 5.040000 1 1
2011 05 27 5.060000 1 1
2011 05 28 4.690000 1 1
2011 05 29 4.690000 1 1
2011 05 30 4.490000 1 1
2011 05 31 4.560000 1 1
2011 06 01 4.470000 1 1
2011 06 02 4.370000 1 1
2011 06 03 4.470000 1 1
2011 06 04 4.450000 1 1
2011 06 05 4.170000 1 1
2011 06 06 4.140000 1 1
2011 06 07 14.830000 1 1
2011 06 08 15.030000 1 1
2011 06 09 9.330000 1 1
2011 06 10 7.550000 1 1
2011 06 11 6.610000 1 1
2011 06 12 6.030000 1 1
2011 06 13 5.790000 1 1
2011 06 14 5.500000 1 1
2011 06 15 5.310000 1 1
2011 06 16 5.070000 1 1
2011 06 17 7.290000 1 1
2011 06 18 7.120000 1 1
2011 06 19 5.980000 1 1
2011 06 20 7.590000 1 1
2011 06 21 28.280000 1 1
2011 06 22 15.160000 1 1
2011 06 23 13.830000 1 1
2011 06 24 25.560000 1 1
2011 06 25 24.710000 1 1
2011 06 26 21.000000 1 1
2011 06 27 15.090000 1 1
2011 06 28 11.350000 1 1
2011 06 29 9.790000 1 1
2011 06 30 8.820000 1 1
2011 07 01 8.240000 1 1
2011 07 02 7.580000 1 1
2011 07 03 7.290000 1 1
2011 07 04 6.260000 1 1
2011 07 05 5.880000 1 1
2011 07 06 5.710000 1 1
2011 07 07 5.450000 1 1
2011 07 08 5.400000 1 1
2011 07 09 5.130000 1 1
2011 07 10 5.010000 1 1
2011 07 11 5.070000 1 1
2011 07 12 4.870000 1 1
2011 07 13 9.970000 1 1
2011 07 14 27.340000 1 1
2011 07 15 17.920000 1 1
2011 07 16 12.440000 1 1
2011 07 17 24.270000 1 1
2011 07 18 31.840000 1 1
2011 07 19 18.040000 1 1
2011 07 20 79.880000 1 1
2011 07 21 80.650000 1 1
2011 07 22 26.650000 1 1
2011 07 23 17.490000 1 1
2011 07 24 13.420000 1 1
2011 07 25 10.990000 1 1
2011 07 26 9.700000 1 1
2011 07 27 8.670000 1 1
2011 07 28 12.560000 1 1
2011 07 29 23.540000 1 1
2011 07 30 30.630000 1 1
2011 07 31 17.200000 1 1
2011 08 01 14.860000 1 0
2011 08 02 15.480000 1 0
2011 08 03 13.580000 1 0
2011 08 04 12.190000 1 0
2011 08 05 10.010000 1 0
2011 08 06 8.950000 1 0
2011 08 07 8.080000 1 0
2011 08 08 45.050000 1 0
2011 08 09 74.750000 1 0
2011 08 10 28.340000 1 0
2011 08 11 17.300000 1 0
2011 08 12 13.390000 1 0
2011 08 13 10.840000 1 0
2011 08 14 13.270000 1 0
2011 08 15 12.250000 1 0
2011 08 16 10.100000 1 0
2011 08 17 9.350000 1 0
2011 08 18 8.560000 1 0
2011 08 19 9.860000 1 0
2011 08 20 9.710000 1 0
2011 08 21 7.490000 1 0
2011 08 22 6.660000 1 0
2011 08 23 7.980000 1 0
2011 08 24 7.140000 1 0
2011 08 25 7.130000 1 0
2011 08 26 6.640000 1 0
2011 08 27 6.340000 1 0
2011 08 28 26.690000 1 0
2011 08 29 28.590000 1 0
2011 08 30 nan nan 0
2011 08 31 nan nan 0
2011 09 01 nan nan 1
2011 09 02 nan nan 1
2011 09 03 nan nan 1
2011 09 04 nan nan 1
2011 09 05 nan nan 1
2011 09 06 nan nan 1
2011 09 07 nan nan 1
2011 09 08 nan nan 1
2011 09 09 15.950000 1 1
2011 09 10 12.890000 1 1
2011 09 11 10.590000 1 1
2011 09 12 9.110000 1 1
2011 09 13 7.950000 1 1
2011 09 14 7.220000 1 1
2011 09 15 6.670000 1 1
2011 09 16 6.360000 1 1
2011 09 17 6.140000 1 1
2011 09 18 5.910000 1 1
2011 09 19 5.860000 1 1
2011 09 20 7.670000 1 1
2011 09 21 6.210000 1 1
2011 09 22 5.780000 1 1
2011 09 23 5.850000 1 1
2011 09 24 6.350000 1 1
2011 09 25 5.520000 1 1
2011 09 26 5.310000 1 1
2011 09 27 5.120000 1 1
2011 09 28 5.030000 1 1
2011 09 29 4.960000 1 1
2011 09 30 4.830000 1 1
2011 10 01 8.220000 1 1
2011 10 02 5.810000 1 1
2011 10 03 5.280000 1 1
2011 10 04 4.970000 1 1
2011 10 05 4.750000 1 1
2011 10 06 4.630000 1 1
2011 10 07 4.480000 1 1
2011 10 08 4.570000 1 1
2011 10 09 4.950000 1 1
2011 10 10 5.540000 1 1
2011 10 11 4.600000 1 1
2011 10 12 4.230000 1 1
2011 10 13 6.600000 1 1
2011 10 14 5.210000 1 1
2011 10 15 4.680000 1 1
2011 10 16 7.180000 1 1
2011 10 17 5.090000 1 1
2011 10 18 4.670000 1 1
2011 10 19 4.380000 1 1
2011 10 20 4.190000 1 1
2011 10 21 4.140000 1 1
2011 10 22 4.880000 1 1
2011 10 23 4.120000 1 1
2011 10 24 4.140000 1 1
2011 10 25 10.380000 1 1
2011 10 26 15.120000 1 1
2011 10 27 8.480000 1 1
2011 10 28 6.480000 1 1
2011 10 29 5.900000 1 1
2011 10 30 5.740000 1 1
2011 10 31 4.970000 1 1
