year month day streamflow_m3s qual_control_by_ana qual_flag
1943 01 01 nan nan 0
1943 01 02 nan nan 0
1943 01 03 nan nan 0
1943 01 04 nan nan 0
1943 01 05 nan nan 0
1943 01 06 nan nan 0
1943 01 07 nan nan 0
1943 01 08 nan nan 0
1943 01 09 nan nan 0
1943 01 10 nan nan 0
1943 01 11 nan nan 0
1943 01 12 nan nan 0
1943 01 13 nan nan 0
1943 01 14 nan nan 0
1943 01 15 nan nan 0
1943 01 16 0.045000 1 1
1943 01 17 0.045000 1 1
1943 01 18 0.045000 1 1
1943 01 19 0.032000 1 1
1943 01 20 0.029000 1 1
1943 01 21 0.029000 1 1
1943 01 22 0.029000 1 1
1943 01 23 0.027000 1 1
1943 01 24 0.029000 1 1
1943 01 25 0.059000 1 1
1943 01 26 0.032000 1 1
1943 01 27 0.029000 1 1
1943 01 28 0.029000 1 1
1943 01 29 0.029000 1 1
1943 01 30 0.029000 1 1
1943 01 31 0.025000 1 1
1943 02 01 0.025000 1 1
1943 02 02 0.025000 1 1
1943 02 03 0.025000 1 1
1943 02 04 0.025000 1 1
1943 02 05 0.025000 1 1
1943 02 06 0.086000 1 1
1943 02 07 0.261000 1 1
1943 02 08 0.192000 1 1
1943 02 09 0.215000 1 1
1943 02 10 0.169000 1 1
1943 02 11 0.192000 1 1
1943 02 12 0.215000 1 1
1943 02 13 0.146000 1 1
1943 02 14 0.073000 1 1
1943 02 15 0.073000 1 1
1943 02 16 0.059000 1 1
1943 02 17 0.059000 1 1
1943 02 18 0.073000 1 1
1943 02 19 0.169000 1 1
1943 02 20 0.547000 1 1
1943 02 21 0.485000 1 1
1943 02 22 0.261000 1 1
1943 02 23 0.169000 1 1
1943 02 24 0.123000 1 1
1943 02 25 0.086000 1 1
1943 02 26 0.073000 1 1
1943 02 27 0.059000 1 1
1943 02 28 0.045000 1 1
1943 03 01 0.032000 1 1
1943 03 02 0.032000 1 1
1943 03 03 0.032000 1 1
1943 03 04 0.032000 1 1
1943 03 05 0.032000 1 1
1943 03 06 0.032000 1 1
1943 03 07 0.029000 1 1
1943 03 08 0.029000 1 1
1943 03 09 0.029000 1 1
1943 03 10 0.029000 1 1
1943 03 11 0.029000 1 1
1943 03 12 0.029000 1 1
1943 03 13 0.454000 1 1
1943 03 14 0.547000 1 1
1943 03 15 0.261000 1 1
1943 03 16 0.169000 1 1
1943 03 17 0.146000 1 1
1943 03 18 0.086000 1 1
1943 03 19 0.073000 1 1
1943 03 20 0.059000 1 1
1943 03 21 0.045000 1 1
1943 03 22 0.059000 1 1
1943 03 23 0.045000 1 1
1943 03 24 0.045000 1 1
1943 03 25 0.045000 1 1
1943 03 26 0.045000 1 1
1943 03 27 0.032000 1 1
1943 03 28 0.032000 1 1
1943 03 29 0.032000 1 1
1943 03 30 0.032000 1 1
1943 03 31 0.032000 1 1
1943 04 01 0.029000 1 1
1943 04 02 0.029000 1 1
1943 04 03 0.029000 1 1
1943 04 04 0.029000 1 1
1943 04 05 0.027000 1 1
1943 04 06 0.027000 1 1
1943 04 07 0.025000 1 1
1943 04 08 0.025000 1 1
1943 04 09 0.027000 1 1
1943 04 10 0.032000 1 1
1943 04 11 0.029000 1 1
1943 04 12 0.029000 1 1
1943 04 13 0.029000 1 1
1943 04 14 0.027000 1 1
1943 04 15 0.027000 1 1
1943 04 16 0.027000 1 1
1943 04 17 0.027000 1 1
1943 04 18 0.025000 1 1
1943 04 19 0.025000 1 1
1943 04 20 0.025000 1 1
1943 04 21 0.025000 1 1
1943 04 22 0.025000 1 1
1943 04 23 0.022000 1 1
1943 04 24 0.022000 1 1
1943 04 25 0.022000 1 1
1943 04 26 0.020000 1 1
1943 04 27 0.020000 1 1
1943 04 28 0.020000 1 1
1943 04 29 0.020000 1 1
1943 04 30 0.020000 1 1
1943 05 01 0.019000 1 1
1943 05 02 0.020000 1 1
1943 05 03 0.020000 1 1
1943 05 04 0.019000 1 1
1943 05 05 0.019000 1 1
1943 05 06 0.019000 1 1
1943 05 07 0.020000 1 1
1943 05 08 0.020000 1 1
1943 05 09 0.020000 1 1
1943 05 10 0.020000 1 1
1943 05 11 0.019000 1 1
1943 05 12 0.019000 1 1
1943 05 13 0.019000 1 1
1943 05 14 0.019000 1 1
1943 05 15 0.022000 1 1
1943 05 16 0.020000 1 1
1943 05 17 0.020000 1 1
1943 05 18 0.020000 1 1
1943 05 19 0.020000 1 1
1943 05 20 0.022000 1 1
1943 05 21 0.027000 1 1
1943 05 22 0.609000 1 1
1943 05 23 0.330000 1 1
1943 05 24 0.261000 1 1
1943 05 25 0.215000 1 1
1943 05 26 0.238000 1 1
1943 05 27 0.238000 1 1
1943 05 28 0.307000 1 1
1943 05 29 0.609000 1 1
1943 05 30 0.845000 1 1
1943 05 31 1.350000 1 1
1943 06 01 0.845000 1 1
1943 06 02 0.763000 1 1
1943 06 03 0.845000 1 1
1943 06 04 1.050000 1 1
1943 06 05 1.940000 1 1
1943 06 06 1.660000 1 1
1943 06 07 1.010000 1 1
1943 06 08 0.927000 1 1
1943 06 09 0.722000 1 1
1943 06 10 0.578000 1 1
1943 06 11 0.516000 1 1
1943 06 12 0.423000 1 1
1943 06 13 0.392000 1 1
1943 06 14 0.330000 1 1
1943 06 15 0.330000 1 1
1943 06 16 0.284000 1 1
1943 06 17 0.307000 1 1
1943 06 18 0.261000 1 1
1943 06 19 0.261000 1 1
1943 06 20 0.238000 1 1
1943 06 21 0.284000 1 1
1943 06 22 0.361000 1 1
1943 06 23 0.423000 1 1
1943 06 24 0.392000 1 1
1943 06 25 0.454000 1 1
1943 06 26 0.681000 1 1
1943 06 27 0.681000 1 1
1943 06 28 0.609000 1 1
1943 06 29 0.516000 1 1
1943 06 30 0.578000 1 1
1943 07 01 0.578000 1 1
1943 07 02 0.485000 1 1
1943 07 03 29.100000 1 1
1943 07 04 61.600000 1 2
1943 07 05 37.600000 1 1
1943 07 06 24.900000 1 1
1943 07 07 18.900000 1 1
1943 07 08 12.900000 1 1
1943 07 09 10.700000 1 1
1943 07 10 8.400000 1 1
1943 07 11 7.200000 1 1
1943 07 12 6.230000 1 1
1943 07 13 5.470000 1 1
1943 07 14 4.590000 1 1
1943 07 15 4.670000 1 1
1943 07 16 3.670000 1 1
1943 07 17 3.390000 1 1
1943 07 18 3.010000 1 1
1943 07 19 2.830000 1 1
1943 07 20 2.600000 1 1
1943 07 21 2.430000 1 1
1943 07 22 2.270000 1 1
1943 07 23 2.050000 1 1
1943 07 24 1.940000 1 1
1943 07 25 1.880000 1 1
1943 07 26 1.880000 1 1
1943 07 27 1.720000 1 1
1943 07 28 4.750000 1 1
1943 07 29 2.710000 1 1
1943 07 30 3.320000 1 1
1943 07 31 2.710000 1 1
1943 08 01 2.160000 1 1
1943 08 02 1.990000 1 1
1943 08 03 1.830000 1 1
1943 08 04 1.720000 1 1
1943 08 05 1.550000 1 1
1943 08 06 1.450000 1 1
1943 08 07 1.300000 1 1
1943 08 08 1.200000 1 1
1943 08 09 1.200000 1 1
1943 08 10 1.450000 1 1
1943 08 11 1.880000 1 1
1943 08 12 1.720000 1 1
1943 08 13 1.610000 1 1
1943 08 14 1.500000 1 1
1943 08 15 1.400000 1 1
1943 08 16 1.300000 1 1
1943 08 17 1.200000 1 1
1943 08 18 1.100000 1 1
1943 08 19 1.050000 1 1
1943 08 20 2.490000 1 1
1943 08 21 3.600000 1 1
1943 08 22 4.350000 1 1
1943 08 23 2.650000 1 1
1943 08 24 2.430000 1 1
1943 08 25 2.380000 1 1
1943 08 26 1.880000 1 1
1943 08 27 1.660000 1 1
1943 08 28 1.610000 1 1
1943 08 29 1.500000 1 1
1943 08 30 1.400000 1 1
1943 08 31 1.300000 1 1
1943 09 01 1.250000 1 1
1943 09 02 1.500000 1 1
1943 09 03 1.350000 1 1
1943 09 04 1.200000 1 1
1943 09 05 1.100000 1 1
1943 09 06 1.250000 1 1
1943 09 07 1.150000 1 1
1943 09 08 1.150000 1 1
1943 09 09 1.150000 1 1
1943 09 10 1.100000 1 1
1943 09 11 1.010000 1 1
1943 09 12 0.886000 1 1
1943 09 13 1.010000 1 1
1943 09 14 1.880000 1 1
1943 09 15 2.270000 1 1
1943 09 16 1.940000 1 1
1943 09 17 1.830000 1 1
1943 09 18 1.990000 1 1
1943 09 19 2.270000 1 1
1943 09 20 5.390000 1 1
1943 09 21 4.830000 1 1
1943 09 22 3.010000 1 1
1943 09 23 2.540000 1 1
1943 09 24 2.210000 1 1
1943 09 25 1.990000 1 1
1943 09 26 1.770000 1 1
1943 09 27 1.610000 1 1
1943 09 28 1.500000 1 1
1943 09 29 1.350000 1 1
1943 09 30 1.250000 1 1
1943 10 01 1.010000 1 1
1943 10 02 1.400000 1 1
1943 10 03 1.300000 1 1
1943 10 04 1.300000 1 1
1943 10 05 1.200000 1 1
1943 10 06 1.100000 1 1
1943 10 07 1.010000 1 1
1943 10 08 0.927000 1 1
1943 10 09 1.300000 1 1
1943 10 10 2.100000 1 1
1943 10 11 1.940000 1 1
1943 10 12 1.400000 1 1
1943 10 13 1.250000 1 1
1943 10 14 0.927000 1 1
1943 10 15 0.886000 1 1
1943 10 16 0.804000 1 1
1943 10 17 0.681000 1 1
1943 10 18 0.609000 1 1
1943 10 19 0.609000 1 1
1943 10 20 0.547000 1 1
1943 10 21 0.609000 1 1
1943 10 22 0.681000 1 1
1943 10 23 0.609000 1 1
1943 10 24 0.516000 1 1
1943 10 25 0.454000 1 1
1943 10 26 0.423000 1 1
1943 10 27 0.392000 1 1
1943 10 28 0.361000 1 1
1943 10 29 0.330000 1 1
1943 10 30 0.307000 1 1
1943 10 31 0.284000 1 1
1943 11 01 0.261000 1 1
1943 11 02 0.238000 1 1
1943 11 03 2.210000 1 1
1943 11 04 5.390000 1 1
1943 11 05 3.600000 1 1
1943 11 06 2.210000 1 1
1943 11 07 1.720000 1 1
1943 11 08 1.400000 1 1
1943 11 09 1.150000 1 1
1943 11 10 0.927000 1 1
1943 11 11 0.845000 1 1
1943 11 12 0.763000 1 1
1943 11 13 0.640000 1 1
1943 11 14 0.578000 1 1
1943 11 15 0.516000 1 1
1943 11 16 0.454000 1 1
1943 11 17 0.454000 1 1
1943 11 18 0.485000 1 1
1943 11 19 0.454000 1 1
1943 11 20 0.454000 1 1
1943 11 21 0.423000 1 1
1943 11 22 0.423000 1 1
1943 11 23 0.485000 1 1
1943 11 24 0.423000 1 1
1943 11 25 0.423000 1 1
1943 11 26 0.392000 1 1
1943 11 27 0.361000 1 1
1943 11 28 0.307000 1 1
1943 11 29 0.578000 1 1
1943 11 30 0.547000 1 1
1943 12 01 0.516000 1 1
1943 12 02 0.454000 1 1
1943 12 03 0.423000 1 1
1943 12 04 0.361000 1 1
1943 12 05 0.261000 1 1
1943 12 06 0.169000 1 1
1943 12 07 0.146000 1 1
1943 12 08 0.146000 1 1
1943 12 09 0.146000 1 1
1943 12 10 0.238000 1 1
1943 12 11 0.238000 1 1
1943 12 12 0.578000 1 1
1943 12 13 0.927000 1 1
1943 12 14 0.423000 1 1
1943 12 15 0.307000 1 1
1943 12 16 0.307000 1 1
1943 12 17 0.423000 1 1
1943 12 18 0.307000 1 1
1943 12 19 0.215000 1 1
1943 12 20 0.192000 1 1
1943 12 21 0.169000 1 1
1943 12 22 0.123000 1 1
1943 12 23 0.086000 1 1
1943 12 24 0.330000 1 1
1943 12 25 1.050000 1 1
1943 12 26 0.307000 1 1
1943 12 27 0.215000 1 1
1943 12 28 0.146000 1 1
1943 12 29 0.123000 1 1
1943 12 30 0.086000 1 1
1943 12 31 0.100000 1 1
1944 01 01 0.307000 1 1
1944 01 02 0.192000 1 1
1944 01 03 0.146000 1 1
1944 01 04 0.100000 1 1
1944 01 05 0.146000 1 1
1944 01 06 0.100000 1 1
1944 01 07 0.284000 1 1
1944 01 08 0.578000 1 1
1944 01 09 1.010000 1 1
1944 01 10 1.350000 1 1
1944 01 11 2.950000 1 1
1944 01 12 4.110000 1 1
1944 01 13 1.940000 1 1
1944 01 14 1.400000 1 1
1944 01 15 1.150000 1 1
1944 01 16 0.968000 1 1
1944 01 17 0.845000 1 1
1944 01 18 0.681000 1 1
1944 01 19 0.609000 1 1
1944 01 20 0.547000 1 1
1944 01 21 0.485000 1 1
1944 01 22 0.392000 1 1
1944 01 23 0.361000 1 1
1944 01 24 0.578000 1 1
1944 01 25 2.210000 1 1
1944 01 26 44.500000 1 1
1944 01 27 29.400000 1 1
1944 01 28 47.900000 1 1
1944 01 29 40.300000 1 1
1944 01 30 22.900000 1 1
1944 01 31 13.600000 1 1
1944 02 01 9.720000 1 1
1944 02 02 6.900000 1 1
1944 02 03 5.470000 1 1
1944 02 04 4.750000 1 1
1944 02 05 3.670000 1 1
1944 02 06 3.070000 1 1
1944 02 07 2.540000 1 1
1944 02 08 2.100000 1 1
1944 02 09 1.940000 1 1
1944 02 10 1.720000 1 1
1944 02 11 1.450000 1 1
1944 02 12 1.300000 1 1
1944 02 13 1.150000 1 1
1944 02 14 1.010000 1 1
1944 02 15 0.886000 1 1
1944 02 16 0.804000 1 1
1944 02 17 0.681000 1 1
1944 02 18 0.609000 1 1
1944 02 19 0.578000 1 1
1944 02 20 0.547000 1 1
1944 02 21 0.578000 1 1
1944 02 22 0.927000 1 1
1944 02 23 1.010000 1 1
1944 02 24 0.886000 1 1
1944 02 25 0.681000 1 1
1944 02 26 2.050000 1 1
1944 02 27 1.770000 1 1
1944 02 28 1.350000 1 1
1944 02 29 0.927000 1 1
1944 03 01 0.845000 1 1
1944 03 02 0.927000 1 1
1944 03 03 1.550000 1 1
1944 03 04 1.990000 1 1
1944 03 05 2.270000 1 1
1944 03 06 1.300000 1 1
1944 03 07 nan nan 0
1944 03 08 nan nan 0
1944 03 09 nan nan 0
1944 03 10 nan nan 0
1944 03 11 nan nan 0
1944 03 12 nan nan 0
1944 03 13 nan nan 0
1944 03 14 nan nan 0
1944 03 15 nan nan 0
1944 03 16 nan nan 0
1944 03 17 nan nan 0
1944 03 18 nan nan 0
1944 03 19 nan nan 0
1944 03 20 nan nan 0
1944 03 21 nan nan 0
1944 03 22 nan nan 0
1944 03 23 nan nan 0
1944 03 24 nan nan 0
1944 03 25 nan nan 0
1944 03 26 7.200000 1 1
1944 03 27 4.910000 1 1
1944 03 28 3.880000 1 1
1944 03 29 3.070000 1 1
1944 03 30 2.540000 1 1
1944 03 31 2.320000 1 1
1944 04 01 1.990000 1 1
1944 04 02 1.720000 1 1
1944 04 03 1.550000 1 1
1944 04 04 1.400000 1 1
1944 04 05 1.300000 1 1
1944 04 06 1.200000 1 1
1944 04 07 1.100000 1 1
1944 04 08 1.010000 1 1
1944 04 09 0.968000 1 1
1944 04 10 1.400000 1 1
1944 04 11 4.270000 1 1
1944 04 12 3.130000 1 1
1944 04 13 1.660000 1 1
1944 04 14 1.350000 1 1
1944 04 15 0.681000 1 1
1944 04 16 0.681000 1 1
1944 04 17 0.968000 1 1
1944 04 18 0.681000 1 1
1944 04 19 1.770000 1 1
1944 04 20 1.100000 1 1
1944 04 21 0.927000 1 1
1944 04 22 0.845000 1 1
1944 04 23 0.763000 1 1
1944 04 24 0.722000 1 1
1944 04 25 0.640000 1 1
1944 04 26 0.454000 1 1
1944 04 27 0.284000 1 1
1944 04 28 0.238000 1 1
1944 04 29 0.609000 1 1
1944 04 30 0.722000 1 1
1944 05 01 0.722000 1 1
1944 05 02 0.640000 1 1
1944 05 03 0.516000 1 1
1944 05 04 0.215000 1 1
1944 05 05 0.146000 1 1
1944 05 06 0.261000 1 1
1944 05 07 0.169000 1 1
1944 05 08 0.086000 1 1
1944 05 09 0.045000 1 1
1944 05 10 0.547000 1 1
1944 05 11 0.547000 1 1
1944 05 12 0.485000 1 1
1944 05 13 0.485000 1 1
1944 05 14 0.454000 1 1
1944 05 15 0.454000 1 1
1944 05 16 0.454000 1 1
1944 05 17 0.330000 1 1
1944 05 18 0.169000 1 1
1944 05 19 0.123000 1 1
1944 05 20 0.485000 1 1
1944 05 21 0.454000 1 1
1944 05 22 0.423000 1 1
1944 05 23 0.392000 1 1
1944 05 24 0.423000 1 1
1944 05 25 0.361000 1 1
1944 05 26 0.330000 1 1
1944 05 27 0.284000 1 1
1944 05 28 0.261000 1 1
1944 05 29 0.261000 1 1
1944 05 30 0.454000 1 1
1944 05 31 0.423000 1 1
1944 06 01 0.392000 1 1
1944 06 02 0.361000 1 1
1944 06 03 0.423000 1 1
1944 06 04 0.423000 1 1
1944 06 05 0.392000 1 1
1944 06 06 0.454000 1 1
1944 06 07 0.845000 1 1
1944 06 08 0.968000 1 1
1944 06 09 1.500000 1 1
1944 06 10 1.400000 1 1
1944 06 11 1.200000 1 1
1944 06 12 0.516000 1 1
1944 06 13 0.454000 1 1
1944 06 14 0.485000 1 1
1944 06 15 0.454000 1 1
1944 06 16 0.392000 1 1
1944 06 17 0.361000 1 1
1944 06 18 0.330000 1 1
1944 06 19 1.350000 1 1
1944 06 20 1.250000 1 1
1944 06 21 1.720000 1 1
1944 06 22 3.600000 1 1
1944 06 23 19.300000 1 1
1944 06 24 29.100000 1 1
1944 06 25 26.000000 1 1
1944 06 26 24.900000 1 1
1944 06 27 19.600000 1 1
1944 06 28 17.500000 1 1
1944 06 29 17.200000 1 1
1944 06 30 16.900000 1 1
1944 07 01 16.700000 1 1
1944 07 02 16.400000 1 1
1944 07 03 16.200000 1 1
1944 07 04 31.900000 1 1
1944 07 05 36.200000 1 1
1944 07 06 17.600000 1 1
1944 07 07 11.000000 1 1
1944 07 08 8.880000 1 1
1944 07 09 7.100000 1 1
1944 07 10 6.500000 1 1
1944 07 11 6.150000 1 1
1944 07 12 5.230000 1 1
1944 07 13 4.910000 1 1
1944 07 14 4.670000 1 1
1944 07 15 4.350000 1 1
1944 07 16 4.030000 1 1
1944 07 17 3.740000 1 1
1944 07 18 3.390000 1 1
1944 07 19 3.070000 1 1
1944 07 20 2.890000 1 1
1944 07 21 2.710000 1 1
1944 07 22 2.490000 1 1
1944 07 23 2.540000 1 1
1944 07 24 2.430000 1 1
1944 07 25 2.270000 1 1
1944 07 26 2.100000 1 1
1944 07 27 2.050000 1 1
1944 07 28 1.940000 1 1
1944 07 29 1.830000 1 1
1944 07 30 1.720000 1 1
1944 07 31 1.610000 1 1
1944 08 01 1.550000 1 1
1944 08 02 1.500000 1 1
1944 08 03 1.450000 1 1
1944 08 04 1.450000 1 1
1944 08 05 1.400000 1 1
1944 08 06 1.450000 1 1
1944 08 07 1.500000 1 1
1944 08 08 1.450000 1 1
1944 08 09 1.400000 1 1
1944 08 10 1.350000 1 1
1944 08 11 1.450000 1 1
1944 08 12 1.940000 1 1
1944 08 13 1.990000 1 1
1944 08 14 1.880000 1 1
1944 08 15 1.940000 1 1
1944 08 16 2.770000 1 1
1944 08 17 3.460000 1 1
1944 08 18 3.810000 1 1
1944 08 19 4.510000 1 1
1944 08 20 5.470000 1 1
1944 08 21 3.600000 1 1
1944 08 22 2.950000 1 1
1944 08 23 2.650000 1 1
1944 08 24 2.540000 1 1
1944 08 25 2.270000 1 1
1944 08 26 2.050000 1 1
1944 08 27 1.880000 1 1
1944 08 28 1.660000 1 1
1944 08 29 1.500000 1 1
1944 08 30 1.350000 1 1
1944 08 31 1.250000 1 1
1944 09 01 1.250000 1 1
1944 09 02 1.200000 1 1
1944 09 03 2.050000 1 1
1944 09 04 3.010000 1 1
1944 09 05 3.880000 1 1
1944 09 06 3.600000 1 1
1944 09 07 3.190000 1 1
1944 09 08 2.770000 1 1
1944 09 09 2.600000 1 1
1944 09 10 2.380000 1 1
1944 09 11 2.270000 1 1
1944 09 12 2.210000 1 1
1944 09 13 2.100000 1 1
1944 09 14 1.990000 1 1
1944 09 15 1.830000 1 1
1944 09 16 1.720000 1 1
1944 09 17 1.660000 1 1
1944 09 18 1.610000 1 1
1944 09 19 1.500000 1 1
1944 09 20 1.300000 1 1
1944 09 21 1.400000 1 1
1944 09 22 1.300000 1 1
1944 09 23 1.350000 1 1
1944 09 24 1.500000 1 1
1944 09 25 1.770000 1 1
1944 09 26 2.100000 1 1
1944 09 27 1.400000 1 1
1944 09 28 1.250000 1 1
1944 09 29 1.100000 1 1
1944 09 30 1.010000 1 1
1944 10 01 1.300000 1 1
1944 10 02 4.350000 1 1
1944 10 03 11.400000 1 1
1944 10 04 14.500000 1 1
1944 10 05 59.200000 1 1
1944 10 06 23.800000 1 1
1944 10 07 20.000000 1 1
1944 10 08 19.200000 1 1
1944 10 09 30.400000 1 1
1944 10 10 24.100000 1 1
1944 10 11 21.800000 1 1
1944 10 12 19.400000 1 1
1944 10 13 17.800000 1 1
1944 10 14 18.700000 1 1
1944 10 15 17.600000 1 1
1944 10 16 16.200000 1 1
1944 10 17 12.300000 1 1
1944 10 18 8.640000 1 1
1944 10 19 5.980000 1 1
1944 10 20 6.150000 1 1
1944 10 21 5.470000 1 1
1944 10 22 4.110000 1 1
1944 10 23 3.950000 1 1
1944 10 24 3.740000 1 1
1944 10 25 4.430000 1 1
1944 10 26 5.980000 1 1
1944 10 27 4.110000 1 1
1944 10 28 5.150000 1 1
1944 10 29 14.900000 1 1
1944 10 30 14.700000 1 1
1944 10 31 7.600000 1 1
1944 11 01 5.230000 1 1
1944 11 02 5.070000 1 1
1944 11 03 18.900000 1 1
1944 11 04 27.200000 1 1
1944 11 05 13.400000 1 1
1944 11 06 10.300000 1 1
1944 11 07 8.640000 1 1
1944 11 08 7.700000 1 1
1944 11 09 7.100000 1 1
1944 11 10 6.150000 1 1
1944 11 11 5.720000 1 1
1944 11 12 4.910000 1 1
1944 11 13 4.270000 1 1
1944 11 14 4.190000 1 1
1944 11 15 3.740000 1 1
1944 11 16 3.670000 1 1
1944 11 17 3.600000 1 1
1944 11 18 3.460000 1 1
1944 11 19 3.070000 1 1
1944 11 20 2.890000 1 1
1944 11 21 2.100000 1 1
1944 11 22 1.830000 1 1
1944 11 23 1.610000 1 1
1944 11 24 1.400000 1 1
1944 11 25 1.400000 1 1
1944 11 26 1.450000 1 1
1944 11 27 2.050000 1 1
1944 11 28 1.990000 1 1
1944 11 29 1.550000 1 1
1944 11 30 1.300000 1 1
1944 12 01 0.968000 1 1
1944 12 02 0.886000 1 1
1944 12 03 0.804000 1 1
1944 12 04 0.763000 1 1
1944 12 05 0.681000 1 1
1944 12 06 0.578000 1 1
1944 12 07 0.547000 1 1
1944 12 08 0.547000 1 1
1944 12 09 0.609000 1 1
1944 12 10 0.578000 1 1
1944 12 11 0.578000 1 1
1944 12 12 0.547000 1 1
1944 12 13 0.547000 1 1
1944 12 14 0.516000 1 1
1944 12 15 0.516000 1 1
1944 12 16 0.578000 1 1
1944 12 17 0.547000 1 1
1944 12 18 0.516000 1 1
1944 12 19 0.485000 1 1
1944 12 20 0.454000 1 1
1944 12 21 0.423000 1 1
1944 12 22 0.361000 1 1
1944 12 23 0.330000 1 1
1944 12 24 0.284000 1 1
1944 12 25 0.284000 1 1
1944 12 26 0.284000 1 1
1944 12 27 0.261000 1 1
1944 12 28 0.261000 1 1
1944 12 29 0.238000 1 1
1944 12 30 0.215000 1 1
1944 12 31 0.215000 1 1
1945 01 01 0.192000 1 1
1945 01 02 0.169000 1 1
1945 01 03 0.146000 1 1
1945 01 04 0.123000 1 1
1945 01 05 0.100000 1 1
1945 01 06 0.086000 1 1
1945 01 07 0.086000 1 1
1945 01 08 0.073000 1 1
1945 01 09 0.059000 1 1
1945 01 10 0.059000 1 1
1945 01 11 0.045000 1 1
1945 01 12 0.032000 1 1
1945 01 13 0.032000 1 1
1945 01 14 0.032000 1 1
1945 01 15 0.029000 1 1
1945 01 16 0.029000 1 1
1945 01 17 0.029000 1 1
1945 01 18 0.027000 1 1
1945 01 19 0.027000 1 1
1945 01 20 0.029000 1 1
1945 01 21 0.045000 1 1
1945 01 22 0.032000 1 1
1945 01 23 0.032000 1 1
1945 01 24 0.029000 1 1
1945 01 25 0.027000 1 1
1945 01 26 0.027000 1 1
1945 01 27 0.032000 1 1
1945 01 28 0.029000 1 1
1945 01 29 0.027000 1 1
1945 01 30 0.025000 1 1
1945 01 31 0.025000 1 1
1945 02 01 0.025000 1 1
1945 02 02 0.022000 1 1
1945 02 03 0.025000 1 1
1945 02 04 0.025000 1 1
1945 02 05 0.025000 1 1
1945 02 06 0.029000 1 1
1945 02 07 0.032000 1 1
1945 02 08 0.029000 1 1
1945 02 09 0.029000 1 1
1945 02 10 0.029000 1 1
1945 02 11 0.027000 1 1
1945 02 12 0.027000 1 1
1945 02 13 0.029000 1 1
1945 02 14 0.029000 1 1
1945 02 15 0.029000 1 1
1945 02 16 0.029000 1 1
1945 02 17 0.027000 1 1
1945 02 18 0.027000 1 1
1945 02 19 0.027000 1 1
1945 02 20 0.029000 1 1
1945 02 21 0.032000 1 1
1945 02 22 0.045000 1 1
1945 02 23 0.032000 1 1
1945 02 24 0.045000 1 1
1945 02 25 0.032000 1 1
1945 02 26 0.059000 1 1
1945 02 27 0.059000 1 1
1945 02 28 0.073000 1 1
1945 03 01 0.059000 1 1
1945 03 02 0.045000 1 1
1945 03 03 0.032000 1 1
1945 03 04 0.029000 1 1
1945 03 05 0.029000 1 1
1945 03 06 0.032000 1 1
1945 03 07 0.045000 1 1
1945 03 08 0.059000 1 1
1945 03 09 0.045000 1 1
1945 03 10 0.073000 1 1
1945 03 11 0.086000 1 1
1945 03 12 0.215000 1 1
1945 03 13 0.238000 1 1
1945 03 14 0.307000 1 1
1945 03 15 0.392000 1 1
1945 03 16 0.284000 1 1
1945 03 17 0.261000 1 1
1945 03 18 0.215000 1 1
1945 03 19 0.146000 1 1
1945 03 20 0.073000 1 1
1945 03 21 0.032000 1 1
1945 03 22 0.032000 1 1
1945 03 23 0.029000 1 1
1945 03 24 0.029000 1 1
1945 03 25 0.027000 1 1
1945 03 26 0.027000 1 1
1945 03 27 0.027000 1 1
1945 03 28 0.025000 1 1
1945 03 29 0.025000 1 1
1945 03 30 0.027000 1 1
1945 03 31 0.025000 1 1
1945 04 01 0.025000 1 1
1945 04 02 0.022000 1 1
1945 04 03 0.022000 1 1
1945 04 04 0.025000 1 1
1945 04 05 0.025000 1 1
1945 04 06 0.022000 1 1
1945 04 07 0.020000 1 1
1945 04 08 0.019000 1 1
1945 04 09 0.018000 1 1
1945 04 10 0.018000 1 1
1945 04 11 0.017000 1 1
1945 04 12 0.017000 1 1
1945 04 13 0.016000 1 1
1945 04 14 0.015000 1 1
1945 04 15 0.015000 1 1
1945 04 16 0.015000 1 1
1945 04 17 0.015000 1 1
1945 04 18 0.014000 1 1
1945 04 19 0.014000 1 1
1945 04 20 0.014000 1 1
1945 04 21 0.014000 1 1
1945 04 22 0.014000 1 1
1945 04 23 0.014000 1 1
1945 04 24 0.014000 1 1
1945 04 25 0.013000 1 1
1945 04 26 0.013000 1 1
1945 04 27 0.018000 1 1
1945 04 28 0.019000 1 1
1945 04 29 0.019000 1 1
1945 04 30 0.020000 1 1
1945 05 01 0.020000 1 1
1945 05 02 0.019000 1 1
1945 05 03 0.019000 1 1
1945 05 04 0.018000 1 1
1945 05 05 0.018000 1 1
1945 05 06 0.018000 1 1
1945 05 07 0.017000 1 1
1945 05 08 0.017000 1 1
1945 05 09 0.017000 1 1
1945 05 10 0.016000 1 1
1945 05 11 0.016000 1 1
1945 05 12 0.016000 1 1
1945 05 13 0.015000 1 1
1945 05 14 0.017000 1 1
1945 05 15 0.020000 1 1
1945 05 16 0.027000 1 1
1945 05 17 0.029000 1 1
1945 05 18 0.027000 1 1
1945 05 19 0.025000 1 1
1945 05 20 0.025000 1 1
1945 05 21 0.022000 1 1
1945 05 22 0.022000 1 1
1945 05 23 0.020000 1 1
1945 05 24 0.020000 1 1
1945 05 25 0.020000 1 1
1945 05 26 0.019000 1 1
1945 05 27 0.019000 1 1
1945 05 28 0.018000 1 1
1945 05 29 0.018000 1 1
1945 05 30 0.017000 1 1
1945 05 31 0.017000 1 1
1945 06 01 0.032000 1 1
1945 06 02 0.029000 1 1
1945 06 03 0.045000 1 1
1945 06 04 0.215000 1 1
1945 06 05 0.261000 1 1
1945 06 06 0.307000 1 1
1945 06 07 0.361000 1 1
1945 06 08 0.261000 1 1
1945 06 09 0.215000 1 1
1945 06 10 0.192000 1 1
1945 06 11 0.146000 1 1
1945 06 12 0.100000 1 1
1945 06 13 0.100000 1 1
1945 06 14 0.086000 1 1
1945 06 15 0.086000 1 1
1945 06 16 0.086000 1 1
1945 06 17 0.073000 1 1
1945 06 18 0.192000 1 1
1945 06 19 0.330000 1 1
1945 06 20 0.330000 1 1
1945 06 21 0.284000 1 1
1945 06 22 0.238000 1 1
1945 06 23 0.238000 1 1
1945 06 24 0.215000 1 1
1945 06 25 0.192000 1 1
1945 06 26 0.169000 1 1
1945 06 27 0.169000 1 1
1945 06 28 0.169000 1 1
1945 06 29 0.169000 1 1
1945 06 30 0.146000 1 1
1945 07 01 0.146000 1 1
1945 07 02 0.146000 1 1
1945 07 03 0.146000 1 1
1945 07 04 0.146000 1 1
1945 07 05 0.169000 1 1
1945 07 06 0.146000 1 1
1945 07 07 0.123000 1 1
1945 07 08 0.123000 1 1
1945 07 09 0.123000 1 1
1945 07 10 0.123000 1 1
1945 07 11 0.123000 1 1
1945 07 12 0.100000 1 1
1945 07 13 0.123000 1 1
1945 07 14 0.123000 1 1
1945 07 15 0.123000 1 1
1945 07 16 0.123000 1 1
1945 07 17 0.123000 1 1
1945 07 18 0.123000 1 1
1945 07 19 0.123000 1 1
1945 07 20 0.123000 1 1
1945 07 21 0.169000 1 1
1945 07 22 1.770000 1 1
1945 07 23 2.950000 1 1
1945 07 24 3.320000 1 1
1945 07 25 2.650000 1 1
1945 07 26 2.160000 1 1
1945 07 27 2.320000 1 1
1945 07 28 2.540000 1 1
1945 07 29 2.770000 1 1
1945 07 30 3.740000 1 1
1945 07 31 12.500000 1 1
1945 08 01 55.100000 1 1
1945 08 02 54.200000 1 1
1945 08 03 38.200000 1 1
1945 08 04 35.400000 1 1
1945 08 05 31.500000 1 1
1945 08 06 28.700000 1 1
1945 08 07 24.800000 1 1
1945 08 08 20.300000 1 1
1945 08 09 7.500000 1 1
1945 08 10 5.640000 1 1
1945 08 11 4.910000 1 1
1945 08 12 4.510000 1 1
1945 08 13 4.110000 1 1
1945 08 14 3.600000 1 1
1945 08 15 3.250000 1 1
1945 08 16 2.890000 1 1
1945 08 17 3.880000 1 1
1945 08 18 8.760000 1 1
1945 08 19 15.000000 1 1
1945 08 20 12.500000 1 1
1945 08 21 9.600000 1 1
1945 08 22 9.120000 1 1
1945 08 23 14.100000 1 1
1945 08 24 21.700000 1 1
1945 08 25 16.300000 1 1
1945 08 26 15.100000 1 1
1945 08 27 16.400000 1 1
1945 08 28 15.800000 1 1
1945 08 29 14.900000 1 1
1945 08 30 14.200000 1 1
1945 08 31 13.300000 1 1
1945 09 01 8.520000 1 1
1945 09 02 6.400000 1 1
1945 09 03 5.230000 1 1
1945 09 04 4.830000 1 1
1945 09 05 5.310000 1 1
1945 09 06 5.730000 1 2
1945 09 07 9.490000 1 2
1945 09 08 8.560000 1 2
1945 09 09 6.390000 1 2
1945 09 10 5.560000 1 2
1945 09 11 5.180000 1 2
1945 09 12 4.830000 1 2
1945 09 13 4.850000 1 2
1945 09 14 9.120000 1 1
1945 09 15 11.900000 1 1
1945 09 16 10.100000 1 1
1945 09 17 8.100000 1 1
1945 09 18 6.500000 1 1
1945 09 19 5.550000 1 1
1945 09 20 4.830000 1 1
1945 09 21 5.980000 1 1
1945 09 22 9.480000 1 1
1945 09 23 8.400000 1 1
1945 09 24 6.700000 1 1
1945 09 25 5.980000 1 1
1945 09 26 5.390000 1 1
1945 09 27 4.670000 1 1
1945 09 28 7.600000 1 1
1945 09 29 7.900000 1 1
1945 09 30 5.980000 1 1
1945 10 01 5.070000 1 1
1945 10 02 4.270000 1 1
1945 10 03 3.320000 1 1
1945 10 04 2.600000 1 1
1945 10 05 2.320000 1 1
1945 10 06 2.160000 1 1
1945 10 07 1.990000 1 1
1945 10 08 1.830000 1 1
1945 10 09 1.660000 1 1
1945 10 10 2.160000 1 1
1945 10 11 3.070000 1 1
1945 10 12 4.430000 1 1
1945 10 13 3.670000 1 1
1945 10 14 2.770000 1 1
1945 10 15 2.100000 1 1
1945 10 16 1.550000 1 1
1945 10 17 1.400000 1 1
1945 10 18 1.250000 1 1
1945 10 19 1.200000 1 1
1945 10 20 1.150000 1 1
1945 10 21 1.100000 1 1
1945 10 22 1.050000 1 1
1945 10 23 1.100000 1 1
1945 10 24 1.010000 1 1
1945 10 25 0.968000 1 1
1945 10 26 1.010000 1 1
1945 10 27 1.830000 1 1
1945 10 28 1.610000 1 1
1945 10 29 1.350000 1 1
1945 10 30 1.100000 1 1
1945 10 31 1.010000 1 1
1945 11 01 1.150000 1 1
1945 11 02 1.250000 1 1
1945 11 03 0.968000 1 1
1945 11 04 0.578000 1 1
1945 11 05 0.578000 1 1
1945 11 06 0.547000 1 1
1945 11 07 0.485000 1 1
1945 11 08 0.722000 1 1
1945 11 09 1.010000 1 1
1945 11 10 0.886000 1 1
1945 11 11 0.763000 1 1
1945 11 12 0.968000 1 1
1945 11 13 1.100000 1 1
1945 11 14 1.150000 1 1
1945 11 15 0.968000 1 1
1945 11 16 0.845000 1 1
1945 11 17 0.681000 1 1
1945 11 18 0.547000 1 1
1945 11 19 1.010000 1 1
1945 11 20 1.400000 1 1
1945 11 21 3.460000 1 1
1945 11 22 5.720000 1 1
1945 11 23 3.130000 1 1
1945 11 24 2.100000 1 1
1945 11 25 1.610000 1 1
1945 11 26 1.350000 1 1
1945 11 27 1.200000 1 1
1945 11 28 1.500000 1 1
1945 11 29 1.770000 1 1
1945 11 30 1.610000 1 1
1945 12 01 1.400000 1 1
1945 12 02 1.250000 1 1
1945 12 03 1.770000 1 1
1945 12 04 3.190000 1 1
1945 12 05 5.150000 1 1
1945 12 06 4.350000 1 1
1945 12 07 2.490000 1 1
1945 12 08 1.770000 1 1
1945 12 09 1.450000 1 1
1945 12 10 1.150000 1 1
1945 12 11 1.050000 1 1
1945 12 12 0.927000 1 1
1945 12 13 0.804000 1 1
1945 12 14 0.681000 1 1
1945 12 15 0.578000 1 1
1945 12 16 0.578000 1 1
1945 12 17 0.547000 1 1
1945 12 18 0.516000 1 1
1945 12 19 0.516000 1 1
1945 12 20 0.485000 1 1
1945 12 21 0.454000 1 1
1945 12 22 0.423000 1 1
1945 12 23 0.392000 1 1
1945 12 24 0.361000 1 1
1945 12 25 0.330000 1 1
1945 12 26 0.307000 1 1
1945 12 27 0.307000 1 1
1945 12 28 0.284000 1 1
1945 12 29 0.330000 1 1
1945 12 30 0.454000 1 1
1945 12 31 0.485000 1 1
1946 01 01 0.485000 1 1
1946 01 02 0.423000 1 1
1946 01 03 0.307000 1 1
1946 01 04 0.261000 1 1
1946 01 05 0.215000 1 1
1946 01 06 0.146000 1 1
1946 01 07 0.392000 1 1
1946 01 08 0.681000 1 1
1946 01 09 0.681000 1 1
1946 01 10 0.516000 1 1
1946 01 11 0.361000 1 1
1946 01 12 0.284000 1 1
1946 01 13 0.192000 1 1
1946 01 14 0.123000 1 1
1946 01 15 0.086000 1 1
1946 01 16 0.073000 1 1
1946 01 17 0.059000 1 1
1946 01 18 0.123000 1 1
1946 01 19 0.330000 1 1
1946 01 20 0.485000 1 1
1946 01 21 0.361000 1 1
1946 01 22 0.238000 1 1
1946 01 23 0.169000 1 1
1946 01 24 0.146000 1 1
1946 01 25 0.261000 1 1
1946 01 26 0.763000 1 1
1946 01 27 0.516000 1 1
1946 01 28 0.392000 1 1
1946 01 29 0.284000 1 1
1946 01 30 0.238000 1 1
1946 01 31 0.261000 1 1
1946 02 01 0.192000 1 1
1946 02 02 0.100000 1 1
1946 02 03 0.154000 1 2
1946 02 04 0.208000 1 2
1946 02 05 0.261000 1 1
1946 02 06 0.330000 1 1
1946 02 07 0.485000 1 1
1946 02 08 0.361000 1 1
1946 02 09 0.192000 1 1
1946 02 10 0.284000 1 1
1946 02 11 0.284000 1 1
1946 02 12 0.261000 1 1
1946 02 13 0.361000 1 1
1946 02 14 0.722000 1 1
1946 02 15 1.010000 1 1
1946 02 16 1.500000 1 1
1946 02 17 1.250000 1 1
1946 02 18 0.968000 1 1
1946 02 19 0.722000 1 1
1946 02 20 0.485000 1 1
1946 02 21 0.284000 1 1
1946 02 22 0.238000 1 1
1946 02 23 0.215000 1 1
1946 02 24 0.192000 1 1
1946 02 25 0.169000 1 1
1946 02 26 0.146000 1 1
1946 02 27 0.123000 1 1
1946 02 28 0.192000 1 1
1946 03 01 0.485000 1 1
1946 03 02 0.361000 1 1
1946 03 03 0.330000 1 1
1946 03 04 0.261000 1 1
1946 03 05 0.238000 1 1
1946 03 06 0.215000 1 1
1946 03 07 0.169000 1 1
1946 03 08 0.146000 1 1
1946 03 09 0.123000 1 1
1946 03 10 0.100000 1 1
1946 03 11 0.100000 1 1
1946 03 12 0.100000 1 1
1946 03 13 0.100000 1 1
1946 03 14 0.086000 1 1
1946 03 15 0.086000 1 1
1946 03 16 0.073000 1 1
1946 03 17 0.059000 1 1
1946 03 18 0.045000 1 1
1946 03 19 0.045000 1 1
1946 03 20 0.032000 1 1
1946 03 21 0.032000 1 1
1946 03 22 0.032000 1 1
1946 03 23 0.029000 1 1
1946 03 24 0.029000 1 1
1946 03 25 0.029000 1 1
1946 03 26 0.029000 1 1
1946 03 27 0.027000 1 1
1946 03 28 0.027000 1 1
1946 03 29 0.027000 1 1
1946 03 30 0.029000 1 1
1946 03 31 0.045000 1 1
1946 04 01 0.059000 1 1
1946 04 02 0.086000 1 1
1946 04 03 0.100000 1 1
1946 04 04 0.059000 1 1
1946 04 05 0.029000 1 1
1946 04 06 0.029000 1 1
1946 04 07 0.029000 1 1
1946 04 08 0.029000 1 1
1946 04 09 0.027000 1 1
1946 04 10 0.027000 1 1
1946 04 11 0.032000 1 1
1946 04 12 0.073000 1 1
1946 04 13 0.059000 1 1
1946 04 14 0.045000 1 1
1946 04 15 0.032000 1 1
1946 04 16 0.032000 1 1
1946 04 17 0.032000 1 1
1946 04 18 0.029000 1 1
1946 04 19 0.029000 1 1
1946 04 20 0.029000 1 1
1946 04 21 0.027000 1 1
1946 04 22 0.027000 1 1
1946 04 23 0.027000 1 1
1946 04 24 0.025000 1 1
1946 04 25 0.025000 1 1
1946 04 26 0.025000 1 1
1946 04 27 0.022000 1 1
1946 04 28 0.022000 1 1
1946 04 29 0.022000 1 1
1946 04 30 0.020000 1 1
1946 05 01 0.020000 1 1
1946 05 02 0.020000 1 1
1946 05 03 0.027000 1 1
1946 05 04 0.029000 1 1
1946 05 05 0.027000 1 1
1946 05 06 0.027000 1 1
1946 05 07 0.027000 1 1
1946 05 08 0.029000 1 1
1946 05 09 0.029000 1 1
1946 05 10 0.032000 1 1
1946 05 11 0.029000 1 1
1946 05 12 0.032000 1 1
1946 05 13 0.045000 1 1
1946 05 14 0.059000 1 1
1946 05 15 0.059000 1 1
1946 05 16 0.045000 1 1
1946 05 17 0.032000 1 1
1946 05 18 0.032000 1 1
1946 05 19 0.032000 1 1
1946 05 20 0.073000 1 1
1946 05 21 0.100000 1 1
1946 05 22 0.169000 1 1
1946 05 23 0.284000 1 1
1946 05 24 0.361000 1 1
1946 05 25 0.284000 1 1
1946 05 26 0.238000 1 1
1946 05 27 0.215000 1 1
1946 05 28 0.169000 1 1
1946 05 29 0.169000 1 1
1946 05 30 0.361000 1 1
1946 05 31 0.485000 1 1
1946 06 01 0.516000 1 1
1946 06 02 0.423000 1 1
1946 06 03 0.330000 1 1
1946 06 04 0.307000 1 1
1946 06 05 0.307000 1 1
1946 06 06 0.284000 1 1
1946 06 07 0.261000 1 1
1946 06 08 0.238000 1 1
1946 06 09 0.215000 1 1
1946 06 10 0.192000 1 1
1946 06 11 0.169000 1 1
1946 06 12 0.169000 1 1
1946 06 13 0.169000 1 1
1946 06 14 0.330000 1 1
1946 06 15 0.423000 1 1
1946 06 16 0.330000 1 1
1946 06 17 0.307000 1 1
1946 06 18 0.609000 1 1
1946 06 19 2.050000 1 1
1946 06 20 18.200000 1 1
1946 06 21 8.880000 1 1
1946 06 22 5.980000 1 1
1946 06 23 3.670000 1 1
1946 06 24 3.130000 1 1
1946 06 25 2.770000 1 1
1946 06 26 2.540000 1 1
1946 06 27 4.990000 1 1
1946 06 28 4.270000 1 1
1946 06 29 3.250000 1 1
1946 06 30 2.600000 1 1
1946 07 01 2.210000 1 1
1946 07 02 1.990000 1 1
1946 07 03 1.940000 1 1
1946 07 04 1.720000 1 1
1946 07 05 1.610000 1 1
1946 07 06 1.500000 1 1
1946 07 07 1.400000 1 1
1946 07 08 1.830000 1 1
1946 07 09 3.810000 1 1
1946 07 10 6.500000 1 1
1946 07 11 4.750000 1 1
1946 07 12 3.250000 1 1
1946 07 13 2.770000 1 1
1946 07 14 6.500000 1 1
1946 07 15 6.060000 1 1
1946 07 16 11.400000 1 1
1946 07 17 24.300000 1 1
1946 07 18 25.800000 1 1
1946 07 19 14.100000 1 1
1946 07 20 10.100000 1 1
1946 07 21 8.200000 1 1
1946 07 22 7.200000 1 1
1946 07 23 7.200000 1 1
1946 07 24 10.700000 1 1
1946 07 25 14.100000 1 1
1946 07 26 7.600000 1 1
1946 07 27 6.060000 1 1
1946 07 28 5.230000 1 1
1946 07 29 4.510000 1 1
1946 07 30 4.030000 1 1
1946 07 31 3.810000 1 1
1946 08 01 3.600000 1 1
1946 08 02 3.320000 1 1
1946 08 03 3.070000 1 1
1946 08 04 2.830000 1 1
1946 08 05 2.770000 1 1
1946 08 06 3.740000 1 1
1946 08 07 4.830000 1 1
1946 08 08 4.110000 1 1
1946 08 09 3.190000 1 1
1946 08 10 2.600000 1 1
1946 08 11 2.320000 1 1
1946 08 12 2.650000 1 1
1946 08 13 3.880000 1 1
1946 08 14 3.670000 1 1
1946 08 15 3.070000 1 1
1946 08 16 2.770000 1 1
1946 08 17 2.490000 1 1
1946 08 18 2.320000 1 1
1946 08 19 2.160000 1 1
1946 08 20 1.880000 1 1
1946 08 21 2.430000 1 1
1946 08 22 5.720000 1 1
1946 08 23 nan nan 0
1946 08 24 nan nan 0
1946 08 25 nan nan 0
1946 08 26 nan nan 0
1946 08 27 nan nan 0
1946 08 28 nan nan 0
1946 08 29 nan nan 0
1946 08 30 nan nan 0
1946 08 31 nan nan 0
1946 09 01 nan nan 0
1946 09 02 nan nan 0
1946 09 03 nan nan 0
1946 09 04 nan nan 0
1946 09 05 nan nan 0
1946 09 06 nan nan 0
1946 09 07 nan nan 0
1946 09 08 nan nan 0
1946 09 09 9.120000 1 1
1946 09 10 8.400000 1 1
1946 09 11 7.200000 1 1
1946 09 12 6.230000 1 1
1946 09 13 5.550000 1 1
1946 09 14 5.230000 1 1
1946 09 15 4.990000 1 1
1946 09 16 4.830000 1 1
1946 09 17 4.670000 1 1
1946 09 18 4.430000 1 1
1946 09 19 3.810000 1 1
1946 09 20 3.010000 1 1
1946 09 21 2.490000 1 1
1946 09 22 2.710000 1 1
1946 09 23 6.060000 1 1
1946 09 24 5.310000 1 1
1946 09 25 5.890000 1 1
1946 09 26 13.700000 1 1
1946 09 27 6.700000 1 1
1946 09 28 4.910000 1 1
1946 09 29 3.390000 1 1
1946 09 30 3.130000 1 1
1946 10 01 2.710000 1 1
1946 10 02 2.210000 1 1
1946 10 03 1.880000 1 1
1946 10 04 2.890000 1 1
1946 10 05 6.230000 1 1
1946 10 06 26.300000 1 1
1946 10 07 64.700000 1 1
1946 10 08 47.900000 1 1
1946 10 09 23.600000 1 1
1946 10 10 17.200000 1 1
1946 10 11 13.300000 1 1
1946 10 12 15.400000 1 1
1946 10 13 49.600000 1 1
1946 10 14 38.400000 1 1
1946 10 15 31.500000 1 1
1946 10 16 26.000000 1 1
1946 10 17 18.700000 1 1
1946 10 18 14.200000 1 1
1946 10 19 10.700000 1 1
1946 10 20 8.200000 1 1
1946 10 21 7.000000 1 1
1946 10 22 6.500000 1 1
1946 10 23 6.150000 1 1
1946 10 24 5.810000 1 1
1946 10 25 5.150000 1 1
1946 10 26 4.510000 1 1
1946 10 27 4.190000 1 1
1946 10 28 3.740000 1 1
1946 10 29 3.530000 1 1
1946 10 30 3.390000 1 1
1946 10 31 3.190000 1 1
1946 11 01 3.010000 1 1
1946 11 02 2.770000 1 1
1946 11 03 2.540000 1 1
1946 11 04 2.320000 1 1
1946 11 05 1.940000 1 1
1946 11 06 1.660000 1 1
1946 11 07 1.400000 1 1
1946 11 08 1.250000 1 1
1946 11 09 1.150000 1 1
1946 11 10 1.050000 1 1
1946 11 11 0.927000 1 1
1946 11 12 0.886000 1 1
1946 11 13 0.845000 1 1
1946 11 14 0.845000 1 1
1946 11 15 1.100000 1 1
1946 11 16 0.927000 1 1
1946 11 17 0.804000 1 1
1946 11 18 0.804000 1 1
1946 11 19 1.010000 1 1
1946 11 20 1.050000 1 1
1946 11 21 1.200000 1 1
1946 11 22 0.845000 1 1
1946 11 23 0.722000 1 1
1946 11 24 0.640000 1 1
1946 11 25 0.763000 1 1
1946 11 26 0.681000 1 1
1946 11 27 0.609000 1 1
1946 11 28 0.845000 1 1
1946 11 29 0.804000 1 1
1946 11 30 0.763000 1 1
1946 12 01 0.609000 1 1
1946 12 02 0.516000 1 1
1946 12 03 0.423000 1 1
1946 12 04 0.330000 1 1
1946 12 05 0.804000 1 1
1946 12 06 2.160000 1 1
1946 12 07 1.550000 1 1
1946 12 08 1.200000 1 1
1946 12 09 0.927000 1 1
1946 12 10 0.722000 1 1
1946 12 11 0.547000 1 1
1946 12 12 0.485000 1 1
1946 12 13 0.609000 1 1
1946 12 14 11.300000 1 1
1946 12 15 9.600000 1 1
1946 12 16 5.980000 1 1
1946 12 17 3.130000 1 1
1946 12 18 2.430000 1 1
1946 12 19 1.940000 1 1
1946 12 20 2.210000 1 1
1946 12 21 3.530000 1 1
1946 12 22 2.380000 1 1
1946 12 23 1.990000 1 1
1946 12 24 1.550000 1 1
1946 12 25 1.350000 1 1
1946 12 26 1.150000 1 1
1946 12 27 0.968000 1 1
1946 12 28 0.845000 1 1
1946 12 29 0.722000 1 1
1946 12 30 0.640000 1 1
1946 12 31 0.609000 1 1
1947 01 01 0.547000 1 1
1947 01 02 0.516000 1 1
1947 01 03 0.454000 1 1
1947 01 04 0.392000 1 1
1947 01 05 0.307000 1 1
1947 01 06 0.392000 1 1
1947 01 07 0.454000 1 1
1947 01 08 0.392000 1 1
1947 01 09 0.307000 1 1
1947 01 10 0.215000 1 1
1947 01 11 0.215000 1 1
1947 01 12 0.361000 1 1
1947 01 13 0.454000 1 1
1947 01 14 0.547000 1 1
1947 01 15 0.392000 1 1
1947 01 16 0.330000 1 1
1947 01 17 0.722000 1 1
1947 01 18 10.400000 1 1
1947 01 19 7.800000 1 1
1947 01 20 4.190000 1 1
1947 01 21 1.150000 1 1
1947 01 22 0.578000 1 1
1947 01 23 0.578000 1 1
1947 01 24 0.485000 1 1
1947 01 25 0.392000 1 1
1947 01 26 0.330000 1 1
1947 01 27 0.284000 1 1
1947 01 28 0.261000 1 1
1947 01 29 0.261000 1 1
1947 01 30 0.578000 1 1
1947 01 31 1.450000 1 1
1947 02 01 1.150000 1 1
1947 02 02 0.578000 1 1
1947 02 03 0.307000 1 1
1947 02 04 0.423000 1 1
1947 02 05 1.720000 1 1
1947 02 06 1.200000 1 1
1947 02 07 1.010000 1 1
1947 02 08 1.300000 1 1
1947 02 09 nan nan 0
1947 02 10 nan nan 0
1947 02 11 nan nan 0
1947 02 12 nan nan 0
1947 02 13 3.010000 1 1
1947 02 14 1.500000 1 1
1947 02 15 1.880000 1 1
1947 02 16 2.160000 1 1
1947 02 17 1.610000 1 1
1947 02 18 1.300000 1 1
1947 02 19 0.927000 1 1
1947 02 20 0.578000 1 1
1947 02 21 0.423000 1 1
1947 02 22 0.330000 1 1
1947 02 23 0.681000 1 1
1947 02 24 0.578000 1 1
1947 02 25 0.485000 1 1
1947 02 26 0.392000 1 1
1947 02 27 0.307000 1 1
1947 02 28 0.284000 1 1
1947 03 01 0.392000 1 1
1947 03 02 0.361000 1 1
1947 03 03 0.330000 1 1
1947 03 04 0.261000 1 1
1947 03 05 0.423000 1 1
1947 03 06 0.516000 1 1
1947 03 07 0.454000 1 1
1947 03 08 0.392000 1 1
1947 03 09 0.330000 1 1
1947 03 10 0.307000 1 1
1947 03 11 0.284000 1 1
1947 03 12 0.423000 1 1
1947 03 13 0.361000 1 1
1947 03 14 0.307000 1 1
1947 03 15 0.284000 1 1
1947 03 16 0.238000 1 1
1947 03 17 0.284000 1 1
1947 03 18 0.261000 1 1
1947 03 19 0.238000 1 1
1947 03 20 0.215000 1 1
1947 03 21 0.192000 1 1
1947 03 22 0.169000 1 1
1947 03 23 0.169000 1 1
1947 03 24 0.146000 1 1
1947 03 25 0.146000 1 1
1947 03 26 0.146000 1 1
1947 03 27 0.123000 1 1
1947 03 28 0.123000 1 1
1947 03 29 0.100000 1 1
1947 03 30 0.169000 1 1
1947 03 31 0.284000 1 1
1947 04 01 0.192000 1 1
1947 04 02 0.146000 1 1
1947 04 03 0.123000 1 1
1947 04 04 0.100000 1 1
1947 04 05 0.086000 1 1
1947 04 06 0.238000 1 1
1947 04 07 0.261000 1 1
1947 04 08 0.238000 1 1
1947 04 09 0.284000 1 1
1947 04 10 0.485000 1 1
1947 04 11 0.547000 1 1
1947 04 12 0.361000 1 1
1947 04 13 0.307000 1 1
1947 04 14 0.284000 1 1
1947 04 15 0.238000 1 1
1947 04 16 0.215000 1 1
1947 04 17 0.192000 1 1
1947 04 18 0.261000 1 1
1947 04 19 0.307000 1 1
1947 04 20 0.261000 1 1
1947 04 21 0.238000 1 1
1947 04 22 0.215000 1 1
1947 04 23 0.215000 1 1
1947 04 24 0.192000 1 1
1947 04 25 0.169000 1 1
1947 04 26 0.169000 1 1
1947 04 27 0.146000 1 1
1947 04 28 0.123000 1 1
1947 04 29 0.100000 1 1
1947 04 30 0.100000 1 1
1947 05 01 0.100000 1 1
1947 05 02 0.100000 1 1
1947 05 03 0.100000 1 1
1947 05 04 0.100000 1 1
1947 05 05 0.100000 1 1
1947 05 06 0.100000 1 1
1947 05 07 0.086000 1 1
1947 05 08 0.086000 1 1
1947 05 09 0.215000 1 1
1947 05 10 0.392000 1 1
1947 05 11 0.763000 1 1
1947 05 12 0.454000 1 1
1947 05 13 0.261000 1 1
1947 05 14 0.169000 1 1
1947 05 15 0.392000 1 1
1947 05 16 0.609000 1 1
1947 05 17 0.927000 1 1
1947 05 18 1.660000 1 1
1947 05 19 2.210000 1 1
1947 05 20 1.400000 1 1
1947 05 21 0.968000 1 1
1947 05 22 0.681000 1 1
1947 05 23 0.845000 1 1
1947 05 24 2.210000 1 1
1947 05 25 2.100000 1 1
1947 05 26 1.450000 1 1
1947 05 27 0.763000 1 1
1947 05 28 0.516000 1 1
1947 05 29 0.392000 1 1
1947 05 30 0.284000 1 1
1947 05 31 0.215000 1 1
1947 06 01 0.192000 1 1
1947 06 02 0.169000 1 1
1947 06 03 0.146000 1 1
1947 06 04 0.169000 1 1
1947 06 05 0.146000 1 1
1947 06 06 0.146000 1 1
1947 06 07 0.123000 1 1
1947 06 08 0.123000 1 1
1947 06 09 0.100000 1 1
1947 06 10 0.100000 1 1
1947 06 11 0.123000 1 1
1947 06 12 0.392000 1 1
1947 06 13 1.300000 1 1
1947 06 14 0.886000 1 1
1947 06 15 1.150000 1 1
1947 06 16 1.350000 1 1
1947 06 17 1.830000 1 1
1947 06 18 3.880000 1 1
1947 06 19 14.900000 1 1
1947 06 20 16.000000 1 1
1947 06 21 14.000000 1 1
1947 06 22 14.300000 1 1
1947 06 23 4.590000 1 1
1947 06 24 3.530000 1 1
1947 06 25 2.430000 1 1
1947 06 26 1.450000 1 1
1947 06 27 0.609000 1 1
1947 06 28 0.886000 1 1
1947 06 29 22.700000 1 1
1947 06 30 50.500000 1 1
1947 07 01 34.600000 1 1
1947 07 02 12.700000 1 2
1947 07 03 13.800000 1 2
1947 07 04 13.500000 1 2
1947 07 05 11.600000 1 2
1947 07 06 9.880000 1 2
1947 07 07 9.530000 1 2
1947 07 08 8.810000 1 2
1947 07 09 8.000000 1 1
1947 07 10 5.390000 1 1
1947 07 11 4.510000 1 1
1947 07 12 3.950000 1 1
1947 07 13 3.530000 1 1
1947 07 14 3.130000 1 1
1947 07 15 3.010000 1 1
1947 07 16 2.830000 1 1
1947 07 17 2.710000 1 1
1947 07 18 2.650000 1 1
1947 07 19 2.600000 1 1
1947 07 20 2.490000 1 1
1947 07 21 2.320000 1 1
1947 07 22 2.160000 1 1
1947 07 23 1.990000 1 1
1947 07 24 2.490000 1 1
1947 07 25 12.000000 1 1
1947 07 26 11.400000 1 1
1947 07 27 7.000000 1 1
1947 07 28 4.350000 1 1
1947 07 29 3.810000 1 1
1947 07 30 3.460000 1 1
1947 07 31 3.250000 1 1
1947 08 01 3.070000 1 1
1947 08 02 2.710000 1 1
1947 08 03 2.490000 1 1
1947 08 04 2.320000 1 1
1947 08 05 2.270000 1 1
1947 08 06 2.160000 1 1
1947 08 07 2.050000 1 1
1947 08 08 1.940000 1 1
1947 08 09 1.880000 1 1
1947 08 10 1.770000 1 1
1947 08 11 1.660000 1 1
1947 08 12 1.550000 1 1
1947 08 13 1.500000 1 1
1947 08 14 1.450000 1 1
1947 08 15 1.450000 1 1
1947 08 16 1.400000 1 1
1947 08 17 1.350000 1 1
1947 08 18 1.250000 1 1
1947 08 19 1.150000 1 1
1947 08 20 1.050000 1 1
1947 08 21 1.010000 1 1
1947 08 22 0.968000 1 1
1947 08 23 1.350000 1 1
1947 08 24 1.660000 1 1
1947 08 25 1.940000 1 1
1947 08 26 1.610000 1 1
1947 08 27 3.320000 1 1
1947 08 28 5.150000 1 1
1947 08 29 4.590000 1 1
1947 08 30 3.190000 1 1
1947 08 31 2.650000 1 1
1947 09 01 2.380000 1 1
1947 09 02 2.100000 1 1
1947 09 03 1.940000 1 1
1947 09 04 1.770000 1 1
1947 09 05 1.660000 1 1
1947 09 06 1.610000 1 1
1947 09 07 1.500000 1 1
1947 09 08 1.450000 1 1
1947 09 09 1.350000 1 1
1947 09 10 1.300000 1 1
1947 09 11 1.500000 1 1
1947 09 12 1.450000 1 1
1947 09 13 1.300000 1 1
1947 09 14 1.250000 1 1
1947 09 15 1.200000 1 1
1947 09 16 1.150000 1 1
1947 09 17 1.300000 1 1
1947 09 18 1.500000 1 1
1947 09 19 5.980000 1 1
1947 09 20 8.000000 1 1
1947 09 21 9.120000 1 1
1947 09 22 7.600000 1 1
1947 09 23 5.890000 1 1
1947 09 24 3.740000 1 1
1947 09 25 2.890000 1 1
1947 09 26 2.600000 1 1
1947 09 27 2.320000 1 1
1947 09 28 2.490000 1 1
1947 09 29 5.230000 1 1
1947 09 30 10.100000 1 1
1947 10 01 44.700000 1 1
1947 10 02 52.500000 1 1
1947 10 03 22.100000 1 1
1947 10 04 17.800000 1 1
1947 10 05 15.600000 1 1
1947 10 06 13.400000 1 1
1947 10 07 17.300000 1 1
1947 10 08 20.600000 1 1
1947 10 09 18.500000 1 1
1947 10 10 14.000000 1 1
1947 10 11 10.700000 1 1
1947 10 12 7.600000 1 1
1947 10 13 4.990000 1 1
1947 10 14 4.430000 1 1
1947 10 15 4.030000 1 1
1947 10 16 3.740000 1 1
1947 10 17 3.810000 1 1
1947 10 18 6.900000 1 1
1947 10 19 9.480000 1 1
1947 10 20 6.060000 1 1
1947 10 21 4.590000 1 1
1947 10 22 3.600000 1 1
1947 10 23 3.130000 1 1
1947 10 24 2.710000 1 1
1947 10 25 2.540000 1 1
1947 10 26 2.380000 1 1
1947 10 27 2.160000 1 1
1947 10 28 1.940000 1 1
1947 10 29 1.880000 1 1
1947 10 30 1.830000 1 1
1947 10 31 1.770000 1 1
1947 11 01 1.720000 1 1
1947 11 02 1.660000 1 1
1947 11 03 1.500000 1 1
1947 11 04 0.968000 1 1
1947 11 05 0.927000 1 1
1947 11 06 0.845000 1 1
1947 11 07 0.804000 1 1
1947 11 08 0.804000 1 1
1947 11 09 0.763000 1 1
1947 11 10 0.722000 1 1
1947 11 11 0.640000 1 1
1947 11 12 0.609000 1 1
1947 11 13 0.578000 1 1
1947 11 14 0.516000 1 1
1947 11 15 0.485000 1 1
1947 11 16 0.423000 1 1
1947 11 17 0.392000 1 1
1947 11 18 0.330000 1 1
1947 11 19 0.284000 1 1
1947 11 20 0.261000 1 1
1947 11 21 0.307000 1 1
1947 11 22 0.330000 1 1
1947 11 23 0.284000 1 1
1947 11 24 0.330000 1 1
1947 11 25 0.681000 1 1
1947 11 26 0.485000 1 1
1947 11 27 0.307000 1 1
1947 11 28 0.261000 1 1
1947 11 29 0.192000 1 1
1947 11 30 0.146000 1 1
1947 12 01 0.238000 1 1
1947 12 02 0.927000 1 1
1947 12 03 0.681000 1 1
1947 12 04 0.547000 1 1
1947 12 05 0.454000 1 1
1947 12 06 0.392000 1 1
1947 12 07 0.361000 1 1
1947 12 08 0.330000 1 1
1947 12 09 0.454000 1 1
1947 12 10 1.010000 1 1
1947 12 11 0.968000 1 1
1947 12 12 0.763000 1 1
1947 12 13 0.547000 1 1
1947 12 14 0.361000 1 1
1947 12 15 0.330000 1 1
1947 12 16 0.307000 1 1
1947 12 17 0.284000 1 1
1947 12 18 0.284000 1 1
1947 12 19 0.284000 1 1
1947 12 20 0.261000 1 1
1947 12 21 0.261000 1 1
1947 12 22 0.238000 1 1
1947 12 23 0.238000 1 1
1947 12 24 0.215000 1 1
1947 12 25 0.215000 1 1
1947 12 26 0.192000 1 1
1947 12 27 0.192000 1 1
1947 12 28 0.215000 1 1
1947 12 29 0.722000 1 1
1947 12 30 0.968000 1 1
1947 12 31 0.361000 1 1
1948 01 01 0.261000 1 1
1948 01 02 0.215000 1 1
1948 01 03 0.215000 1 1
1948 01 04 0.578000 1 1
1948 01 05 1.250000 1 1
1948 01 06 1.610000 1 1
1948 01 07 2.100000 1 1
1948 01 08 3.070000 1 1
1948 01 09 7.000000 1 1
1948 01 10 10.400000 1 2
1948 01 11 10.600000 1 1
1948 01 12 9.840000 1 1
1948 01 13 8.520000 1 3
1948 01 14 7.900000 1 3
1948 01 15 7.300000 1 3
1948 01 16 5.980000 1 3
1948 01 17 5.230000 1 3
1948 01 18 4.110000 1 3
1948 01 19 3.250000 1 3
1948 01 20 2.490000 1 3
1948 01 21 1.830000 1 3
1948 01 22 1.350000 1 1
1948 01 23 1.250000 1 1
1948 01 24 1.450000 1 1
1948 01 25 3.070000 1 1
1948 01 26 10.100000 1 1
1948 01 27 14.600000 1 1
1948 01 28 8.640000 1 1
1948 01 29 5.150000 1 1
1948 01 30 3.190000 1 1
1948 01 31 2.650000 1 1
1948 02 01 2.380000 1 1
1948 02 02 2.950000 1 1
1948 02 03 3.130000 1 1
1948 02 04 3.880000 1 1
1948 02 05 4.990000 1 1
1948 02 06 8.400000 1 1
1948 02 07 7.400000 1 1
1948 02 08 5.310000 1 1
1948 02 09 3.740000 1 1
1948 02 10 2.710000 1 1
1948 02 11 2.210000 1 1
1948 02 12 1.990000 1 1
1948 02 13 1.610000 1 1
1948 02 14 1.400000 1 1
1948 02 15 1.200000 1 1
1948 02 16 0.968000 1 1
1948 02 17 0.927000 1 1
1948 02 18 0.845000 1 1
1948 02 19 0.804000 1 1
1948 02 20 0.763000 1 1
1948 02 21 0.681000 1 1
1948 02 22 0.609000 1 1
1948 02 23 0.516000 1 1
1948 02 24 0.578000 1 1
1948 02 25 0.547000 1 1
1948 02 26 0.516000 1 1
1948 02 27 0.485000 1 1
1948 02 28 0.485000 1 1
1948 02 29 0.454000 1 1
1948 03 01 0.454000 1 1
1948 03 02 0.423000 1 1
1948 03 03 0.423000 1 1
1948 03 04 0.423000 1 1
1948 03 05 0.454000 1 1
1948 03 06 1.500000 1 1
1948 03 07 2.490000 1 1
1948 03 08 1.450000 1 1
1948 03 09 0.804000 1 1
1948 03 10 0.547000 1 1
1948 03 11 0.485000 1 1
1948 03 12 0.423000 1 1
1948 03 13 0.423000 1 1
1948 03 14 0.516000 1 1
1948 03 15 0.454000 1 1
1948 03 16 0.423000 1 1
1948 03 17 0.361000 1 1
1948 03 18 0.330000 1 1
1948 03 19 0.307000 1 1
1948 03 20 0.307000 1 1
1948 03 21 0.284000 1 1
1948 03 22 0.261000 1 1
1948 03 23 0.284000 1 1
1948 03 24 0.485000 1 1
1948 03 25 0.578000 1 1
1948 03 26 0.423000 1 1
1948 03 27 0.361000 1 1
1948 03 28 0.330000 1 1
1948 03 29 0.307000 1 1
1948 03 30 0.284000 1 1
1948 03 31 0.261000 1 1
1948 04 01 0.547000 1 1
1948 04 02 1.660000 1 1
1948 04 03 4.350000 1 1
1948 04 04 1.660000 1 1
1948 04 05 0.927000 1 1
1948 04 06 0.681000 1 1
1948 04 07 0.547000 1 1
1948 04 08 0.845000 1 1
1948 04 09 0.927000 1 1
1948 04 10 2.050000 1 1
1948 04 11 1.350000 1 1
1948 04 12 1.350000 1 1
1948 04 13 1.400000 1 1
1948 04 14 1.500000 1 1
1948 04 15 1.250000 1 1
1948 04 16 0.886000 1 1
1948 04 17 0.845000 1 1
1948 04 18 0.886000 1 1
1948 04 19 0.681000 1 1
1948 04 20 2.270000 1 1
1948 04 21 2.380000 1 1
1948 04 22 1.940000 1 1
1948 04 23 1.500000 1 1
1948 04 24 1.250000 1 1
1948 04 25 1.150000 1 1
1948 04 26 1.200000 1 1
1948 04 27 0.968000 1 1
1948 04 28 0.804000 1 1
1948 04 29 0.640000 1 1
1948 04 30 0.804000 1 1
1948 05 01 3.530000 1 1
1948 05 02 3.390000 1 1
1948 05 03 3.880000 1 1
1948 05 04 4.670000 1 1
1948 05 05 3.740000 1 1
1948 05 06 3.130000 1 1
1948 05 07 2.430000 1 1
1948 05 08 1.770000 1 1
1948 05 09 2.320000 1 1
1948 05 10 2.100000 1 1
1948 05 11 1.660000 1 1
1948 05 12 1.400000 1 1
1948 05 13 1.150000 1 1
1948 05 14 1.010000 1 1
1948 05 15 0.886000 1 1
1948 05 16 0.804000 1 1
1948 05 17 1.250000 1 1
1948 05 18 5.640000 1 1
1948 05 19 4.670000 1 1
1948 05 20 2.710000 1 1
1948 05 21 2.100000 1 1
1948 05 22 1.830000 1 1
1948 05 23 1.610000 1 1
1948 05 24 1.500000 1 1
1948 05 25 1.450000 1 1
1948 05 26 1.400000 1 1
1948 05 27 1.350000 1 1
1948 05 28 1.450000 1 1
1948 05 29 1.990000 1 1
1948 05 30 1.720000 1 1
1948 05 31 1.450000 1 1
1948 06 01 1.250000 1 1
1948 06 02 1.200000 1 1
1948 06 03 1.150000 1 1
1948 06 04 1.100000 1 1
1948 06 05 1.050000 1 1
1948 06 06 1.050000 1 1
1948 06 07 1.010000 1 1
1948 06 08 0.968000 1 1
1948 06 09 0.927000 1 1
1948 06 10 8.640000 1 1
1948 06 11 20.500000 1 1
1948 06 12 25.500000 1 1
1948 06 13 25.500000 1 1
1948 06 14 19.300000 1 1
1948 06 15 13.600000 1 1
1948 06 16 10.100000 1 1
1948 06 17 8.880000 1 1
1948 06 18 7.700000 1 1
1948 06 19 6.500000 1 1
1948 06 20 5.890000 1 1
1948 06 21 5.470000 1 1
1948 06 22 5.470000 1 1
1948 06 23 7.900000 1 1
1948 06 24 11.400000 1 2
1948 06 25 11.400000 1 2
1948 06 26 10.600000 1 2
1948 06 27 10.000000 1 2
1948 06 28 9.050000 1 2
1948 06 29 8.390000 1 2
1948 06 30 7.790000 1 2
1948 07 01 7.750000 1 2
1948 07 02 7.800000 1 2
1948 07 03 7.680000 1 2
1948 07 04 7.510000 1 2
1948 07 05 7.230000 1 2
1948 07 06 10.300000 1 1
1948 07 07 11.900000 1 1
1948 07 08 8.640000 1 1
1948 07 09 7.300000 1 1
1948 07 10 6.150000 1 1
1948 07 11 5.390000 1 1
1948 07 12 4.910000 1 1
1948 07 13 4.430000 1 1
1948 07 14 7.000000 1 1
1948 07 15 7.400000 1 1
1948 07 16 5.980000 1 1
1948 07 17 6.150000 1 1
1948 07 18 7.600000 1 1
1948 07 19 9.120000 1 1
1948 07 20 7.500000 1 1
1948 07 21 6.230000 1 1
1948 07 22 5.640000 1 1
1948 07 23 4.990000 1 1
1948 07 24 4.270000 1 1
1948 07 25 6.600000 1 1
1948 07 26 21.700000 1 1
1948 07 27 30.600000 1 1
1948 07 28 25.600000 1 1
1948 07 29 18.700000 1 1
1948 07 30 16.000000 1 1
1948 07 31 13.600000 1 1
1948 08 01 11.800000 1 1
1948 08 02 10.600000 1 1
1948 08 03 8.200000 1 1
1948 08 04 6.700000 1 1
1948 08 05 5.890000 1 1
1948 08 06 5.550000 1 1
1948 08 07 5.230000 1 1
1948 08 08 4.910000 1 1
1948 08 09 4.590000 1 1
1948 08 10 4.270000 1 1
1948 08 11 3.880000 1 1
1948 08 12 3.670000 1 1
1948 08 13 3.390000 1 1
1948 08 14 3.250000 1 1
1948 08 15 3.070000 1 1
1948 08 16 3.010000 1 1
1948 08 17 2.890000 1 1
1948 08 18 2.830000 1 1
1948 08 19 2.650000 1 1
1948 08 20 2.430000 1 1
1948 08 21 2.380000 1 1
1948 08 22 2.270000 1 1
1948 08 23 2.210000 1 1
1948 08 24 2.210000 1 1
1948 08 25 2.600000 1 1
1948 08 26 2.380000 1 1
1948 08 27 2.320000 1 1
1948 08 28 2.270000 1 1
1948 08 29 2.210000 1 1
1948 08 30 2.160000 1 1
1948 08 31 2.100000 1 1
1948 09 01 2.100000 1 1
1948 09 02 1.990000 1 1
1948 09 03 1.940000 1 1
1948 09 04 1.830000 1 1
1948 09 05 1.720000 1 1
1948 09 06 1.660000 1 1
1948 09 07 1.770000 1 1
1948 09 08 2.320000 1 1
1948 09 09 7.100000 1 1
1948 09 10 28.100000 1 1
1948 09 11 32.900000 1 1
1948 09 12 21.700000 1 1
1948 09 13 20.900000 1 1
1948 09 14 8.300000 1 1
1948 09 15 3.130000 1 1
1948 09 16 2.600000 1 1
1948 09 17 3.740000 1 1
1948 09 18 4.510000 1 1
1948 09 19 4.670000 1 1
1948 09 20 5.150000 1 1
1948 09 21 4.510000 1 1
1948 09 22 4.030000 1 1
1948 09 23 33.000000 1 1
1948 09 24 64.000000 1 1
1948 09 25 54.700000 1 1
1948 09 26 47.500000 1 1
1948 09 27 37.400000 1 1
1948 09 28 22.000000 1 1
1948 09 29 15.100000 1 1
1948 09 30 11.200000 1 1
1948 10 01 9.240000 1 1
1948 10 02 8.300000 1 1
1948 10 03 7.200000 1 1
1948 10 04 6.320000 1 1
1948 10 05 5.230000 1 1
1948 10 06 4.590000 1 1
1948 10 07 4.190000 1 1
1948 10 08 3.740000 1 1
1948 10 09 3.530000 1 1
1948 10 10 3.740000 1 1
1948 10 11 3.670000 1 1
1948 10 12 3.460000 1 1
1948 10 13 3.390000 1 1
1948 10 14 3.250000 1 1
1948 10 15 3.070000 1 1
1948 10 16 2.950000 1 1
1948 10 17 2.830000 1 1
1948 10 18 2.650000 1 1
1948 10 19 2.540000 1 1
1948 10 20 2.430000 1 1
1948 10 21 2.650000 1 1
1948 10 22 3.010000 1 1
1948 10 23 2.950000 1 1
1948 10 24 4.590000 1 1
1948 10 25 4.750000 1 1
1948 10 26 3.070000 1 1
1948 10 27 3.460000 1 1
1948 10 28 3.190000 1 1
1948 10 29 2.950000 1 1
1948 10 30 3.670000 1 1
1948 10 31 5.310000 1 1
1948 11 01 4.430000 1 1
1948 11 02 3.130000 1 1
1948 11 03 2.650000 1 1
1948 11 04 2.380000 1 1
1948 11 05 2.160000 1 1
1948 11 06 2.100000 1 1
1948 11 07 2.050000 1 1
1948 11 08 1.990000 1 1
1948 11 09 2.770000 1 1
1948 11 10 4.670000 1 1
1948 11 11 3.950000 1 1
1948 11 12 5.070000 1 1
1948 11 13 3.740000 1 1
1948 11 14 2.380000 1 1
1948 11 15 1.990000 1 1
1948 11 16 1.830000 1 1
1948 11 17 2.490000 1 1
1948 11 18 3.950000 1 1
1948 11 19 3.130000 1 1
1948 11 20 2.490000 1 1
1948 11 21 1.940000 1 1
1948 11 22 1.660000 1 1
1948 11 23 1.500000 1 1
1948 11 24 1.300000 1 1
1948 11 25 1.300000 1 1
1948 11 26 1.660000 1 1
1948 11 27 1.500000 1 1
1948 11 28 1.400000 1 1
1948 11 29 1.250000 1 1
1948 11 30 1.010000 1 1
1948 12 01 0.927000 1 1
1948 12 02 0.886000 1 1
1948 12 03 0.845000 1 1
1948 12 04 0.804000 1 1
1948 12 05 0.722000 1 1
1948 12 06 0.804000 1 1
1948 12 07 0.763000 1 1
1948 12 08 0.886000 1 1
1948 12 09 0.763000 1 1
1948 12 10 0.640000 1 1
1948 12 11 0.547000 1 1
1948 12 12 0.485000 1 1
1948 12 13 0.423000 1 1
1948 12 14 0.392000 1 1
1948 12 15 0.454000 1 1
1948 12 16 0.361000 1 1
1948 12 17 0.307000 1 1
1948 12 18 0.284000 1 1
1948 12 19 0.261000 1 1
1948 12 20 0.238000 1 1
1948 12 21 0.238000 1 1
1948 12 22 0.215000 1 1
1948 12 23 0.215000 1 1
1948 12 24 0.192000 1 1
1948 12 25 0.215000 1 1
1948 12 26 0.192000 1 1
1948 12 27 0.169000 1 1
1948 12 28 0.146000 1 1
1948 12 29 0.146000 1 1
1948 12 30 0.123000 1 1
1948 12 31 0.123000 1 1
