gauge_id sand_perc silt_perc clay_perc org_carbon_content bedrock_depth water_table_depth
10500000 36.91360 29.66130 33.43460 40.34850 1876.13180 42.69990
11400000 41.16410 27.73850 31.10310 48.60370 2020.14740 332.12800
11500000 41.77720 27.44380 30.78430 49.03890 2019.43160 256.69820
12370000 35.48390 30.21760 34.29280 7.19550 2306.76250 340.80160
12500000 35.11030 30.46310 34.42310 9.66340 2485.38210 215.70230
12520000 35.58630 30.30370 34.10950 11.18580 2594.99570 176.79960
12700000 34.87310 31.22320 33.90370 11.22730 2546.53490 178.89420
13150000 41.56960 27.65930 30.77620 39.85750 2088.23940 132.90090
13470000 38.85790 28.61520 32.54110 7.12840 2522.73440 499.70360
13600002 39.03520 28.46190 32.51510 7.03650 2462.61290 518.45950
13710001 36.46320 30.38700 33.15720 8.15670 2444.00530 449.20150
13750000 35.82940 30.93800 33.23930 11.50690 2427.86160 320.99740
13870000 36.26710 30.56820 33.17270 14.81510 2526.06420 209.69930
13880000 36.20740 30.68390 33.11650 15.01310 2526.34110 193.89990
14100000 40.28470 28.52300 31.19790 35.73590 2143.04160 115.50050
14110000 52.63910 19.94200 27.42260 24.45670 1755.73440 82.50000
14230000 56.06140 20.58350 23.36260 15.00530 2047.71760 7.20000
14250000 53.86480 20.53300 25.60760 21.79340 1856.95860 39.39980
14260000 53.02040 19.53410 27.44670 16.55330 2078.94960 5.29990
14280001 53.24520 19.73870 27.01800 17.23270 2102.57950 8.30000
14310000 52.03470 20.68800 27.28800 18.06960 2005.21280 0.00000
14330000 53.71060 20.62350 25.67130 20.88020 1951.58160 26.30000
14350000 54.83530 24.35300 20.82150 27.44060 2362.12760 0.00000
14440000 43.19810 19.25310 37.56550 13.21620 2182.51910 128.49770
14515000 42.40190 21.16080 36.44160 17.25320 2361.67600 690.82640
14526000 50.83000 18.43780 30.73170 11.74290 3358.39570 185.10090
14680001 40.43190 19.44250 40.14560 15.25150 2083.74600 872.69470
15030000 42.03870 26.93350 31.03320 32.48730 2136.98760 88.20000
15130000 55.32830 16.55510 28.11820 9.32670 2472.14980 1128.23840
15400000 44.62770 24.66450 30.71430 15.97920 2472.74610 426.17480
15550000 41.89310 19.58430 38.51740 10.56460 2352.73630 489.89350
15700000 44.44690 24.37460 31.18400 15.50160 2460.10050 402.50920
15800000 43.85070 20.65570 35.48850 11.05790 1861.14430 735.89650
15910000 40.99990 20.28500 38.72020 12.34410 2263.57200 891.82870
15930000 39.45200 19.38290 41.16240 12.22160 2280.73550 816.00780
17050001 42.33090 25.57880 32.09440 25.69300 2229.39970 169.20050
17090000 37.46750 20.14870 42.36160 8.67550 2810.90550 1422.26120
17200000 59.12360 13.63100 27.23820 8.71650 2703.71230 1039.51300
17345000 55.94190 14.30830 29.72960 11.82670 2574.07070 1365.13270
17350000 51.65510 17.27680 31.06550 10.29200 1717.51540 1599.41120
18200000 36.91330 20.49710 42.56340 8.88040 2947.71300 1520.36020
18850000 49.02340 17.34870 33.62060 10.07810 2649.13280 786.89680
19150000 36.96310 20.24250 42.78590 8.82870 3413.06550 949.73080
20200000 43.28410 17.83750 38.85000 9.57850 3213.00940 1790.65490
20250000 43.39830 18.27600 38.30560 9.02480 3078.32780 1895.06860
21500000 42.57240 22.43840 34.98990 8.50610 3060.56440 858.18580
21750000 44.88500 22.31560 32.79580 9.19360 2599.30080 1204.48100
22050001 46.22200 19.81910 33.95970 8.89610 2728.11020 1219.06860
22500000 49.46340 18.39040 32.14970 8.64770 2656.06230 962.81620
22680000 60.77870 13.42210 25.78510 7.80740 3410.02020 1101.28470
22700000 60.77630 13.47290 25.73760 7.77030 3356.23070 1111.18650
22850000 59.50390 15.23690 25.26060 7.11620 2351.44620 1050.28310
22900000 59.34290 14.34450 26.31250 7.76600 2936.00800 1168.20970
23100000 51.58690 17.58560 30.83110 8.49490 2678.29780 1001.27030
23150000 58.15980 16.41870 25.44040 7.73530 2015.24010 959.75400
23220000 54.93340 14.90400 30.16360 7.70400 2555.66290 1030.26270
23230000 55.37830 17.35270 27.29820 7.99540 1950.39110 1183.58600
23250000 55.21270 16.70320 28.10160 7.90950 2163.41080 1196.87840
23300000 52.12530 17.53660 30.34160 8.40680 2644.15010 990.81840
23600000 52.17590 17.49480 30.33230 8.42640 2648.28350 997.69420
23700000 52.17780 17.49760 30.32770 8.38630 2650.64140 990.77760
23710000 52.17800 17.49770 30.32740 8.38600 2650.67770 990.76570
24050000 56.01050 12.15270 31.82380 12.85150 2927.02170 2150.31760
24200000 57.23380 13.41410 29.34460 9.15320 2878.05950 2219.03480
24500000 57.25330 13.62740 29.12120 9.84430 2660.99190 2523.91490
24700000 58.07550 13.37790 28.54050 8.85830 2811.16170 2239.41650
24750000 54.28630 14.65550 31.06070 8.14660 2872.72300 2439.05980
24780000 54.99220 14.31470 30.69320 8.41210 2972.40690 2125.66690
24800000 54.92420 14.55680 30.52110 7.88660 2957.42220 2041.64670
24850000 57.39540 13.63080 28.96940 8.56840 2858.51190 2150.00630
24900000 56.35650 14.34670 29.30030 7.84880 2815.09230 2520.81970
24950000 52.37490 16.07540 31.54860 8.30340 3009.72840 1810.09980
25100000 45.92870 18.94530 35.11360 9.43440 2601.64330 2323.86420
25130000 51.32740 16.82600 31.84500 7.80540 2874.36930 1367.98420
25200000 56.37040 14.02050 29.60550 8.32290 3004.52440 1665.14190
25700000 56.66770 13.91040 29.41880 8.27950 3072.25780 1306.76440
25950000 57.00910 13.75600 29.23270 8.03630 3031.10480 1096.80670
26040000 52.02840 11.04670 36.91880 12.15060 3420.43660 1181.55710
26050000 54.14450 11.37880 34.46430 11.13300 3429.69170 1050.94650
26100000 55.30140 11.89370 32.79740 10.42720 3253.25450 1228.51140
26200000 56.85700 12.18080 30.95670 9.26210 3318.11700 658.18970
26300000 57.54160 12.47020 29.98100 9.43480 3365.00440 339.90030
26350000 57.03360 13.51970 29.44390 8.93690 3253.96750 606.70610
26720000 61.58560 12.46790 25.94300 6.38030 2185.05690 462.39600
27500000 56.07090 14.98180 28.94670 9.75090 3233.31050 333.59590
27550000 52.28270 17.56750 30.13920 6.96150 2386.76960 665.79810
28150000 51.51400 17.86880 30.60860 7.55100 2408.65080 1029.70700
28300000 55.19360 15.53090 29.27440 9.57860 3153.28750 379.20200
28850000 55.03620 15.61170 29.35100 9.52720 3138.81620 390.78710
29050000 53.63070 16.51630 29.85350 9.00230 2936.02040 635.70060
29100000 40.24490 21.82600 37.94690 9.99900 2618.05820 787.79730
29700000 52.60180 16.91020 30.48960 9.07260 2937.28270 645.79470
30080000 37.96200 21.30690 40.72760 7.84260 3601.95710 335.39710
30400000 38.18590 20.87160 40.93870 8.36740 3540.12450 467.99970
31490000 47.44150 18.56920 33.96810 4.51690 6017.47770 285.39770
31520000 47.28290 18.69040 34.00540 4.98360 6127.14200 265.99740
31600000 51.26410 16.74780 31.98520 3.26710 8383.67360 18.70020
31680000 43.04290 17.99820 38.94590 8.51730 3973.15310 1276.13380
31700000 43.60080 17.85680 38.52750 8.43610 4173.45840 1117.31200
32400000 45.93330 18.38290 35.66160 5.48400 5159.26290 287.35100
32550000 44.38770 17.80990 37.78950 6.79840 4731.96780 1309.61720
32620000 43.34830 18.04020 38.59910 7.12970 4389.51090 761.11110
32830000 42.60080 20.26060 37.15830 6.80860 4337.93140 270.34710
33025000 49.25120 14.67100 36.06770 6.16680 4253.38770 1849.14650
33170000 44.47010 16.52370 38.98660 7.03340 4176.70840 2967.10190
33190000 44.01570 16.90100 39.07380 7.16690 4332.75600 1780.31880
33205000 57.84370 14.67210 27.48350 7.05420 3382.02570 1459.67270
33215000 62.57650 13.52850 23.89170 6.63510 3484.11420 1522.67630
33250000 59.01450 14.28160 26.70040 6.49650 3178.79310 1467.16460
33260000 57.95410 14.68560 27.35640 6.41740 3178.45310 1463.67490
33270000 58.91220 14.81740 26.26830 6.00930 2486.28830 1662.38070
33281000 55.87790 16.06330 28.05480 6.27040 3188.46790 1350.74560
33286000 55.52350 16.46040 28.01230 6.26850 3198.24960 1297.55540
33290000 55.42040 16.57190 28.00380 6.31070 3207.59510 1272.34700
33321000 54.63960 15.38820 29.96040 6.88170 3049.94050 1237.25390
33330000 54.70090 15.24200 30.06880 6.05780 3265.36850 1260.73140
33380000 50.45820 17.18560 32.35360 6.84140 3611.98620 1327.99420
33450000 61.54190 12.98840 25.45660 7.40170 3359.94990 1638.90810
33460000 61.10400 13.10420 25.77970 7.20300 3279.64880 1667.46860
33480000 60.37260 13.29130 26.32710 7.20630 3120.61570 2156.82370
33520000 57.09570 13.82660 29.07350 7.23270 2838.12000 2039.64610
33530000 59.14740 13.57750 27.27010 6.88380 3097.81960 1907.56380
33550000 59.05010 13.91070 27.03510 6.61440 3105.13240 1743.38340
33620000 52.72140 20.42890 26.87950 5.39740 3173.11900 829.71460
33630000 57.77710 15.48190 26.74440 6.39000 3147.21750 1411.26330
33680000 56.99930 16.34370 26.66180 6.40150 3230.32180 1273.20040
33730000 56.42100 18.07380 25.51800 6.76100 3387.85860 1001.31470
33760000 55.33890 19.96930 24.70080 5.91260 3238.63890 445.69330
33780000 54.91340 19.45510 25.64720 6.43150 3395.12410 714.67940
34020000 60.01240 13.93520 26.04510 7.54490 2635.64280 1699.22170
34060000 58.65230 14.06980 27.27250 7.53050 2785.36260 1654.62920
34070000 58.50350 14.02770 27.46430 7.48270 2805.71410 1639.31750
34090000 59.41980 13.43450 27.13140 8.04360 3209.24290 1970.55490
34130000 56.54670 14.51030 28.94090 7.82460 2628.89060 934.06770
34170000 57.61610 14.77880 27.60150 7.23160 2791.45580 1063.08920
34251000 57.39170 15.19830 27.40410 7.59780 2523.37640 2364.49160
34311000 58.66050 14.28920 27.04220 7.44860 2789.60080 1969.08460
34571000 61.84960 14.04030 24.10530 5.91710 2229.74560 3523.78770
34660000 59.47090 14.39680 26.12610 6.76810 2575.96870 2379.67650
34690000 59.43720 14.42730 26.12960 6.76140 2579.09190 2369.46580
34730000 58.79300 14.46290 26.74170 5.81880 2361.93180 2937.43720
34750000 55.42850 18.76740 25.81780 5.03070 1435.17730 1883.63570
34770000 57.60330 17.13380 25.26590 5.60300 1621.39210 2266.68420
34789000 57.64140 17.09380 25.26900 5.67680 1722.44730 2104.92360
34879500 59.02350 15.03810 25.93450 6.56900 2439.47130 2257.36330
34930000 57.13350 19.21710 23.65010 4.77080 2057.22200 374.09900
34940000 58.53590 18.89420 22.56630 4.95490 1956.50190 362.50000
34980000 58.38390 18.32290 23.29130 5.30630 1843.37670 583.69970
35235000 53.68830 18.95400 27.39860 5.42290 1634.13260 1166.63730
35240000 54.07800 19.26000 26.68560 5.97180 1296.10520 1392.59320
35258000 54.39410 18.95130 26.68120 5.34100 1704.89320 1255.03760
35260000 54.59660 18.90920 26.51550 5.22780 1718.85340 1174.63110
35263000 52.92600 19.62470 27.46510 6.78800 2289.06650 741.08840
35740000 47.83620 16.81460 35.32120 12.63150 3505.00850 3476.31610
35830000 54.40890 17.51620 28.05240 5.87140 1944.63730 1897.86950
36020000 53.42220 19.97220 26.61370 4.33520 1175.30110 2121.30890
36045000 52.78670 18.29900 28.92690 5.76090 2031.63370 4267.20430
36125000 51.68420 17.93570 30.39770 6.77890 2158.74970 3382.00760
36130000 50.94210 18.16600 30.90760 6.96000 2173.45710 2761.54790
36160000 51.70650 19.40500 28.89810 5.78140 1707.09060 2610.20930
36210000 50.70060 18.65180 30.66780 6.72960 2775.46350 1624.71200
36250000 51.72480 19.03960 29.26640 6.79190 2492.71340 1589.10060
36290000 49.78090 20.00330 30.22980 6.56150 2305.40290 1376.84470
36320000 50.99040 19.69230 29.32930 5.99740 1856.91810 1924.19790
36390000 51.81780 19.51410 28.68160 5.67010 1816.27410 1739.39710
36580000 52.94340 18.92370 28.14780 5.13720 1379.66940 1413.69970
37220000 48.68980 21.10000 30.20350 6.97890 2101.19330 1857.62290
37380000 48.04450 22.56060 29.38690 6.92200 2194.24010 1874.04120
37410000 47.83700 22.54710 29.60490 6.46060 2271.24590 1416.80850
37470000 48.25480 22.49850 29.23770 6.05230 2243.82150 1321.41690
37710150 50.71110 21.54630 27.73530 5.55420 2177.66290 1461.42930
38650000 57.77360 16.72460 25.49370 6.61100 2036.39100 2838.15710
38790000 56.11580 16.73280 27.16230 8.77280 2769.65130 2193.37830
38830000 56.03730 18.02710 25.97190 5.59420 2781.53270 1795.34740
38860000 56.78740 17.91730 25.31130 5.26100 2112.92310 2224.12370
39084010 52.08650 17.60120 30.30830 10.30870 2368.89710 2210.36900
39084020 53.83800 16.43640 29.72770 10.23690 2574.48290 1654.15340
39100000 56.07970 17.86440 26.08800 7.73210 2534.71680 3796.06060
39130000 55.51810 18.01840 26.49940 8.00850 2454.09510 3795.07370
39140000 55.60180 17.72420 26.70470 8.19510 2267.47210 3414.88230
39145000 55.37470 17.72500 26.92780 8.36380 2233.34540 3232.75050
39150000 55.31860 17.70430 27.00380 8.45500 2224.52820 2989.92230
39170000 52.08800 17.67030 30.23120 11.35790 2491.66990 2649.77970
39185000 55.10000 17.49200 27.43410 8.75320 2287.26570 2787.97670
39187800 55.10270 17.47060 27.45280 8.76020 2292.20730 2776.77600
39360000 55.71760 17.09390 27.20260 9.95350 2682.64770 3421.55720
39480000 48.20330 17.52290 34.23920 13.28970 2830.93930 1763.76720
39540000 58.02880 16.37320 25.59990 9.62020 3010.14230 1950.55310
39560000 53.96790 16.92930 29.09300 10.75250 3013.96980 2303.31890
39580000 48.58050 17.47360 33.97580 12.15600 2852.33530 1947.69060
39760000 52.79710 16.51080 30.66600 11.64490 3563.72520 2665.24240
39770000 52.57600 16.60490 30.79440 11.63930 3523.70720 2604.22830
39870000 52.45590 16.94360 30.57810 10.74390 2986.50460 2721.63910
40025000 41.89630 18.25020 39.84350 17.26940 2602.17310 2245.54290
40037000 41.50180 18.21510 40.26940 15.06270 2476.96300 2232.88610
40040000 39.32870 17.81940 42.81470 11.13970 2378.75360 1504.14810
40050000 41.10980 17.21520 41.64310 12.07870 2456.15270 1895.02750
40053000 33.91520 18.85520 47.19360 11.66080 2440.93620 2027.24380
40060001 41.51540 16.84070 41.61330 13.86050 2299.62000 2535.72800
40100000 42.13130 16.77960 41.05700 10.90370 2394.74630 1709.21550
40150000 38.84010 17.25180 43.87060 20.48060 2254.82300 2230.28160
40170000 37.63050 17.26980 45.03880 13.93760 2353.63000 1961.34560
40185000 37.70690 17.35530 44.88310 14.51790 2362.18760 1993.17720
40330000 38.50100 17.28390 44.17290 17.58220 2323.28730 2133.85010
40500000 43.42100 15.69230 40.84090 9.79130 2490.97090 1570.01330
40549998 39.42950 16.75160 43.78720 30.31850 2312.94840 1774.43850
40579995 40.86490 16.93940 42.15890 21.70340 2313.37110 1975.00310
40680000 38.84620 16.93550 44.18730 22.42790 2154.61910 1713.20710
40710000 39.76050 16.94380 43.26260 24.26480 2240.70620 1943.53310
40740000 39.83070 17.06340 43.07500 24.62540 2246.74440 2075.56360
40800001 39.91380 17.26690 42.79340 25.37550 2278.78300 2098.46600
40810350 37.41470 18.59910 43.99540 15.37330 2321.22580 5346.57000
40810800 38.06830 18.40780 43.49380 34.64180 2246.87320 2448.38330
40811100 37.70990 18.56620 43.69400 33.23530 2237.67270 2497.14310
40822995 38.50000 17.59420 43.89970 19.73420 2220.31850 2755.98440
40823500 38.80020 17.86360 43.32410 20.01750 2198.10680 2758.73090
40850000 39.76070 17.36840 42.84620 23.73210 2303.44380 2062.58950
40975000 45.35260 15.48070 39.13630 15.38940 3088.58800 2324.13190
41050000 41.44660 16.16040 42.34830 12.95200 2902.74980 1964.66500
41135000 42.68000 16.91500 40.37510 14.25020 2492.27440 1861.19770
41199998 41.66000 17.55750 40.76210 31.92510 2420.59430 3156.48170
41260000 41.01000 17.79390 41.17490 35.23330 2534.63420 2710.61330
41300000 39.80160 17.61320 42.57830 30.18180 2562.21460 2892.48070
41380000 42.18190 18.72520 39.08620 20.26190 2407.19440 2108.98090
41410000 40.54860 18.16550 41.26670 31.28320 2457.51490 2447.29960
41440005 38.47930 18.47010 43.02540 44.53350 2462.37270 2040.61650
41539998 39.24940 18.58640 42.14040 35.81000 2403.19250 1792.61570
41650002 41.45460 18.53220 39.99550 27.13970 2382.64360 2168.85780
41685000 44.90520 18.04950 37.04320 9.75930 2534.66540 1419.49660
41780002 45.52420 17.26330 37.19560 31.60220 3122.92770 2514.58640
41818000 42.82940 18.27920 38.87540 26.23400 2593.75260 2180.23750
41890000 47.17850 18.31580 34.49550 17.14940 3332.53330 2419.63330
41990000 44.32120 18.25540 37.40920 22.00310 2765.99000 2187.05480
42089998 45.12380 18.47380 36.38910 13.06490 2746.90290 2148.20760
42100000 42.31760 19.79570 37.86880 8.61570 2825.10960 3061.29780
42187000 44.68570 17.83740 37.46520 8.98230 2752.15940 2195.92410
42210000 43.80490 17.49730 38.67490 15.48280 2627.28390 1952.42290
42250000 42.98530 17.51830 39.47290 11.86510 3091.64670 1757.63810
42255000 43.63080 18.17810 38.15190 8.09090 2746.68380 2359.25280
42257000 43.76080 17.90670 38.30630 9.42620 2905.31390 1798.72420
42290000 43.89930 18.18130 37.90460 12.94930 3005.15170 1331.62090
42395000 44.84460 17.66170 37.47870 12.60360 3005.79690 1242.82440
42440000 41.64810 18.51560 39.82240 9.54110 2816.50160 2095.53890
42490000 41.76400 17.49530 40.73350 10.38390 3705.81240 1896.07260
42540000 41.88370 17.87720 40.23140 10.21240 3602.99450 1846.08780
42546000 44.71450 18.26670 37.00320 8.13590 3475.52190 1680.59830
42690001 44.97900 18.05650 36.95250 10.68890 3199.63220 1122.56720
42750000 45.54060 17.95350 36.49440 11.16300 3183.05690 1143.01900
42840000 43.93970 14.93920 41.07920 15.56260 3143.67090 2204.01180
42930000 46.50670 17.57670 35.90570 11.52560 3134.58470 1203.94680
43200000 44.94910 17.46740 37.56460 14.12650 2781.43610 1708.09360
43300000 46.35670 16.82140 36.81510 9.59480 3653.70440 2099.04440
43670000 48.08780 17.67050 34.23690 10.89310 3352.20110 1476.69000
43675000 48.11350 16.77660 35.09910 11.66010 3505.72530 1721.83060
43880000 48.96220 17.45490 33.57860 10.73400 3340.36530 1421.67030
44200000 45.76410 17.43970 36.77950 13.47060 2867.58700 1634.45430
44250000 58.12140 14.37940 27.49900 8.78330 3066.85140 2146.73400
44290002 46.22000 17.37870 36.38540 13.18960 2878.35400 1630.66700
44500000 46.35040 17.38610 36.24800 12.98100 2890.11250 1616.76540
44540000 48.37580 18.10320 33.52470 8.32080 2387.42680 2408.49130
44670000 44.78380 18.40400 36.79970 8.88620 2877.90090 1492.80720
45131000 55.34660 15.23310 29.43650 9.30540 3304.59090 1708.92850
45170001 57.28490 14.65160 28.07340 9.62070 3178.00020 1631.73730
45210000 56.02800 15.09080 28.89350 9.39030 3191.05350 1704.57000
45220000 56.97000 14.14640 28.89330 9.63550 3063.38660 2168.36430
45260000 55.32770 15.33090 29.35110 9.34500 3115.11690 1764.56550
45298000 47.12170 17.38010 35.48550 12.02800 2928.69410 1572.69950
45480000 47.19980 17.52400 35.26440 11.80510 2943.43630 1490.76760
45590000 55.96100 14.15750 29.87040 11.73500 3272.37470 795.64880
45770000 55.29200 15.02840 29.67670 11.80540 3182.64570 800.87510
45840000 56.28690 14.61370 29.11030 11.42060 3100.13780 1271.43090
45880000 55.12740 15.22880 29.64990 11.34410 2952.11650 1468.93840
45910001 55.29840 14.85070 29.84260 11.17690 3074.54080 1182.09870
45960001 54.74180 15.12570 30.12400 11.05070 3038.55720 1212.36930
46035000 47.92270 17.33470 34.73090 11.64660 2956.77640 1431.44260
46105000 47.92850 17.41190 34.64820 11.55060 2960.80190 1402.61350
46360000 48.20320 17.53940 34.24780 11.22650 2971.90480 1430.49600
46455000 52.39590 15.32360 32.27760 11.05330 3550.06010 506.50210
46570000 48.94700 16.63510 34.42420 11.71850 4368.74180 270.95090
46610000 54.13850 15.18320 30.66850 10.55090 3298.98010 795.48920
46650000 53.60060 15.54920 30.83950 10.37120 3285.70820 781.83710
46770000 53.65200 14.86460 31.47250 11.51310 3700.26180 289.40600
46830000 53.15320 15.47550 31.36460 10.75150 3396.27990 758.68760
46902000 52.67470 16.31090 31.00810 9.90410 3385.84020 547.89880
47480000 49.35780 18.05170 32.59510 6.59410 3305.99950 1902.50030
48020000 50.21430 17.17600 32.60420 10.06770 3056.29360 1230.61110
48290000 50.38870 17.18260 32.42360 9.85570 3058.39340 1214.95000
48590000 50.58180 17.22350 32.18980 9.62860 3037.54130 1229.28680
49330000 50.95380 17.31280 31.73010 9.29030 2988.89220 1302.43150
49370000 51.00380 17.31910 31.67390 9.26240 2981.91530 1305.63330
49705000 51.10910 17.33510 31.55230 9.21620 2964.49000 1324.31530
50040000 50.87390 18.41110 30.69120 7.71710 2538.78120 1917.22160
50047000 51.97480 17.06910 30.98160 9.34110 3529.29020 1854.23970
50146000 55.95350 16.80070 27.27370 5.99180 1989.30050 4505.48710
50150000 55.27350 16.89330 27.86070 6.64950 1958.98580 5396.77050
50191000 53.39010 17.86770 28.75190 6.92620 1911.11370 3890.40410
50250000 51.97240 18.73800 29.26890 7.03700 1983.66440 3490.70720
50290000 52.16440 18.31080 29.50620 7.45670 2432.96820 2305.05010
50330000 51.49020 16.29450 32.20190 9.38530 3089.12050 3673.53120
50380000 52.74190 16.40910 30.83790 8.19500 3058.85530 3275.50890
50420000 51.71200 16.32050 31.97120 8.93910 2698.38830 3069.22040
50430000 52.28830 16.01360 31.69780 8.94800 2751.69750 2746.02110
50465000 54.64920 16.28200 29.07210 7.16100 2794.86850 2513.62120
50540000 55.30450 16.88010 27.82400 7.01470 2389.89880 3052.58970
50595000 54.74240 17.05270 28.20820 7.11180 2340.06890 3172.10120
50620000 54.34480 17.76720 27.87870 6.96810 2410.62140 2460.05190
50660000 53.23320 17.34950 29.40940 7.87170 2787.82230 2083.74940
50720000 54.33390 17.23210 28.41970 7.21390 2372.33280 2198.29280
50730000 53.37370 16.28990 30.32010 7.24340 3475.81630 2800.89000
50740000 47.90190 18.23020 33.85750 7.75630 3578.35550 2663.06880
50755000 51.46080 17.21040 31.31710 7.81530 3107.34350 2364.04910
50785000 51.83600 16.48260 31.67270 8.29680 3083.83000 1984.88520
50795000 51.85270 16.37420 31.76490 8.56170 3077.31060 1915.53800
51060100 49.39630 16.67560 33.90700 9.09580 3416.55250 2113.78020
51120000 50.20680 15.31620 34.46290 11.90400 4264.75840 4944.23260
51140000 49.47160 16.41690 34.08520 9.69750 3675.32450 4700.81750
51170000 48.81250 16.11030 35.05580 9.48030 2906.23500 4275.76410
51230000 49.42720 14.86540 35.69630 10.49650 2589.19940 4747.76040
51240000 49.38980 16.20710 34.38710 9.93430 3346.57230 4418.80070
51280000 50.55870 16.04060 33.39140 9.48140 3205.86410 4271.80900
51330000 51.32390 15.78200 32.88420 9.23360 3008.25280 4021.71990
51350000 52.31020 15.69420 31.98740 9.15810 2872.34140 3724.42440
51430000 54.18010 14.88710 30.92240 8.98090 2656.47350 3837.97530
51440000 54.85940 15.73620 29.40280 8.27560 2551.84460 3089.03940
51460000 54.94650 16.90470 28.14990 7.49290 2309.21240 2548.40580
51560000 49.08160 17.64710 33.23360 8.79800 3177.00570 2197.07120
51685000 51.19390 14.40500 34.38240 10.86610 3213.18570 5104.35470
51750000 42.49170 19.11840 38.40110 19.27190 2293.98470 2907.48140
51795000 43.37560 19.90900 36.70540 16.17890 2535.99890 1847.47580
51820000 40.13840 19.96690 39.89160 13.19600 2106.11950 3417.26000
51840000 46.46260 15.90910 37.56530 12.58590 2883.62880 4196.90690
51870000 43.44940 18.08660 38.44320 13.64180 2332.40680 3971.36900
51940000 39.01830 22.33490 38.65170 23.19030 2354.61820 2276.24090
52050000 50.00600 16.64690 33.31920 13.19490 3256.55000 5845.68390
52370000 50.48590 15.27280 34.23140 7.60090 2858.04040 4379.55840
52404000 51.83750 16.14240 32.01290 7.70220 2978.37520 4622.18510
52405000 51.87700 16.06320 32.05480 7.73080 2948.39190 4645.47670
52570000 52.17000 15.77920 32.04750 7.84780 2848.49900 4695.43720
52680000 51.46690 15.79460 32.73240 8.38930 2759.97410 4729.62930
52695000 51.28430 15.86640 32.84330 8.45990 2758.25900 4703.14290
52760000 44.39070 15.93990 39.63200 12.56050 2355.42050 4284.69350
52790000 43.22880 17.54090 39.21390 12.31480 2598.78470 3740.76460
52831000 50.17930 16.21930 33.59480 9.11840 2726.89760 4558.83100
53050000 37.81930 22.97450 39.21800 16.62840 2025.88480 2648.02530
53091000 38.10520 23.48760 38.41980 19.08500 2083.34480 1945.25520
53125000 43.10420 17.15020 39.72690 11.33410 2136.80130 1844.27550
53140000 43.03170 18.04450 38.91550 10.74830 2701.49860 1915.22200
53160000 41.13590 19.51940 39.35020 12.13280 2575.54590 3082.67800
53170000 42.25510 18.91140 38.82900 11.62450 2753.62490 2220.74010
53180000 42.20610 19.02120 38.76970 11.74370 2749.14730 2209.15760
53540001 47.20840 15.25790 37.47710 9.43260 2883.44360 4376.25200
53620000 46.91630 15.08780 37.94080 9.45240 2856.83730 4383.27750
53630000 46.86200 14.80150 38.28350 9.46310 2831.14650 4370.40180
53650000 46.95450 14.80470 38.19110 9.50020 2866.24460 4412.57990
53780000 46.04460 14.99530 38.92920 11.51420 2659.19540 4405.98680
53880000 46.37560 15.08660 38.49180 9.99930 2787.72060 4228.63960
53950000 46.06250 15.33450 38.55950 10.05580 2760.11720 4170.77520
54010005 46.28780 16.19650 37.47120 21.72980 2739.53280 3474.47470
54110002 47.95450 16.03630 35.97430 9.64600 2703.27510 3363.08400
54150000 46.60480 16.23330 37.11820 15.57910 2619.87120 3615.13350
54165000 47.28660 15.99790 36.67070 8.63370 2597.84410 3603.26420
54195000 46.37400 16.44400 37.14350 13.57100 2601.34750 3664.06250
54230000 42.15430 15.93830 41.85970 16.98500 2556.26350 3484.19760
54260000 41.39740 15.87730 42.67100 14.87080 2541.17040 3681.78220
54300000 43.10720 14.92420 41.89920 11.46930 2624.34160 3781.50440
54390000 42.36880 15.84820 41.72940 13.25590 2522.03050 3643.95450
54485000 44.63000 14.80520 40.54630 12.34730 2360.19400 3732.36580
54500000 42.98420 15.87550 41.09850 12.70130 2477.59970 3571.41510
54580000 45.14890 16.25950 38.55410 12.88820 2540.34750 3664.01250
54590000 44.22390 13.90250 41.79980 11.89080 2122.00760 4485.12230
54710000 45.15260 16.13400 38.67380 12.73690 2496.01440 3711.92400
54730005 43.00960 14.77310 42.15500 12.08230 2014.58050 4063.41930
54770000 44.00920 15.00370 40.93170 11.42940 2282.43750 4667.71980
54780000 44.87320 15.93730 39.14670 12.56160 2462.09020 3806.80920
54950000 44.96050 15.90520 39.09080 12.38420 2473.60600 3766.12070
55330000 45.38070 13.62800 40.90630 12.62070 2243.24310 4157.87320
55340000 44.05390 15.36710 40.52230 11.40760 2062.37620 3911.16750
55360000 46.14370 14.34560 39.43440 11.17940 2147.09070 3436.22740
55370000 45.45380 15.20970 39.27920 10.60850 2228.59420 3756.22560
55380000 45.54630 15.27580 39.12320 10.42960 2225.22480 3789.34670
55460000 46.61710 14.34260 38.98570 9.97490 1917.58200 3137.72260
55520001 42.06840 15.30680 42.58980 12.39950 2005.24620 3923.78730
55560000 42.25870 15.37620 42.32310 12.42580 1991.11690 3947.93830
55610000 42.47750 15.00880 42.46820 11.64020 1921.16860 3876.04600
55630000 42.57640 15.18230 42.19930 11.77150 1961.54910 3829.79430
55660000 43.47220 15.41600 41.06310 11.45330 1947.13280 3378.46890
55699998 43.18070 15.03100 41.74730 11.19290 1976.73210 3561.12190
55790000 45.33910 14.33410 40.26690 10.82210 1897.06110 3575.19800
55895000 44.77650 14.30670 40.86320 10.55940 2128.44680 3908.47550
55900000 44.56410 13.63400 41.75240 11.64890 2437.54410 3079.55970
55920000 45.10280 13.84440 40.99110 9.93150 2217.42410 3487.50110
55960000 45.37750 13.83960 40.72760 9.42520 2139.82220 3099.29730
56028000 39.08210 16.60000 44.29000 17.55730 2215.02470 2073.26390
56055000 38.73320 16.18770 45.01690 16.57600 2184.59110 2251.40990
56065000 39.56220 15.48280 44.89360 14.39280 2150.40470 1977.08850
56075000 39.09740 16.30660 44.54880 16.57270 2205.34120 2330.75190
56085000 39.42810 15.79140 44.69370 15.53610 2102.26550 2080.10840
56090000 38.73870 15.79950 45.39840 15.65300 2180.31950 2202.67370
56110005 39.12910 16.26190 44.56160 17.46960 2228.18670 2373.44930
56240000 39.97840 17.72260 42.29390 25.70500 2306.28440 3308.27600
56335001 39.85110 17.68150 42.46040 25.03250 2308.27290 3247.07130
56415000 40.14240 16.40180 43.40670 17.83900 2199.38310 2584.91420
56425000 39.52620 16.50690 43.92920 18.46460 2260.39650 2607.13650
56460000 38.62970 16.62690 44.69450 21.67950 2214.38460 2868.16460
56484998 39.00140 16.20380 44.74620 17.78030 2282.27890 2797.64040
56500000 38.94710 15.92750 45.07690 21.11530 2150.71720 2972.70450
56510000 39.12470 16.14960 44.67750 18.75440 2272.73070 2799.65020
56539000 39.75200 16.50330 43.70600 17.75900 2269.42630 2504.82180
56570000 39.61720 15.68010 44.65450 16.48580 2331.19960 2720.85690
56610000 38.06800 16.97380 44.89680 26.28960 2383.99500 2676.69510
56640000 41.15000 18.75940 40.09030 30.12570 2217.31580 2766.15450
56659998 39.20970 17.27160 43.48760 26.74360 2408.38680 2650.11710
56696000 39.84350 16.88420 43.25380 26.27610 2331.42970 2901.38950
56719998 39.88880 16.58390 43.49380 19.31120 2291.14830 2535.15550
56750000 39.30860 17.32610 43.32570 20.85770 2600.89340 2798.49600
56775000 39.50920 16.68680 43.76930 25.48220 2598.57450 2854.80350
56787000 39.27990 16.72940 43.95860 26.61340 2511.91230 2808.46200
56800000 36.03790 17.54100 46.35390 17.91770 2554.38120 2883.72170
56825000 38.99490 16.82190 44.14830 25.54260 2494.01270 3043.70450
56845000 36.81020 16.54060 46.59780 22.60050 2465.88670 2542.70850
56846000 39.06750 16.47630 44.42740 24.10240 2473.63020 2962.30640
56850000 39.70860 16.61660 43.64060 20.97180 2360.71930 2675.96340
56860000 36.53740 17.19190 46.20060 22.68000 2443.51850 3100.27200
56870000 37.05760 16.98820 45.90030 12.27350 2147.99520 2412.69310
56891900 39.70270 16.41760 43.82330 16.79010 2235.25550 2943.79650
56915500 43.07290 15.43500 41.44980 10.50870 2033.75550 3115.09800
56920000 39.99030 16.56170 43.40970 19.30350 2327.00450 2743.78780
56940002 41.27330 15.95140 42.73950 16.53290 2354.11480 2914.11660
56960005 37.35400 17.47130 45.12320 18.86480 2310.44420 3119.37120
56976000 38.68270 16.88630 44.37570 17.84690 2273.30700 3328.15320
56978000 38.73470 16.88610 44.32520 17.73270 2268.31820 3299.27440
56983000 39.05600 17.82670 43.07830 19.97960 2251.78520 3079.41890
56988500 40.29360 16.43940 43.21290 15.09660 2241.86520 3062.19000
56989001 42.39060 15.29080 42.28490 12.46070 2099.01270 2730.86780
56990000 40.92870 16.26440 42.76270 14.11210 2276.70000 3119.06590
56990990 43.02970 14.71930 42.19560 15.19780 2118.59980 3327.62090
56991500 42.75740 14.94130 42.25840 15.07540 2107.07620 3450.32900
56992000 42.76960 14.98590 42.19540 13.39610 2109.22310 3440.97820
56993551 43.31010 14.33620 42.29440 13.15590 2208.97790 3430.21980
56994500 40.55930 16.35500 43.04560 17.62110 2299.04810 2855.82790
56994510 40.55970 16.35490 43.04530 17.62060 2299.05520 2855.84950
56995500 44.70810 13.65610 41.58690 11.02110 2225.74050 3475.09190
57040008 45.30090 14.81110 39.83580 15.26030 1417.66390 3566.90670
57130000 43.17950 15.14660 41.61960 18.21460 1578.54530 3480.94600
57170000 43.68960 15.23310 41.02860 18.03420 1734.83350 3661.15210
57250000 46.41270 15.88670 37.64950 17.77660 1241.42350 3513.60740
57300000 46.91000 15.46900 37.57430 13.59600 1634.55920 3165.85240
57320000 46.93440 15.75140 37.24210 13.79530 1621.25270 3687.39190
57350000 42.94360 15.89570 41.11570 18.43790 1903.27610 3653.28830
57360000 41.22920 15.14750 43.57800 15.10670 2048.73030 3154.31560
57370000 41.31370 15.49100 43.15320 15.00890 2055.92310 3002.92900
57400000 42.30050 15.67800 41.97110 15.23680 1980.77840 3259.91690
57420000 41.31410 19.82550 38.86280 22.16060 2266.14860 3111.37370
57450000 42.63470 16.30340 41.01930 15.39520 2033.74050 3197.08810
57460000 43.02350 16.23310 40.69640 14.86540 2036.51800 3143.62030
57476500 41.41950 16.97940 41.56500 16.24890 1816.49170 3708.26870
57490000 42.58640 16.67890 40.70040 15.16940 1889.14510 3588.67950
57550000 43.16360 16.68290 40.11480 15.00960 1860.58300 3578.22570
57580000 43.60470 16.34960 40.00080 14.55300 2038.07670 3154.20110
57650000 45.76900 15.74880 38.44140 13.12940 2215.20440 2468.06490
57700000 40.32720 18.25530 41.38120 17.95570 2326.84670 3251.10130
57720000 41.50460 18.56010 39.93210 18.45920 2186.77830 2879.06340
57740000 41.47700 17.68240 40.81910 16.02890 2167.04100 3308.90160
57770000 43.25980 15.81900 40.87360 12.93620 2176.18740 3614.46800
57830000 42.26510 16.84780 40.84440 14.31070 2173.60210 3026.24940
57880000 43.68330 15.54660 40.72060 13.11290 1992.41800 3587.80980
57930000 43.03860 16.54930 40.36730 13.56340 2126.54550 3005.47310
58030000 44.82730 17.10690 38.03450 18.02040 2147.09090 3031.07740
58040000 44.51210 17.18880 38.30030 17.68300 2116.67260 2727.01760
58060000 47.63650 15.76290 36.59770 23.11710 1556.12290 2910.78680
58096000 44.66650 17.16570 38.17430 17.59790 1878.69930 2529.08640
58099000 44.66850 17.16310 38.17510 17.58750 1878.97340 2526.68660
58142200 44.04120 18.10360 37.85180 17.46420 1731.40340 2618.34450
58183000 44.78230 17.40520 37.80940 16.84790 1966.62660 2117.57930
58204000 44.90680 17.37820 37.70840 16.76600 2014.78890 2009.92950
58218000 44.98850 17.33620 37.66750 16.75440 2035.09690 1961.40680
58220000 43.80220 17.69000 38.48630 17.23170 2086.42280 2761.66990
58235100 44.99340 17.34240 37.65420 16.79130 2023.60430 1997.79300
58258000 44.87950 17.86690 37.19340 18.40040 1688.38560 2151.11470
58270000 46.01270 14.68130 39.20960 13.04250 1966.51880 2894.68260
58300000 45.09000 17.12760 37.76400 16.62150 2002.69190 2082.68180
58305001 45.08870 17.09650 37.79600 16.56170 2004.80110 2095.69450
58380001 44.89020 16.81640 38.26990 16.12050 1976.75540 2231.61140
58405000 42.21380 18.45860 39.31060 19.92660 1754.71700 3478.01650
58420000 40.10100 18.55880 41.32330 19.73560 1830.30110 3658.54320
58425000 39.89680 18.19080 41.89030 19.04740 1855.43320 3589.96700
58434000 40.36110 16.76740 42.82520 16.92560 1957.39970 2965.78180
58440000 40.53820 17.63680 41.79950 18.26020 1864.95990 3521.04150
58470000 39.95680 17.42370 42.60640 15.27390 2109.05810 2724.83930
58480500 40.29280 16.90900 42.77180 14.66700 2146.55480 2256.76480
58500000 40.38260 18.29550 41.34310 17.42600 2104.63960 2587.26140
58516500 40.30250 17.47110 42.20870 16.50630 2091.57590 2779.70450
58520000 40.41460 17.16920 42.39140 15.53370 2104.02030 2613.07630
58530000 42.65860 20.04080 37.30590 24.11630 1658.04340 2629.61810
58535000 42.74710 19.07990 38.16860 21.77590 1683.11100 2822.73790
58542000 42.57540 17.43230 39.98040 17.58550 1825.86990 2919.20800
58550001 43.51660 17.09230 39.34600 17.01460 1864.39980 3232.92810
58560000 42.83510 15.16230 41.94280 13.72210 1895.45960 2543.49640
58573000 44.52720 14.78960 40.59510 13.26030 1996.38750 2833.60430
58585000 43.61640 16.50700 39.82680 15.73590 1915.80330 3164.39460
58610000 41.04840 15.41510 43.49300 12.18000 2006.12550 2414.37870
58620000 41.73650 16.61780 41.60820 15.00880 2008.28340 2814.78860
58630002 43.64290 16.79530 39.53390 15.90500 1977.23830 2472.28150
58645000 39.61520 16.47620 43.86120 18.61260 2122.15310 3356.61850
58648001 39.68910 16.00940 44.24330 16.17280 2071.69520 3469.38400
58658000 40.47360 15.77460 43.68580 12.65960 2089.67390 2813.72760
58670002 40.46560 16.12770 43.34840 12.36110 1995.85490 2759.86800
58710000 39.97300 16.45110 43.54460 14.27230 2077.31300 2717.25370
58720000 39.24360 16.44790 44.25840 15.05780 2064.88900 3167.55980
58730001 40.29160 16.28520 43.38550 13.47760 2064.13610 2639.72230
58735000 40.53340 16.27680 43.14940 13.12650 2026.94670 2364.09000
58736000 42.29320 16.25280 41.39610 11.32240 1931.31730 1942.25560
58750000 39.25050 17.03200 43.69010 15.45060 2147.84400 2390.96090
58755000 39.47980 16.74040 43.73730 14.81380 2177.67080 2158.56670
58765001 40.37420 16.45170 43.13290 13.34580 2087.77730 2182.16590
58770000 40.93240 16.32580 42.69650 12.70070 2018.33650 2269.83390
58795000 42.93610 16.61810 40.41190 14.90110 1982.72510 2460.17200
58825000 40.43950 18.12310 41.42930 22.95040 2148.49920 3224.29700
58827000 39.91900 18.37370 41.69230 22.45850 2150.42030 3738.72870
58846000 39.27840 17.78570 42.91540 19.49110 2206.37610 3826.35770
58850000 39.68200 17.47220 42.82390 18.05280 2174.04160 3617.73870
58870000 39.62680 16.47740 43.84310 14.27310 2094.11290 3448.50960
58880001 42.74870 16.64060 40.57650 14.94640 1993.08370 2519.89890
58910000 41.39530 16.81100 41.77070 14.02070 2193.57470 3075.42510
58916000 40.16890 17.22470 42.58880 15.98260 2120.56450 3194.39760
58917000 41.32650 16.99190 41.65010 15.16110 2145.78270 2964.23870
58920000 42.32980 16.41810 41.21550 12.88850 2027.84030 2786.50370
58930000 40.27980 16.74630 42.93300 14.67300 2107.73870 2956.50330
58934000 41.07370 16.71370 42.16970 13.72010 2074.33000 2855.31440
58940000 42.02660 16.51880 41.41600 12.56750 2023.95470 2758.69560
58960000 42.31330 16.49500 41.15070 12.03540 2009.98140 2731.39650
58974000 42.80970 16.60690 40.54820 14.42770 2012.91210 2524.13960
59100000 44.03870 16.99320 38.95130 15.09790 1859.05790 2980.19600
59120000 42.95550 20.62520 36.40400 26.86330 1517.63590 3710.27510
59125000 42.93110 20.45340 36.60500 23.76900 1534.11220 4433.02500
59181000 46.30430 18.97690 34.71100 20.48630 1986.91850 2721.13910
59240000 47.50130 17.95410 34.53980 22.15980 1798.79800 2464.55210
59355000 46.69950 18.26260 34.98990 21.98230 1799.95960 2597.34940
59370000 46.43110 17.94820 35.60040 23.87640 1503.89490 3093.60950
59380000 43.84860 18.61540 37.57750 26.51470 1282.69660 3110.73060
60010000 42.19470 15.65600 42.10910 11.44890 2954.43440 1921.22670
60011000 41.80370 15.98340 42.17240 10.99510 2906.54340 1939.29670
60100000 39.32800 16.94700 43.67070 13.87170 2788.30380 2409.11270
60110000 41.80090 16.79630 41.36590 9.24310 2686.10630 2072.26390
60130000 40.65590 14.51290 44.77950 10.37180 2952.88170 2391.66910
60145000 41.14380 14.38620 44.41200 9.76820 3296.64080 3122.28370
60220000 44.79010 15.95670 39.21390 12.77890 2913.52010 2627.15830
60250000 43.88770 15.09800 40.96040 12.08140 2610.64790 2484.39490
60265000 42.82170 15.44950 41.67700 11.95710 2783.24750 2454.97480
60381000 40.43460 14.27390 45.25020 12.33300 4107.32580 1635.45520
60435000 43.88850 15.20200 40.87510 9.87170 4318.25180 2047.61400
60435100 48.92590 15.44970 35.64810 8.75400 4547.45240 1087.97200
60435200 45.99080 14.20020 39.80070 10.95890 4375.85100 2648.58760
60435300 46.75820 15.12420 38.10130 8.21900 4368.88240 3495.56240
60436000 45.47720 14.95290 39.54830 10.00050 4377.54800 2287.51890
60471200 42.52950 16.87980 40.53810 10.15670 3954.82520 1515.80840
60473000 41.86690 15.06470 43.06730 9.94440 4859.07820 2485.86870
60476100 42.78820 16.08590 41.10280 10.18750 4330.55490 2074.26930
60477400 43.59540 15.69520 40.71670 13.36730 3870.40170 1889.99410
60477600 42.99840 15.93890 41.02690 12.48030 4187.71100 1895.34040
60478500 42.42180 15.22010 42.31590 11.88840 4241.43420 2012.78930
60478600 37.97190 16.11590 45.85600 13.96850 4126.64740 2847.95700
60490000 43.87520 15.96960 40.13660 10.79190 4177.05740 2002.11100
60500000 43.30000 16.48460 40.20490 10.14410 3801.53750 2152.19990
60615000 42.06840 14.87210 43.02510 9.82560 3739.60260 1735.83340
60635000 42.61400 17.95580 39.40470 10.26410 3257.07670 2783.85130
60640000 42.82430 17.83890 39.31600 9.69930 3282.49780 2603.78130
60642000 42.36250 17.95850 39.66770 10.27650 3287.43880 2277.81990
60650000 43.38650 17.56150 39.03450 9.77340 3410.35780 2394.69640
60653000 42.05920 14.84350 43.01000 10.82550 4024.07720 1995.68920
60654000 41.89480 17.84740 40.23550 9.16320 3268.53500 2659.78530
60665000 46.78460 15.97170 37.20570 7.91640 3279.47760 2406.60530
60680000 43.81330 17.42770 38.73700 8.97430 3345.10080 2208.32720
60715000 43.35920 18.14610 38.46750 8.36440 3191.18320 2422.52220
60750000 46.98430 15.96310 37.02140 8.40480 3125.79290 1921.28290
60765000 45.72810 16.38820 37.86100 8.64660 3083.39210 1482.27520
60772000 44.09670 17.24610 38.63560 8.85030 3134.71210 1748.25620
60774000 43.14650 13.60060 43.21460 12.88560 3449.53390 2315.43330
60778000 47.62820 12.42810 39.93930 11.88690 3618.93000 2390.20310
60781000 46.09070 13.19360 40.71070 12.01950 3408.78070 2153.47690
60790000 46.18820 13.61350 40.19060 11.88550 3293.06740 2072.73500
60798000 44.95340 14.28550 40.75090 11.39720 3096.00510 1989.36200
60810000 36.13360 17.35410 46.50650 10.79010 3161.04110 1932.27040
60850000 50.19400 13.57540 36.21700 9.25180 2463.01890 2076.20770
60855000 52.02440 13.36120 34.61040 9.17930 2353.52420 1975.01130
60910000 46.01690 13.56200 40.40080 13.60340 3696.51660 2070.01110
60925001 59.44620 11.93360 28.63170 9.04690 1697.67300 1832.50310
60930000 46.02360 14.21190 39.74970 14.15500 3532.00980 829.61970
60940000 49.99290 13.15970 36.84420 13.36240 3334.64540 1328.20200
60950000 56.17420 11.81900 31.98860 11.09280 2458.50650 1578.19950
60960000 49.62710 12.23030 38.12960 11.75640 2786.71730 1547.10360
60968000 53.80260 11.70710 34.46850 11.99220 2492.39860 1463.45940
60970000 54.40440 11.78360 33.79180 11.78780 2387.60450 1520.11140
61009000 40.74270 18.45700 40.81150 19.40870 2062.57510 2741.43330
61012000 40.55860 17.50350 41.92360 17.69410 2128.37200 2291.81330
61014000 40.53340 21.06670 38.41420 21.90660 2037.32440 2764.95350
61024000 40.63450 20.15920 39.21690 21.61930 2067.60920 2971.63490
61031000 39.60710 18.52040 41.86730 20.56450 2204.84410 3291.41010
61045000 39.45810 17.99750 42.50760 16.67430 2186.40730 2533.56930
61052000 39.77510 17.66050 42.54650 16.43610 2186.79160 2606.36630
61060000 40.02060 18.58180 41.38680 18.29410 2151.98620 2714.23720
61075000 39.72430 18.08320 42.19290 17.24680 2177.90420 2318.09810
61078000 40.35610 17.89030 41.74830 17.72630 2176.57520 2265.20520
61085000 41.65440 16.38360 41.98860 19.43770 2221.12550 1966.54990
61090000 41.12320 16.46910 42.40350 19.95470 2197.04990 2055.03030
61100000 39.53450 16.87510 43.55980 16.22840 2174.53210 2252.61970
61105000 39.85350 16.92240 43.18750 18.66070 2156.48920 2113.10940
61107000 40.48910 16.66960 42.81980 18.70700 2164.92300 2078.47630
61115000 39.27360 16.67440 44.01210 25.58660 2278.50130 2007.25350
61122000 39.28970 17.17540 43.48940 18.70010 2088.39360 1736.83880
61135000 40.60660 16.63640 42.72550 18.38210 2148.47770 2125.27500
61173000 37.76530 17.50000 44.71100 15.69790 2123.07150 2495.50890
61175000 38.32640 17.73120 43.92350 14.72690 2138.37050 2396.25110
61250000 44.84440 19.16850 35.98380 20.63700 1847.53750 2552.04910
61267000 39.27070 21.90390 38.82630 21.35360 1743.00000 3011.95560
61271000 40.94430 20.58070 38.47730 20.55400 1853.59570 2707.29480
61280000 39.90720 19.79170 40.31170 21.04640 2322.49120 2431.08860
61285000 40.22560 19.11800 40.66580 20.04750 2324.53110 2552.63950
61295000 40.31580 18.56070 41.12530 18.52900 2068.08180 2284.85580
61305000 40.60490 19.19820 40.20130 18.67500 2142.68610 2507.30840
61320000 41.60670 19.52330 38.86190 19.17250 1818.96590 2855.98410
61343000 39.73180 19.29780 40.96700 20.19040 2334.64440 2553.17210
61350000 40.87630 19.02510 40.09610 18.80820 2093.13620 2601.69410
61370000 40.28290 19.09700 40.61800 16.76250 2277.21890 2141.89400
61390000 41.66150 17.92910 40.41460 15.55360 2198.75000 2235.54170
61410000 40.60740 18.87690 40.51900 17.52560 2185.60850 2390.41990
61460000 39.81950 19.67370 40.50550 18.72580 2203.47240 2475.31530
61473000 40.19700 19.41770 40.38690 19.46170 2242.85700 2871.63740
61500000 40.31430 18.06310 41.63120 18.39660 2220.16410 2487.39450
61510000 39.79830 19.20480 40.99780 18.10710 2241.72960 2494.93690
61520000 40.56130 18.45640 40.98080 14.23300 2220.65750 1954.39870
61537000 39.81510 18.83330 41.35030 16.82990 2205.47500 2350.80910
61565000 40.84580 16.98520 42.20150 17.82840 2340.82970 2259.87470
61610000 41.05010 16.80340 42.17970 14.96310 2236.54020 2316.74160
61700000 43.73730 15.61000 40.63240 13.44390 2245.56580 2076.03650
61770000 44.52240 15.11400 40.31250 12.37650 1812.51100 1986.01980
61795000 44.11740 15.27690 40.57640 9.56750 2482.68620 1766.30190
61815000 41.92920 16.04960 42.04630 13.30360 2041.15740 3177.39730
61826000 40.50830 17.10300 42.37910 12.41840 1766.08340 2565.50710
61830000 41.09400 17.03400 41.86320 13.30200 1820.48770 2417.10270
61886000 43.02990 16.55270 40.40300 13.95330 1593.91230 2305.47210
61902000 42.79580 15.91600 41.26610 12.74820 1466.11250 1984.37770
61910000 43.02020 15.69120 41.26580 12.52870 1445.22820 2098.01560
61912000 42.96330 15.65290 41.36120 12.36510 1449.06420 2101.12920
61915000 42.01070 15.90560 42.06580 12.18600 1412.47650 2064.77010
61953001 53.33190 13.22750 33.46230 9.07600 1066.59910 1902.65660
61956001 53.72690 12.79680 33.48910 9.10400 1046.13690 2122.71180
62420000 52.54200 12.48680 34.93780 10.32570 1228.18160 1823.36430
62477100 47.52220 14.81210 37.63600 14.29910 1524.61760 1714.62630
62490000 46.03970 15.22020 38.71980 15.59870 1349.57930 2734.78930
62600000 42.05070 18.37580 39.58410 17.09040 1656.38000 2409.21710
62615000 42.73080 17.72670 39.55730 16.34780 1584.21820 2423.75010
62622000 40.78610 17.79240 41.42150 15.80610 1575.75500 2536.02700
62625000 41.81480 17.38760 40.79910 15.23490 1485.04580 2720.38570
62670000 42.81300 18.09730 39.08860 16.08170 1580.05220 2657.10720
62715000 45.53000 15.22510 39.23600 12.95940 1339.90240 2070.39130
62760005 47.32390 13.11450 39.50400 11.88710 1403.24700 1738.19800
62760150 47.95850 13.37750 38.63100 12.58710 1419.60250 1442.65940
62767500 45.50830 13.89420 40.55270 12.26690 1319.59380 1959.39410
63250000 66.84300 9.58040 23.59690 9.23850 1516.14160 2551.72540
63350100 66.14760 9.69790 24.15720 9.80410 1469.63640 2447.09940
63790000 62.87250 9.86270 27.25540 9.05120 1085.75420 2148.35760
63950010 45.70730 13.47840 40.79030 9.76450 1376.38290 1322.79840
63950100 49.43990 12.57810 37.96110 9.59870 1315.41700 1467.19690
63955000 58.38540 10.78990 30.79880 9.47860 1214.81450 2238.62600
63970000 60.44020 10.53560 29.00200 9.48240 1242.97880 2444.86880
64040000 40.33780 19.45660 40.22570 15.77350 1197.62630 3946.09950
64065000 44.16870 16.94700 38.89210 15.41690 1312.51030 2154.89080
64075000 44.89170 16.43770 38.66870 14.93420 1263.42670 2431.13610
64231000 38.05600 20.55300 41.38890 17.01810 1164.14810 3179.80350
64315000 43.26560 15.46420 41.24230 13.88670 1207.69630 2539.73160
64327000 53.30910 12.55640 34.12650 10.43320 926.10480 2849.27880
64346000 58.56080 10.40780 31.02040 9.48370 935.37580 2239.61850
64360000 37.84220 20.50250 41.64110 15.93620 1106.54820 3099.32330
64362000 40.51290 19.78300 39.69070 14.14290 1089.69340 2812.50340
64370000 39.88380 19.22850 40.87480 13.72430 1073.28670 2958.18180
64380000 36.13830 21.27450 42.57680 15.52490 946.40660 3714.85020
64382000 37.95850 20.39530 41.63980 14.59850 1061.33810 2617.82990
64395000 51.73860 12.06090 36.17510 9.97990 905.86890 2438.30830
64442800 25.30660 24.57130 50.10540 17.70880 903.96000 1631.03370
64447000 28.68700 23.93770 47.35790 17.60500 1066.40370 1792.22770
64453000 32.28960 22.79580 44.88600 18.11840 1189.08960 1841.88160
64465000 29.72560 23.66990 46.58350 17.73820 1092.20570 1862.04410
64477600 32.92370 22.92710 44.15300 19.19210 1348.64230 1183.52620
64501000 31.23470 23.18990 45.55760 17.59280 1098.59410 2010.03270
64504210 30.87630 22.85450 46.25310 17.41730 1109.91570 2065.96830
64504550 26.02520 18.80960 55.16570 15.34480 1206.76630 2461.16740
64506000 30.76170 22.59230 46.63060 17.28310 1112.70820 2096.82900
64507000 30.77060 22.56510 46.64880 17.26940 1112.95390 2099.89710
64508500 28.94110 19.12520 51.95460 15.38080 1202.49610 2967.34710
64550000 41.33290 13.99560 44.68180 11.87680 1119.77510 2562.74800
64575003 48.82790 14.64730 36.51140 11.39550 1967.18580 2082.96410
64613000 40.36010 14.45110 45.17540 11.39230 1333.96890 1224.54770
64613800 42.13700 14.16470 43.68380 11.49260 1301.56640 1368.21700
64614000 40.48820 14.11340 45.39250 12.19990 1256.83500 1680.93980
64617000 42.80310 13.74290 43.44940 11.98920 1244.33360 1744.45420
64618000 65.35140 8.81390 25.88710 9.69980 959.97730 2671.27300
64619950 24.75720 25.07440 50.14620 17.63100 815.51420 1483.44810
64620000 24.89840 25.04180 50.03660 17.58940 817.81640 1474.97110
64625000 27.37040 25.08110 47.52520 17.20570 816.45630 1863.44970
64645000 25.33900 24.16260 50.48610 17.29180 829.70880 2007.92510
64652000 35.36400 23.14160 41.48100 15.86240 954.24800 2479.49120
64655000 27.84470 23.63270 48.51090 16.86740 863.65290 2143.18900
64659000 23.98390 22.63770 53.37430 17.02080 805.30260 2733.43750
64660500 27.18750 22.81390 49.98910 16.61870 894.78400 2263.20710
64671000 19.77780 19.44710 60.76590 18.63700 1211.59450 2063.25870
64673000 23.15120 18.35600 58.48610 17.54450 1208.35450 2089.97800
64675002 27.13500 22.03880 50.81710 16.57610 929.90970 2235.64740
64682000 58.06130 10.46270 31.50010 10.97320 1149.98980 2405.51390
64685000 30.17360 20.38840 49.43090 15.99460 978.61370 2215.28360
64693000 35.71410 18.51510 45.77440 14.94170 1024.91410 2256.15900
64700000 36.78260 14.04910 49.17240 12.96710 1174.47900 2457.30360
64717000 47.31780 11.76830 40.92930 11.95240 1145.07870 2469.87900
64723000 56.35980 11.17180 32.48370 11.21830 1332.04600 1850.93360
64764000 16.40620 24.15960 59.43790 18.31720 879.76370 2415.68740
64767000 17.68540 25.03560 57.28180 18.61890 801.17220 2789.33300
64771500 18.34160 25.10300 56.55230 18.45530 791.34620 2809.60310
64773000 21.09410 24.56820 54.34100 17.94420 872.14560 3007.92480
64775000 22.25190 23.19660 54.54800 16.75250 922.54600 2806.84340
64776100 20.01920 24.25690 55.72030 17.79240 832.57740 2826.66870
64785000 21.78210 19.26560 58.95130 16.30190 1277.78580 2219.49360
64795000 19.84550 23.05530 57.09260 17.51010 872.08470 2727.97830
64799500 19.84990 22.77970 57.36370 17.52790 880.32390 2692.36750
64810000 42.45920 13.51600 44.02490 12.41830 1355.88680 1897.70550
64815000 46.96730 12.66100 40.37750 11.83070 1346.16710 1843.85170
64820000 26.16150 20.07790 53.75500 16.25360 1018.37660 2387.43310
64830000 26.28670 19.47930 54.22820 16.32950 1047.10720 2383.01310
64843000 48.36990 14.61780 37.00200 11.66910 1865.54120 2078.80980
65006075 34.72080 22.67620 42.57900 20.82970 1587.27040 1296.48670
65009000 35.63850 22.42440 41.91450 20.95050 1634.30740 1209.31860
65010000 33.87800 22.31760 43.76360 20.91700 1410.61370 1523.16840
65015400 32.39350 22.42060 45.14730 20.35420 1313.14890 1196.43180
65021000 27.10050 23.81430 49.05450 18.99150 1339.13970 2234.30040
65021250 28.53550 23.14320 48.28760 18.68590 1286.11910 2714.06820
65021770 28.93570 23.35350 47.62380 18.27410 1263.72970 1537.05860
65024000 31.67560 22.42810 45.83990 17.97700 1193.37520 1908.53580
65025000 33.64710 22.52760 43.78340 20.15440 1399.44240 1199.81510
65027000 30.35620 23.36160 46.20240 17.91660 1120.72890 1717.64050
65060000 30.27310 23.97060 45.72130 18.76370 1206.33320 1437.80260
65095000 29.81350 24.61250 45.53380 22.15380 1004.40820 1495.13890
65100000 29.15110 24.94650 45.86590 21.44220 993.11330 1481.15550
65135000 30.96550 22.77310 46.19550 21.16050 1084.58400 1123.07270
65136550 31.07800 22.61680 46.25010 20.24290 1058.13660 1204.60080
65180000 25.37280 26.51890 48.09260 23.76630 889.13960 1404.84220
65220000 28.24390 24.83230 46.89510 19.31460 1079.42350 1354.22260
65310000 27.03280 25.14920 47.79760 20.23750 1056.42240 1387.27400
65809000 15.63200 24.54980 59.80890 19.56810 914.58930 1806.01560
65815050 15.46770 24.70560 59.82110 20.71150 1023.01100 1551.30460
65855000 15.18250 25.26190 59.56440 19.17670 900.65280 2291.63170
65925000 14.57510 25.23140 60.20240 26.94630 814.20860 1803.61630
65945000 10.91680 23.68570 65.39740 23.88340 693.99150 2280.66610
65948000 13.52110 24.48100 61.97300 26.62210 511.97440 2694.64140
65960000 13.99800 24.88050 61.12340 23.64670 728.93340 2216.78750
65979000 19.66280 23.33100 57.00520 17.91280 720.10700 3021.05900
65986000 21.32870 25.15940 53.50720 21.02750 900.49000 1913.53850
65987000 21.34440 25.13270 53.51820 21.01180 900.78830 1917.10900
65993000 21.56990 25.02710 53.39830 21.11110 914.74340 1928.44810
66006000 55.49460 12.95140 31.55020 8.31230 2647.95580 1003.53370
66160000 55.39940 16.79730 27.82560 8.38100 2355.23870 1209.05580
66260001 57.18020 16.10370 26.72730 8.74920 2252.33320 1413.12890
67100000 53.83520 19.35340 26.81240 10.74780 2612.47930 178.90190
70100000 27.26400 27.77810 44.95320 29.58770 983.12750 2532.32570
70200000 26.22160 28.00770 45.76150 27.06370 951.15610 2475.67750
70300000 25.19020 27.68400 47.12380 27.72240 880.76130 2709.25000
70500000 22.90100 27.26410 49.86230 24.66690 939.82430 1760.88960
71200000 29.05360 28.62670 42.30920 27.32720 904.72100 2105.62810
71250000 29.13080 28.35500 42.51310 27.37230 915.52150 2165.37990
71300000 29.05240 28.32500 42.61620 25.90850 915.41510 1859.40850
71350001 28.97790 28.08890 42.92750 23.78740 941.22520 1468.00200
71383000 29.07480 27.86140 43.06110 22.53380 954.46220 1368.65320
71498000 21.23030 26.37150 52.43020 23.21670 895.06860 1982.54100
71550000 25.18590 27.19770 47.63000 22.56690 935.35280 1675.33820
72430000 17.08720 26.46660 56.47620 20.56560 1045.20030 1909.87420
72630000 18.11260 26.39770 55.49390 22.28870 892.68230 2184.14500
72680000 18.20780 26.33810 55.45650 22.28390 877.70470 2313.39060
72715000 20.59540 25.90460 53.52690 22.41150 902.31210 1637.26810
72810000 19.78460 26.70640 53.52730 22.43100 872.96820 2138.54730
72849000 18.69460 27.12000 54.20090 22.54690 882.26670 2484.96630
72870000 15.07320 27.77050 57.17570 22.05750 1051.24860 2375.36810
73300000 17.77440 26.61500 55.60910 26.07050 800.08390 2746.49420
73330000 17.47450 27.11880 55.41020 25.05460 777.24750 2933.88350
73350000 18.00690 27.15920 54.84410 23.96180 756.07220 3039.00590
73550000 21.31940 27.09520 51.59740 22.97400 939.96820 2183.30350
73600000 16.48650 25.96700 57.55530 25.34760 901.69970 1906.04670
73690001 19.32140 25.31000 55.38630 26.08120 886.19030 2459.97260
73765000 17.13470 27.49690 55.37440 20.74360 626.74200 3438.23830
73770000 16.95650 26.14300 56.91690 23.38850 860.04780 2314.10480
73780000 17.72490 26.66810 55.64080 20.78820 619.06310 3215.06730
73820000 17.71220 26.92760 55.39390 21.28240 625.58570 3353.34400
73900000 17.25130 26.03780 56.72550 20.72760 696.52070 3037.96040
73960000 17.44260 26.46490 56.10870 22.86870 825.74440 2580.52450
74100000 20.80410 27.02060 52.18750 22.96980 924.17980 2250.28860
74205000 19.48460 23.40740 57.09840 16.56010 972.32080 2111.52820
74270000 19.94790 24.40810 55.64410 19.39020 825.42790 2202.29850
74295000 18.19350 26.10390 55.75000 17.97140 693.33150 2901.13570
74320000 19.64470 26.10300 54.26710 19.85640 674.95370 2536.53090
74370000 20.81060 23.27810 55.91490 22.53670 830.90370 2118.47250
74460000 21.72450 22.06720 56.20200 21.31490 1012.99040 1701.95980
74470000 21.21300 22.63090 56.15240 20.98160 878.73630 2044.19750
74700000 21.11650 23.91850 54.96210 19.45170 915.86730 1919.23010
74750000 22.92400 23.11500 53.93770 18.95550 850.58420 2212.64970
74800000 21.37300 26.17540 52.45940 22.10100 868.58280 2386.87310
74880000 23.52720 22.60300 53.84450 16.98060 960.51700 1893.25220
74900000 24.39850 22.71760 52.85440 17.02830 905.27810 1915.96180
75200000 24.28400 22.37370 53.33810 18.33010 1086.23210 1500.94330
75205000 23.77800 22.66100 53.55830 18.53920 1152.14290 1471.33400
75230000 22.54880 22.53960 54.90760 17.81920 1085.99850 1691.05050
75295000 26.57940 23.31000 50.11410 18.66540 1075.10640 1289.90750
75320000 23.71230 22.82720 53.45560 17.74640 1081.39590 1573.01270
75450000 26.15360 22.76130 51.07170 14.86450 1054.89320 1524.57990
75500000 26.88730 22.72870 50.38370 14.09280 1186.91100 1481.70370
75550000 22.23930 25.59070 52.17600 21.05630 920.58240 2183.78110
75600000 31.15070 22.10400 46.76790 12.66240 986.47540 1561.73280
75700000 31.16540 22.07530 46.79280 12.23430 1464.63020 1224.76430
75780000 23.07880 25.43000 51.49840 20.49310 985.07270 2064.97630
76085000 29.56960 25.18340 45.26140 17.28890 1120.58650 1447.54540
76100000 29.26120 25.30340 45.44990 16.74430 975.27530 1797.71080
76300000 43.61000 23.07720 33.30930 10.76420 1414.83960 747.08640
76310000 41.86770 24.28400 33.84950 11.22220 1474.17820 707.04530
76460000 31.72670 23.97160 44.29760 14.87110 822.12770 2023.61760
76750000 44.23300 21.48620 34.25960 11.39690 1313.16820 1291.81480
77150000 29.43630 25.14820 45.42190 17.90140 1228.96850 1455.65500
81019300 30.36510 24.41780 45.16250 16.97390 1005.47820 2505.26160
81019350 31.53050 23.80870 44.62120 17.38420 973.14100 2966.60790
81102000 32.36440 23.74650 43.85730 17.11760 996.11120 3228.87540
81107000 33.00670 23.27200 43.69590 17.45300 981.66650 2977.35200
81120000 33.23540 23.10460 43.63050 16.27130 1023.60610 3669.57660
81125000 34.86930 21.52890 43.57110 17.88380 1004.91300 2500.70970
81135000 33.52670 22.96970 43.48140 17.36550 982.26630 3004.61060
81140000 36.92270 22.58910 40.48260 15.93400 954.94140 3622.83650
81200000 35.26310 22.38920 42.33710 17.10510 990.98580 3174.82040
81335000 35.97540 21.88460 42.11950 17.52430 1250.81730 2266.95080
81585000 38.44430 21.65400 39.87150 16.06320 1431.16860 2579.37090
81683000 38.05220 21.39460 40.54870 17.05450 1187.83810 2583.71720
82270050 35.21280 23.86370 40.93730 25.97680 1097.57770 1816.34850
82320000 30.52360 24.69860 44.76880 20.58160 830.58490 1488.34590
82350000 34.01270 23.74140 42.24440 19.30430 1035.90030 1704.33440
82770000 40.41190 22.31870 37.26530 28.29760 1706.80620 534.78860
83029900 29.19550 26.98220 43.82900 17.09720 790.96500 2072.85370
83050000 29.78530 26.74990 43.47240 18.20880 843.47460 1973.27170
83105000 30.92740 26.87260 42.20850 22.08140 844.71920 2685.00370
83250000 30.65180 26.91540 42.44420 19.22210 944.17230 2337.24770
83300200 30.66490 26.69320 42.65510 18.50720 947.37180 2010.94690
83345000 28.29660 26.76750 44.93520 17.99530 847.74790 2105.58240
83440000 30.32990 26.44940 43.23220 17.72860 819.60760 2022.28450
83520000 30.91600 26.33760 42.75920 18.13060 887.78470 2059.99180
83675000 31.79340 24.78140 43.41960 19.63880 882.29510 1871.43240
83690000 30.96470 26.31150 42.73680 18.13980 891.02400 2052.80700
83800002 31.45250 25.88930 42.66960 18.31020 912.10230 2024.28470
83892990 30.76830 26.11650 43.14310 18.74000 813.46160 2551.09240
83892998 33.29440 24.57810 42.15340 16.73020 761.38420 2556.02440
84071000 33.89430 24.41500 41.72300 18.46110 805.88160 2698.71700
84095000 34.81700 23.64300 41.55320 17.42170 811.12560 2624.16120
84095500 35.05850 23.75260 41.21400 18.03000 844.49460 2644.59780
84150100 37.38390 22.59150 40.04890 17.81850 938.25380 2362.54650
84249998 33.37570 26.34130 40.29620 27.14630 1098.69820 2086.22760
84300000 34.17210 25.51880 40.33420 24.80960 1063.83790 2113.03620
84520000 35.98180 25.24970 38.80060 19.11460 840.03240 2482.30320
84520010 35.23900 25.67930 39.10780 19.56800 948.67960 2648.49570
84551000 35.22390 25.46530 39.32630 22.20250 1193.97160 2115.21340
84559800 35.70740 25.02800 39.28930 19.89950 1071.74650 2327.71930
84560000 35.96670 24.74770 39.30690 19.66270 1081.21810 2270.12290
84580000 35.53200 24.78340 39.70830 21.02520 1051.20560 2218.88650
84598002 38.10780 23.24640 38.67330 17.74830 861.39100 2259.52990
84600000 38.51860 22.91000 38.59690 17.61130 900.65870 2208.40000
84949000 34.49400 25.33310 40.20150 25.46400 1183.42800 1215.93430
84949800 33.93670 24.23080 41.85350 24.45740 1199.54150 1050.60810
84950000 34.42370 24.11880 41.48000 24.15060 1261.29070 841.91290
85400000 25.36590 24.92070 49.71620 18.58330 983.01220 1808.15960
85438000 35.49720 26.46580 38.05070 16.58550 1298.83810 929.28070
85470000 42.72920 23.43470 33.86190 11.34000 1142.75810 902.26550
85480000 42.55850 23.47910 33.98730 11.64670 1288.21050 921.86780
85600000 41.37890 24.44980 34.18590 12.35880 1518.30880 688.91370
85610000 35.57270 24.45470 39.95990 17.50820 715.80340 2583.21530
85623000 41.04350 22.95500 36.02940 14.06350 948.19350 1622.80070
85642000 31.91350 25.06480 43.02970 16.30010 1231.37590 1280.91300
85900000 33.15720 25.45710 41.39300 16.10100 1269.00270 1264.42290
86100000 29.56540 27.49230 42.94050 24.50610 870.77440 2177.70160
86160000 29.40230 26.76290 43.83010 26.02360 870.94410 1514.26190
86410000 20.70740 27.61430 51.70440 18.29610 1074.09930 1545.05530
86420000 20.41810 27.74320 51.84410 19.74500 1014.00040 1680.73060
86480000 22.50240 28.11270 49.36340 18.45010 864.13720 2799.17380
86500000 22.92800 28.07010 48.98180 18.71050 831.73480 2805.20950
86510000 24.89300 28.04070 47.06360 20.37130 884.00510 2166.75910
86560000 23.66290 27.52140 48.80750 19.14590 777.69110 2614.95080
86580000 23.65850 27.61630 48.71730 19.05480 770.73960 2701.56020
86700000 23.30230 29.10770 47.56400 18.38480 625.65850 3535.14460
86745000 24.95430 27.97060 47.06880 17.20480 682.30740 2942.48140
87160000 28.60720 27.77400 43.61150 20.68530 825.42080 2198.53570
87170000 28.96960 27.57060 43.45260 18.67240 833.29620 2357.88610
87270000 29.87640 27.07490 43.04900 17.33820 901.41260 2281.92600
87317060 34.69060 25.90850 39.40710 24.34400 1192.33710 589.09220
87380000 32.59800 26.32710 41.08570 17.11210 1138.00750 2172.39020
87382000 33.27580 26.06010 40.67610 17.08880 1176.86860 2100.24010
87399000 42.37930 23.25860 34.34820 16.54630 2233.15090 152.40080
88750000 39.99830 22.71560 37.29940 15.86300 1299.45070 1196.38940
88850000 38.31560 22.47770 39.19590 17.09860 999.43210 2137.09590
